01 01 429 423 420 417 414 411 408 406 409 431 458 480 498 512 521 522 514 489 468 459 452 445 442 435
01 02 431 425 422 419 416 414 410 408 411 433 460 482 501 514 523 524 516 492 471 462 455 448 445 438
01 03 434 427 424 421 417 415 412 410 413 435 461 483 502 515 524 525 517 494 473 463 456 450 445 438
01 04 435 429 425 422 418 416 412 411 413 435 461 483 501 515 524 525 517 494 473 463 456 450 446 439
01 05 435 429 426 422 419 417 413 411 414 435 461 483 501 515 525 526 518 495 473 463 456 450 445 438
01 06 434 428 425 422 418 415 411 410 412 434 459 482 500 515 525 526 518 495 473 463 456 450 445 438
01 07 434 428 425 421 416 415 411 410 412 433 459 481 500 514 524 525 518 495 473 462 456 449 445 438
01 08 434 427 425 421 416 414 410 409 411 433 459 481 499 514 524 525 518 495 473 463 456 450 444 437
01 09 434 428 425 421 416 415 411 410 412 435 460 482 500 515 525 526 519 497 475 464 457 451 445 439
01 10 435 429 427 422 418 416 412 410 413 436 460 484 501 516 525 527 520 498 476 465 458 452 446 440
01 11 436 430 427 423 419 417 414 411 414 436 461 485 502 517 527 529 522 500 477 465 458 453 447 441
01 12 437 431 428 424 420 417 414 411 414 437 462 486 504 519 529 531 524 502 478 466 459 454 448 441
01 13 437 432 428 424 420 417 414 411 413 437 462 486 505 520 530 532 526 504 479 467 459 454 448 442
01 14 437 432 429 424 420 418 415 412 414 438 464 488 507 522 532 534 528 506 481 469 461 456 450 444
01 15 438 433 429 424 420 418 415 412 414 439 465 489 508 523 534 536 529 507 483 470 462 456 450 444
01 16 438 433 430 425 421 419 415 412 414 440 466 490 510 524 535 537 530 509 483 470 462 456 450 444
01 17 438 433 429 424 420 418 415 411 413 439 466 490 510 524 535 537 531 510 484 470 462 456 450 444
01 18 438 433 429 425 422 419 415 411 413 440 467 492 511 526 536 539 533 512 485 471 462 456 451 444
01 19 439 434 431 426 423 420 417 413 415 442 469 495 514 528 539 541 535 514 487 473 464 458 453 446
01 20 440 436 432 428 424 421 418 414 416 444 471 496 516 530 540 543 538 516 489 475 466 460 455 448
01 21 442 438 434 430 426 423 420 416 418 446 474 498 517 532 541 544 539 518 490 476 467 460 455 449
01 22 443 439 435 431 428 425 422 417 418 448 476 501 520 535 545 547 542 520 492 478 469 462 456 450
01 23 444 440 436 432 429 426 423 418 420 449 477 502 523 537 547 550 544 523 494 480 470 462 456 450
01 24 444 439 435 431 428 425 421 416 418 449 478 503 524 538 547 551 545 525 495 481 470 463 457 450
01 25 444 440 435 431 428 425 422 418 419 451 481 505 526 540 550 552 547 527 498 483 472 465 459 452
01 26 446 442 438 433 430 426 423 418 420 453 482 507 528 542 551 554 549 529 500 485 474 466 460 452
01 27 446 442 438 433 430 427 423 418 421 454 484 509 530 545 554 557 552 532 502 487 475 466 460 453
01 28 447 443 439 434 431 427 423 419 422 456 485 512 532 547 557 560 555 535 504 489 477 468 461 454
01 29 448 443 439 435 431 428 423 419 423 457 487 514 534 550 559 563 558 538 506 490 478 468 461 453
01 30 448 444 440 436 432 428 424 420 424 459 489 516 536 553 562 565 560 540 509 493 480 470 463 455
01 31 450 446 441 437 433 429 425 421 426 461 492 519 539 555 564 568 563 543 512 495 482 472 465 456
02 01 451 448 443 438 435 430 426 423 429 465 495 521 542 558 567 570 566 546 515 497 485 474 467 458
02 02 453 449 444 439 436 431 427 424 431 467 497 524 544 560 569 572 568 548 517 499 487 475 468 459
02 03 453 449 444 439 435 431 426 424 431 468 498 525 545 562 570 574 570 550 519 500 488 476 469 459
02 04 454 450 444 439 436 431 426 424 432 469 499 527 547 564 572 576 571 553 521 502 489 477 470 461
02 05 456 451 446 440 437 432 427 425 434 471 501 529 549 566 575 578 574 555 523 504 492 480 473 463
02 06 458 453 449 442 439 434 429 427 437 473 504 531 551 567 577 580 576 558 525 506 494 481 475 465
02 07 459 455 450 443 440 436 429 428 439 476 507 534 553 570 579 582 578 560 528 508 496 483 477 466
02 08 461 457 453 446 442 438 432 430 442 479 509 536 555 571 581 584 579 561 529 509 497 485 478 468
02 09 463 459 454 448 444 440 434 432 444 481 510 537 556 572 582 586 581 563 531 511 499 486 480 471
02 10 465 460 456 450 446 442 436 435 448 484 513 539 558 574 584 587 583 565 533 513 501 488 482 473
02 11 466 462 458 452 448 444 439 438 451 487 515 542 560 576 585 588 584 566 535 514 503 490 484 476
02 12 469 464 461 455 452 447 442 442 455 490 518 544 562 577 586 589 584 568 536 516 504 491 485 478
02 13 471 466 463 457 453 449 444 444 458 493 520 546 563 578 586 590 585 569 539 518 506 494 488 480
02 14 474 468 465 459 456 452 447 445 460 495 522 548 565 580 588 592 587 572 541 520 508 496 489 482
02 15 475 470 466 460 457 454 448 447 462 496 524 550 567 581 590 594 589 574 542 521 508 497 490 483
02 16 477 470 467 461 458 454 448 447 463 498 526 551 569 583 591 595 590 575 544 522 509 497 490 483
02 17 477 471 467 462 458 454 449 448 464 498 527 552 570 584 592 596 591 577 545 523 510 499 492 484
02 18 479 472 469 463 459 455 450 448 465 500 529 554 572 586 594 597 593 578 547 525 511 500 493 485
02 19 479 473 469 464 460 456 452 450 467 501 530 555 573 587 595 598 593 579 548 526 512 500 493 486
02 20 480 474 470 465 462 457 453 452 470 504 533 557 575 588 597 600 595 581 550 527 513 500 493 486
02 21 481 474 470 465 461 456 453 451 471 505 534 558 577 589 598 600 596 583 552 528 514 502 495 488
02 22 482 475 471 466 462 457 454 452 472 506 534 559 577 590 598 601 596 583 554 530 515 503 497 490
02 23 483 476 472 468 464 459 456 455 474 508 536 560 578 590 599 602 598 584 555 531 517 504 497 490
02 24 484 477 473 469 464 459 456 455 476 509 537 561 579 592 600 603 599 585 555 531 517 504 497 490
02 25 484 478 472 468 463 458 456 454 477 509 538 562 580 592 600 603 599 586 556 531 517 504 497 490
02 26 484 478 473 469 464 459 456 455 478 510 539 562 580 592 600 603 600 586 557 532 517 505 498 491
02 27 484 478 472 468 463 458 455 454 478 511 539 563 580 593 602 605 602 588 558 533 518 506 498 490
02 28 484 478 472 468 463 458 455 454 479 512 540 564 581 594 603 606 603 589 559 534 518 506 498 490
03 01 484 478 472 467 462 457 454 453 480 514 543 566 584 597 605 609 605 592 561 535 519 507 498 491
03 02 485 478 473 469 464 458 455 454 482 516 544 567 586 599 607 611 607 593 563 536 521 508 500 493
03 03 486 480 474 470 465 460 457 457 485 518 546 570 588 601 609 613 609 595 566 539 523 510 502 495
03 04 488 482 476 472 467 462 459 459 488 521 549 573 590 604 612 616 613 598 568 541 525 512 504 497
03 05 489 484 478 474 469 464 461 460 491 524 551 574 592 605 614 618 614 599 570 542 526 513 505 498
03 06 491 485 479 475 470 465 461 462 493 526 553 577 594 608 616 620 617 602 572 544 527 515 507 499
03 07 492 487 481 476 471 466 462 462 494 528 555 578 595 609 617 622 618 603 573 544 527 516 506 499
03 08 492 488 481 476 472 467 462 463 496 530 557 579 597 611 619 623 620 605 574 545 528 516 507 500
03 09 494 489 482 478 474 468 463 464 498 532 559 581 599 613 621 626 622 607 576 547 529 517 507 500
03 10 494 489 482 478 473 468 462 465 500 534 562 584 602 616 624 628 624 609 578 547 529 518 507 500
03 11 495 489 483 479 474 469 464 466 502 537 565 587 605 619 628 632 628 612 582 550 532 520 509 502
03 12 496 491 485 480 475 470 465 468 504 539 567 590 608 623 632 635 632 616 585 553 534 522 511 504
03 13 498 493 487 481 476 471 465 470 507 542 571 594 612 627 636 639 635 619 588 555 536 524 513 505
03 14 500 495 489 484 479 473 467 473 510 545 573 597 614 629 638 641 637 621 590 556 537 525 514 507
03 15 501 497 491 485 481 475 468 474 511 546 575 598 615 630 639 642 638 622 590 557 538 526 515 508
03 16 502 497 492 487 482 476 470 477 513 547 576 599 617 631 640 643 639 622 591 558 538 526 515 508
03 17 503 498 493 487 482 476 471 478 515 549 578 600 618 632 641 644 639 623 592 558 538 527 516 509
03 18 503 499 493 487 481 476 470 479 515 550 579 601 618 633 642 644 639 623 592 558 538 526 515 507
03 19 503 498 492 486 480 475 470 479 516 551 579 602 619 633 642 644 639 623 592 557 538 526 515 507
03 20 502 497 491 485 480 475 470 480 517 552 581 603 621 635 644 645 640 624 593 558 539 526 515 508
03 21 502 497 492 486 480 475 470 481 519 554 583 605 623 637 646 648 642 626 595 559 540 527 517 509
03 22 504 498 492 486 481 476 471 483 522 557 584 607 625 639 648 650 645 628 597 560 541 528 518 510
03 23 505 499 494 487 482 477 472 485 524 559 587 609 627 641 650 652 647 630 599 562 542 529 518 511
03 24 505 499 493 487 481 477 472 486 526 561 589 612 630 644 653 655 649 631 600 562 543 530 519 511
03 25 504 499 493 487 482 478 473 487 526 562 590 613 632 645 654 656 650 633 602 564 544 531 520 512
03 26 505 500 494 488 483 479 473 489 528 563 590 614 632 646 655 657 651 633 602 564 544 530 520 512
03 27 505 500 494 487 483 478 473 490 529 565 592 615 634 647 655 658 651 634 603 564 544 530 520 512
03 28 505 500 494 487 482 479 473 491 531 565 593 616 635 648 656 659 652 634 604 565 544 529 520 512
03 29 505 500 493 487 482 478 473 491 532 566 594 618 637 649 658 660 653 635 604 565 544 529 520 512
03 30 506 500 494 488 482 478 473 493 534 568 595 619 638 651 660 662 655 637 606 566 545 530 520 513
03 31 506 500 494 487 482 478 473 494 535 570 597 621 640 653 663 664 657 639 608 568 546 531 521 514
04 01 507 501 494 488 482 478 473 495 536 571 599 622 642 654 664 666 658 640 609 569 546 531 521 513
04 02 506 500 494 488 482 478 473 496 538 573 601 624 644 657 667 668 661 643 612 571 548 532 522 515
04 03 508 502 496 490 483 480 475 499 541 576 604 627 647 659 669 671 663 645 613 572 549 533 523 516
04 04 509 503 498 492 485 481 476 501 542 576 605 629 649 661 671 672 664 646 614 573 550 533 523 516
04 05 510 504 498 493 486 481 477 502 544 578 606 630 650 661 672 672 664 647 615 573 549 533 522 515
04 06 509 503 498 493 485 481 476 503 545 579 608 632 652 663 673 674 666 648 617 574 550 534 523 515
04 07 509 504 498 493 485 481 477 505 546 580 609 634 654 665 675 675 667 649 617 575 550 534 524 516
04 08 510 504 498 493 486 481 477 506 547 581 610 634 653 665 675 675 667 649 617 576 551 535 525 517
04 09 511 505 500 494 487 482 478 508 549 582 611 635 654 666 676 676 667 649 618 577 552 536 525 517
04 10 512 505 500 495 487 482 479 509 550 583 612 636 655 667 677 676 668 650 618 577 552 536 525 517
04 11 511 505 500 495 488 483 480 511 551 584 613 636 656 668 678 677 668 651 619 577 552 536 526 517
04 12 512 505 501 496 489 483 482 512 553 585 614 638 657 669 679 677 669 652 620 579 553 538 527 518
04 13 513 507 503 497 490 485 484 515 554 587 615 638 658 670 680 679 670 653 622 580 555 539 528 520
04 14 514 508 504 498 491 486 485 517 556 589 618 641 661 673 681 680 672 656 624 582 556 541 530 521
04 15 515 509 505 499 493 488 487 520 559 591 620 644 663 675 683 682 674 657 626 584 558 542 532 522
04 16 516 510 506 500 494 489 489 522 562 593 622 646 665 677 684 684 676 659 628 585 559 543 532 523
04 17 517 510 507 501 495 490 490 524 563 594 623 647 666 678 686 685 677 660 629 585 559 543 533 523
04 18 517 511 507 502 497 491 492 526 564 595 624 648 667 679 687 687 679 662 632 587 560 545 534 525
04 19 518 512 508 503 497 492 492 528 567 598 627 650 670 683 691 691 683 666 635 590 563 547 536 526
04 20 519 513 509 503 498 493 494 530 570 601 630 653 674 687 695 694 687 670 638 594 566 550 539 529
04 21 522 516 511 506 500 496 497 533 572 604 632 655 676 688 697 697 689 672 641 596 568 552 541 530
04 22 524 518 513 508 502 498 499 536 575 606 635 658 678 691 699 699 692 674 643 598 570 553 542 532
04 23 526 519 515 510 504 500 502 539 578 610 638 662 682 694 703 702 695 677 646 601 572 555 543 533
04 24 527 521 517 511 505 501 503 541 580 613 641 665 686 698 706 706 698 680 649 604 574 556 544 535
04 25 529 523 518 513 507 503 505 544 583 616 645 669 690 702 709 709 702 683 652 607 577 560 548 539
04 26 533 526 521 516 510 506 509 548 587 620 648 672 694 705 713 713 706 687 656 610 580 562 549 540
04 27 534 528 523 518 512 507 511 550 589 623 651 675 697 709 717 717 708 689 658 612 582 563 551 541
04 28 535 529 524 519 513 508 513 552 592 626 654 679 701 713 720 720 712 692 660 614 583 564 551 542
04 29 536 530 524 520 514 509 514 554 594 628 656 681 702 714 722 722 714 693 661 616 584 566 552 544
04 30 538 532 526 521 515 509 515 556 595 630 658 683 705 718 726 726 718 697 665 619 587 567 554 545
05 01 539 533 527 522 516 511 517 559 599 633 662 687 709 723 731 730 721 700 668 622 589 570 556 548
05 02 542 536 529 525 518 513 520 562 601 637 665 690 712 726 734 733 724 703 670 625 592 571 558 550
05 03 543 538 530 525 518 514 521 563 603 638 667 693 715 729 736 736 727 704 672 627 593 572 559 550
05 04 544 538 531 526 519 514 522 565 605 640 668 695 716 731 737 737 727 706 672 627 593 572 560 551
05 05 544 538 531 526 519 514 523 566 605 641 669 696 717 732 739 738 728 707 673 628 594 572 559 551
05 06 544 539 532 526 520 514 524 567 607 642 672 699 720 735 742 741 731 709 675 630 595 574 561 552
05 07 546 540 532 527 521 515 526 569 609 644 674 701 723 738 745 744 734 712 678 633 598 576 564 555
05 08 548 542 535 529 523 518 529 571 611 646 676 703 726 741 747 747 736 714 680 635 600 578 566 557
05 09 549 544 536 531 524 519 531 574 613 648 678 706 728 744 751 750 739 716 683 637 601 579 567 558
05 10 550 544 537 532 524 519 532 575 614 650 679 707 729 745 753 752 740 718 684 638 602 580 567 558
05 11 550 545 537 532 525 520 533 576 615 650 681 709 730 747 755 753 741 719 685 640 603 581 568 558
05 12 551 545 538 533 526 520 534 577 617 652 683 710 732 749 756 755 744 721 687 643 605 583 570 560
05 13 552 547 539 534 527 522 536 579 619 653 685 712 733 750 758 757 745 723 690 645 607 584 571 561
05 14 553 548 540 535 528 523 538 580 621 656 688 715 737 753 761 760 748 726 693 648 609 585 573 563
05 15 554 549 542 537 530 525 541 583 623 657 689 716 739 755 763 762 750 727 694 649 611 588 575 564
05 16 556 550 544 538 532 527 543 585 625 658 691 718 741 758 766 765 752 730 696 652 612 589 576 566
05 17 557 551 545 540 534 529 546 586 626 660 692 720 743 760 767 767 754 732 698 654 614 591 578 568
05 18 559 553 547 542 536 531 548 588 628 661 693 721 745 761 769 768 755 733 699 655 616 593 580 569
05 19 561 554 548 543 538 533 550 589 628 661 693 721 745 761 769 768 756 732 700 655 617 594 581 571
05 20 562 556 550 545 540 535 552 590 628 661 693 721 745 761 770 769 757 733 700 656 618 595 582 571
05 21 563 557 551 546 541 536 553 591 629 661 693 721 744 761 770 768 756 732 700 656 618 595 581 571
05 22 563 557 552 547 542 537 554 592 629 661 693 721 744 761 770 768 757 732 700 656 618 596 581 571
05 23 563 556 551 547 542 536 554 592 630 662 694 722 745 763 772 770 758 734 702 658 619 597 582 573
05 24 564 558 552 548 543 538 556 593 631 663 695 723 747 765 773 772 760 737 704 660 621 599 584 574
05 25 566 559 554 549 544 539 558 595 633 666 697 726 749 767 776 775 764 739 706 662 623 600 586 576
05 26 567 560 555 550 545 541 559 596 634 667 699 728 751 769 778 778 766 741 708 664 624 601 587 577
05 27 569 562 557 552 547 542 561 598 635 668 699 729 753 771 780 780 767 742 709 664 624 602 588 579
05 28 570 563 558 553 548 544 563 600 636 669 700 730 754 772 781 781 768 743 710 665 626 604 590 580
05 29 573 566 560 555 550 546 564 601 637 670 702 732 756 774 783 782 770 744 711 667 628 605 592 582
05 30 574 567 561 556 552 547 565 602 638 672 703 733 757 775 783 782 770 745 711 667 628 605 592 582
05 31 574 567 561 555 551 546 565 602 639 672 703 733 757 774 783 782 770 746 712 668 629 606 592 583
06 01 575 567 561 555 551 546 565 603 640 674 705 735 759 776 786 784 772 748 714 671 631 607 593 584
06 02 576 569 562 556 552 547 566 604 642 676 708 737 762 779 788 788 775 751 718 674 633 609 595 586
06 03 578 571 564 558 554 549 568 607 645 679 711 741 766 783 792 791 778 755 722 677 636 612 598 588
06 04 580 572 566 560 555 551 570 609 647 682 714 743 768 785 794 794 780 757 724 680 637 613 599 589
06 05 581 574 567 561 556 552 572 610 649 684 716 745 771 788 797 796 783 760 727 683 640 615 602 591
06 06 583 576 569 562 558 554 574 613 652 687 719 748 775 792 801 801 788 765 732 688 644 618 605 594
06 07 585 578 571 564 559 556 576 615 654 689 722 752 778 795 805 804 790 768 735 690 646 620 607 596
06 08 588 579 573 566 561 557 577 616 655 691 724 753 780 797 807 806 792 770 737 692 648 622 608 597
06 09 588 580 574 566 561 558 578 616 656 691 725 754 782 799 809 808 794 772 739 694 650 624 610 599
06 10 590 582 575 568 563 559 579 617 657 693 727 756 784 801 812 811 797 776 742 698 653 627 613 601
06 11 592 583 576 569 564 560 580 619 659 695 729 758 787 804 815 815 802 781 747 702 656 629 614 602
06 12 593 584 577 570 565 561 581 621 662 698 732 762 790 808 819 818 805 784 750 705 658 631 616 603
06 13 594 585 578 570 565 561 582 622 663 699 734 764 792 811 822 822 808 788 753 708 661 633 617 605
06 14 595 587 579 572 568 563 584 624 664 701 736 767 795 814 826 826 813 792 758 712 664 636 620 607
06 15 597 589 582 574 569 565 586 626 667 705 739 771 799 819 831 831 818 797 762 716 667 639 623 609
06 16 599 591 584 577 571 567 588 627 669 707 741 773 802 822 833 834 820 798 764 716 668 640 624 610
06 17 601 592 585 578 573 569 589 628 669 706 742 774 803 823 834 836 822 800 765 718 669 641 625 611
06 18 601 593 586 579 574 570 590 629 670 708 743 776 805 826 837 839 825 803 768 720 671 643 626 613
06 19 602 594 587 580 575 571 591 630 671 710 745 778 808 830 841 843 829 807 771 723 674 645 628 615
06 20 605 596 589 582 577 573 593 632 674 712 748 781 811 832 844 846 832 809 774 725 676 647 631 617
06 21 607 598 591 584 579 575 594 633 674 712 748 780 810 832 844 845 832 808 773 724 676 647 630 616
06 22 606 598 590 584 579 575 594 632 673 711 747 779 810 832 843 845 833 808 773 725 676 648 630 616
06 23 606 598 590 584 580 575 594 632 673 711 747 780 811 833 844 847 834 810 775 727 678 650 632 618
06 24 608 599 592 585 581 576 595 633 675 713 748 782 813 835 847 849 837 813 777 730 680 651 633 619
06 25 609 601 593 586 582 577 596 634 676 714 750 784 815 838 850 852 839 814 779 731 682 653 633 620
06 26 610 602 595 588 583 578 597 634 676 715 751 785 816 839 852 853 840 815 780 732 682 654 634 621
06 27 611 603 596 588 584 579 597 634 675 714 751 785 817 840 853 855 842 817 782 733 684 656 636 623
06 28 612 604 597 589 585 580 598 634 675 715 751 786 818 842 855 856 844 818 783 734 685 656 636 623
06 29 613 604 597 590 585 580 597 634 674 714 751 786 818 843 855 857 844 819 783 734 684 656 636 624
06 30 613 604 597 590 585 580 596 633 673 714 751 786 819 843 856 857 845 819 783 734 685 657 637 624
07 01 614 604 597 590 585 581 596 633 673 714 752 787 820 845 858 860 848 822 786 737 688 659 639 625
07 02 615 605 598 590 586 581 596 634 674 715 754 789 822 847 861 863 850 824 789 739 689 660 639 625
07 03 615 606 599 591 587 581 597 634 674 716 754 790 823 848 862 864 852 825 790 739 690 661 641 626
07 04 616 606 600 592 587 582 597 635 674 716 755 790 824 848 863 864 852 826 790 740 690 661 641 627
07 05 617 607 600 593 588 582 597 634 674 716 755 791 825 849 864 865 853 828 792 741 692 663 642 628
07 06 617 607 601 593 588 583 597 635 675 718 758 795 829 854 869 870 858 832 795 744 694 665 644 630
07 07 619 609 602 595 590 584 598 636 677 720 760 798 832 857 873 874 861 835 797 746 696 666 645 631
07 08 621 610 603 595 591 585 599 636 677 721 761 799 833 859 875 876 863 836 798 746 696 666 645 631
07 09 621 610 603 596 591 585 599 636 676 720 761 799 833 859 874 875 861 835 796 744 694 665 645 631
07 10 620 610 603 595 591 585 599 636 676 719 760 798 832 858 874 875 861 835 796 744 694 665 645 631
07 11 620 610 603 596 591 586 599 636 676 719 760 798 832 859 874 876 863 836 797 745 695 665 645 631
07 12 620 611 603 596 591 587 599 636 676 719 760 798 832 858 874 875 862 836 796 743 693 664 645 630
07 13 620 610 603 596 592 587 599 636 676 718 759 797 831 857 874 875 862 835 795 743 693 663 644 630
07 14 620 611 603 597 592 587 599 636 676 717 758 796 830 857 873 874 862 835 795 742 692 663 644 629
07 15 620 610 604 597 592 587 599 635 675 716 756 795 829 856 873 874 862 834 794 742 691 662 643 629
07 16 620 611 604 597 593 588 600 634 674 714 755 793 827 854 871 873 861 833 793 741 690 662 643 629
07 17 620 611 604 598 593 588 600 634 673 714 753 793 825 853 869 872 859 831 791 738 688 661 642 629
07 18 619 610 603 597 592 587 599 632 671 712 751 790 824 852 869 872 859 831 790 738 688 660 641 628
07 19 619 610 602 596 592 587 598 631 671 711 751 790 823 852 869 873 861 831 790 737 687 659 640 627
07 20 617 609 601 595 590 586 596 629 669 709 749 788 821 851 868 872 860 830 788 735 685 657 638 625
07 21 615 607 599 594 589 584 594 626 666 705 745 784 818 848 865 869 856 826 785 731 682 654 635 622
07 22 613 605 598 592 588 583 593 624 663 702 741 780 815 845 863 867 854 824 783 729 680 653 634 621
07 23 611 604 597 591 587 583 592 623 661 701 740 778 813 843 861 866 853 823 782 728 679 652 634 620
07 24 611 604 597 591 587 583 591 622 661 701 740 779 813 844 862 867 855 825 782 729 680 652 634 620
07 25 611 603 597 591 587 582 591 622 660 700 739 778 813 844 862 867 855 825 782 729 680 652 634 620
07 26 611 603 597 591 587 582 590 621 659 699 739 778 813 843 862 867 855 824 782 728 679 652 634 620
07 27 611 603 597 591 587 582 590 620 658 699 738 777 813 844 862 868 856 825 782 728 680 653 634 621
07 28 611 603 597 591 587 582 590 619 658 698 738 778 813 844 863 869 857 826 783 728 679 653 634 621
07 29 611 603 597 591 586 582 589 619 657 698 738 777 813 844 863 869 857 826 783 728 680 653 635 621
07 30 611 603 597 591 586 582 589 619 657 698 738 777 814 845 864 870 858 827 783 728 680 654 636 623
07 31 612 604 598 592 587 583 590 620 658 699 739 779 815 846 864 870 858 828 784 728 681 655 637 623
08 01 613 604 598 593 588 583 589 620 659 700 740 780 816 847 866 872 860 830 785 730 682 656 638 624
08 02 613 605 599 593 588 583 590 621 660 701 742 781 817 849 867 872 861 831 786 730 683 656 639 625
08 03 614 606 600 594 589 584 590 621 660 701 741 781 817 848 866 871 860 831 786 730 683 657 640 626
08 04 615 607 601 595 590 585 591 622 661 702 742 782 817 848 866 871 861 832 787 730 684 658 641 627
08 05 617 608 602 596 591 586 592 623 663 704 745 784 819 850 868 873 863 834 789 732 685 659 642 629
08 06 618 609 603 597 592 588 593 624 664 705 746 785 820 851 869 875 864 835 790 732 686 661 643 630
08 07 619 610 604 598 593 588 594 625 665 705 746 785 821 851 868 873 863 834 789 731 686 661 644 630
08 08 620 611 604 599 593 588 594 624 664 704 745 784 820 850 867 873 862 833 789 730 686 661 644 631
08 09 620 611 605 599 593 589 594 624 664 705 746 785 820 851 867 873 862 833 789 729 686 661 644 630
08 10 620 611 604 599 593 588 593 624 664 704 745 784 819 850 866 872 861 832 787 728 685 660 643 630
08 11 619 610 604 598 592 588 593 623 663 704 745 783 817 848 864 870 859 830 785 726 683 658 642 629
08 12 619 610 604 598 593 588 592 623 663 703 743 782 816 845 862 867 856 827 782 723 682 657 641 629
08 13 618 610 604 598 593 588 592 622 662 702 742 780 814 844 860 866 854 825 781 722 681 656 640 628
08 14 618 609 603 598 592 588 591 621 661 701 741 779 813 842 859 864 853 824 779 720 680 655 639 627
08 15 617 609 602 597 592 587 590 620 660 700 740 778 813 842 858 864 853 823 778 719 679 654 638 626
08 16 616 608 602 596 591 587 589 619 658 698 739 776 811 840 857 862 851 822 777 718 678 654 638 626
08 17 616 608 602 596 591 587 588 618 658 698 738 776 811 840 856 862 851 821 776 717 677 653 638 626
08 18 615 607 601 596 590 586 588 617 657 698 738 776 812 840 857 862 851 821 775 716 677 652 637 626
08 19 615 607 601 596 590 586 587 617 658 698 738 776 812 840 857 862 851 821 775 716 677 653 637 626
08 20 616 607 602 596 590 586 587 617 658 699 739 777 812 840 857 863 852 822 776 716 677 653 638 626
08 21 616 608 602 596 591 586 587 617 658 700 740 778 814 841 859 864 853 823 777 717 678 654 638 627
08 22 617 609 603 597 591 587 587 617 659 700 742 780 815 842 860 865 854 825 778 717 678 655 639 628
08 23 618 610 604 598 592 588 587 617 660 701 742 780 815 842 859 865 853 824 777 716 678 655 639 627
08 24 618 611 605 598 592 588 587 617 659 701 742 780 815 841 859 865 853 824 777 716 679 655 640 628
08 25 619 612 606 599 593 589 588 617 660 703 744 783 818 843 861 867 855 826 778 717 680 657 641 630
08 26 620 613 607 600 594 589 588 618 662 705 747 786 821 847 864 870 858 829 781 720 682 659 643 631
08 27 622 614 608 601 595 590 589 619 663 706 749 788 824 850 868 874 861 832 783 722 684 661 645 633
08 28 623 615 609 602 596 591 589 620 665 708 751 790 827 852 870 876 863 835 785 723 685 662 646 635
08 29 624 617 611 603 596 592 589 620 666 711 754 793 829 855 872 878 866 837 787 725 687 663 647 635
08 30 625 618 611 605 597 593 590 621 667 712 755 794 829 855 873 878 865 836 787 724 686 663 647 636
08 31 626 618 611 605 598 593 590 621 668 713 755 795 830 856 873 878 865 836 786 723 686 663 647 636
09 01 626 619 612 606 598 593 589 620 667 712 754 794 828 854 871 876 863 835 784 721 686 663 646 635
09 02 626 619 612 606 598 593 589 619 666 710 752 792 826 851 867 872 859 831 781 718 684 661 645 633
09 03 624 617 611 605 596 592 588 618 664 709 751 790 824 849 864 870 857 829 778 716 682 660 644 632
09 04 623 617 610 604 596 591 587 617 663 708 749 789 822 847 862 868 854 826 775 715 681 659 643 632
09 05 623 616 609 603 595 590 586 616 661 706 746 785 819 844 859 864 851 822 771 711 679 657 641 630
09 06 621 614 607 601 594 589 585 614 660 705 745 783 817 842 857 861 848 820 768 709 676 655 639 628
09 07 619 613 605 599 592 587 583 612 658 703 743 782 815 840 855 859 846 817 765 707 674 653 637 627
09 08 617 610 603 597 590 585 582 610 656 700 739 778 811 836 851 855 842 812 760 703 671 650 634 624
09 09 615 608 601 595 587 583 579 607 653 697 735 774 807 831 846 850 838 808 756 700 669 648 632 622
09 10 613 606 599 593 586 582 578 605 650 694 732 770 802 827 841 845 833 803 751 697 666 645 630 620
09 11 611 605 597 592 585 581 577 604 649 693 730 768 800 824 838 842 830 801 749 694 665 645 629 619
09 12 611 604 596 591 585 580 577 603 648 691 729 767 798 821 836 840 827 799 746 693 663 644 628 618
09 13 610 603 596 590 584 579 576 601 647 690 727 765 797 819 833 837 825 796 743 690 661 642 627 617
09 14 609 601 595 589 582 577 574 600 646 689 727 764 796 819 833 836 825 795 742 689 660 642 626 616
09 15 608 601 594 588 581 576 573 598 644 688 725 763 794 817 831 835 823 793 740 688 660 641 626 616
09 16 607 600 593 587 581 576 573 597 644 687 725 762 794 816 830 834 822 792 739 687 659 641 625 616
09 17 607 599 592 586 580 575 572 596 643 687 726 763 795 817 832 835 823 793 739 688 660 641 626 617
09 18 608 600 593 587 580 576 572 596 643 687 726 763 795 817 831 834 822 793 739 688 660 641 626 617
09 19 607 599 592 587 580 575 571 595 642 687 725 763 794 816 830 833 821 791 737 687 659 640 625 616
09 20 607 599 592 586 580 575 570 595 642 687 725 763 793 815 829 832 820 790 736 687 659 640 625 616
09 21 606 599 592 587 579 574 569 593 641 686 725 762 793 814 828 831 820 790 736 686 659 639 625 615
09 22 606 599 592 586 578 573 569 593 642 686 725 763 794 815 829 832 821 790 736 687 659 640 626 616
09 23 607 599 593 587 579 574 569 592 642 687 727 764 795 816 830 833 821 791 736 688 660 641 627 617
09 24 608 600 594 588 580 575 570 593 643 688 728 764 794 815 829 831 819 789 734 686 659 641 626 616
09 25 607 600 594 588 579 574 569 591 641 686 726 762 792 814 827 829 818 787 731 685 658 639 625 615
09 26 606 599 593 587 578 573 568 590 639 685 724 761 790 812 826 827 816 784 728 683 656 638 623 613
09 27 604 598 591 585 576 570 566 587 637 682 722 758 787 809 822 823 812 779 724 680 653 635 622 612
09 28 603 596 589 584 574 569 564 585 634 679 719 755 783 805 818 819 807 775 720 677 651 633 619 610
09 29 601 594 587 582 572 567 563 582 632 677 716 751 780 801 814 815 804 772 717 675 648 631 617 609
09 30 600 593 586 580 571 565 561 580 630 675 714 750 778 799 811 813 801 770 714 672 646 629 616 607
10 01 599 591 584 578 569 563 559 577 629 674 713 749 776 797 810 811 800 768 712 671 645 628 615 606
10 02 598 591 584 578 568 562 558 575 628 673 711 747 774 795 808 809 798 765 709 670 644 627 614 605
10 03 597 590 582 576 566 560 557 573 626 670 709 744 771 792 804 806 794 760 705 667 642 624 612 603
10 04 595 588 580 574 565 559 555 571 623 667 707 741 768 788 800 802 790 757 701 664 640 623 611 601
10 05 593 586 579 572 563 558 554 568 621 666 705 739 766 786 798 799 787 754 698 662 638 622 609 599
10 06 592 585 577 571 562 557 552 565 618 664 703 737 764 784 795 796 784 751 696 660 635 620 607 598
10 07 591 583 576 570 561 555 550 563 616 662 700 734 762 781 792 793 781 748 693 658 634 618 605 596
10 08 588 581 574 568 559 553 548 560 613 658 697 732 758 777 788 790 777 743 689 656 632 617 604 595
10 09 587 580 572 565 557 551 546 557 610 656 694 730 756 775 785 787 776 742 687 654 631 615 602 593
10 10 585 578 570 563 555 549 544 554 608 654 693 728 754 773 784 785 773 740 686 652 629 614 601 592
10 11 583 576 568 561 553 547 542 551 605 651 691 726 752 770 781 782 771 738 684 651 628 612 600 591
10 12 582 575 568 559 552 546 541 550 604 649 689 725 751 769 780 780 769 736 682 650 627 611 599 590
10 13 581 574 566 558 552 545 540 548 601 647 687 722 749 767 778 778 767 734 680 648 626 611 598 588
10 14 580 573 566 557 551 545 539 547 599 644 684 719 746 764 775 775 764 730 677 646 625 609 597 586
10 15 578 571 563 555 549 543 537 544 596 641 681 716 743 760 771 771 760 726 673 644 623 607 595 585
10 16 576 569 562 554 548 542 537 543 593 638 678 712 739 756 767 767 756 722 671 641 620 605 593 583
10 17 575 568 560 553 547 541 536 542 590 635 675 709 736 753 764 764 753 719 668 639 617 603 591 582
10 18 573 567 560 552 547 540 534 539 588 633 673 706 733 751 761 761 750 717 666 637 616 601 591 581
10 19 573 567 559 552 546 538 533 538 586 631 671 704 730 748 759 758 748 714 664 635 613 599 588 580
10 20 572 565 558 551 544 537 532 535 583 628 668 701 727 745 755 754 744 709 661 632 612 597 587 578
10 21 571 563 556 548 542 535 530 534 580 625 664 697 723 740 750 749 739 704 657 629 609 595 585 576
10 22 569 561 554 546 542 534 530 533 577 621 660 691 716 733 743 742 732 697 652 625 606 591 582 574
10 23 567 559 551 544 539 532 528 531 574 617 656 686 711 728 737 736 726 692 647 620 602 588 578 570
10 24 564 556 548 541 536 530 526 527 570 614 654 683 708 725 734 732 722 687 643 617 598 585 576 568
10 25 562 553 546 539 534 528 524 526 567 611 650 680 705 721 731 729 718 683 640 615 596 583 573 566
10 26 560 551 544 538 532 526 522 523 564 608 648 676 701 718 727 725 715 679 636 612 593 580 571 563
10 27 557 548 541 535 530 524 519 521 561 606 645 673 698 715 724 723 711 675 633 610 590 577 567 560
10 28 553 544 538 532 527 521 516 517 558 602 641 670 694 711 720 719 707 671 630 607 587 574 564 557
10 29 550 541 534 529 524 518 513 513 554 599 638 668 691 708 717 716 704 667 627 604 584 572 562 555
10 30 549 540 534 528 523 517 512 513 552 596 635 665 687 704 713 711 699 663 624 602 582 570 560 554
10 31 547 538 532 527 522 516 510 510 549 593 632 661 684 700 708 707 695 657 620 598 579 567 557 550
11 01 542 533 528 523 518 512 507 506 544 589 627 657 679 695 703 701 688 651 614 593 575 563 553 546
11 02 538 529 524 519 513 508 502 501 539 583 622 651 673 689 697 695 682 644 609 589 571 559 549 542
11 03 534 525 519 515 510 506 499 498 535 578 616 645 668 683 690 689 676 638 604 585 567 555 546 538
11 04 530 521 515 511 507 502 496 495 531 573 611 640 662 678 685 685 671 633 599 580 563 551 541 534
11 05 526 519 512 508 504 499 492 490 527 569 607 636 658 673 682 681 667 629 596 577 559 548 538 531
11 06 523 516 510 506 500 496 488 486 522 565 604 634 656 671 680 679 665 627 593 575 557 545 536 529
11 07 521 514 508 504 499 494 486 484 519 562 601 632 653 669 677 676 663 624 592 573 555 544 535 527
11 08 520 512 506 502 497 492 484 481 516 559 597 627 649 664 672 672 658 619 588 570 552 541 533 524
11 09 517 509 503 500 495 490 482 479 512 555 592 623 644 659 667 666 653 614 583 565 549 538 530 522
11 10 514 508 502 498 493 487 480 477 509 551 588 618 640 654 663 662 648 610 580 562 546 536 527 519
11 11 512 506 500 496 491 485 478 475 505 547 585 615 636 650 658 657 643 606 576 558 544 533 525 517
11 12 510 504 497 493 489 483 477 473 502 544 581 610 631 644 652 651 638 600 571 554 540 530 522 514
11 13 507 501 495 491 487 481 475 471 499 540 576 604 625 638 647 645 632 595 567 550 537 526 518 510
11 14 504 498 491 487 483 477 471 467 494 535 571 599 620 633 642 640 627 590 562 545 533 522 515 506
11 15 500 495 488 483 480 474 468 464 490 531 567 595 615 628 636 635 622 586 558 541 530 519 512 504
11 16 499 493 486 481 478 472 466 462 487 528 563 591 611 625 633 631 619 582 555 539 526 516 508 501
11 17 496 490 483 478 475 470 464 460 482 524 559 587 608 622 629 628 616 579 552 536 523 513 505 498
11 18 493 487 480 475 471 467 462 457 478 521 556 585 605 619 627 626 614 577 549 533 520 510 502 495
11 19 490 484 478 472 468 464 459 453 474 517 553 582 602 615 623 621 609 573 546 530 518 508 500 493
11 20 487 481 475 470 466 462 458 453 472 514 550 578 598 611 618 616 604 569 543 526 515 505 497 490
11 21 485 478 473 468 464 460 456 452 469 510 546 573 593 606 613 611 600 564 539 523 512 502 494 487
11 22 481 475 469 465 461 458 454 449 466 507 542 569 588 601 609 607 595 560 534 519 508 498 489 483
11 23 477 471 465 461 457 454 450 445 461 502 537 565 585 598 605 603 592 557 531 515 504 494 486 480
11 24 474 468 463 458 455 451 447 442 458 499 535 562 582 595 602 601 590 554 528 512 501 490 482 476
11 25 470 464 459 455 451 448 444 439 455 495 531 559 578 592 599 597 586 550 524 509 498 487 479 473
11 26 468 462 456 452 449 445 442 436 452 491 527 555 574 588 595 594 582 547 521 506 495 485 477 471
11 27 466 459 453 449 446 442 439 434 448 487 522 550 571 585 591 591 579 544 518 504 493 482 475 469
11 28 463 457 452 448 444 440 437 432 445 484 519 548 568 582 589 588 576 541 516 502 491 481 473 467
11 29 461 455 450 446 442 439 436 431 445 482 517 546 566 580 587 586 574 539 514 500 490 479 473 466
11 30 460 454 449 445 442 439 436 431 443 480 516 543 564 579 585 585 572 538 513 499 488 478 472 465
12 01 459 453 448 445 441 439 435 430 442 478 513 541 562 576 583 583 570 536 512 498 488 478 472 465
12 02 459 453 449 445 442 440 436 431 442 477 512 539 560 574 581 581 569 535 512 498 488 478 472 465
12 03 460 453 449 445 442 440 436 432 441 476 511 537 558 572 579 579 567 533 510 498 487 477 471 465
12 04 459 453 449 445 442 440 436 433 441 475 508 535 555 570 577 578 565 531 508 496 486 476 471 464
12 05 458 452 447 443 440 438 435 431 439 473 506 532 552 567 574 575 563 530 506 495 485 475 470 463
12 06 457 451 447 443 440 437 434 430 438 470 503 529 550 564 572 573 560 528 506 495 484 475 470 463
12 07 457 452 448 444 441 438 435 431 437 469 501 528 548 563 570 570 558 527 505 494 484 475 470 463
12 08 457 452 448 444 441 438 435 432 437 468 500 526 546 560 568 568 556 525 503 493 483 474 469 463
12 09 456 451 447 443 439 437 433 431 435 464 495 521 541 556 563 564 552 521 500 491 481 472 468 462
12 10 455 450 446 441 438 435 432 429 433 462 493 518 538 553 560 561 549 518 498 487 478 469 465 459
12 11 453 447 443 439 436 433 430 427 431 459 490 515 535 549 557 557 546 516 496 486 476 468 464 458
12 12 452 446 443 439 436 433 430 427 430 458 489 513 533 546 554 554 543 513 493 484 474 466 462 456
12 13 450 444 441 437 434 431 428 425 428 455 486 509 529 542 550 549 538 510 490 480 471 463 459 453
12 14 448 442 439 435 432 429 426 424 427 452 482 505 524 537 544 544 533 506 486 476 467 459 455 451
12 15 445 439 436 433 430 427 423 421 424 449 478 501 520 533 540 540 530 502 482 473 465 456 453 448
12 16 442 436 433 430 426 423 420 418 421 446 475 498 517 530 537 537 527 499 478 469 461 453 449 444
12 17 439 433 430 426 423 419 416 415 418 442 470 493 512 526 533 533 522 495 475 465 457 450 446 440
12 18 434 430 426 423 419 415 413 412 414 437 466 489 507 521 528 528 518 490 470 461 452 445 442 436
12 19 431 426 423 419 416 412 409 408 410 434 462 485 504 518 525 525 515 488 468 458 451 443 440 435
12 20 429 424 421 418 415 411 408 406 409 432 461 484 504 517 524 524 514 486 467 456 449 442 438 433
12 21 427 423 419 416 413 409 406 405 407 431 461 483 502 515 522 523 513 485 465 454 447 439 436 431
12 22 425 420 416 414 411 408 404 403 406 430 459 481 501 514 521 522 512 485 464 454 446 439 436 430
12 23 424 419 415 412 410 407 404 402 406 429 458 480 499 512 520 520 511 484 463 454 446 439 436 430
12 24 425 420 416 413 411 408 405 403 407 430 458 480 500 513 521 521 512 485 464 454 447 440 437 431
12 25 426 421 417 414 412 409 406 404 407 430 458 480 500 513 521 521 512 485 464 455 447 440 438 431
12 26 426 421 417 415 413 409 406 404 407 429 457 479 498 512 520 520 511 485 464 454 446 439 437 430
12 27 425 420 416 413 411 407 404 403 405 428 456 479 498 512 520 520 511 485 464 454 447 440 437 430
12 28 426 420 416 414 411 408 404 403 406 428 456 479 498 512 520 521 512 486 465 455 448 441 437 430
12 29 426 420 417 414 410 408 404 403 406 428 456 479 498 512 522 522 513 487 465 455 448 442 438 431
12 30 427 421 417 414 410 407 404 402 406 428 456 479 499 512 521 522 513 488 466 456 449 443 439 431
12 31 428 422 418 415 413 410 406 404 407 429 456 479 498 511 520 521 513 488 467 457 450 443 440 433
