01 01 -9999 -103 -104 -106 -107 -109 -106 -108 -110 -113 -110 -111 -109 -108 -110 -106 -104 -106 -106 -105 -108 -110 -114 -109
01 02 -9999 -108 -108 -111 -111 -112 -110 -113 -115 -118 -115 -115 -113 -112 -115 -111 -108 -112 -111 -109 -113 -115 -117 -114
01 03 -9999 -113 -113 -117 -118 -118 -115 -119 -120 -124 -122 -120 -117 -118 -120 -115 -113 -117 -116 -115 -119 -120 -123 -120
01 04 -9999 -117 -117 -121 -121 -121 -118 -122 -123 -127 -124 -122 -120 -121 -124 -119 -116 -120 -120 -118 -122 -123 -127 -123
01 05 -9999 -120 -121 -124 -124 -124 -121 -126 -128 -131 -129 -125 -124 -124 -127 -122 -121 -125 -125 -122 -126 -126 -129 -126
01 06 -9999 -123 -123 -128 -127 -127 -126 -131 -133 -135 -133 -129 -128 -128 -131 -128 -126 -131 -129 -126 -130 -130 -131 -130
01 07 -9999 -127 -127 -131 -130 -129 -129 -133 -134 -137 -134 -131 -131 -130 -132 -131 -131 -133 -132 -130 -133 -134 -135 -136
01 08 -9999 -133 -133 -138 -136 -134 -134 -136 -139 -141 -137 -136 -136 -135 -137 -136 -134 -138 -135 -134 -138 -137 -138 -138
01 09 -9999 -139 -138 -143 -140 -139 -139 -139 -143 -145 -141 -139 -139 -138 -140 -138 -137 -140 -138 -135 -140 -139 -141 -140
01 10 -9999 -140 -141 -143 -141 -141 -140 -140 -145 -146 -142 -141 -141 -140 -140 -140 -139 -141 -140 -137 -143 -142 -145 -145
01 11 -9999 -145 -147 -148 -148 -147 -146 -147 -149 -150 -148 -148 -147 -145 -145 -146 -145 -148 -147 -145 -150 -150 -151 -152
01 12 -9999 -151 -154 -154 -153 -154 -151 -153 -155 -153 -151 -152 -152 -149 -150 -151 -150 -152 -151 -150 -155 -154 -156 -156
01 13 -9999 -155 -159 -159 -157 -157 -155 -157 -158 -156 -155 -156 -154 -153 -153 -156 -154 -155 -154 -154 -158 -158 -156 -159
01 14 -9999 -158 -162 -162 -161 -160 -159 -159 -160 -158 -156 -156 -156 -154 -154 -156 -155 -155 -155 -155 -158 -159 -156 -160
01 15 -9999 -159 -163 -162 -161 -161 -160 -160 -159 -157 -156 -156 -156 -153 -155 -157 -156 -154 -154 -155 -158 -158 -155 -160
01 16 -9999 -158 -162 -161 -160 -161 -160 -159 -158 -157 -154 -154 -155 -153 -154 -156 -154 -152 -151 -153 -155 -155 -150 -154
01 17 -9999 -154 -157 -158 -155 -159 -156 -156 -156 -155 -153 -152 -153 -151 -152 -154 -153 -151 -150 -152 -153 -152 -148 -152
01 18 -9999 -152 -157 -157 -155 -158 -155 -155 -156 -154 -152 -152 -153 -150 -149 -154 -152 -153 -150 -151 -153 -152 -147 -151
01 19 -9999 -154 -158 -159 -157 -159 -157 -156 -159 -156 -154 -155 -156 -153 -153 -156 -155 -155 -154 -155 -159 -157 -152 -156
01 20 -9999 -160 -162 -165 -162 -164 -163 -161 -164 -162 -160 -162 -161 -159 -159 -162 -160 -162 -160 -162 -164 -163 -159 -162
01 21 -9999 -165 -168 -170 -167 -169 -168 -166 -167 -167 -165 -167 -166 -164 -163 -165 -163 -165 -164 -167 -168 -167 -162 -163
01 22 -9999 -167 -171 -174 -171 -172 -172 -169 -171 -171 -170 -170 -170 -167 -168 -170 -165 -169 -166 -170 -172 -168 -165 -165
01 23 -9999 -169 -173 -175 -173 -173 -173 -172 -172 -172 -172 -173 -172 -169 -169 -170 -171 -171 -172 -174 -175 -172 -170 -170
01 24 -9999 -172 -175 -177 -175 -175 -174 -173 -173 -173 -173 -174 -174 -172 -171 -172 -173 -174 -174 -177 -179 -176 -173 -174
01 25 -9999 -176 -179 -182 -179 -180 -180 -178 -177 -179 -178 -176 -178 -176 -177 -176 -177 -180 -178 -181 -183 -180 -176 -177
01 26 -9999 -179 -183 -185 -182 -182 -183 -180 -180 -182 -181 -178 -180 -177 -178 -177 -179 -180 -180 -184 -184 -180 -177 -177
01 27 -9999 -180 -183 -186 -182 -181 -182 -180 -179 -182 -182 -178 -181 -178 -178 -176 -180 -181 -182 -185 -184 -181 -177 -178
01 28 -9999 -181 -184 -187 -184 -181 -182 -181 -180 -182 -180 -177 -179 -176 -177 -174 -178 -180 -181 -183 -183 -179 -180 -179
01 29 -9999 -180 -182 -184 -182 -179 -180 -177 -177 -178 -179 -175 -176 -173 -175 -173 -176 -179 -179 -182 -183 -178 -180 -179
01 30 -9999 -180 -181 -185 -181 -178 -180 -176 -177 -178 -179 -175 -176 -172 -173 -171 -175 -178 -178 -182 -182 -179 -179 -178
01 31 -9999 -180 -182 -184 -181 -177 -180 -175 -176 -177 -178 -175 -175 -172 -172 -170 -174 -178 -177 -180 -182 -178 -180 -180
02 01 -9999 -180 -183 -185 -181 -178 -181 -176 -176 -178 -178 -176 -174 -172 -171 -168 -173 -177 -177 -181 -184 -179 -181 -183
02 02 -9999 -181 -183 -186 -182 -179 -181 -176 -175 -177 -177 -174 -173 -171 -171 -165 -172 -174 -176 -179 -182 -178 -179 -181
02 03 -9999 -179 -181 -184 -179 -177 -179 -175 -172 -175 -174 -171 -170 -167 -168 -162 -169 -171 -172 -175 -177 -174 -174 -176
02 04 -9999 -174 -176 -178 -174 -173 -174 -169 -166 -168 -167 -164 -163 -161 -159 -154 -160 -162 -165 -167 -170 -167 -167 -169
02 05 -9999 -168 -169 -172 -166 -167 -167 -163 -160 -162 -161 -156 -156 -154 -153 -147 -156 -156 -159 -162 -165 -160 -162 -165
02 06 -9999 -163 -166 -167 -161 -163 -162 -158 -155 -157 -155 -152 -151 -150 -148 -141 -151 -153 -154 -157 -159 -156 -159 -161
02 07 -9999 -159 -162 -163 -158 -160 -159 -154 -152 -153 -151 -147 -145 -144 -143 -136 -144 -147 -148 -151 -153 -151 -154 -155
02 08 -9999 -155 -156 -158 -153 -156 -154 -151 -149 -149 -147 -142 -140 -138 -139 -133 -139 -144 -145 -147 -149 -147 -150 -151
02 09 -9999 -150 -152 -153 -148 -151 -149 -147 -146 -145 -142 -140 -138 -136 -135 -130 -136 -141 -142 -144 -148 -145 -148 -147
02 10 -9999 -147 -148 -150 -146 -148 -147 -146 -146 -146 -142 -140 -139 -137 -135 -131 -136 -141 -142 -145 -150 -147 -150 -148
02 11 -9999 -148 -149 -151 -148 -150 -149 -149 -149 -149 -145 -142 -140 -137 -135 -133 -137 -140 -142 -144 -149 -147 -150 -148
02 12 -9999 -148 -147 -149 -146 -150 -149 -148 -148 -149 -145 -143 -141 -138 -136 -132 -138 -140 -141 -144 -149 -147 -150 -146
02 13 -9999 -148 -147 -150 -148 -151 -151 -151 -151 -151 -147 -145 -143 -141 -137 -134 -140 -142 -143 -146 -152 -150 -152 -149
02 14 -9999 -152 -149 -152 -151 -156 -154 -155 -154 -155 -153 -148 -147 -145 -143 -139 -145 -149 -149 -151 -156 -156 -157 -155
02 15 -9999 -158 -156 -159 -158 -161 -159 -160 -160 -162 -159 -155 -154 -151 -148 -144 -150 -153 -155 -156 -161 -160 -161 -160
02 16 -9999 -164 -163 -164 -164 -166 -165 -167 -165 -167 -164 -160 -160 -157 -153 -150 -156 -158 -160 -161 -165 -166 -166 -163
02 17 -9999 -168 -167 -168 -168 -169 -168 -169 -169 -171 -167 -163 -162 -157 -154 -152 -158 -160 -161 -163 -167 -168 -169 -166
02 18 -9999 -170 -169 -168 -169 -170 -169 -169 -170 -171 -168 -163 -162 -159 -154 -152 -157 -159 -160 -163 -167 -167 -169 -167
02 19 -9999 -171 -170 -169 -169 -169 -170 -170 -172 -174 -171 -164 -163 -161 -157 -155 -159 -161 -161 -164 -169 -170 -172 -169
02 20 -9999 -173 -174 -171 -174 -172 -175 -173 -175 -176 -175 -168 -168 -163 -159 -159 -161 -164 -164 -167 -173 -174 -176 -174
02 21 -9999 -177 -176 -176 -178 -176 -178 -178 -179 -181 -179 -171 -169 -164 -160 -160 -163 -163 -166 -167 -173 -174 -176 -175
02 22 -9999 -178 -177 -177 -179 -177 -179 -179 -180 -182 -180 -173 -171 -165 -161 -161 -164 -165 -167 -169 -174 -175 -176 -176
02 23 -9999 -179 -180 -179 -181 -179 -181 -181 -183 -185 -183 -175 -174 -167 -162 -161 -165 -164 -168 -170 -174 -175 -178 -179
02 24 -9999 -182 -182 -181 -184 -182 -183 -182 -182 -186 -184 -176 -172 -165 -160 -159 -162 -160 -166 -169 -172 -174 -178 -180
02 25 -9999 -183 -182 -181 -183 -182 -182 -181 -181 -184 -183 -173 -169 -161 -157 -155 -157 -158 -162 -165 -169 -172 -176 -179
02 26 -9999 -182 -181 -179 -182 -181 -181 -180 -180 -183 -180 -170 -165 -158 -153 -151 -152 -154 -158 -161 -165 -168 -171 -175
02 27 -9999 -178 -178 -177 -179 -178 -179 -178 -178 -182 -179 -167 -162 -155 -150 -149 -149 -150 -156 -159 -163 -165 -169 -173
02 28 -9999 -176 -178 -177 -176 -177 -177 -177 -177 -182 -178 -168 -161 -155 -149 -147 -147 -149 -155 -157 -162 -164 -169 -173
03 01 -9999 -175 -176 -174 -174 -175 -175 -175 -175 -178 -175 -164 -156 -149 -142 -142 -141 -143 -149 -155 -159 -161 -167 -171
03 02 -9999 -174 -175 -174 -174 -175 -176 -176 -175 -178 -175 -162 -154 -146 -140 -139 -138 -140 -146 -152 -157 -158 -165 -168
03 03 -9999 -170 -172 -170 -170 -172 -172 -173 -172 -176 -171 -159 -150 -141 -136 -134 -133 -135 -142 -149 -153 -154 -162 -165
03 04 -9999 -167 -169 -169 -167 -172 -173 -175 -172 -176 -171 -158 -149 -140 -135 -132 -130 -133 -140 -146 -152 -153 -161 -164
03 05 -9999 -165 -169 -170 -168 -173 -175 -177 -173 -178 -172 -158 -150 -140 -135 -131 -129 -131 -139 -146 -152 -153 -162 -163
03 06 -9999 -165 -168 -171 -169 -174 -175 -177 -175 -180 -172 -158 -151 -139 -135 -130 -129 -131 -139 -147 -154 -154 -161 -164
03 07 -9999 -165 -170 -173 -170 -176 -177 -179 -177 -182 -172 -160 -151 -140 -135 -129 -129 -130 -139 -147 -154 -155 -163 -165
03 08 -9999 -166 -172 -173 -172 -177 -178 -179 -179 -183 -173 -161 -152 -140 -135 -128 -127 -128 -137 -147 -155 -156 -164 -166
03 09 -9999 -168 -173 -174 -172 -178 -179 -180 -179 -182 -171 -159 -151 -140 -133 -127 -125 -127 -136 -146 -155 -157 -163 -165
03 10 -9999 -167 -172 -174 -173 -177 -179 -181 -180 -183 -171 -159 -151 -141 -133 -126 -125 -125 -135 -146 -155 -158 -163 -165
03 11 -9999 -167 -173 -175 -174 -179 -181 -182 -181 -184 -173 -160 -152 -142 -135 -127 -126 -127 -136 -147 -156 -159 -164 -165
03 12 -9999 -169 -174 -178 -177 -181 -184 -185 -184 -185 -173 -162 -154 -143 -136 -128 -128 -128 -138 -148 -157 -160 -164 -166
03 13 -9999 -170 -175 -179 -177 -182 -185 -185 -184 -186 -173 -162 -154 -144 -137 -128 -128 -129 -139 -150 -160 -163 -169 -171
03 14 -9999 -175 -180 -185 -183 -187 -190 -190 -189 -188 -175 -165 -157 -146 -139 -130 -131 -131 -140 -152 -161 -165 -169 -172
03 15 -9999 -177 -182 -187 -186 -188 -192 -192 -189 -188 -174 -163 -158 -144 -138 -128 -128 -129 -138 -149 -158 -163 -166 -170
03 16 -9999 -174 -181 -186 -185 -186 -190 -190 -188 -187 -172 -162 -156 -144 -137 -126 -126 -125 -135 -146 -156 -161 -163 -167
03 17 -9999 -171 -177 -182 -181 -183 -186 -187 -185 -181 -167 -158 -152 -141 -133 -123 -122 -122 -131 -143 -151 -158 -160 -164
03 18 -9999 -168 -174 -179 -179 -181 -184 -186 -184 -178 -166 -155 -148 -139 -130 -121 -120 -119 -127 -138 -148 -156 -157 -162
03 19 -9999 -167 -174 -176 -180 -179 -182 -184 -182 -175 -164 -154 -147 -138 -129 -120 -119 -117 -125 -137 -146 -154 -156 -160
03 20 -9999 -168 -172 -175 -180 -179 -180 -182 -182 -174 -161 -152 -143 -135 -125 -117 -116 -115 -124 -135 -144 -151 -154 -160
03 21 -9999 -167 -172 -175 -180 -178 -180 -182 -179 -171 -159 -151 -142 -135 -123 -114 -112 -111 -120 -131 -141 -148 -152 -158
03 22 -9999 -166 -169 -173 -177 -177 -177 -179 -175 -166 -156 -146 -137 -130 -119 -110 -107 -107 -115 -126 -136 -143 -147 -153
03 23 -9999 -161 -163 -169 -172 -172 -173 -175 -170 -161 -150 -141 -132 -125 -115 -105 -103 -102 -111 -121 -134 -140 -144 -149
03 24 -9999 -158 -161 -166 -170 -171 -171 -173 -167 -159 -147 -137 -127 -119 -110 -100 -98 -97 -107 -116 -129 -135 -138 -145
03 25 -9999 -154 -156 -160 -164 -166 -166 -166 -162 -151 -139 -130 -120 -111 -102 -92 -90 -90 -98 -108 -122 -129 -132 -137
03 26 -9999 -147 -150 -153 -159 -159 -159 -159 -155 -143 -131 -122 -113 -103 -93 -84 -82 -82 -90 -100 -114 -120 -126 -131
03 27 -9999 -140 -144 -145 -152 -151 -150 -152 -146 -135 -121 -114 -104 -94 -83 -74 -72 -72 -80 -91 -105 -112 -118 -122
03 28 -9999 -132 -136 -138 -145 -144 -144 -146 -139 -127 -115 -108 -97 -88 -77 -68 -65 -65 -73 -84 -98 -104 -112 -115
03 29 -9999 -125 -128 -130 -138 -139 -138 -141 -133 -122 -110 -102 -91 -80 -69 -61 -58 -59 -67 -78 -93 -99 -108 -111
03 30 -9999 -121 -124 -125 -134 -136 -134 -137 -130 -118 -105 -98 -86 -77 -64 -56 -51 -53 -62 -73 -88 -94 -104 -106
03 31 -9999 -117 -118 -120 -128 -130 -129 -131 -124 -112 -99 -93 -81 -70 -57 -48 -44 -47 -56 -64 -80 -86 -97 -100
04 01 -9999 -112 -111 -115 -122 -124 -124 -126 -119 -108 -93 -85 -73 -63 -50 -40 -36 -39 -50 -57 -73 -80 -92 -95
04 02 -9999 -107 -107 -112 -118 -119 -120 -121 -114 -103 -87 -81 -67 -57 -44 -35 -30 -32 -44 -52 -67 -73 -85 -88
04 03 -9999 -102 -102 -106 -111 -113 -115 -115 -109 -96 -80 -75 -59 -50 -37 -28 -22 -26 -38 -46 -60 -67 -79 -83
04 04 -9999 -97 -98 -100 -105 -108 -109 -110 -103 -90 -76 -69 -54 -44 -30 -21 -15 -19 -32 -39 -53 -60 -73 -77
04 05 -9999 -92 -93 -95 -99 -103 -103 -104 -97 -84 -70 -61 -45 -35 -21 -12 -7 -11 -24 -31 -45 -51 -66 -71
04 06 -9999 -84 -85 -87 -93 -95 -95 -97 -90 -76 -62 -51 -36 -27 -11 -2 3 -1 -13 -21 -34 -42 -56 -63
04 07 -9999 -76 -78 -81 -86 -89 -88 -91 -83 -68 -54 -43 -29 -17 -3 7 13 8 -3 -12 -24 -32 -46 -54
04 08 -9999 -69 -70 -73 -77 -82 -80 -81 -74 -60 -45 -34 -20 -9 6 16 22 18 7 -3 -14 -24 -39 -46
04 09 -9999 -61 -63 -67 -72 -76 -74 -76 -68 -55 -39 -28 -14 -3 13 23 29 24 12 4 -7 -18 -34 -41
04 10 -9999 -57 -59 -64 -67 -73 -70 -71 -62 -50 -33 -22 -7 4 19 29 34 30 18 9 -1 -13 -27 -36
04 11 -9999 -51 -53 -60 -62 -68 -64 -64 -55 -42 -28 -15 -1 10 27 35 40 36 24 16 5 -6 -20 -29
04 12 -9999 -45 -47 -54 -56 -62 -59 -58 -48 -35 -20 -7 5 17 33 41 46 44 31 24 11 2 -12 -22
04 13 -9999 -38 -42 -48 -51 -56 -52 -52 -43 -28 -13 0 13 24 38 48 54 51 39 32 20 11 -4 -13
04 14 -9999 -30 -33 -40 -41 -47 -44 -43 -33 -19 -3 10 21 33 47 56 60 59 47 41 28 18 4 -5
04 15 -9999 -23 -26 -32 -34 -39 -37 -35 -25 -10 5 18 30 41 54 62 67 66 54 47 35 25 11 2
04 16 -9999 -16 -22 -26 -29 -33 -30 -27 -17 -2 13 25 37 49 61 69 73 72 61 55 42 32 18 9
04 17 -9999 -10 -15 -19 -22 -25 -21 -19 -7 8 22 36 46 58 70 78 83 82 71 64 51 40 26 16
04 18 -9999 -2 -6 -11 -14 -17 -12 -9 2 17 32 46 55 69 80 89 93 92 81 74 61 49 36 26
04 19 -9999 8 4 -2 -6 -6 -2 2 14 28 44 57 66 80 90 100 102 101 92 85 72 59 46 37
04 20 -9999 19 14 8 7 6 9 13 26 39 56 67 76 90 99 109 111 109 101 94 80 67 55 45
04 21 -9999 27 21 15 16 14 16 23 35 48 65 75 84 98 106 116 117 115 107 100 87 75 63 53
04 22 -9999 34 28 23 23 23 25 32 44 57 73 81 92 104 112 122 124 121 114 106 93 82 70 60
04 23 -9999 42 34 30 30 30 32 40 51 65 79 87 99 110 117 128 130 126 120 113 100 89 77 67
04 24 -9999 49 41 38 37 38 40 48 60 74 86 95 106 116 124 134 136 133 127 119 106 97 85 74
04 25 -9999 56 47 45 44 45 47 56 67 81 93 102 112 122 129 140 143 140 134 126 113 104 91 82
04 26 -9999 62 54 51 50 52 54 62 73 85 98 107 118 127 134 145 147 145 138 130 118 109 96 86
04 27 -9999 67 59 55 55 57 60 69 79 91 104 113 124 132 139 150 152 149 144 136 124 114 103 93
04 28 -9999 74 66 62 62 64 67 77 86 98 111 120 131 139 146 156 159 155 150 143 131 121 108 100
04 29 -9999 80 72 69 67 70 73 83 93 104 117 126 137 145 153 163 165 162 157 149 138 128 115 106
04 30 -9999 87 78 74 73 76 80 91 100 111 124 133 144 152 160 170 171 169 164 156 146 135 122 114
05 01 -9999 94 86 82 81 84 87 99 108 120 132 141 152 160 167 177 178 176 171 164 154 142 129 120
05 02 -9999 101 93 89 88 91 95 105 115 125 139 147 157 166 172 182 183 181 177 169 160 148 135 128
05 03 -9999 108 100 97 96 100 103 113 123 133 146 153 162 171 177 188 189 187 183 176 166 155 142 135
05 04 -9999 114 108 103 103 107 110 121 129 139 152 159 167 175 182 192 194 192 188 181 171 161 147 141
05 05 -9999 120 112 109 108 111 116 126 134 145 157 164 172 180 188 197 199 197 193 187 176 166 153 146
05 06 -9999 126 119 115 112 117 122 132 139 150 161 169 177 185 192 201 203 202 198 192 182 171 158 151
05 07 -9999 131 123 120 118 122 129 138 145 156 167 176 183 191 199 207 209 208 204 198 189 177 165 158
05 08 -9999 137 130 127 125 129 136 144 152 163 173 182 189 197 206 212 214 213 209 203 194 183 170 164
05 09 -9999 144 136 133 133 135 142 151 159 170 180 188 195 204 212 219 219 219 215 209 200 190 178 172
05 10 -9999 151 144 139 140 142 150 158 166 178 187 195 203 211 220 225 225 225 222 216 207 198 185 179
05 11 -9999 159 153 148 149 151 159 167 176 187 196 205 212 220 228 233 234 233 231 224 216 207 196 189
05 12 -9999 169 163 160 160 163 170 176 185 196 206 214 221 228 236 242 243 241 239 233 225 215 205 198
05 13 -9999 179 174 170 170 173 179 186 195 206 215 222 230 236 244 249 250 249 247 240 232 223 212 205
05 14 -9999 187 182 179 178 180 188 194 203 214 222 230 238 243 251 256 257 254 253 246 239 230 220 213
05 15 -9999 195 191 188 188 189 196 202 211 221 229 236 243 248 256 262 262 260 258 252 244 236 227 220
05 16 -9999 203 199 196 196 196 203 209 218 227 234 242 248 253 260 266 267 265 262 257 249 242 233 228
05 17 -9999 212 207 204 204 204 211 216 225 234 241 248 255 260 267 273 274 271 269 263 256 249 240 234
05 18 -9999 219 214 211 211 211 217 222 230 240 247 254 260 266 272 278 279 276 274 268 261 254 247 240
05 19 -9999 225 220 217 218 216 223 228 235 245 251 259 265 271 277 282 284 281 278 273 266 260 252 245
05 20 -9999 232 227 224 225 223 230 234 242 252 258 265 272 277 283 288 290 286 283 278 271 266 258 252
05 21 -9999 239 234 230 231 230 237 242 250 258 265 271 278 283 289 295 297 293 289 285 278 273 265 259
05 22 -9999 247 242 239 239 238 245 249 257 265 272 278 284 290 295 300 303 299 295 291 284 279 270 265
05 23 -9999 253 248 246 245 245 251 255 264 271 279 284 291 296 302 307 308 305 301 297 290 284 276 272
05 24 -9999 260 256 253 253 254 259 263 272 279 287 291 298 303 307 313 314 311 307 303 296 290 283 279
05 25 -9999 267 263 261 261 262 267 272 279 286 293 298 304 310 314 320 321 318 314 310 302 297 290 285
05 26 -9999 274 270 268 269 269 274 278 285 291 300 304 310 316 320 325 326 323 318 314 307 302 295 290
05 27 -9999 279 275 273 274 274 279 283 289 297 304 309 314 320 324 329 330 326 321 318 311 305 299 295
05 28 -9999 284 279 277 278 280 284 289 294 302 310 314 319 324 329 333 334 331 325 322 314 309 304 299
05 29 -9999 288 284 282 283 285 289 294 299 307 315 319 325 329 334 338 339 336 330 326 319 314 309 304
05 30 -9999 293 288 287 288 290 293 300 304 313 321 325 331 337 340 344 345 342 336 332 325 320 313 308
05 31 -9999 298 293 291 292 294 298 304 309 318 327 330 337 343 346 350 351 347 343 338 330 326 319 313
06 01 -9999 302 297 295 295 299 303 309 315 323 332 336 343 349 351 355 355 352 347 342 335 330 323 317
06 02 -9999 306 302 300 300 304 308 314 320 329 337 342 348 354 356 360 361 357 352 347 339 334 327 321
06 03 -9999 310 305 304 304 308 313 319 325 334 343 348 355 361 363 368 368 363 359 353 346 339 332 326
06 04 -9999 313 309 308 308 313 317 324 331 339 348 354 360 367 369 374 373 369 364 359 351 344 338 331
06 05 -9999 318 314 313 313 318 323 330 337 346 355 361 367 373 375 380 379 374 369 364 356 349 342 336
06 06 -9999 321 318 317 317 322 327 335 342 351 361 367 373 380 380 385 384 379 374 368 360 353 346 340
06 07 -9999 325 322 320 321 325 330 338 346 355 365 371 377 384 385 390 389 383 378 372 364 357 350 343
06 08 -9999 328 325 323 324 329 334 342 350 360 370 377 383 389 390 394 393 388 383 377 369 362 354 347
06 09 -9999 331 328 327 327 332 337 346 355 365 376 383 389 395 396 399 399 392 387 381 373 366 358 350
06 10 -9999 334 331 329 330 335 341 350 359 370 381 388 394 399 402 405 404 398 392 386 378 370 361 354
06 11 -9999 337 334 332 333 339 345 354 364 375 387 394 400 405 407 411 411 404 398 391 384 375 367 359
06 12 -9999 341 338 336 338 344 350 360 370 381 394 401 407 412 416 420 418 411 406 399 391 382 373 365
06 13 -9999 345 343 341 342 349 355 365 376 388 399 409 414 420 423 427 426 418 412 405 397 387 378 370
06 14 -9999 349 347 344 345 353 360 370 381 394 406 415 420 425 429 433 431 423 417 409 400 390 381 372
06 15 -9999 352 350 347 349 356 364 373 385 398 410 419 425 430 433 437 435 428 420 412 403 393 384 375
06 16 -9999 355 352 350 351 358 365 376 388 401 414 423 429 433 437 441 438 431 423 415 406 396 387 378
06 17 -9999 358 355 353 354 361 369 379 392 405 419 428 434 439 443 446 443 437 429 420 412 402 393 383
06 18 -9999 362 359 357 358 365 373 384 397 411 425 434 439 444 447 450 447 441 433 424 415 406 397 387
06 19 -9999 366 363 360 362 369 376 388 401 415 429 438 442 448 450 454 451 445 436 427 419 409 400 390
06 20 -9999 370 367 364 365 372 380 391 403 418 431 441 446 452 454 458 455 449 440 431 423 413 404 394
06 21 -9999 374 371 368 369 375 384 396 408 423 437 447 452 457 460 464 462 456 447 437 429 419 410 399
06 22 -9999 379 376 372 374 380 389 401 413 430 443 453 458 462 466 471 468 462 453 443 435 425 414 403
06 23 -9999 383 379 376 378 384 392 404 417 433 447 456 462 467 470 474 473 466 457 446 437 428 417 406
06 24 -9999 386 382 379 381 386 395 406 419 436 450 459 465 470 474 478 477 471 462 452 443 433 422 411
06 25 -9999 391 386 383 385 390 399 411 424 441 456 463 470 476 478 484 482 476 468 457 447 437 426 415
06 26 -9999 395 390 386 388 392 402 414 429 446 460 469 475 481 484 488 486 480 472 461 451 440 430 419
06 27 -9999 399 393 389 391 395 405 417 431 448 462 471 477 483 486 491 489 483 474 463 453 443 432 421
06 28 -9999 400 395 391 393 397 407 419 434 450 464 472 478 484 487 492 490 485 476 464 456 445 435 423
06 29 -9999 403 398 394 395 399 409 422 436 452 466 475 482 488 490 496 493 488 479 468 460 449 438 427
06 30 -9999 407 402 397 398 403 412 425 439 456 469 478 484 491 493 498 497 491 481 470 463 452 441 430
07 01 -9999 410 404 400 401 406 416 429 443 460 473 481 487 494 496 502 501 495 486 475 467 456 445 433
07 02 -9999 414 407 403 405 409 420 433 446 463 475 483 489 496 499 504 503 497 488 477 469 458 446 435
07 03 -9999 414 409 405 406 410 421 433 447 464 475 484 491 497 499 505 504 498 488 477 469 458 446 435
07 04 -9999 415 410 406 407 411 421 434 448 465 478 486 493 499 501 507 506 499 489 478 470 459 447 436
07 05 -9999 416 411 407 408 413 423 435 450 467 479 489 495 501 503 509 507 500 490 479 471 460 448 437
07 06 -9999 418 412 408 409 414 424 436 451 467 479 489 496 501 503 510 507 500 490 480 471 460 447 437
07 07 -9999 418 411 408 409 414 424 436 452 467 481 491 498 504 506 511 508 502 492 482 473 461 449 440
07 08 -9999 419 413 411 411 417 426 439 454 470 484 495 503 507 510 515 511 505 495 484 476 465 452 443
07 09 -9999 422 416 413 413 419 429 442 458 473 486 498 505 510 512 517 513 507 496 486 477 466 453 443
07 10 -9999 423 417 414 414 420 430 442 458 473 486 497 505 509 512 516 514 506 496 486 478 467 454 443
07 11 -9999 424 418 415 415 422 431 444 458 473 485 497 505 509 513 518 515 508 497 488 478 468 455 444
07 12 -9999 425 419 416 416 423 432 445 458 473 485 497 506 510 513 518 515 509 498 489 479 469 455 445
07 13 -9999 426 420 417 418 425 433 446 459 474 486 498 508 512 515 519 516 510 499 490 479 470 455 445
07 14 -9999 426 420 418 419 426 433 446 459 473 486 497 507 510 514 518 515 510 499 490 479 470 456 445
07 15 -9999 426 420 418 419 426 434 447 460 474 488 499 510 512 517 521 517 511 501 493 481 472 457 447
07 16 -9999 427 422 419 420 427 435 448 461 474 489 501 512 514 519 523 518 512 502 494 482 473 458 448
07 17 -9999 428 423 421 422 428 436 448 463 476 491 503 514 515 521 523 519 512 503 494 482 473 459 448
07 18 -9999 429 424 421 423 429 437 449 463 476 492 504 514 518 523 525 521 516 507 497 485 475 461 450
07 19 -9999 430 425 422 424 430 438 451 464 478 493 505 516 520 525 527 524 519 510 500 487 477 463 452
07 20 -9999 431 426 423 425 431 439 451 464 478 494 505 516 520 526 528 524 519 510 500 487 477 463 451
07 21 -9999 431 426 422 425 431 438 450 463 477 493 504 515 520 525 527 524 518 509 498 486 476 462 451
07 22 -9999 431 426 423 426 430 437 449 461 475 490 501 513 517 522 525 521 514 506 496 482 473 460 449
07 23 -9999 429 425 422 425 429 436 447 458 472 486 497 508 514 519 521 519 512 504 493 480 471 458 447
07 24 -9999 428 423 421 423 426 433 443 454 468 482 493 503 510 515 518 515 508 501 491 477 468 456 445
07 25 -9999 427 423 421 423 426 433 443 454 467 482 493 504 511 516 521 517 511 503 491 478 469 457 446
07 26 -9999 427 423 421 423 426 433 443 455 469 483 495 505 512 517 521 517 510 503 492 478 468 456 445
07 27 -9999 427 423 421 423 425 432 442 454 468 483 494 504 510 517 520 516 509 501 490 476 466 455 443
07 28 -9999 426 422 421 422 424 432 442 454 467 482 493 502 509 515 519 515 508 501 490 475 466 454 442
07 29 -9999 426 422 420 421 422 431 441 453 467 481 492 501 509 514 518 515 507 501 489 475 465 454 441
07 30 -9999 426 422 420 421 422 431 440 452 467 480 491 501 509 514 518 516 508 501 489 476 465 454 442
07 31 -9999 427 423 421 422 422 431 440 451 466 479 490 499 508 513 516 514 508 500 488 475 463 453 440
08 01 -9999 426 422 420 420 421 430 439 450 464 478 489 498 507 512 516 514 507 501 489 476 464 454 441
08 02 -9999 428 423 422 420 421 431 440 451 464 478 488 498 505 510 514 512 505 500 487 474 464 453 440
08 03 -9999 427 423 422 419 420 430 439 451 463 477 487 497 504 509 512 511 504 499 487 473 464 453 439
08 04 -9999 427 423 422 419 420 430 439 451 463 477 486 497 504 509 512 511 504 499 488 474 464 453 439
08 05 -9999 427 423 422 418 420 429 438 450 462 477 486 496 503 509 511 510 504 498 487 473 464 452 439
08 06 -9999 427 423 422 418 420 429 438 449 462 476 486 495 503 509 512 511 505 499 487 475 463 452 439
08 07 -9999 428 424 422 419 419 428 437 449 461 476 485 495 502 508 512 511 504 497 487 474 462 451 438
08 08 -9999 428 424 422 419 419 428 438 449 461 476 485 496 502 508 511 511 504 497 486 473 461 449 436
08 09 -9999 426 423 421 418 418 426 436 447 460 474 483 493 500 507 507 508 501 493 484 471 459 446 434
08 10 -9999 424 421 420 416 416 424 433 443 455 469 478 488 495 502 503 503 496 489 479 467 455 443 432
08 11 -9999 421 418 417 414 414 421 430 440 452 466 475 486 493 499 500 500 494 487 477 465 453 441 430
08 12 -9999 420 415 415 411 411 417 425 435 448 462 471 481 488 494 496 496 489 482 472 461 449 436 426
08 13 -9999 416 412 412 408 408 413 422 432 444 459 467 477 484 490 492 491 484 477 467 457 445 432 423
08 14 -9999 413 409 409 405 405 410 418 428 440 455 463 473 480 486 488 487 481 473 463 452 442 427 419
08 15 -9999 409 406 405 401 401 406 414 424 436 450 459 469 475 482 484 483 476 469 458 448 437 422 415
08 16 -9999 406 401 402 397 397 401 409 418 431 444 453 463 470 477 478 478 471 463 453 442 431 417 410
08 17 -9999 401 397 397 393 392 396 404 413 427 439 448 458 465 473 474 473 467 458 448 438 426 412 406
08 18 -9999 398 393 393 390 389 392 399 408 421 433 442 452 458 466 468 466 460 451 441 432 420 406 401
08 19 -9999 394 389 390 386 385 388 395 404 415 428 437 445 452 460 462 460 455 445 436 426 415 403 398
08 20 -9999 391 386 387 384 381 385 391 400 411 423 431 440 448 455 457 454 450 441 432 422 410 399 394
08 21 -9999 386 381 383 379 377 380 386 395 406 417 426 435 443 450 452 449 444 436 427 416 405 395 389
08 22 -9999 381 377 378 374 373 376 382 390 401 412 421 429 437 445 447 444 439 431 422 411 401 390 385
08 23 -9999 377 373 374 370 369 372 377 386 396 408 417 425 433 440 443 440 435 427 417 406 396 386 381
08 24 -9999 373 370 370 367 365 368 372 381 391 403 412 421 428 436 438 436 431 423 412 402 392 382 377
08 25 -9999 369 366 367 364 362 365 370 378 388 400 409 417 424 432 435 432 428 420 409 399 389 379 374
08 26 -9999 367 364 364 361 359 361 367 374 385 396 405 414 422 428 431 429 425 417 406 395 386 377 372
08 27 -9999 365 363 362 360 357 360 365 372 383 395 404 413 421 428 431 429 425 416 405 395 385 377 372
08 28 -9999 365 362 362 359 356 358 363 370 381 392 402 412 419 426 429 427 423 413 404 392 382 375 369
08 29 -9999 363 361 360 358 354 356 360 367 377 389 399 409 415 422 426 423 419 410 401 389 379 373 368
08 30 -9999 361 359 358 356 353 354 357 365 374 387 396 406 413 419 423 421 417 408 399 386 376 372 366
08 31 -9999 360 358 358 356 352 354 356 363 373 386 395 404 411 418 421 420 415 406 397 384 375 371 365
09 01 -9999 360 357 357 355 352 353 355 362 372 384 393 402 409 415 419 418 414 404 395 382 373 369 364
09 02 -9999 358 357 356 353 350 351 353 360 370 382 391 401 407 414 418 417 413 403 394 381 371 368 363
09 03 -9999 357 355 354 352 349 349 351 358 369 381 390 400 406 412 416 416 411 401 392 379 370 366 360
09 04 -9999 355 354 353 351 348 348 350 356 368 379 389 398 405 411 415 415 410 400 390 379 369 365 360
09 05 -9999 355 354 352 351 348 347 349 355 366 377 387 396 403 409 412 413 407 398 389 377 367 363 358
09 06 -9999 353 352 350 349 346 346 347 353 365 376 387 396 403 409 412 411 407 397 388 375 365 361 356
09 07 -9999 352 349 348 346 344 344 345 351 363 374 385 394 402 407 410 409 404 394 385 373 363 359 356
09 08 -9999 351 349 348 346 343 343 343 349 361 371 383 393 400 406 409 407 401 392 382 370 360 357 353
09 09 -9999 349 347 346 343 341 340 340 346 358 369 380 391 397 403 407 405 399 389 379 367 357 354 351
09 10 -9999 347 345 344 341 339 338 338 344 355 366 377 386 394 400 404 403 396 386 376 363 354 351 348
09 11 -9999 343 341 340 338 337 334 334 340 351 361 373 382 390 396 401 400 392 382 372 359 350 346 344
09 12 -9999 339 338 336 334 334 331 331 338 348 358 370 378 386 393 397 396 390 379 369 357 348 344 341
09 13 -9999 335 335 332 331 331 329 329 335 345 355 366 374 382 388 392 391 385 375 364 353 344 340 338
09 14 -9999 332 331 329 327 328 326 326 332 341 351 361 369 377 383 387 386 380 370 359 350 341 337 335
09 15 -9999 328 327 325 324 325 323 323 328 337 346 357 365 373 379 383 381 376 365 356 346 337 333 331
09 16 -9999 324 323 321 319 321 319 319 324 333 342 353 361 369 374 378 377 372 361 351 342 334 329 328
09 17 -9999 320 319 318 316 317 316 316 320 329 338 349 356 363 370 373 373 367 356 346 338 329 325 323
09 18 -9999 316 315 313 312 313 313 312 316 324 333 344 350 358 364 367 367 361 350 341 332 324 320 318
09 19 -9999 311 310 308 307 308 308 307 312 319 328 338 344 352 358 361 360 355 344 336 327 319 315 313
09 20 -9999 306 305 303 303 304 304 303 307 315 324 333 340 346 352 355 353 349 338 330 321 315 311 309
09 21 -9999 302 301 300 299 300 299 300 302 309 318 327 333 339 344 347 346 342 331 323 315 310 306 304
09 22 -9999 297 296 295 295 297 295 295 298 303 312 320 327 332 338 340 339 335 324 317 310 304 301 298
09 23 -9999 291 290 290 290 291 289 289 292 298 306 314 320 325 331 334 332 328 318 311 304 299 297 294
09 24 -9999 287 286 286 285 286 284 284 287 293 300 309 315 321 325 328 326 322 312 305 300 295 293 289
09 25 -9999 283 281 282 281 282 281 281 282 289 295 304 309 314 320 321 320 316 307 300 295 291 289 285
09 26 -9999 279 278 278 277 278 277 277 277 284 290 298 304 309 314 315 313 310 301 294 291 286 285 281
09 27 -9999 276 275 275 275 274 274 274 274 280 286 294 300 303 308 309 308 303 295 289 286 282 281 277
09 28 -9999 273 272 272 271 271 270 270 270 276 282 289 296 298 304 305 304 299 291 286 282 278 277 273
09 29 -9999 270 268 268 266 267 266 265 266 272 278 285 291 293 299 300 298 294 286 281 278 274 272 269
09 30 -9999 265 264 263 262 262 261 260 260 268 273 280 285 288 294 294 292 287 279 275 270 267 266 262
10 01 -9999 259 257 257 255 255 255 254 254 262 268 274 278 281 288 288 285 281 273 269 264 262 260 256
10 02 -9999 253 251 249 248 249 248 247 247 254 261 266 270 274 279 280 277 274 266 261 257 254 254 250
10 03 -9999 247 245 244 243 243 243 241 241 247 255 260 264 268 274 274 271 268 259 255 252 250 249 245
10 04 -9999 243 240 239 238 238 237 235 236 242 249 256 260 262 267 268 263 260 252 249 245 243 243 238
10 05 -9999 237 234 232 231 231 231 228 229 234 240 248 251 254 259 262 256 253 244 241 237 237 236 232
10 06 -9999 229 226 225 224 224 224 222 224 228 234 240 243 246 251 254 248 245 237 233 231 230 230 226
10 07 -9999 223 220 219 217 217 217 214 215 220 227 233 236 239 244 247 241 238 229 226 224 223 223 219
10 08 -9999 216 214 212 210 210 210 207 209 212 219 226 229 232 237 239 234 230 223 220 217 216 217 214
10 09 -9999 211 210 207 206 205 204 201 202 206 213 218 222 225 230 232 226 223 215 213 210 209 210 208
10 10 -9999 204 203 201 200 197 198 194 196 200 205 212 215 218 223 225 219 216 208 207 204 202 204 202
10 11 -9999 197 196 195 193 191 192 188 190 194 199 205 208 211 215 217 211 208 200 199 196 194 196 194
10 12 -9999 189 189 188 187 184 185 181 184 186 192 197 200 203 207 209 203 199 192 191 187 185 187 184
10 13 -9999 180 180 179 179 176 177 174 175 178 183 188 191 194 198 199 193 189 183 180 177 175 178 175
10 14 -9999 171 171 171 172 169 169 167 167 168 173 180 183 186 189 191 185 180 174 172 169 166 169 167
10 15 -9999 163 164 163 163 162 162 159 161 160 165 171 173 177 180 182 176 172 166 164 162 157 162 160
10 16 -9999 155 156 155 157 155 155 152 154 153 157 164 167 170 172 174 169 165 160 158 156 151 155 153
10 17 -9999 149 151 149 150 148 149 145 146 147 150 157 160 163 163 165 161 156 153 150 149 143 147 146
10 18 -9999 141 143 142 143 142 141 137 139 140 143 149 152 154 155 157 154 148 145 143 141 135 139 139
10 19 -9999 134 137 136 136 134 134 131 132 134 136 140 142 146 147 149 147 141 138 135 135 128 132 133
10 20 -9999 128 131 130 130 128 127 125 126 128 131 135 137 140 142 141 140 134 131 127 127 120 124 125
10 21 -9999 120 124 123 122 120 120 118 118 120 122 127 130 132 135 133 131 126 124 121 120 115 119 120
10 22 -9999 115 118 117 117 116 116 114 114 116 118 122 126 126 128 127 126 120 120 115 116 110 114 116
10 23 -9999 112 114 113 113 112 111 108 109 110 113 116 119 119 121 120 118 113 112 108 109 103 107 108
10 24 -9999 105 106 104 105 105 104 102 102 104 106 109 112 112 112 112 110 105 104 101 100 96 98 99
10 25 -9999 97 98 97 98 98 97 95 95 97 99 102 104 103 103 102 100 96 95 91 91 87 90 91
10 26 -9999 89 91 90 91 90 90 88 89 90 92 94 95 95 96 95 93 90 89 86 86 82 84 85
10 27 -9999 84 85 84 85 84 84 82 83 84 86 88 89 89 90 88 87 84 84 81 80 77 80 80
10 28 -9999 81 81 80 80 80 79 76 77 78 80 82 83 82 83 82 81 77 78 75 75 73 76 75
10 29 -9999 75 75 75 75 75 74 71 71 73 75 75 76 75 75 74 73 70 72 68 68 67 69 67
10 30 -9999 68 67 67 68 67 67 64 64 67 69 69 70 69 69 68 67 64 65 62 63 62 64 63
10 31 -9999 63 61 60 62 62 59 58 57 59 61 61 60 59 60 59 58 55 56 52 54 53 56 56
11 01 -9999 56 54 53 55 55 53 51 51 53 55 56 55 54 55 52 52 49 49 46 47 47 50 49
11 02 -9999 50 47 46 49 48 47 45 45 47 49 50 47 47 48 46 45 43 44 40 41 43 45 45
11 03 -9999 44 42 41 44 43 41 39 40 42 43 45 42 41 42 39 38 36 37 33 34 36 39 39
11 04 -9999 39 37 34 39 38 36 35 34 37 39 40 36 37 37 34 33 31 33 29 32 33 37 36
11 05 -9999 37 34 32 37 36 32 33 31 34 35 36 31 32 32 28 27 24 26 23 25 27 32 29
11 06 -9999 30 28 26 30 30 26 27 25 28 28 29 24 26 25 21 21 19 19 18 19 22 27 23
11 07 -9999 24 22 19 23 23 19 20 17 21 21 22 17 19 18 15 14 12 12 10 11 15 18 16
11 08 -9999 16 16 11 15 16 12 13 10 14 14 16 11 11 12 7 8 6 5 3 5 10 13 10
11 09 -9999 11 11 6 8 10 5 6 4 8 9 10 6 6 5 2 2 0 -2 -2 -2 3 6 3
11 10 -9999 5 2 -1 1 3 -3 -1 -4 0 0 3 -1 -2 -3 -7 -8 -9 -11 -13 -11 -7 -4 -7
11 11 -9999 -5 -7 -9 -8 -7 -12 -10 -12 -8 -9 -6 -9 -10 -12 -14 -15 -17 -19 -22 -18 -16 -12 -15
11 12 -9999 -14 -16 -17 -17 -15 -19 -17 -18 -16 -16 -13 -16 -17 -20 -22 -22 -23 -27 -29 -25 -23 -18 -22
11 13 -9999 -20 -22 -24 -24 -24 -26 -24 -25 -22 -23 -18 -22 -22 -25 -28 -28 -29 -32 -35 -31 -28 -23 -26
11 14 -9999 -25 -27 -28 -29 -26 -30 -27 -28 -26 -25 -22 -25 -26 -28 -31 -32 -33 -35 -37 -35 -31 -26 -30
11 15 -9999 -28 -30 -30 -32 -29 -32 -29 -31 -27 -27 -24 -27 -28 -30 -32 -34 -35 -38 -38 -36 -34 -27 -33
11 16 -9999 -30 -34 -33 -35 -32 -35 -32 -34 -29 -31 -29 -32 -33 -34 -37 -38 -39 -41 -42 -39 -37 -30 -34
11 17 -9999 -33 -36 -36 -38 -35 -39 -36 -37 -33 -35 -33 -35 -36 -38 -40 -41 -43 -46 -45 -42 -41 -34 -39
11 18 -9999 -38 -41 -41 -44 -41 -43 -41 -42 -38 -39 -38 -40 -40 -42 -45 -44 -46 -50 -49 -46 -45 -39 -44
11 19 -9999 -43 -45 -45 -49 -45 -47 -46 -46 -44 -46 -44 -45 -47 -48 -49 -50 -51 -55 -53 -52 -51 -46 -50
11 20 -9999 -50 -52 -52 -56 -52 -53 -52 -53 -52 -52 -49 -50 -54 -54 -55 -55 -56 -60 -57 -57 -57 -53 -55
11 21 -9999 -55 -56 -56 -61 -58 -58 -58 -60 -59 -59 -56 -58 -60 -61 -61 -62 -62 -67 -64 -62 -63 -59 -60
11 22 -9999 -61 -62 -62 -66 -63 -63 -63 -66 -63 -63 -61 -62 -64 -65 -64 -66 -65 -69 -66 -64 -66 -62 -62
11 23 -9999 -63 -66 -65 -67 -66 -65 -66 -69 -65 -67 -64 -65 -67 -68 -66 -68 -68 -72 -69 -66 -69 -66 -65
11 24 -9999 -66 -68 -67 -69 -68 -67 -69 -72 -68 -71 -68 -69 -71 -71 -69 -70 -69 -72 -71 -66 -69 -66 -66
11 25 -9999 -68 -69 -68 -71 -70 -68 -71 -74 -69 -71 -69 -70 -71 -71 -69 -69 -69 -72 -69 -65 -68 -64 -64
11 26 -9999 -65 -67 -67 -69 -67 -67 -70 -74 -70 -71 -68 -69 -71 -70 -70 -70 -69 -73 -70 -66 -68 -66 -65
11 27 -9999 -67 -69 -69 -69 -68 -69 -71 -75 -72 -73 -71 -71 -74 -70 -71 -72 -71 -74 -72 -67 -69 -68 -66
11 28 -9999 -68 -71 -70 -70 -70 -71 -73 -76 -74 -74 -73 -73 -76 -73 -73 -73 -72 -76 -73 -69 -72 -71 -70
11 29 -9999 -71 -72 -73 -72 -73 -74 -76 -80 -76 -77 -75 -76 -78 -76 -76 -76 -74 -78 -76 -71 -75 -74 -73
11 30 -9999 -75 -75 -76 -74 -76 -77 -80 -83 -80 -79 -78 -78 -80 -78 -79 -78 -77 -79 -79 -74 -76 -77 -74
12 01 -9999 -76 -77 -76 -75 -77 -79 -81 -82 -81 -81 -79 -79 -83 -80 -80 -80 -78 -81 -81 -76 -78 -79 -78
12 02 -9999 -80 -80 -79 -77 -79 -81 -83 -85 -83 -83 -81 -82 -85 -83 -84 -83 -81 -84 -84 -79 -81 -81 -80
12 03 -9999 -81 -82 -80 -79 -80 -82 -84 -85 -85 -85 -83 -85 -87 -85 -86 -85 -84 -86 -86 -82 -84 -84 -83
12 04 -9999 -83 -83 -83 -80 -82 -84 -85 -87 -87 -86 -86 -87 -91 -89 -90 -88 -86 -87 -88 -83 -85 -85 -83
12 05 -9999 -84 -83 -82 -79 -81 -83 -86 -85 -86 -85 -86 -86 -88 -88 -89 -87 -84 -85 -87 -83 -84 -84 -82
12 06 -9999 -83 -82 -82 -78 -80 -83 -83 -82 -84 -84 -85 -85 -87 -86 -88 -87 -84 -84 -86 -83 -84 -85 -84
12 07 -9999 -84 -83 -83 -80 -81 -83 -84 -82 -84 -85 -86 -86 -88 -88 -90 -88 -86 -87 -88 -84 -85 -87 -87
12 08 -9999 -86 -85 -85 -83 -83 -87 -87 -85 -86 -86 -87 -87 -89 -91 -93 -91 -89 -89 -90 -86 -87 -89 -88
12 09 -9999 -88 -86 -87 -84 -85 -88 -87 -87 -88 -87 -87 -87 -89 -92 -95 -93 -91 -92 -94 -90 -90 -93 -92
12 10 -9999 -91 -89 -89 -86 -87 -91 -90 -88 -89 -89 -88 -89 -90 -93 -98 -95 -94 -93 -95 -93 -92 -94 -94
12 11 -9999 -93 -91 -91 -87 -88 -91 -90 -88 -88 -89 -88 -89 -89 -92 -95 -94 -91 -91 -92 -92 -89 -91 -92
12 12 -9999 -92 -90 -89 -88 -88 -91 -90 -88 -87 -87 -87 -89 -88 -92 -94 -94 -90 -88 -91 -91 -88 -90 -92
12 13 -9999 -90 -88 -87 -86 -86 -88 -87 -87 -86 -85 -85 -86 -86 -89 -92 -91 -88 -86 -89 -89 -86 -87 -89
12 14 -9999 -88 -87 -86 -85 -86 -88 -87 -88 -88 -87 -88 -88 -88 -91 -93 -93 -92 -90 -91 -91 -88 -89 -92
12 15 -9999 -88 -88 -87 -87 -87 -88 -86 -87 -87 -86 -88 -88 -90 -91 -93 -94 -92 -90 -91 -92 -89 -91 -94
12 16 -9999 -90 -90 -90 -92 -89 -89 -88 -91 -91 -89 -92 -92 -92 -92 -95 -96 -95 -93 -93 -94 -92 -94 -97
12 17 -9999 -94 -93 -93 -94 -92 -91 -92 -94 -94 -91 -95 -94 -95 -94 -97 -98 -97 -94 -95 -96 -94 -97 -100
12 18 -9999 -96 -96 -94 -98 -95 -93 -94 -96 -95 -92 -96 -94 -96 -93 -96 -97 -96 -94 -93 -95 -93 -97 -99
12 19 -9999 -96 -95 -93 -97 -94 -93 -93 -95 -94 -89 -95 -94 -94 -91 -95 -95 -94 -93 -93 -95 -94 -97 -99
12 20 -9999 -97 -97 -95 -99 -97 -95 -95 -98 -97 -92 -98 -97 -97 -94 -98 -98 -98 -95 -95 -97 -96 -99 -102
12 21 -9999 -99 -99 -97 -102 -99 -97 -98 -99 -98 -93 -98 -97 -98 -95 -98 -98 -97 -94 -95 -97 -97 -100 -103
12 22 -9999 -100 -99 -97 -102 -99 -96 -96 -97 -97 -91 -98 -96 -97 -93 -96 -95 -95 -92 -93 -95 -96 -99 -100
12 23 -9999 -98 -97 -95 -100 -98 -94 -95 -96 -98 -92 -99 -96 -98 -93 -95 -93 -94 -93 -92 -97 -97 -98 -100
12 24 -9999 -98 -97 -94 -99 -99 -93 -96 -97 -98 -93 -99 -96 -98 -93 -92 -92 -93 -92 -91 -95 -96 -97 -99
12 25 -9999 -95 -96 -93 -100 -98 -93 -97 -97 -99 -95 -101 -98 -101 -96 -94 -94 -96 -94 -94 -98 -98 -100 -101
12 26 -9999 -98 -98 -98 -104 -103 -98 -101 -101 -104 -98 -105 -101 -104 -101 -98 -97 -99 -98 -98 -100 -103 -104 -104
12 27 -9999 -99 -99 -100 -103 -104 -98 -100 -102 -105 -99 -104 -100 -103 -101 -98 -96 -99 -99 -97 -99 -103 -105 -104
12 28 -9999 -101 -100 -102 -106 -105 -101 -102 -103 -107 -103 -107 -104 -106 -106 -101 -100 -102 -101 -99 -101 -104 -107 -106
12 29 -9999 -103 -101 -103 -107 -107 -102 -103 -104 -108 -103 -106 -105 -106 -104 -100 -99 -100 -100 -99 -102 -104 -108 -105
12 30 -9999 -103 -102 -105 -106 -108 -104 -107 -107 -111 -108 -110 -107 -108 -107 -104 -100 -103 -103 -101 -104 -106 -109 -107
12 31 -9999 -105 -103 -107 -107 -110 -105 -108 -110 -114 -110 -111 -108 -109 -109 -105 -101 -104 -103 -101 -105 -106 -110 -105
