01 01 366 368 364 359 356 352 347 345 342 354 377 400 420 437 451 458 457 446 425 412 401 393 385 380
01 02 367 369 364 359 356 353 348 346 343 355 378 402 422 440 453 460 460 449 427 414 404 396 388 383
01 03 371 371 367 362 359 356 351 349 346 357 380 403 423 440 453 460 460 449 427 415 404 396 388 383
01 04 369 371 366 361 357 354 349 347 344 355 378 400 420 437 450 457 456 446 424 412 401 393 385 379
01 05 365 367 363 357 354 350 346 344 341 352 375 398 418 435 447 454 454 444 423 410 399 392 383 378
01 06 363 366 362 356 353 350 345 343 340 352 375 398 418 434 447 454 454 444 422 409 398 390 381 376
01 07 362 365 361 356 352 349 345 342 339 351 373 396 417 433 446 453 453 443 422 409 398 389 381 375
01 08 362 364 359 354 350 346 342 339 336 348 371 393 414 431 443 450 451 441 420 407 395 387 378 373
01 09 359 360 356 350 346 343 339 336 333 345 368 391 412 428 441 447 448 439 417 404 392 384 375 369
01 10 356 357 353 347 343 340 337 334 331 343 366 389 409 426 438 445 446 437 416 403 391 382 373 367
01 11 353 354 349 343 340 337 333 330 328 340 364 387 408 425 437 444 444 435 414 401 389 380 371 365
01 12 351 352 347 342 338 335 331 328 326 337 361 384 404 421 433 440 441 432 411 398 386 377 368 361
01 13 348 349 344 339 335 332 329 326 324 336 359 382 402 418 430 437 439 430 409 396 384 375 367 360
01 14 347 348 343 337 333 330 326 323 321 333 356 380 400 416 428 435 437 428 407 394 382 372 364 357
01 15 344 344 339 333 330 327 323 320 319 331 355 379 399 416 428 435 437 429 408 394 382 372 364 356
01 16 343 344 339 333 329 326 323 320 318 331 355 379 400 416 428 435 437 430 409 394 383 373 364 357
01 17 345 344 339 334 331 327 324 321 319 332 356 380 401 416 428 436 438 430 409 394 382 373 364 356
01 18 344 343 338 332 329 326 322 319 317 331 355 379 401 417 429 436 439 431 410 395 383 373 363 355
01 19 344 342 337 332 328 325 321 318 316 330 355 379 401 417 429 437 440 432 411 396 384 373 363 355
01 20 345 343 337 332 328 324 321 317 315 329 354 378 400 417 430 438 440 433 411 396 383 372 363 354
01 21 345 342 336 331 328 323 319 316 313 328 353 377 399 417 430 439 441 435 414 398 385 374 365 356
01 22 347 343 338 333 330 325 321 318 316 331 356 380 402 419 432 441 443 437 416 400 388 376 367 359
01 23 350 346 341 337 333 329 325 321 320 335 360 384 405 422 435 443 445 439 418 401 389 378 369 360
01 24 353 348 343 339 335 331 327 323 321 337 362 386 407 424 437 446 448 443 421 404 392 380 371 362
01 25 356 351 346 341 338 333 329 325 323 339 364 389 411 428 442 451 453 447 425 407 394 383 373 365
01 26 359 353 348 344 341 336 332 329 326 342 368 392 414 431 445 454 456 450 428 410 397 385 376 367
01 27 361 356 350 346 343 338 335 332 329 346 371 396 418 436 449 458 460 454 432 414 401 389 379 371
01 28 366 359 353 350 346 341 337 334 331 348 374 398 421 439 452 461 463 457 435 416 402 390 381 371
01 29 368 359 353 350 346 341 337 335 332 348 374 399 421 439 452 461 463 457 436 417 403 391 381 372
01 30 369 360 354 350 346 341 337 334 331 348 373 398 421 439 453 462 464 458 437 418 404 392 383 373
01 31 369 360 354 350 346 341 337 334 332 348 374 399 421 440 454 463 465 459 438 419 405 392 382 372
02 01 367 359 352 348 343 338 334 332 330 347 374 399 422 441 455 465 467 461 440 420 406 393 383 373
02 02 367 359 353 349 344 339 335 333 331 349 376 401 424 444 458 468 470 464 443 423 409 397 386 377
02 03 371 362 357 352 346 342 338 336 334 352 379 405 428 447 462 472 473 467 447 426 412 400 390 380
02 04 374 365 360 355 350 345 342 339 338 356 383 408 431 450 464 473 475 469 449 428 414 402 391 382
02 05 377 366 361 355 350 346 343 340 339 357 383 408 431 449 463 472 474 468 448 428 414 402 391 382
02 06 377 366 361 355 350 346 343 339 338 356 382 407 429 447 460 470 471 466 447 426 413 401 391 382
02 07 376 366 360 354 349 345 342 338 337 356 382 407 429 447 461 471 473 468 449 428 414 403 393 384
02 08 378 368 362 356 351 347 343 340 339 358 384 409 432 450 463 473 475 470 451 430 417 406 396 387
02 09 380 371 364 358 352 349 345 342 341 360 386 411 434 451 465 474 476 471 453 432 418 408 398 389
02 10 383 373 366 360 354 350 346 343 342 361 387 411 434 451 465 474 476 471 453 433 419 408 399 390
02 11 383 373 367 360 354 350 346 342 342 361 386 411 433 451 466 476 478 473 455 435 421 410 401 392
02 12 385 375 368 362 356 351 347 343 344 363 390 415 437 455 470 480 483 479 461 440 426 416 406 397
02 13 391 381 375 368 362 357 353 349 350 370 396 421 444 462 477 487 490 485 468 447 433 422 412 403
02 14 398 387 380 374 368 363 359 354 355 376 403 428 451 469 484 494 496 492 474 453 437 426 417 407
02 15 403 392 385 378 372 367 363 358 360 381 407 433 456 474 489 499 501 497 480 458 443 432 422 413
02 16 410 398 391 384 378 373 369 365 366 387 412 437 460 477 493 503 505 501 483 462 447 436 426 417
02 17 415 403 396 389 382 377 372 368 369 390 415 440 463 480 496 505 508 503 486 464 449 438 429 419
02 18 417 404 397 390 384 378 373 369 370 392 417 443 466 483 498 509 511 506 489 467 452 441 431 422
02 19 419 407 399 392 386 380 374 370 373 394 420 445 468 486 501 511 513 509 492 470 454 444 434 424
02 20 422 410 403 396 389 383 377 374 376 398 424 449 472 489 504 515 517 513 496 474 459 447 438 428
02 21 427 414 406 399 393 386 380 377 379 402 428 453 476 494 510 520 522 518 501 478 462 451 441 430
02 22 428 415 407 400 393 387 381 378 381 404 430 455 478 497 512 522 524 520 503 481 465 453 443 432
02 23 430 417 409 402 395 389 383 379 383 407 433 458 481 499 514 524 526 522 506 484 467 455 444 433
02 24 432 419 410 403 396 390 384 380 384 408 435 460 482 501 516 526 528 524 508 485 468 456 444 433
02 25 432 418 409 403 396 389 383 379 384 410 438 463 486 504 520 530 533 528 513 490 473 461 448 436
02 26 435 421 413 406 399 393 387 383 388 415 443 469 491 510 525 534 537 532 517 494 476 464 452 440
02 27 439 425 416 409 402 397 391 387 392 419 447 473 495 513 528 537 540 535 520 496 479 466 453 442
02 28 439 426 416 409 402 396 390 386 392 420 449 475 497 516 531 540 543 538 522 498 481 468 455 443
03 01 440 427 418 411 403 398 392 387 394 421 450 476 498 517 532 540 543 537 522 498 481 468 455 444
03 02 439 426 417 410 402 396 390 386 393 422 451 477 500 519 534 542 545 540 524 500 482 469 455 443
03 03 437 426 416 409 401 396 390 386 394 423 452 479 501 521 535 544 546 541 526 501 483 470 456 444
03 04 436 426 417 410 402 397 391 387 395 424 454 481 504 523 537 546 548 544 529 504 486 472 459 446
03 05 437 428 419 411 403 398 392 388 397 428 458 485 508 527 541 549 552 548 533 508 489 476 462 449
03 06 440 431 421 414 405 401 396 391 401 432 462 490 513 532 546 554 557 552 537 512 494 479 466 453
03 07 441 435 425 417 409 405 400 395 406 437 467 494 518 537 552 560 562 557 542 516 498 483 469 456
03 08 445 438 428 420 412 408 402 398 409 441 471 499 522 541 556 564 566 561 546 520 502 487 473 460
03 09 449 442 432 425 417 412 407 402 413 445 474 502 526 545 559 567 569 564 549 523 504 489 475 462
03 10 450 444 434 426 418 414 408 403 415 447 477 505 528 548 562 570 572 567 552 525 507 491 478 465
03 11 454 447 437 429 421 418 412 407 420 451 481 509 532 552 566 574 576 571 557 530 511 496 482 470
03 12 458 452 442 433 426 421 416 411 424 455 484 512 536 555 569 577 579 574 560 532 514 498 485 472
03 13 458 454 444 435 428 423 419 413 427 457 486 514 537 556 570 579 580 575 560 533 514 498 485 473
03 14 459 454 445 436 429 424 419 414 428 458 487 514 537 556 570 578 580 575 561 533 515 499 485 473
03 15 459 455 446 437 430 425 420 415 430 460 488 514 537 556 570 579 581 576 562 535 516 500 486 474
03 16 460 455 446 438 431 426 420 415 431 462 491 517 540 559 573 582 584 579 566 538 519 502 489 476
03 17 462 457 448 439 432 427 422 417 433 465 494 521 544 563 577 586 588 584 570 542 522 506 493 481
03 18 467 461 452 443 436 431 426 421 438 470 500 526 550 569 583 592 594 590 576 548 528 512 498 486
03 19 474 467 457 448 442 436 431 425 443 475 505 531 555 573 587 596 598 593 580 552 531 515 501 489
03 20 477 471 461 453 446 440 435 430 448 480 509 535 558 577 591 600 602 597 584 556 536 519 505 493
03 21 480 474 464 456 450 443 438 433 452 484 513 539 562 581 594 603 606 601 588 561 539 523 508 497
03 22 485 478 468 459 453 446 441 436 456 488 517 544 565 584 597 605 608 604 591 564 543 527 512 500
03 23 489 481 471 462 456 449 444 439 459 492 520 547 569 588 601 609 612 608 594 567 546 530 515 503
03 24 490 482 473 464 458 451 445 442 462 494 523 549 571 590 603 611 614 609 596 569 548 533 518 505
03 25 492 485 476 467 461 454 448 445 466 498 526 552 574 593 606 614 617 613 599 573 551 535 520 507
03 26 491 487 477 468 461 453 448 444 467 500 530 556 577 596 609 617 620 616 602 576 553 537 523 509
03 27 492 489 480 471 463 456 450 447 471 503 533 559 580 599 612 620 623 619 605 579 557 541 526 513
03 28 496 492 483 474 466 459 452 450 474 507 537 563 584 603 616 624 628 623 609 584 561 545 530 516
03 29 499 495 485 477 469 461 455 452 478 511 541 568 590 608 622 629 632 628 614 588 565 549 534 521
03 30 504 499 490 481 473 465 459 457 482 516 546 572 594 612 625 632 636 630 616 591 568 552 537 524
03 31 506 503 493 484 476 469 463 461 487 520 549 575 595 613 627 634 637 632 618 592 570 554 540 527
04 01 509 506 498 489 481 474 468 466 492 524 552 577 597 614 627 634 638 632 619 594 572 557 542 529
04 02 512 508 500 491 483 476 469 468 495 526 553 578 598 615 627 635 638 632 619 595 573 557 543 529
04 03 513 509 501 492 484 477 470 469 497 529 556 581 601 618 631 638 641 635 622 598 576 561 546 533
04 04 516 512 504 495 486 479 472 472 501 532 561 585 605 621 634 641 644 638 625 601 580 564 549 536
04 05 519 515 506 497 489 481 474 474 504 535 563 588 607 624 637 644 647 641 627 603 582 565 551 537
04 06 521 516 508 498 490 483 476 476 506 538 566 590 610 627 640 647 651 644 630 606 584 567 553 539
04 07 522 518 510 500 492 485 478 479 510 542 570 594 614 630 644 651 654 647 634 610 588 571 557 543
04 08 527 521 513 503 495 488 481 482 514 546 575 599 620 635 648 656 658 652 638 613 591 574 559 546
04 09 531 524 515 505 496 490 483 484 517 549 579 603 623 638 652 659 661 655 641 617 594 578 562 549
04 10 535 527 519 508 500 493 487 489 520 553 582 605 626 641 653 660 662 656 642 618 596 579 564 550
04 11 536 527 519 509 501 494 487 489 522 555 585 609 629 644 657 664 667 660 647 622 600 582 566 553
04 12 538 530 521 511 502 495 488 491 525 558 588 612 633 648 661 667 670 664 650 625 602 585 569 555
04 13 541 533 525 514 506 499 492 496 530 563 593 616 637 651 664 671 673 667 654 629 606 589 572 559
04 14 545 536 528 518 509 503 496 500 534 567 598 621 641 656 669 675 678 672 659 634 611 593 576 562
04 15 550 540 532 522 514 507 500 505 539 572 603 626 646 661 674 680 682 676 663 638 614 596 579 565
04 16 551 542 534 524 516 508 502 507 542 576 606 630 650 664 677 683 685 680 666 642 617 599 582 567
04 17 552 544 536 526 517 510 504 510 545 578 610 633 653 667 680 686 689 684 670 645 620 602 585 571
04 18 554 547 539 529 521 514 508 515 549 582 613 636 657 671 683 690 692 687 674 648 622 604 587 572
04 19 556 548 540 530 522 516 510 517 552 585 615 638 658 673 685 692 694 689 676 650 624 606 588 574
04 20 558 550 542 532 524 517 511 520 555 588 618 641 661 674 687 693 695 690 677 652 626 607 590 576
04 21 560 552 544 534 525 519 512 522 557 590 620 643 663 677 688 695 697 693 680 655 628 609 591 577
04 22 562 553 545 536 527 520 513 523 559 592 621 644 664 677 689 696 698 694 682 657 629 610 592 578
04 23 563 554 546 537 528 521 515 526 561 595 624 648 667 682 693 700 703 698 686 661 632 614 596 581
04 24 566 557 549 541 532 525 519 530 565 599 628 652 671 685 696 703 705 701 688 663 635 616 598 583
04 25 568 560 552 544 535 528 522 534 569 603 632 655 674 688 700 707 709 705 692 667 638 619 601 587
04 26 572 564 555 548 540 532 526 539 573 606 634 657 676 690 701 707 709 705 692 667 638 619 602 588
04 27 573 565 556 549 541 534 528 541 575 607 636 658 677 691 702 708 710 705 693 669 639 620 603 589
04 28 573 566 557 550 542 535 529 542 576 609 637 660 679 693 704 710 712 707 695 671 641 621 604 590
04 29 573 567 558 551 543 536 531 545 579 612 640 663 682 696 707 713 713 709 697 673 643 623 607 592
04 30 575 569 560 553 545 538 533 547 581 614 642 666 685 699 709 715 716 711 699 675 646 626 609 595
05 01 578 571 563 555 548 540 536 550 584 617 644 669 688 702 713 718 718 714 702 678 648 628 612 598
05 02 582 575 566 558 551 544 539 554 588 620 648 673 691 706 716 722 721 718 705 682 652 631 615 601
05 03 586 578 569 562 554 547 543 558 591 623 651 675 693 708 718 723 723 719 707 684 654 633 618 603
05 04 589 581 572 564 557 549 545 561 594 626 654 678 696 711 721 725 725 720 708 685 656 635 619 605
05 05 591 583 574 566 559 552 548 564 597 629 657 681 700 714 724 729 729 724 711 689 659 638 622 608
05 06 593 586 577 568 562 555 551 567 600 632 660 685 703 718 728 733 731 726 713 691 661 641 625 611
05 07 596 589 580 572 565 558 555 571 604 636 664 688 707 722 732 737 734 729 716 694 664 644 629 615
05 08 599 592 583 574 567 561 558 574 607 639 667 691 710 724 734 739 736 731 718 695 666 646 630 617
05 09 601 594 584 576 569 563 560 577 609 641 669 693 712 726 736 740 738 732 719 697 667 647 632 618
05 10 604 597 587 578 571 565 561 579 611 643 671 696 715 729 739 743 741 735 722 699 670 650 635 621
05 11 608 599 589 581 573 567 564 582 615 647 675 700 719 733 743 748 744 738 725 703 674 654 638 623
05 12 612 602 592 583 576 570 567 585 619 651 679 703 723 737 747 751 747 741 728 706 677 656 641 626
05 13 616 605 595 586 579 572 570 588 622 654 682 706 725 739 749 752 749 743 730 708 679 659 643 629
05 14 619 608 598 589 581 574 572 591 624 656 684 708 727 741 751 754 752 745 732 710 681 661 645 631
05 15 621 610 600 590 583 576 573 593 626 658 687 710 729 743 753 757 754 748 735 713 684 663 647 633
05 16 624 612 602 593 585 578 576 596 629 662 690 713 732 746 756 760 757 751 738 715 686 666 649 635
05 17 627 615 604 595 587 580 578 598 631 665 694 716 735 749 759 763 760 753 740 718 689 669 652 638
05 18 629 617 607 598 590 583 581 601 634 667 696 719 738 751 762 766 762 755 742 720 691 671 655 641
05 19 632 620 611 602 594 587 585 605 638 670 698 721 740 754 764 768 764 758 745 722 694 673 657 644
05 20 634 623 613 605 597 590 588 608 640 673 701 724 743 756 767 770 766 760 746 724 696 675 660 646
05 21 636 625 616 608 600 593 591 611 643 675 703 726 744 758 767 771 768 761 748 726 698 677 661 648
05 22 638 628 619 611 603 596 594 614 645 677 705 728 746 759 768 772 769 762 750 728 700 679 662 649
05 23 639 629 620 612 604 598 596 616 647 679 708 731 749 761 771 774 771 765 753 731 703 681 665 652
05 24 641 632 623 615 608 601 599 619 650 682 711 733 751 764 774 778 775 769 757 735 707 685 669 656
05 25 644 635 626 619 611 605 603 623 653 685 713 736 754 766 776 780 776 770 759 737 709 687 671 658
05 26 644 637 629 621 614 607 606 625 655 687 715 738 756 769 779 782 779 773 762 740 712 690 674 662
05 27 647 642 633 626 618 612 610 630 659 690 718 742 759 772 782 785 782 776 765 743 715 694 678 666
05 28 651 645 637 629 622 616 615 634 663 694 722 744 763 776 785 789 785 779 767 746 718 697 681 669
05 29 653 648 640 632 626 619 618 637 666 696 724 747 765 778 787 791 787 781 770 748 720 699 683 671
05 30 656 651 642 635 628 622 620 640 669 699 727 750 768 781 790 793 789 783 771 750 722 700 685 673
05 31 657 653 644 637 631 624 623 642 671 701 729 752 770 783 792 794 791 785 773 753 725 703 688 675
06 01 659 655 647 640 634 628 626 646 675 704 732 755 773 786 795 797 794 788 776 756 728 706 691 679
06 02 662 659 650 643 637 631 629 650 678 708 735 758 776 789 797 799 796 790 779 759 731 709 693 681
06 03 664 661 653 645 639 633 632 652 681 711 738 761 779 792 800 802 800 793 782 763 734 712 696 684
06 04 668 665 656 648 642 636 635 655 684 714 741 764 782 795 802 805 802 796 785 765 737 716 699 687
06 05 671 668 659 651 645 638 637 659 688 717 745 767 785 798 806 808 805 799 788 768 740 718 703 691
06 06 674 671 662 654 647 641 641 662 691 720 748 770 789 802 809 811 809 803 791 770 743 721 705 693
06 07 676 673 665 657 650 644 643 665 694 723 750 773 791 804 811 813 811 805 793 772 745 723 707 694
06 08 678 675 667 659 652 646 645 667 697 726 753 775 794 807 813 814 813 806 794 774 747 724 708 696
06 09 680 677 669 661 654 649 648 669 699 728 756 778 796 810 816 817 816 810 797 777 749 727 712 699
06 10 683 680 672 663 656 651 651 672 702 731 758 780 798 811 818 819 818 812 799 778 751 728 713 700
06 11 684 681 672 664 657 652 651 673 703 733 760 782 799 813 819 821 820 814 800 780 752 730 714 701
06 12 685 682 674 665 658 653 652 674 705 735 762 784 802 815 822 823 823 817 803 783 755 733 717 704
06 13 688 684 676 667 660 655 654 676 707 737 764 786 804 817 825 826 826 820 806 786 758 736 720 706
06 14 690 687 678 670 663 657 657 679 709 739 766 789 807 820 827 829 829 822 809 789 760 738 722 708
06 15 693 689 680 672 665 659 659 681 712 741 768 790 808 821 830 831 831 824 811 791 762 739 723 710
06 16 694 691 682 673 666 661 660 682 713 742 770 792 810 823 832 833 832 827 813 793 763 740 725 711
06 17 696 692 683 675 667 662 662 683 715 744 772 795 813 826 835 836 835 829 815 795 765 742 726 712
06 18 698 693 684 676 669 663 663 684 715 745 773 796 814 827 837 838 836 830 816 796 766 743 727 713
06 19 699 694 686 677 670 665 664 685 717 746 773 796 814 827 838 839 837 830 817 796 767 744 728 715
06 20 699 695 686 678 671 666 665 686 718 747 775 797 816 828 839 841 839 832 819 799 769 746 729 716
06 21 701 696 687 679 672 667 666 687 719 749 776 799 817 830 840 842 840 833 821 800 770 747 731 718
06 22 703 698 690 681 674 668 668 689 720 750 777 800 818 831 841 843 841 835 822 802 772 749 733 720
06 23 705 700 691 683 676 670 670 690 720 750 777 800 818 831 841 844 841 834 822 802 773 750 733 720
06 24 706 701 692 684 678 671 671 691 721 751 778 800 818 830 840 843 841 834 822 802 773 750 733 721
06 25 706 701 692 684 678 672 671 691 721 750 777 799 818 830 840 843 841 834 823 803 774 751 734 722
06 26 707 702 693 685 680 673 672 692 722 751 777 800 818 831 841 845 842 835 825 804 775 751 735 723
06 27 708 703 694 686 680 674 673 693 723 752 779 801 820 833 843 847 844 837 826 805 776 753 736 724
06 28 709 705 696 688 682 677 676 695 725 753 780 803 821 834 844 847 844 836 825 805 776 753 737 725
06 29 710 706 698 690 685 679 678 696 726 754 781 803 822 834 844 848 845 838 827 806 778 755 738 727
06 30 712 707 699 692 686 680 679 697 726 755 782 805 823 836 845 849 846 839 828 807 779 757 740 728
07 01 714 708 700 693 687 681 680 698 727 756 783 805 824 836 846 850 848 841 830 809 780 758 742 730
07 02 716 709 701 694 689 683 682 699 728 757 784 806 825 838 846 851 848 841 830 809 781 759 743 731
07 03 717 711 703 696 690 685 683 701 730 758 785 807 825 838 848 852 850 842 831 810 781 760 744 732
07 04 719 712 704 698 692 687 685 702 731 759 786 808 827 840 849 852 851 844 833 811 783 762 745 733
07 05 721 714 706 699 694 688 687 704 732 760 786 809 827 841 850 854 852 845 832 811 784 763 747 734
07 06 722 715 707 701 695 690 689 705 733 760 786 808 827 840 850 853 852 844 831 810 783 763 747 734
07 07 723 715 708 701 696 691 689 706 733 760 786 808 827 841 851 854 852 845 831 810 783 763 747 734
07 08 723 715 708 702 696 691 690 706 734 761 787 809 827 842 852 855 853 846 833 811 784 764 749 736
07 09 724 717 710 703 697 693 691 707 735 763 788 811 829 844 855 858 856 848 834 813 786 766 751 738
07 10 726 719 712 705 699 695 693 709 737 765 790 813 831 845 856 859 857 849 835 814 788 768 752 739
07 11 727 720 713 706 701 696 694 710 737 766 792 814 833 846 857 860 858 849 836 815 789 769 753 740
07 12 728 721 714 707 701 697 695 711 738 767 793 815 834 847 858 861 859 851 837 817 789 769 754 741
07 13 729 721 714 707 702 697 695 711 738 767 793 816 835 848 860 863 861 853 840 819 792 770 755 743
07 14 731 723 715 708 703 697 695 712 739 769 795 817 836 850 861 863 862 853 840 819 792 771 756 744
07 15 732 724 716 709 704 699 697 713 741 770 796 818 837 850 861 863 861 853 839 819 792 771 756 744
07 16 732 725 717 710 705 700 698 713 741 770 795 817 836 849 860 862 860 851 838 818 791 771 755 743
07 17 732 725 717 710 705 700 698 713 740 769 795 816 835 849 859 861 860 852 838 818 791 771 755 743
07 18 732 725 717 710 705 700 698 713 740 768 794 816 835 848 859 861 859 852 839 819 792 771 756 744
07 19 732 726 717 710 705 700 698 713 740 768 794 817 836 849 860 862 860 852 839 819 792 771 757 745
07 20 733 726 718 711 706 701 699 713 740 769 795 817 837 850 860 862 859 852 840 819 792 771 757 745
07 21 733 727 718 711 706 701 698 713 740 769 796 818 838 851 861 863 860 852 840 820 792 771 757 745
07 22 734 727 718 711 707 702 699 713 740 769 796 818 838 850 861 863 860 852 840 820 792 771 756 745
07 23 733 727 718 711 707 702 699 713 740 769 796 818 838 851 860 863 859 852 840 820 792 771 757 746
07 24 734 727 718 712 707 702 699 713 740 768 795 817 837 849 858 861 858 851 839 819 791 770 756 745
07 25 733 727 718 711 707 702 699 712 739 767 794 816 836 849 857 860 857 851 839 819 790 770 756 745
07 26 733 727 718 712 707 702 699 712 739 767 793 816 835 848 857 860 857 851 839 818 790 769 755 744
07 27 732 726 718 711 707 702 699 711 738 766 792 815 834 848 856 859 856 850 839 818 790 770 755 744
07 28 732 726 718 711 706 701 698 711 738 766 792 815 834 848 856 859 856 849 837 816 789 769 754 743
07 29 731 725 717 711 706 701 697 710 736 764 791 814 834 847 855 858 855 849 837 816 788 768 754 743
07 30 730 725 717 711 706 701 697 709 735 764 790 813 832 846 855 858 854 848 836 815 787 768 753 743
07 31 730 725 717 710 705 700 696 709 734 763 790 812 831 846 854 857 853 847 834 813 786 766 753 742
08 01 728 724 716 709 704 699 695 707 733 761 788 811 830 845 854 857 852 846 834 813 786 766 752 741
08 02 727 723 715 708 703 698 694 706 732 760 787 811 830 845 854 857 852 846 834 812 785 765 751 740
08 03 726 722 714 707 702 697 693 705 731 760 786 810 829 844 853 856 852 845 833 812 785 765 750 739
08 04 725 721 713 706 701 696 692 703 729 759 786 810 828 844 853 855 852 846 834 812 784 764 749 739
08 05 723 720 712 705 700 695 691 702 728 757 785 808 827 842 851 854 851 846 834 812 784 764 749 738
08 06 722 719 711 704 699 694 689 701 727 757 785 809 828 842 851 855 852 846 834 812 784 764 749 738
08 07 722 719 711 704 698 693 688 699 726 756 784 808 827 842 851 855 852 847 834 812 783 763 748 737
08 08 721 718 710 703 697 692 688 698 725 756 784 809 829 844 854 857 855 849 835 813 784 764 749 737
08 09 721 719 711 703 698 692 688 698 725 756 784 809 829 844 855 858 856 849 835 813 784 764 749 738
08 10 721 719 711 703 698 693 688 698 725 756 785 810 829 844 854 858 855 850 835 813 784 764 749 738
08 11 722 720 711 704 698 693 688 698 724 755 784 810 829 844 854 858 855 849 834 812 783 764 749 738
08 12 722 720 711 704 698 693 689 698 724 755 784 809 829 844 854 858 856 850 835 812 784 764 750 738
08 13 721 719 711 703 698 692 688 697 723 755 783 809 829 844 853 858 856 849 834 811 783 763 749 737
08 14 720 718 710 703 697 692 688 696 723 754 783 809 829 844 853 859 857 850 836 812 783 763 748 737
08 15 718 718 709 702 696 691 687 695 722 753 783 810 830 845 855 860 858 851 837 813 783 763 749 737
08 16 718 718 709 702 696 691 687 695 722 753 783 809 830 845 855 860 858 851 836 812 782 763 748 736
08 17 718 717 709 702 696 691 687 694 721 752 782 809 830 845 854 858 858 851 836 811 782 762 748 736
08 18 718 717 709 702 696 690 686 693 720 751 781 808 829 844 854 858 857 850 835 811 781 762 747 736
08 19 717 716 708 701 695 690 685 693 719 750 781 807 829 844 853 859 858 850 835 810 781 761 747 736
08 20 717 716 708 701 695 690 686 693 719 750 781 808 829 844 854 859 858 850 835 810 781 761 747 735
08 21 717 716 708 701 696 690 686 693 718 749 780 807 829 844 854 859 858 851 835 810 781 761 746 734
08 22 717 716 707 701 695 690 685 692 718 748 780 807 828 844 854 859 858 849 834 808 779 760 746 734
08 23 717 715 707 700 695 690 685 691 717 747 778 805 826 842 852 856 855 847 832 806 778 758 744 733
08 24 716 714 705 699 694 688 684 690 715 745 777 803 825 840 851 855 854 845 831 804 776 757 742 731
08 25 714 712 704 697 692 686 682 687 713 743 775 802 823 839 850 854 853 844 829 802 774 755 741 729
08 26 713 711 702 696 690 685 681 686 712 741 773 800 821 838 848 852 851 842 827 800 772 753 739 727
08 27 711 708 700 694 689 683 679 684 710 739 771 797 818 834 845 849 847 838 824 797 769 750 737 725
08 28 710 706 698 692 686 681 677 681 707 736 768 794 815 832 843 847 846 838 823 795 768 748 734 723
08 29 708 704 696 689 683 677 673 678 703 733 766 792 813 830 842 846 845 836 821 792 766 747 733 722
08 30 707 702 694 688 682 676 671 676 701 732 764 790 811 828 840 844 843 834 819 790 763 745 731 720
08 31 706 700 692 685 679 674 669 674 699 729 762 788 810 827 839 842 842 833 818 789 762 743 729 718
09 01 704 699 690 683 677 672 667 671 697 727 760 786 809 825 838 842 840 832 817 787 760 741 727 716
09 02 701 696 688 681 675 669 664 668 694 725 758 784 807 823 836 840 838 830 814 784 757 738 725 713
09 03 700 694 686 679 672 667 662 666 692 723 755 783 805 822 835 839 836 828 812 782 755 736 722 711
09 04 697 691 683 676 670 664 659 662 689 720 753 780 803 820 833 837 835 826 810 779 752 733 720 708
09 05 695 688 680 673 667 661 656 660 686 718 750 778 801 818 831 835 833 824 808 776 750 731 718 706
09 06 693 686 678 671 664 658 654 657 683 715 748 776 799 816 829 834 831 823 806 774 748 729 716 704
09 07 691 683 675 668 661 655 651 654 681 713 746 775 798 815 828 833 831 822 805 773 746 727 713 702
09 08 688 681 672 665 659 652 648 651 678 710 743 772 795 812 825 831 829 820 802 769 743 724 710 699
09 09 685 678 669 662 656 649 645 648 675 707 740 768 792 808 821 827 825 817 799 766 739 721 707 696
09 10 682 675 666 659 653 646 642 644 671 704 737 765 789 806 819 825 823 814 796 763 736 717 704 692
09 11 679 671 662 655 649 642 638 640 667 700 734 762 787 804 817 823 821 812 794 760 733 714 701 689
09 12 675 668 659 652 645 639 634 636 664 697 731 760 784 801 815 820 819 810 791 758 731 712 698 686
09 13 672 665 656 649 643 637 632 634 661 694 729 758 782 799 812 818 816 807 788 755 729 709 695 684
09 14 670 663 654 647 640 634 630 631 658 691 726 755 779 796 809 814 813 803 784 751 725 706 692 680
09 15 666 660 650 644 637 631 627 627 655 688 722 751 775 791 804 809 808 799 779 746 720 701 688 676
09 16 661 656 646 640 633 627 623 624 651 684 717 747 770 786 799 804 802 793 774 741 715 697 684 672
09 17 656 652 643 636 630 623 620 620 646 679 713 742 766 782 794 799 798 789 769 736 711 693 680 668
09 18 651 648 639 632 626 620 616 616 642 675 709 737 761 777 789 794 794 784 765 732 707 689 676 665
09 19 647 645 635 629 623 617 613 612 639 671 705 733 757 772 784 788 788 779 759 727 702 685 673 661
09 20 643 642 632 625 619 613 609 609 635 667 700 729 752 767 779 783 783 774 754 722 697 680 668 656
09 21 638 637 628 621 615 610 605 605 630 663 696 724 747 762 773 778 777 769 749 716 692 674 662 650
09 22 632 632 622 616 610 604 599 598 624 657 690 718 742 757 768 773 772 763 743 710 686 669 656 644
09 23 626 626 616 609 603 597 592 592 618 652 686 714 737 753 764 769 768 760 738 706 682 665 652 640
09 24 622 621 611 605 598 592 588 586 613 647 681 710 734 750 761 765 765 756 735 702 677 660 647 635
09 25 617 616 606 599 593 586 582 581 608 642 677 707 731 747 758 763 762 754 732 698 674 656 643 632
09 26 614 612 602 595 588 582 578 577 604 638 673 703 727 743 754 759 759 750 728 695 670 653 640 628
09 27 611 609 599 592 585 580 575 574 601 635 670 700 724 741 751 757 756 747 724 691 666 649 637 625
09 28 608 606 596 589 582 576 572 571 597 631 666 696 721 737 748 753 752 743 719 686 662 645 632 621
09 29 603 601 592 584 578 571 567 566 593 627 662 692 717 734 744 750 749 740 715 682 657 641 627 616
09 30 599 596 587 579 573 566 561 561 587 622 658 688 713 730 740 746 745 735 710 677 653 636 623 612
10 01 594 591 582 574 567 560 555 554 581 616 653 683 708 726 737 743 742 732 707 673 649 632 619 608
10 02 591 587 578 570 563 557 552 551 577 612 649 680 705 723 734 740 739 729 703 670 646 628 616 605
10 03 588 584 574 567 559 553 549 548 573 609 646 677 702 720 731 737 736 725 699 666 642 625 612 601
10 04 585 580 571 563 556 549 545 544 569 605 642 674 700 718 729 735 734 723 697 664 640 622 609 598
10 05 581 576 567 559 552 546 541 540 566 601 639 670 696 714 726 732 731 720 693 661 637 619 607 595
10 06 579 573 564 556 549 543 539 537 562 597 635 667 693 711 723 729 728 717 690 658 634 617 604 593
10 07 576 570 562 554 547 541 537 535 559 594 631 663 690 708 720 726 725 714 686 655 631 614 601 590
10 08 573 567 559 551 544 538 533 531 555 591 628 660 687 705 717 723 722 710 682 651 627 610 597 587
10 09 569 563 555 548 540 534 530 528 551 588 625 657 683 701 713 719 718 706 678 647 624 606 594 583
10 10 565 560 552 545 537 531 527 525 547 583 620 652 679 697 709 715 714 702 673 643 620 603 590 580
10 11 562 557 550 543 535 530 525 523 545 580 616 648 675 693 705 711 710 698 668 639 616 598 586 576
10 12 557 552 545 538 531 525 521 518 539 575 611 643 670 688 700 706 705 693 663 634 611 593 581 571
10 13 552 548 540 534 526 521 516 513 534 570 606 638 665 683 696 702 701 688 659 629 606 589 578 567
10 14 549 544 537 530 523 518 514 511 531 567 602 634 661 680 692 698 697 685 655 626 604 587 575 564
10 15 547 542 534 528 521 516 512 509 528 564 600 632 658 676 688 695 694 682 651 624 601 585 573 561
10 16 546 540 532 526 518 514 510 506 526 561 596 628 654 673 685 692 691 678 648 621 598 582 570 558
10 17 544 537 529 523 516 511 507 503 522 558 593 625 651 669 681 688 687 675 644 617 595 579 567 555
10 18 542 534 526 520 512 507 503 500 518 554 588 620 646 664 677 684 683 671 639 613 591 575 563 551
10 19 539 530 522 516 509 504 500 496 514 550 585 618 643 662 674 681 680 668 636 610 588 572 560 548
10 20 536 527 519 513 506 501 497 493 510 546 580 613 638 657 669 676 675 663 631 605 583 568 556 544
10 21 532 524 515 509 502 497 493 489 506 542 577 610 635 653 666 673 672 660 627 601 579 564 552 540
10 22 529 519 511 505 497 492 489 484 501 539 573 607 632 651 664 671 670 657 625 600 578 562 550 538
10 23 529 518 510 503 496 491 487 483 499 536 571 604 631 649 662 669 668 656 623 598 577 561 549 537
10 24 529 517 508 502 495 490 486 482 497 534 569 603 630 648 662 669 667 655 622 597 576 561 548 536
10 25 530 517 508 502 495 490 485 481 496 533 568 602 628 647 661 667 666 653 620 596 575 559 547 534
10 26 528 515 506 499 492 487 482 478 492 530 565 599 626 644 658 665 663 650 618 594 573 557 545 532
10 27 527 513 504 497 490 485 480 476 489 527 562 597 622 641 655 662 660 647 615 591 570 555 542 530
10 28 525 510 501 494 487 482 477 473 486 523 559 593 618 637 651 658 655 643 610 587 566 551 538 526
10 29 522 507 498 490 484 478 473 469 482 518 554 588 614 632 646 652 649 636 604 582 561 546 534 523
10 30 518 503 494 487 480 474 469 465 477 513 549 582 608 626 640 646 644 631 598 576 556 541 529 518
10 31 512 498 490 482 476 470 465 461 473 508 545 578 604 622 636 642 640 626 594 572 552 536 524 513
11 01 507 493 485 477 471 465 460 456 467 503 539 574 601 619 633 639 637 623 591 569 548 533 521 509
11 02 503 490 481 473 468 461 456 452 463 498 536 570 597 616 631 637 635 621 588 566 545 531 518 507
11 03 499 487 478 471 465 459 453 450 460 495 531 565 591 610 624 630 629 615 583 561 541 526 514 503
11 04 495 483 474 468 462 455 450 446 456 491 528 561 588 606 621 627 626 611 579 558 537 522 510 499
11 05 492 479 470 464 458 452 447 443 452 487 523 556 583 601 616 622 621 606 575 553 533 518 506 496
11 06 487 476 467 460 454 448 444 440 448 482 518 551 577 596 611 617 616 601 569 548 528 514 501 491
11 07 480 471 462 455 450 443 439 435 443 476 513 545 571 590 604 610 609 594 563 542 523 508 497 486
11 08 473 467 457 450 445 439 435 431 439 471 507 539 564 583 598 604 602 587 557 537 517 504 492 481
11 09 467 462 452 446 441 435 430 427 434 466 501 533 557 576 590 596 594 579 550 530 511 498 486 476
11 10 462 457 448 442 436 430 426 423 430 461 496 528 552 570 584 590 588 574 544 525 506 493 482 471
11 11 457 452 444 438 432 426 422 419 426 457 492 524 549 568 581 587 586 571 542 523 504 491 480 469
11 12 455 450 442 436 430 424 421 418 425 455 490 522 547 566 580 586 585 570 541 522 504 491 480 469
11 13 457 451 443 436 431 425 421 418 424 454 490 521 546 565 579 586 584 569 540 521 503 490 479 468
11 14 456 450 442 435 430 424 421 417 423 453 488 519 544 563 578 584 582 567 538 519 502 488 478 467
11 15 455 449 440 434 429 423 419 415 421 450 485 515 541 560 574 581 579 564 535 515 498 486 476 465
11 16 453 447 439 433 428 422 418 415 419 448 482 512 538 557 571 577 575 560 532 513 497 484 474 463
11 17 452 446 438 432 427 421 417 413 418 446 479 509 534 553 567 573 571 556 528 510 493 481 471 460
11 18 450 443 435 428 423 417 414 410 415 443 476 506 532 551 566 572 570 555 527 509 492 480 469 459
11 19 449 442 433 427 421 416 412 409 413 441 475 505 531 551 565 571 569 554 527 508 492 479 470 459
11 20 450 442 434 427 422 416 412 409 414 440 474 504 530 550 564 570 568 552 526 508 493 481 471 461
11 21 453 445 437 430 425 420 415 412 416 441 474 504 530 549 562 568 566 550 525 507 492 479 470 460
11 22 453 444 436 430 425 420 415 412 415 440 472 501 527 546 559 565 563 547 521 504 489 477 468 459
11 23 452 442 435 429 424 419 414 411 414 439 470 499 524 543 556 562 559 543 518 501 487 474 465 456
11 24 451 440 433 428 422 417 413 410 412 437 468 496 521 540 554 559 557 541 516 499 484 471 462 453
11 25 448 437 429 424 418 414 409 406 408 432 464 492 518 537 551 556 554 538 513 497 482 470 460 451
11 26 447 436 428 422 418 413 408 405 406 430 460 489 514 533 546 551 549 533 508 492 478 466 457 448
11 27 444 433 426 420 415 410 405 402 403 426 455 484 508 526 539 544 542 526 502 486 472 461 451 443
11 28 437 427 420 414 408 405 399 397 398 420 449 477 501 519 531 537 535 520 495 480 466 455 445 437
11 29 433 422 415 409 403 400 394 391 393 414 444 472 496 514 526 532 530 514 490 475 462 451 441 433
11 30 430 418 411 405 400 396 391 389 390 411 440 468 492 510 522 528 525 510 486 471 458 447 437 429
12 01 428 415 407 402 397 393 388 386 387 408 437 464 488 505 517 523 521 505 481 467 453 442 432 425
12 02 425 410 404 398 393 389 385 383 384 404 434 461 485 502 514 519 517 502 478 464 450 440 430 422
12 03 423 408 402 397 392 388 384 382 383 403 431 458 482 498 510 515 513 498 474 460 447 436 427 419
12 04 419 406 400 394 390 386 382 381 381 400 428 454 476 493 505 510 508 493 470 456 443 433 424 416
12 05 414 402 396 391 386 382 378 376 376 395 422 447 470 486 497 503 501 486 463 450 437 426 418 410
12 06 408 396 391 386 381 377 374 372 372 391 417 443 465 480 492 497 495 481 459 446 432 423 414 407
12 07 406 394 389 383 379 375 372 370 370 388 414 439 461 476 487 493 491 477 455 442 429 420 411 403
12 08 404 391 386 381 376 373 369 368 368 385 411 436 458 474 486 491 489 474 452 440 427 417 409 401
12 09 402 389 383 378 373 370 366 364 364 381 408 433 456 472 483 490 487 472 450 438 425 416 408 401
12 10 402 389 383 378 373 370 366 364 363 381 407 432 454 469 481 487 484 470 448 435 423 414 406 399
12 11 399 386 381 376 371 368 364 362 361 378 404 429 451 466 478 484 481 467 445 433 420 411 403 396
12 12 395 384 379 374 369 365 362 359 358 375 402 427 449 465 477 483 480 466 443 430 418 408 400 394
12 13 392 382 376 371 366 363 360 357 356 373 399 424 447 462 475 481 478 464 442 429 416 407 399 392
12 14 389 381 375 370 365 362 359 356 355 372 398 422 445 460 473 479 477 463 441 429 416 407 399 392
12 15 387 381 375 370 365 362 359 356 354 371 396 421 443 459 472 478 475 461 440 428 416 407 399 393
12 16 387 381 376 372 366 363 360 357 355 370 395 419 442 457 469 476 473 459 438 426 414 405 397 391
12 17 385 379 374 370 365 361 358 354 353 368 392 416 438 452 464 470 467 454 433 422 410 401 393 387
12 18 380 376 371 366 361 357 353 349 347 362 386 411 432 446 458 464 460 448 427 416 404 396 388 382
12 19 375 371 366 361 356 352 348 344 342 357 381 406 427 441 454 460 457 444 424 411 400 391 384 377
12 20 371 368 362 358 353 349 345 342 340 355 380 405 426 441 454 460 458 445 424 411 400 391 384 377
12 21 370 367 362 357 353 349 344 341 339 353 378 404 425 441 454 461 458 446 424 412 400 392 384 377
12 22 370 367 361 357 352 348 344 340 338 353 378 403 424 440 454 460 458 445 424 411 399 391 383 376
12 23 368 365 360 355 350 346 342 338 336 350 375 400 421 438 451 458 456 443 422 409 398 390 382 375
12 24 365 364 360 355 351 346 343 340 338 351 376 401 422 437 451 458 455 443 422 409 398 390 382 375
12 25 364 364 360 355 350 345 342 339 337 351 375 399 420 436 450 457 455 443 421 409 397 389 381 374
12 26 363 364 359 355 350 346 342 340 338 351 374 399 419 436 449 456 454 443 421 409 398 390 382 376
12 27 366 366 361 356 352 348 344 341 339 352 375 399 419 435 449 456 455 443 422 410 399 391 384 377
12 28 368 367 362 358 354 350 346 343 341 353 376 400 421 437 451 458 456 445 424 411 401 393 385 379
12 29 369 368 363 359 355 351 346 343 341 353 376 400 420 437 450 458 456 445 424 411 400 392 384 378
12 30 367 367 363 359 355 351 347 344 342 354 377 401 421 437 450 458 456 445 424 411 400 393 385 379
12 31 367 368 364 359 355 351 347 345 342 354 377 400 420 437 450 457 455 445 424 411 400 393 385 379
