01 01 -9999 156 155 153 154 151 152 155 155 157 157 159 169 178 186 186 180 172 170 166 163 162 160 157
01 02 -9999 154 152 149 151 148 149 151 153 155 155 157 167 176 185 185 178 171 168 164 161 159 157 153
01 03 -9999 151 149 146 149 144 146 150 150 153 154 156 167 175 184 185 179 172 168 165 161 160 158 153
01 04 -9999 152 149 144 147 143 145 149 150 152 152 155 165 174 184 184 179 172 168 164 160 159 157 151
01 05 -9999 150 148 143 145 141 144 148 148 151 151 154 164 173 183 183 180 172 167 163 159 158 155 150
01 06 -9999 148 146 141 143 140 142 145 146 149 149 152 162 171 181 183 179 171 166 161 158 157 153 149
01 07 -9999 148 146 141 143 140 143 145 146 149 149 153 164 172 182 183 180 173 168 163 160 158 153 150
01 08 -9999 149 146 142 143 140 144 146 147 150 150 154 165 172 183 184 181 174 169 165 162 160 155 152
01 09 -9999 150 147 144 144 141 145 146 147 150 150 155 166 175 184 186 183 175 170 166 163 162 156 153
01 10 -9999 151 148 145 145 144 146 148 149 153 154 159 171 178 187 189 187 178 172 168 166 165 159 156
01 11 -9999 154 150 148 148 147 149 152 152 154 156 161 173 180 189 191 188 179 173 169 167 165 160 157
01 12 -9999 155 152 150 149 149 151 153 154 156 157 163 174 183 191 194 191 182 176 173 171 169 164 161
01 13 -9999 159 156 155 154 154 155 158 158 159 161 167 178 186 195 197 194 187 180 176 173 172 169 165
01 14 170 162 159 159 157 157 158 161 161 162 164 170 181 190 198 201 198 191 184 180 177 176 172 168
01 15 172 167 163 164 161 161 163 165 164 164 166 173 184 193 202 204 201 194 187 184 180 180 175 172
01 16 175 169 166 167 164 164 166 169 168 168 170 176 188 197 205 207 204 197 190 186 182 181 176 172
01 17 -9999 169 167 168 165 165 167 169 168 169 171 176 188 196 205 207 205 197 190 185 182 180 176 172
01 18 -9999 169 167 167 164 165 166 168 167 166 169 174 186 195 205 206 204 195 188 183 181 178 174 171
01 19 -9999 167 166 166 164 164 165 167 166 166 168 173 185 194 204 205 203 194 187 181 179 176 172 169
01 20 -9999 166 164 164 162 162 164 165 165 164 166 171 184 193 203 205 202 193 187 180 178 175 172 169
01 21 -9999 165 164 166 163 162 163 164 165 163 167 171 185 194 204 206 203 194 188 182 178 175 171 168
01 22 -9999 164 163 164 162 162 163 163 163 162 165 170 184 194 203 205 203 193 187 181 176 173 170 168
01 23 -9999 163 162 162 160 160 162 162 162 160 164 168 184 194 204 206 203 193 187 180 175 172 170 167
01 24 -9999 163 162 162 160 160 162 162 163 161 163 168 183 195 205 206 205 195 186 181 176 172 169 166
01 25 -9999 162 160 160 157 158 161 160 160 158 158 165 181 194 205 205 204 194 186 180 174 169 167 163
01 26 -9999 160 158 157 155 156 158 156 158 157 156 164 179 194 204 206 204 194 187 179 174 169 165 163
01 27 -9999 158 157 155 153 153 156 155 155 155 154 163 178 192 204 205 203 194 186 177 172 166 162 160
01 28 -9999 154 153 152 150 149 152 151 152 153 151 161 177 191 203 204 204 193 185 177 171 165 160 159
01 29 -9999 154 152 151 149 148 152 150 152 153 151 161 177 191 203 205 204 194 186 177 172 166 162 160
01 30 -9999 154 152 152 149 149 151 151 153 154 152 164 179 193 205 207 206 196 187 178 173 166 162 160
01 31 -9999 154 153 152 150 150 150 151 153 153 153 165 180 195 207 208 208 198 189 181 175 168 165 162
02 01 -9999 155 155 153 152 151 152 152 154 154 154 168 183 199 211 212 211 202 193 185 178 172 168 166
02 02 -9999 159 158 157 155 155 154 155 157 158 157 173 188 204 216 217 216 207 198 189 183 177 173 170
02 03 -9999 163 161 161 158 157 157 158 159 160 160 177 192 209 220 221 221 213 204 195 189 182 178 175
02 04 -9999 168 166 166 163 162 161 162 163 165 165 182 197 213 224 226 227 218 208 200 193 186 182 178
02 05 -9999 170 168 167 165 163 163 164 165 167 167 185 200 217 228 230 231 222 212 202 196 189 184 180
02 06 -9999 172 170 169 167 165 164 166 167 170 169 188 204 220 232 234 235 227 216 206 200 192 187 182
02 07 -9999 174 172 171 169 166 165 168 169 171 171 190 207 223 234 238 238 230 219 209 202 194 188 183
02 08 -9999 175 171 171 169 166 164 167 168 171 173 192 209 224 235 240 239 232 222 210 202 195 189 184
02 09 -9999 176 173 173 171 168 165 169 169 172 175 195 212 227 238 244 243 236 225 213 205 198 193 187
02 10 -9999 179 176 175 172 168 166 170 170 171 176 196 214 229 240 246 245 239 229 217 207 200 195 187
02 11 -9999 181 176 177 174 170 169 172 172 174 179 198 216 232 244 250 250 243 233 221 211 204 198 190
02 12 -9999 184 178 178 176 173 171 174 175 173 181 201 219 235 247 253 252 246 235 222 213 204 198 191
02 13 -9999 183 179 178 176 173 170 173 172 172 180 200 218 235 246 253 252 246 236 222 212 204 197 189
02 14 -9999 181 176 174 175 172 168 170 170 170 177 198 217 233 245 252 251 246 236 222 212 202 196 188
02 15 -9999 180 175 172 172 169 166 167 168 168 176 198 216 234 246 253 252 247 237 222 212 202 195 188
02 16 -9999 180 173 172 171 168 165 166 167 167 176 199 217 234 246 254 254 249 238 224 213 202 195 188
02 17 -9999 180 173 171 171 167 165 165 166 166 175 198 218 235 247 256 256 251 240 225 214 202 195 188
02 18 -9999 181 173 171 170 168 165 166 167 167 176 201 220 237 249 258 258 253 243 228 216 206 198 191
02 19 -9999 183 176 174 173 170 168 168 169 169 180 204 223 240 253 261 260 256 246 232 220 209 200 193
02 20 -9999 187 179 177 175 173 171 170 172 171 182 207 225 243 255 263 263 258 249 234 223 213 203 196
02 21 -9999 188 181 179 177 173 171 171 172 172 184 209 227 244 256 265 265 260 251 236 224 214 204 197
02 22 185 189 181 179 177 174 171 171 172 171 184 210 228 246 257 266 267 262 253 238 226 216 207 200
02 23 -9999 190 185 180 179 175 173 172 173 172 186 212 229 247 259 266 268 264 255 240 227 217 208 200
02 24 -9999 190 184 179 178 174 172 171 172 172 187 212 231 249 259 267 270 266 256 241 228 217 207 200
02 25 -9999 189 182 178 176 172 170 169 170 171 187 213 232 250 261 269 272 268 257 243 230 219 209 202
02 26 -9999 191 185 179 178 173 170 169 169 171 188 215 235 253 264 271 274 271 260 245 232 221 211 204
02 27 -9999 192 187 181 179 173 171 170 170 173 191 217 238 255 266 273 277 273 263 249 235 225 215 207
02 28 -9999 195 190 184 181 176 174 172 172 175 194 222 242 259 271 278 282 278 268 253 239 229 219 210
03 01 -9999 199 194 189 185 179 178 175 175 179 200 228 248 265 277 285 289 285 274 260 246 236 225 216
03 02 -9999 202 197 192 188 182 181 179 177 183 204 232 252 269 281 289 292 289 279 265 251 241 230 220
03 03 -9999 206 202 196 192 185 184 182 180 187 209 236 256 273 284 293 297 294 282 268 254 244 233 223
03 04 -9999 208 203 197 194 187 186 183 182 189 213 239 259 276 288 296 300 297 286 272 258 248 237 226
03 05 -9999 211 206 200 197 190 189 186 184 192 217 242 263 279 291 299 304 301 290 275 259 249 238 227
03 06 -9999 211 206 200 196 189 188 184 183 192 217 244 265 281 294 302 307 304 291 276 261 251 239 228
03 07 -9999 213 206 199 197 189 188 184 182 192 219 245 267 283 296 304 309 306 293 279 263 253 241 231
03 08 -9999 216 209 201 198 191 190 187 184 195 222 248 270 285 299 306 311 309 297 282 267 256 244 234
03 09 -9999 219 212 205 202 195 193 189 187 200 226 252 273 289 302 309 315 312 300 286 270 259 246 236
03 10 -9999 221 214 207 204 197 195 191 189 202 230 256 277 292 306 313 319 316 304 290 274 263 250 240
03 11 -9999 225 218 210 208 201 199 194 193 207 234 260 281 296 311 318 323 320 308 294 279 267 255 246
03 12 -9999 231 224 216 213 207 204 200 199 213 241 266 286 302 316 323 327 325 313 298 282 271 258 249
03 13 -9999 233 226 219 215 209 206 202 201 217 244 270 290 305 319 327 331 328 317 302 286 274 261 253
03 14 -9999 237 229 222 218 212 209 204 205 221 249 274 293 309 322 331 335 332 321 306 290 277 265 256
03 15 -9999 240 233 225 221 215 211 207 208 225 253 277 296 312 325 334 338 335 324 310 294 281 269 260
03 16 -9999 244 237 228 224 218 214 210 211 230 257 280 299 315 328 336 341 338 327 313 297 283 272 263
03 17 -9999 248 241 233 229 224 218 214 217 235 261 283 303 318 331 339 344 341 330 316 301 287 276 268
03 18 -9999 253 245 238 233 228 222 219 222 240 265 287 306 322 335 343 347 345 334 320 305 291 280 273
03 19 -9999 258 250 242 237 232 227 224 227 245 269 290 309 325 337 346 350 347 337 323 307 293 282 275
03 20 -9999 260 252 244 239 235 229 226 230 248 272 293 311 327 339 348 351 349 339 326 310 296 285 278
03 21 277 262 255 247 242 237 231 229 233 252 274 295 313 328 340 349 353 351 341 328 312 298 288 280
03 22 -9999 265 258 250 245 241 234 232 237 256 278 297 316 331 343 352 355 353 343 330 314 300 290 283
03 23 -9999 266 260 252 247 242 236 233 239 259 281 300 318 334 345 355 358 355 345 332 317 303 292 285
03 24 -9999 268 262 254 249 244 238 234 241 261 283 303 321 337 348 358 360 358 348 335 320 305 295 288
03 25 -9999 271 265 257 251 245 240 237 244 264 286 306 324 339 351 360 362 361 350 338 322 307 298 290
03 26 -9999 273 267 259 254 248 243 239 248 268 289 309 327 342 354 363 365 364 354 342 325 310 301 292
03 27 -9999 275 269 262 256 250 245 241 251 271 292 312 329 344 356 366 367 366 356 345 329 314 304 296
03 28 288 279 272 265 260 254 249 246 256 276 296 316 333 348 359 368 370 370 359 348 332 318 308 300
03 29 292 283 276 269 264 259 254 251 261 280 301 320 337 351 362 372 373 373 362 351 336 321 311 304
03 30 295 286 279 273 268 262 257 255 265 285 304 323 340 354 366 375 376 376 366 354 339 324 315 306
03 31 298 288 281 275 270 265 259 257 269 288 308 327 344 358 369 378 380 379 369 357 342 327 317 308
04 01 299 290 283 276 271 265 260 260 271 291 312 330 348 361 373 381 384 383 373 360 344 330 319 310
04 02 301 292 284 278 272 267 262 261 274 294 315 333 351 364 375 384 386 385 375 364 347 333 321 311
04 03 302 293 285 280 274 269 263 263 276 297 318 337 354 368 379 387 390 389 379 367 350 336 324 314
04 04 303 296 287 282 276 270 265 265 279 300 322 341 358 372 383 391 394 393 383 371 354 340 327 317
04 05 305 298 290 285 278 273 267 268 283 304 326 345 363 376 387 395 398 396 386 375 358 343 331 320
04 06 307 300 293 287 280 275 270 271 287 308 330 349 367 380 391 399 402 401 391 379 362 347 335 324
04 07 311 304 297 292 285 279 274 277 293 314 335 354 372 385 396 404 407 405 396 384 367 352 340 328
04 08 317 310 302 297 290 285 280 283 300 320 341 359 377 389 401 408 411 409 400 388 371 357 344 333
04 09 322 315 306 302 294 290 285 289 305 325 345 363 381 393 404 412 415 412 404 390 375 360 348 337
04 10 326 319 311 306 299 294 289 294 310 330 350 368 385 398 408 415 418 415 407 394 379 364 352 341
04 11 330 323 315 310 303 298 293 298 315 335 355 372 390 402 412 419 422 420 411 398 383 368 355 344
04 12 333 327 319 314 306 301 297 303 319 338 359 376 394 406 417 424 426 424 415 402 386 372 359 348
04 13 337 330 322 317 310 305 299 307 323 343 364 381 399 412 422 429 431 429 421 407 391 376 364 352
04 14 341 335 326 321 314 309 304 312 329 349 369 386 405 417 427 435 436 433 425 412 396 381 368 357
04 15 345 339 331 326 318 313 308 318 335 355 373 391 410 422 431 439 440 438 430 416 401 386 373 361
04 16 350 344 335 329 322 317 313 322 340 360 379 397 415 427 437 444 445 442 435 422 407 391 378 367
04 17 354 348 339 333 326 321 316 327 345 365 384 403 421 433 442 449 450 447 440 427 411 395 383 371
04 18 359 352 344 337 330 325 321 332 351 371 390 408 427 438 447 454 454 451 444 431 416 400 388 376
04 19 364 357 348 341 335 329 325 337 357 377 396 414 433 444 453 460 460 456 450 437 422 406 394 383
04 20 370 363 354 347 341 335 332 344 364 384 403 421 439 451 460 466 466 462 456 444 429 413 400 389
04 21 377 369 360 353 346 340 338 350 370 391 409 427 445 457 465 472 471 468 462 449 434 418 405 394
04 22 381 374 364 357 349 343 341 354 375 395 415 433 451 463 471 477 477 474 467 455 439 424 410 399
04 23 385 377 367 360 352 346 344 358 379 400 420 438 456 468 477 483 483 479 472 461 445 429 416 404
04 24 389 382 371 364 356 349 348 362 384 405 425 443 462 474 483 489 489 484 478 466 451 435 422 410
04 25 394 386 375 368 359 353 352 367 389 410 430 448 467 479 487 494 494 489 483 471 456 440 426 415
04 26 398 390 379 371 363 356 356 371 394 415 435 453 471 484 491 498 498 493 487 475 461 445 431 419
04 27 402 394 384 375 367 360 360 376 398 419 439 457 474 487 495 501 501 496 489 478 464 448 434 423
04 28 405 398 387 378 369 363 363 379 402 422 442 461 477 490 497 504 503 498 491 480 466 451 437 426
04 29 408 401 390 381 372 366 366 383 406 425 446 464 480 493 501 507 507 502 495 485 470 455 441 430
04 30 413 405 394 385 376 370 371 387 410 429 450 468 484 496 504 510 510 505 498 488 474 458 444 433
05 01 417 408 398 389 380 373 374 391 414 432 453 471 487 499 507 512 513 508 500 490 476 461 447 436
05 02 420 412 401 392 383 377 378 396 418 436 457 475 490 501 509 514 515 510 503 493 479 463 450 438
05 03 423 415 405 396 386 380 382 400 422 440 460 477 492 504 511 517 518 512 505 495 482 466 452 441
05 04 426 418 408 399 389 383 386 403 425 443 462 480 495 506 514 519 520 515 508 498 484 469 455 444
05 05 429 420 410 401 391 386 389 407 428 445 465 483 497 508 516 521 522 517 510 500 487 472 458 447
05 06 431 423 413 403 394 389 392 410 432 448 467 485 499 511 519 524 525 520 513 504 490 475 461 450
05 07 -9999 426 416 406 397 392 396 414 434 450 470 487 501 513 521 526 527 522 516 506 493 478 464 452
05 08 -9999 429 419 410 401 396 400 418 438 454 472 490 503 515 523 528 529 524 518 508 495 481 466 455
05 09 442 432 422 413 405 400 404 422 442 457 475 493 506 518 526 531 532 527 521 512 499 484 469 458
05 10 446 435 426 416 408 403 408 426 446 461 479 496 510 521 529 534 534 530 524 515 502 487 472 461
05 11 449 438 429 420 412 406 412 429 450 465 482 499 513 524 532 537 537 533 528 518 504 490 475 464
05 12 452 441 432 422 414 409 415 433 453 468 486 503 518 528 537 542 541 537 532 522 508 494 479 468
05 13 456 444 435 426 417 413 419 437 457 473 490 507 521 533 540 546 546 542 537 527 513 499 484 472
05 14 460 448 439 429 420 416 423 442 461 477 493 510 524 535 543 548 548 545 539 530 517 503 487 475
05 15 462 451 441 432 423 418 426 445 465 481 496 513 528 538 546 552 552 548 543 534 520 507 491 479
05 16 466 455 445 435 426 422 430 449 469 485 500 517 531 542 550 555 555 550 547 537 524 511 495 482
05 17 469 458 448 438 429 425 433 452 472 488 503 519 534 545 553 559 559 554 551 541 528 516 499 486
05 18 473 461 451 442 433 428 437 457 475 492 507 523 538 549 556 562 563 559 555 545 533 520 503 490
05 19 476 465 455 445 436 432 440 461 479 496 511 527 542 552 559 565 566 562 558 549 537 524 507 494
05 20 480 468 458 449 440 436 443 464 483 499 514 530 545 555 562 567 569 564 561 552 540 527 510 497
05 21 483 472 462 453 443 439 447 468 486 502 517 533 548 558 565 571 573 568 564 555 543 530 514 500
05 22 486 475 465 456 446 442 451 472 490 507 521 537 552 563 569 575 577 572 568 559 547 534 517 504
05 23 490 479 468 459 449 446 455 475 494 510 525 541 555 566 573 577 579 574 571 563 550 537 520 507
05 24 493 482 471 462 452 449 458 479 497 513 528 544 558 568 575 580 582 577 573 565 552 539 522 510
05 25 495 485 474 465 455 453 462 482 499 516 530 546 560 570 578 582 584 580 575 567 555 542 525 512
05 26 -9999 488 477 468 458 456 465 485 502 518 533 549 562 573 580 584 586 582 577 570 559 544 528 515
05 27 -9999 491 480 471 461 460 469 488 506 522 536 552 565 575 583 587 589 584 580 572 562 547 531 518
05 28 -9999 494 483 474 464 463 472 491 509 524 539 555 568 579 586 590 592 588 583 576 565 550 534 522
05 29 -9999 496 487 477 468 467 476 495 512 528 542 558 572 582 590 594 595 590 586 578 568 553 537 525
05 30 -9999 499 489 480 472 471 479 498 514 530 544 560 573 584 591 595 597 593 588 581 570 555 539 527
05 31 -9999 501 492 483 474 473 482 501 517 532 546 561 575 586 594 597 599 595 590 582 571 556 541 528
06 01 -9999 503 494 485 476 476 484 503 519 533 547 562 575 586 594 597 599 595 591 583 572 556 541 529
06 02 -9999 504 495 486 478 478 486 504 520 533 548 563 576 587 596 600 601 597 593 585 574 558 544 531
06 03 -9999 507 497 489 480 481 489 507 522 536 550 565 578 590 599 603 604 599 595 587 575 560 545 533
06 04 -9999 509 499 490 482 483 492 509 525 538 553 567 580 592 600 604 605 601 596 588 577 561 546 535
06 05 -9999 510 501 492 484 485 493 512 527 540 555 569 582 593 602 606 606 602 597 589 577 563 548 537
06 06 -9999 512 503 494 487 487 495 514 528 541 556 570 583 594 603 607 607 604 599 590 579 565 550 538
06 07 -9999 514 504 495 488 489 497 516 530 543 559 573 586 597 604 610 610 607 602 592 582 568 553 540
06 08 -9999 516 506 498 491 492 500 518 532 546 561 575 588 600 606 611 612 609 604 594 584 571 556 543
06 09 -9999 518 509 500 494 494 503 521 535 549 564 577 590 602 609 615 615 612 606 597 587 573 558 545
06 10 -9999 520 511 502 495 496 505 523 538 551 566 579 592 605 611 617 617 614 609 599 589 576 561 548
06 11 -9999 523 514 505 498 499 508 525 539 553 568 581 594 606 613 618 618 616 611 601 591 577 563 550
06 12 -9999 525 516 507 500 501 510 527 541 554 569 582 594 606 613 618 619 616 611 601 591 577 563 550
06 13 -9999 526 517 507 501 502 511 528 542 555 569 582 595 607 613 619 620 617 612 602 591 578 564 551
06 14 -9999 528 519 509 503 504 513 531 544 557 571 584 597 608 615 621 622 619 614 604 593 580 566 554
06 15 -9999 531 521 511 505 506 515 532 546 558 572 585 598 609 616 622 624 621 615 607 596 583 569 556
06 16 -9999 533 524 514 507 508 518 534 547 560 575 588 601 613 619 625 627 624 617 609 598 586 571 558
06 17 -9999 536 526 516 510 510 520 536 549 562 577 589 603 614 621 626 627 625 618 610 599 586 572 559
06 18 -9999 537 528 518 512 512 522 538 551 563 578 590 604 615 622 627 628 626 620 611 601 588 574 561
06 19 -9999 539 530 520 514 514 524 540 553 565 579 591 604 616 623 628 629 628 621 613 602 590 576 562
06 20 -9999 541 532 523 517 517 527 541 554 566 580 592 605 617 624 629 630 629 622 615 605 592 577 564
06 21 -9999 542 534 525 518 519 529 544 557 569 582 594 607 619 626 631 633 632 625 617 607 594 580 566
06 22 -9999 544 537 527 521 521 531 546 559 571 584 596 609 620 629 633 635 634 626 619 609 596 581 568
06 23 -9999 547 539 530 524 524 533 548 560 572 586 598 611 621 630 635 637 635 628 620 611 597 583 569
06 24 -9999 548 540 532 525 525 535 550 562 573 586 599 611 622 631 635 638 636 630 622 612 599 584 571
06 25 -9999 551 543 534 528 527 537 551 563 575 588 600 613 623 632 636 639 638 631 623 613 600 586 572
06 26 -9999 552 544 536 529 529 538 552 564 576 589 601 614 624 632 637 640 638 631 624 614 601 587 573
06 27 -9999 553 545 537 531 531 540 554 566 578 590 603 615 625 634 638 641 640 633 625 616 603 589 575
06 28 -9999 556 548 540 534 533 542 555 567 579 592 604 616 627 635 639 642 641 635 627 618 605 590 577
06 29 572 558 550 542 536 535 544 557 569 580 593 605 617 629 637 641 644 642 637 629 619 607 592 578
06 30 -9999 560 552 544 538 537 545 558 571 582 595 608 620 631 639 643 645 644 639 630 621 609 594 580
07 01 -9999 562 553 546 540 539 547 560 573 585 596 610 622 633 640 644 646 645 640 632 622 610 596 582
07 02 -9999 564 556 548 542 541 549 562 575 586 598 612 623 634 642 646 649 647 643 635 625 612 598 584
07 03 -9999 566 557 549 543 542 550 563 576 588 600 613 625 635 643 648 650 648 644 636 626 613 599 586
07 04 -9999 567 559 551 545 543 551 564 577 589 601 614 626 636 645 649 651 649 645 637 627 614 600 587
07 05 -9999 569 560 552 546 544 552 565 578 590 602 616 628 638 646 650 652 650 646 638 627 615 600 588
07 06 -9999 570 561 554 548 546 554 566 579 590 601 616 627 637 646 650 651 649 646 637 627 614 600 588
07 07 -9999 570 561 554 549 547 554 566 579 590 601 615 627 637 646 650 651 648 646 637 627 615 600 589
07 08 -9999 570 562 554 549 547 554 566 579 590 601 616 627 638 646 650 652 649 646 638 628 615 601 590
07 09 -9999 572 563 555 550 547 554 566 580 591 602 616 629 639 647 651 653 650 646 638 628 616 601 590
07 10 -9999 573 564 556 550 548 555 567 581 592 602 616 629 639 647 651 653 650 646 638 628 616 602 591
07 11 -9999 574 565 557 551 549 555 568 581 593 603 616 629 639 647 652 653 651 647 639 629 617 602 592
07 12 -9999 575 566 558 552 549 556 569 582 594 604 618 631 640 649 653 655 652 648 641 630 618 604 593
07 13 -9999 576 567 560 553 551 557 570 583 595 605 619 631 640 649 654 655 652 648 640 629 618 604 594
07 14 -9999 577 568 560 554 551 557 570 583 595 605 618 630 639 648 652 653 651 646 638 628 616 603 594
07 15 -9999 576 568 560 554 552 557 569 582 593 603 617 629 638 646 650 651 650 644 637 627 616 602 593
07 16 -9999 576 567 560 554 552 556 569 582 592 603 616 628 637 646 651 651 649 644 636 626 615 602 593
07 17 -9999 576 567 560 555 552 557 568 581 591 601 615 626 635 644 648 649 647 641 634 624 613 601 592
07 18 -9999 575 566 560 554 551 556 567 580 590 600 614 625 634 642 647 648 645 640 633 623 613 600 591
07 19 -9999 574 565 559 553 550 555 566 579 590 601 614 625 634 642 646 647 645 639 633 623 612 600 590
07 20 -9999 573 565 559 553 550 554 566 578 589 600 613 624 633 641 646 648 646 640 634 623 613 600 590
07 21 -9999 573 564 558 552 548 553 565 578 590 601 613 624 634 641 647 649 646 641 634 623 612 600 590
07 22 -9999 573 565 558 552 549 553 565 578 589 601 613 624 633 640 646 647 645 639 632 622 611 599 590
07 23 -9999 574 565 559 553 549 553 564 577 588 600 612 623 632 640 645 646 643 637 631 620 610 598 588
07 24 -9999 573 565 558 552 548 552 563 577 588 600 612 623 632 640 645 646 643 637 631 620 609 597 588
07 25 -9999 572 564 558 552 548 551 562 576 588 600 612 623 632 639 644 645 642 636 629 619 609 596 587
07 26 -9999 571 564 557 552 547 550 561 575 587 599 611 623 632 639 645 646 642 636 629 619 608 596 586
07 27 -9999 570 562 556 551 546 549 560 574 586 599 611 622 632 639 645 645 641 636 628 618 608 596 586
07 28 -9999 569 562 555 550 545 547 559 574 585 599 610 622 632 639 644 645 641 636 629 619 608 595 586
07 29 -9999 568 561 554 549 545 547 558 573 585 598 610 622 632 639 644 646 641 636 629 619 608 595 586
07 30 -9999 568 561 554 548 544 546 557 573 585 599 610 623 632 640 645 647 642 637 630 619 608 595 585
07 31 -9999 567 561 553 548 543 545 557 572 585 599 611 623 633 641 645 647 643 638 631 620 608 594 585
08 01 -9999 566 560 552 547 542 544 556 572 585 601 613 625 635 643 647 648 645 639 632 621 609 595 586
08 02 -9999 567 561 552 547 542 544 556 573 586 601 613 626 636 644 648 650 646 640 632 621 610 595 586
08 03 579 567 561 553 548 542 544 556 573 586 601 613 626 636 644 648 649 645 640 631 621 609 595 585
08 04 579 567 561 553 548 542 544 555 573 585 600 613 626 636 643 647 648 644 639 630 620 608 594 585
08 05 578 567 561 553 548 543 544 555 572 584 600 612 625 635 642 646 647 643 638 630 619 607 593 584
08 06 577 566 560 552 547 542 542 554 571 584 599 612 625 635 643 646 648 644 639 631 620 607 593 583
08 07 576 565 559 551 546 540 541 553 570 584 599 612 625 635 643 647 648 645 640 631 619 607 593 582
08 08 575 564 558 550 545 539 540 551 568 582 597 610 622 633 640 644 646 643 638 629 618 605 591 580
08 09 -9999 563 557 548 544 538 539 549 566 580 596 609 621 632 640 644 645 643 638 629 617 604 590 579
08 10 -9999 561 555 547 543 537 538 548 565 579 595 608 620 632 639 643 644 641 636 627 615 602 589 577
08 11 -9999 560 554 546 541 535 536 546 563 578 594 607 618 630 637 640 642 639 634 625 613 600 586 575
08 12 -9999 559 552 544 540 533 534 543 561 576 592 604 616 628 636 639 640 637 632 622 610 598 584 573
08 13 -9999 557 550 543 538 531 532 541 559 574 590 602 614 626 634 637 637 634 629 620 608 595 582 571
08 14 -9999 555 548 541 535 529 529 539 556 572 587 599 612 624 631 635 634 633 627 617 606 593 579 569
08 15 -9999 553 547 539 534 528 527 537 554 570 585 597 610 622 629 633 633 631 625 615 603 591 577 566
08 16 -9999 551 545 537 532 526 525 534 552 568 582 594 607 619 627 631 630 629 623 613 601 588 575 564
08 17 -9999 549 543 535 530 523 522 531 548 566 579 592 605 617 624 629 628 626 620 610 598 585 573 562
08 18 -9999 547 541 534 528 522 520 528 546 563 576 589 602 614 621 626 625 624 617 607 595 583 570 559
08 19 -9999 545 539 531 526 520 518 526 543 560 574 587 599 612 619 624 623 622 616 605 593 580 568 557
08 20 -9999 541 536 529 522 516 514 522 539 557 571 583 597 609 616 621 621 619 613 602 591 578 565 554
08 21 -9999 538 533 526 519 513 511 518 536 553 567 580 593 606 614 618 618 616 610 600 588 575 562 551
08 22 -9999 536 531 524 517 511 509 515 532 550 564 577 591 603 611 616 616 614 607 597 586 573 560 550
08 23 -9999 534 529 522 515 509 507 513 530 548 562 576 590 603 610 615 615 613 606 596 584 571 558 547
08 24 -9999 532 527 520 513 507 504 510 528 546 559 573 586 599 607 612 612 610 603 592 581 568 556 545
08 25 -9999 531 526 519 512 506 503 509 525 543 557 570 584 595 604 609 609 607 600 589 578 565 553 543
08 26 -9999 528 523 516 509 503 500 506 522 540 554 567 580 592 601 607 608 605 599 587 576 562 550 540
08 27 -9999 525 520 513 506 501 498 503 519 537 551 565 578 590 599 605 606 604 597 585 573 560 548 538
08 28 -9999 523 518 511 504 499 495 500 516 534 549 563 577 588 597 604 605 602 595 584 571 558 546 536
08 29 -9999 520 515 508 502 497 493 498 513 532 547 561 574 586 596 603 604 601 594 582 569 557 544 534
08 30 -9999 519 514 507 500 495 491 495 510 529 544 558 572 584 593 600 602 598 592 580 567 554 542 532
08 31 -9999 517 512 505 498 493 489 493 508 526 542 556 569 582 591 598 600 597 590 577 564 552 540 530
09 01 -9999 515 509 503 497 492 488 491 505 524 540 553 566 579 589 596 598 595 587 576 562 550 538 527
09 02 -9999 512 506 499 494 489 484 487 502 521 537 551 564 576 588 594 597 593 586 574 560 547 535 525
09 03 -9999 510 504 497 491 486 482 485 499 518 534 548 562 574 586 592 594 591 582 571 556 544 531 521
09 04 -9999 506 500 493 488 483 479 481 495 514 531 546 560 572 584 590 591 588 579 568 553 541 529 519
09 05 -9999 504 499 491 486 482 477 479 493 512 530 544 558 569 580 587 588 585 576 565 550 538 526 517
09 06 -9999 502 496 489 484 480 475 477 491 510 528 541 555 566 578 584 586 582 573 562 547 535 523 514
09 07 -9999 499 492 485 480 476 472 473 487 506 524 538 551 563 574 581 582 579 570 558 543 531 520 511
09 08 -9999 495 489 482 478 474 469 470 483 503 521 535 549 560 572 579 580 576 567 556 540 528 517 508
09 09 -9999 492 486 478 474 470 465 466 479 499 517 532 546 558 570 576 577 574 565 553 538 526 514 505
09 10 -9999 489 483 476 471 467 463 463 476 495 514 528 542 555 566 572 574 570 561 550 534 522 511 502
09 11 -9999 487 480 474 468 464 460 460 473 491 510 524 538 550 562 567 570 565 556 545 530 518 507 499
09 12 -9999 484 478 471 466 462 458 458 470 488 507 521 535 547 559 564 566 561 552 541 526 514 504 495
09 13 -9999 483 476 469 464 461 457 456 468 486 505 519 533 544 555 560 562 557 548 537 522 510 500 492
09 14 -9999 479 472 466 461 458 454 453 464 483 502 516 530 541 552 556 559 554 545 533 518 506 496 488
09 15 -9999 475 469 463 458 455 451 450 461 479 497 511 525 536 546 551 553 548 539 527 512 501 490 483
09 16 -9999 470 465 459 454 450 447 446 456 474 492 506 521 532 542 546 548 543 534 522 508 496 486 479
09 17 -9999 466 461 455 450 446 444 442 452 470 487 502 516 527 536 541 542 538 529 517 503 492 482 475
09 18 -9999 462 457 452 447 443 441 439 448 465 483 497 511 522 532 536 537 533 524 512 498 488 478 471
09 19 -9999 458 453 448 444 439 437 435 443 460 478 492 506 516 526 530 532 528 519 507 492 482 473 466
09 20 -9999 453 448 443 440 435 432 430 438 455 472 486 501 512 521 526 527 523 514 502 487 477 467 460
09 21 -9999 448 442 438 435 430 428 425 432 449 467 481 495 506 515 520 521 517 509 496 482 472 462 456
09 22 -9999 444 439 435 431 426 424 422 428 445 462 477 491 502 511 516 516 513 504 492 478 468 459 453
09 23 -9999 441 436 432 428 424 422 420 425 442 459 473 487 498 507 511 511 508 499 487 474 464 455 449
09 24 -9999 437 432 429 425 421 418 416 422 438 455 469 483 494 502 506 506 504 495 483 470 460 451 445
09 25 -9999 433 429 425 422 418 415 413 418 434 451 466 479 489 498 502 502 500 490 478 465 456 447 441
09 26 -9999 429 425 421 418 414 410 409 413 429 447 462 475 486 494 498 498 495 486 474 461 452 443 437
09 27 -9999 425 421 417 414 410 407 405 409 425 442 457 471 481 490 494 494 491 482 470 457 448 438 432
09 28 -9999 420 416 411 409 405 402 400 404 419 436 452 465 476 485 490 490 487 477 465 453 444 434 427
09 29 -9999 416 411 407 405 401 398 397 400 415 432 447 460 471 480 485 485 482 472 461 449 439 430 424
09 30 418 413 408 404 402 398 395 393 396 410 428 443 457 468 477 481 481 479 469 457 445 436 427 422
10 01 415 411 406 401 399 395 391 389 392 406 424 439 452 463 473 477 477 475 465 453 441 432 422 416
10 02 -9999 407 401 396 394 391 387 386 388 402 421 435 449 460 469 473 473 471 461 448 437 427 419 412
10 03 -9999 402 397 393 390 387 383 382 383 397 416 431 445 456 465 469 469 467 456 443 432 424 415 409
10 04 -9999 399 394 390 387 384 380 379 380 393 412 427 441 452 460 464 464 462 451 439 428 420 411 406
10 05 -9999 396 391 387 384 381 378 377 377 390 408 423 436 447 456 459 459 457 446 433 424 415 407 401
10 06 -9999 392 388 382 379 377 373 373 373 385 403 418 431 442 451 455 454 452 441 428 418 411 402 397
10 07 391 388 384 379 376 373 369 369 369 379 398 412 426 437 445 449 449 446 434 422 413 405 396 391
10 08 -9999 382 378 372 369 366 363 363 363 372 391 405 419 430 438 443 443 440 428 415 406 397 389 384
10 09 -9999 375 372 366 363 361 357 357 357 365 384 399 413 424 432 437 437 433 421 409 399 391 383 378
10 10 -9999 369 365 360 356 354 351 351 351 358 376 392 405 417 425 430 429 426 414 402 392 384 376 371
10 11 -9999 363 359 354 350 348 345 345 345 351 369 385 399 410 418 424 423 420 407 395 386 377 371 365
10 12 -9999 357 354 348 345 344 341 341 341 346 364 380 394 405 413 418 417 414 402 390 381 372 366 361
10 13 -9999 352 349 344 341 339 337 337 336 342 359 376 390 400 408 412 411 408 396 384 375 368 362 356
10 14 -9999 348 345 339 337 335 333 333 332 336 354 370 384 394 402 407 405 401 390 378 369 361 356 349
10 15 -9999 342 339 334 331 329 327 327 326 331 348 364 379 389 396 401 400 396 383 373 364 356 350 344
10 16 -9999 336 334 328 326 324 322 322 321 326 343 359 374 384 392 396 394 390 378 367 359 352 346 340
10 17 -9999 332 329 324 322 320 318 318 317 321 337 354 368 378 386 389 388 384 372 361 353 346 340 334
10 18 -9999 326 324 318 316 314 312 312 312 315 331 348 361 372 379 383 382 377 365 356 347 339 334 328
10 19 -9999 320 318 313 310 309 307 307 307 309 324 341 355 365 373 376 375 369 358 349 340 333 326 320
10 20 -9999 313 311 305 302 300 300 299 299 301 316 334 347 358 367 369 368 362 352 342 333 326 320 315
10 21 -9999 307 305 300 297 295 294 294 294 295 310 328 341 352 361 363 362 356 346 336 327 321 315 310
10 22 -9999 301 299 294 291 289 289 288 289 291 305 323 337 348 356 358 356 350 341 332 323 317 311 306
10 23 -9999 296 294 290 287 286 285 284 285 287 300 318 332 343 351 353 351 345 335 327 318 312 306 301
10 24 -9999 292 289 286 283 281 280 280 281 283 295 312 326 337 344 347 345 339 329 321 313 306 301 296
10 25 -9999 288 285 281 279 277 276 276 277 279 290 308 321 332 340 342 340 334 324 316 308 302 297 292
10 26 -9999 283 281 277 275 273 273 272 273 275 286 303 316 328 334 337 335 329 319 311 302 296 291 287
10 27 -9999 278 275 272 269 268 266 266 267 269 279 297 310 322 329 331 329 323 313 305 296 290 285 281
10 28 -9999 273 271 267 265 263 261 261 261 264 274 291 305 317 324 326 324 318 308 300 291 286 281 277
10 29 -9999 269 267 263 261 259 257 257 258 260 270 287 301 312 320 322 320 314 304 296 287 281 277 274
10 30 -9999 265 263 260 257 255 253 254 254 256 265 283 295 308 314 317 315 308 298 291 282 276 272 269
10 31 -9999 260 257 254 252 250 248 248 248 250 260 277 289 302 308 312 309 301 291 284 276 269 266 263
11 01 -9999 254 251 248 247 245 243 243 243 246 254 271 283 297 302 306 303 295 286 279 271 264 261 258
11 02 -9999 251 247 245 244 242 240 239 239 241 250 266 279 292 297 300 298 291 281 275 266 262 258 255
11 03 -9999 248 245 242 241 240 237 237 236 239 248 263 276 289 294 298 295 288 278 273 265 261 257 254
11 04 -9999 248 245 242 241 240 237 237 236 238 247 262 275 288 293 296 293 286 276 271 263 259 255 252
11 05 -9999 246 243 241 239 239 236 236 234 236 245 259 272 285 290 292 289 282 272 267 259 255 251 248
11 06 -9999 242 240 238 235 235 232 233 231 232 240 254 267 279 284 287 284 277 267 261 254 250 246 242
11 07 -9999 238 236 233 231 231 228 228 227 228 235 249 262 274 280 282 279 272 263 257 250 246 243 239
11 08 -9999 234 233 230 228 229 225 225 224 225 232 245 258 271 276 278 275 268 259 253 246 242 239 235
11 09 -9999 230 228 227 224 225 221 221 221 222 228 241 255 267 272 273 271 264 254 249 242 238 235 232
11 10 -9999 227 225 223 221 222 219 219 219 220 225 238 252 263 269 270 267 260 250 246 239 235 232 228
11 11 -9999 224 222 220 218 219 216 215 215 216 221 234 248 259 264 265 262 254 245 241 234 232 228 225
11 12 -9999 219 217 215 213 214 211 210 211 212 216 228 242 253 259 260 257 249 241 236 229 226 222 219
11 13 -9999 214 212 210 208 209 206 205 207 207 210 223 237 249 254 254 250 243 235 231 224 221 218 215
11 14 -9999 210 208 206 205 205 203 201 203 204 207 219 233 245 250 250 246 240 233 228 222 219 216 213
11 15 -9999 209 207 206 205 205 203 201 202 203 206 218 232 244 249 249 245 239 232 228 222 218 216 212
11 16 -9999 209 207 206 205 204 202 201 202 203 205 217 231 243 249 248 244 237 231 226 220 217 215 211
11 17 -9999 207 206 203 203 202 201 199 201 202 203 214 228 240 246 245 241 234 229 222 218 213 212 208
11 18 -9999 203 202 199 200 198 198 196 198 198 199 210 224 236 242 241 236 229 224 217 213 207 207 203
11 19 -9999 199 196 194 196 194 194 193 195 195 194 206 219 231 237 237 232 225 220 213 209 204 203 199
11 20 198 195 192 190 192 190 190 189 191 191 192 203 216 229 234 235 229 222 217 211 207 202 202 199
11 21 -9999 195 192 190 193 189 190 189 190 191 191 202 215 228 233 234 228 221 216 210 206 201 201 198
11 22 -9999 194 190 189 192 188 188 188 188 189 189 201 213 226 232 232 226 219 214 209 204 199 199 197
11 23 -9999 193 189 188 192 187 188 188 187 189 188 200 213 226 231 230 224 217 212 207 203 198 199 197
11 24 -9999 193 190 187 191 186 187 187 187 188 188 199 211 224 229 228 221 215 210 205 201 197 197 194
11 25 -9999 190 188 186 187 183 183 184 183 184 186 196 208 220 225 223 217 211 206 201 198 193 193 191
11 26 191 187 185 183 185 182 182 182 182 183 185 195 206 218 223 222 216 211 206 201 198 192 194 191
11 27 -9999 187 186 183 185 182 182 182 181 183 184 194 205 216 222 220 214 209 204 199 196 192 193 190
11 28 -9999 186 185 183 186 182 183 183 181 183 184 194 205 215 221 220 213 209 204 198 195 191 192 189
11 29 -9999 185 184 182 184 181 182 181 180 182 184 192 203 213 220 218 212 207 201 196 193 190 190 187
11 30 -9999 183 182 180 182 178 180 180 179 180 182 190 200 210 216 215 208 204 198 194 191 188 187 186
12 01 -9999 181 180 179 180 178 179 179 178 180 181 189 198 209 214 213 208 204 197 193 190 188 187 185
12 02 -9999 181 180 179 180 178 179 179 179 180 181 190 198 208 213 213 207 204 198 194 191 188 186 185
12 03 -9999 182 181 181 181 180 180 180 180 182 183 191 199 209 214 214 208 205 200 195 193 191 190 189
12 04 -9999 184 184 183 184 182 183 183 183 186 187 194 201 210 216 215 210 207 202 197 196 193 192 191
12 05 -9999 187 186 186 186 186 186 186 186 189 190 196 204 212 217 216 211 208 203 198 195 193 192 190
12 06 -9999 185 185 185 185 185 185 185 186 188 189 195 202 210 215 214 209 207 201 196 194 191 191 189
12 07 -9999 184 184 184 184 184 184 183 186 187 188 193 200 207 213 211 207 204 199 193 192 190 188 188
12 08 -9999 183 182 183 181 182 182 181 184 185 187 191 198 205 210 210 206 203 198 193 190 188 188 187
12 09 -9999 182 181 183 181 181 182 180 183 185 186 191 197 205 209 209 206 203 197 194 191 188 188 187
12 10 -9999 182 181 183 181 182 182 181 184 185 186 190 198 205 209 210 207 204 198 194 191 189 189 188
12 11 -9999 183 182 185 183 183 184 183 186 187 187 191 199 206 210 210 207 205 199 194 191 190 189 188
12 12 -9999 185 184 185 184 185 186 185 188 189 190 193 200 208 212 211 209 206 201 196 193 191 190 190
12 13 -9999 186 185 186 185 186 187 185 189 189 190 193 200 207 211 210 208 205 201 196 193 192 191 190
12 14 -9999 187 186 187 186 187 187 187 190 190 191 194 201 207 212 211 209 206 201 197 194 192 192 191
12 15 -9999 187 186 186 186 187 187 187 190 191 191 194 202 207 212 211 210 207 202 198 194 192 192 192
12 16 -9999 188 188 188 188 187 187 188 191 191 192 194 202 207 212 211 210 207 202 198 194 192 192 191
12 17 -9999 187 187 186 186 186 186 187 189 190 190 193 201 206 211 211 209 206 200 197 194 191 191 190
12 18 -9999 185 186 185 185 185 185 187 188 188 188 190 198 205 209 208 207 204 198 196 191 190 189 188
12 19 -9999 184 184 184 183 184 183 184 186 185 184 187 194 202 207 205 203 200 195 191 187 186 184 184
12 20 -9999 179 180 180 179 180 179 180 181 181 180 182 191 198 203 203 200 196 192 190 186 184 183 183
12 21 -9999 178 179 179 178 179 178 179 181 180 180 182 191 199 204 203 199 196 191 189 186 184 184 183
12 22 -9999 179 181 180 180 179 179 181 181 181 180 183 191 200 206 204 201 197 192 191 187 185 185 183
12 23 -9999 179 180 179 179 179 178 181 181 181 180 183 191 200 206 204 200 196 191 190 186 186 185 182
12 24 -9999 179 181 179 180 179 178 181 181 180 179 182 191 199 206 206 200 196 192 189 186 185 185 182
12 25 -9999 179 180 178 179 179 177 181 181 180 179 182 190 199 206 205 198 195 191 190 185 184 184 181
12 26 -9999 177 179 176 178 176 175 179 178 178 177 179 187 195 204 203 196 192 188 187 183 182 181 178
12 27 -9999 174 175 173 175 173 172 175 175 175 174 177 185 193 201 200 194 190 186 184 180 179 179 175
12 28 -9999 171 172 170 171 169 168 172 172 172 172 174 183 191 199 198 192 187 184 181 177 176 175 172
12 29 -9999 167 168 165 167 164 164 168 168 169 168 170 179 187 196 195 189 183 180 177 173 173 171 167
12 30 -9999 163 164 161 163 161 160 163 164 165 165 166 175 184 193 192 186 179 176 173 170 169 166 162
12 31 -9999 157 158 156 156 155 155 158 159 161 161 162 171 180 189 188 182 175 173 169 166 165 163 159
