01 01 -9999 -9999 -9999 -9999 -9999 -9999 -9999 474 484 507 535 557 570 579 582 581 572 555 540 529 523 517 513 508
01 02 -9999 -9999 -9999 -9999 -9999 -9999 -9999 473 483 507 535 557 571 580 583 582 573 556 542 530 524 518 514 509
01 03 -9999 -9999 -9999 -9999 -9999 -9999 -9999 476 486 509 537 559 572 581 584 583 574 557 542 530 524 517 513 507
01 04 -9999 -9999 -9999 -9999 -9999 -9999 -9999 472 482 504 533 555 568 577 581 580 572 555 541 528 521 514 510 504
01 05 -9999 -9999 -9999 -9999 -9999 -9999 -9999 469 479 502 530 552 566 575 579 578 571 554 539 526 520 513 509 503
01 06 -9999 -9999 -9999 -9999 -9999 -9999 469 467 478 501 529 551 565 574 578 577 570 553 538 525 518 512 508 502
01 07 -9999 -9999 -9999 -9999 -9999 -9999 466 464 475 499 527 549 563 572 576 576 568 552 536 523 515 509 504 498
01 08 -9999 -9999 -9999 -9999 -9999 -9999 463 461 471 496 526 547 561 571 575 574 567 551 536 522 514 507 502 497
01 09 -9999 -9999 477 473 -9999 464 462 460 470 495 524 546 561 571 575 574 567 550 535 522 514 507 502 497
01 10 -9999 481 477 473 467 464 461 460 470 495 525 546 561 571 575 574 566 551 535 522 515 508 503 498
01 11 -9999 482 479 475 -9999 466 464 461 472 496 525 547 562 572 576 574 567 552 536 524 516 510 504 500
01 12 489 483 480 476 -9999 467 464 461 473 496 524 545 561 571 575 573 566 551 536 524 516 509 504 499
01 13 -9999 484 -9999 -9999 -9999 -9999 464 461 472 495 522 544 559 569 573 571 564 549 533 522 514 507 501 497
01 14 -9999 -9999 -9999 -9999 -9999 -9999 462 458 469 492 518 540 556 566 571 569 562 547 531 519 511 504 498 494
01 15 -9999 -9999 -9999 469 -9999 -9999 457 456 467 491 518 541 557 567 571 570 563 548 532 520 512 505 499 495
01 16 -9999 -9999 -9999 469 -9999 -9999 458 457 468 492 519 542 558 567 571 570 563 549 532 520 512 506 500 495
01 17 -9999 479 -9999 470 -9999 -9999 458 456 468 492 519 541 558 567 571 570 562 548 531 520 512 505 498 494
01 18 -9999 478 -9999 469 463 -9999 456 455 467 491 519 542 559 568 571 570 563 549 531 520 512 505 498 494
01 19 484 479 474 470 464 -9999 458 456 468 493 521 543 560 569 572 571 564 550 532 521 513 506 499 495
01 20 487 481 476 471 465 460 459 456 469 493 521 544 561 569 573 572 565 550 532 521 513 506 500 496
01 21 488 483 479 474 468 462 461 458 471 495 524 546 563 572 575 573 567 552 534 524 516 509 502 498
01 22 492 487 483 478 473 467 465 462 475 499 527 549 566 574 577 575 568 554 537 526 519 513 507 502
01 23 496 492 487 483 477 471 470 467 480 503 530 552 568 577 580 577 571 557 539 529 522 515 509 504
01 24 499 494 489 484 479 473 471 469 481 504 532 554 570 578 581 578 572 559 541 531 524 517 511 506
01 25 500 495 490 486 480 474 472 470 482 506 534 556 572 580 582 580 573 560 542 532 525 518 513 507
01 26 500 496 490 485 480 473 471 470 482 506 534 557 573 580 583 581 574 561 542 532 525 518 513 508
01 27 500 495 489 485 480 474 472 471 484 509 536 559 575 582 585 584 577 564 545 535 527 520 515 509
01 28 501 496 490 486 482 475 474 472 485 510 538 560 576 584 587 585 579 566 547 537 529 522 517 511
01 29 503 498 492 489 485 478 475 474 487 512 540 562 578 585 588 586 579 566 547 538 530 523 518 512
01 30 505 499 493 490 485 479 476 474 486 511 538 560 575 583 586 584 577 565 546 536 529 522 516 510
01 31 503 498 492 488 483 477 474 472 485 510 537 560 575 583 587 584 578 566 546 537 529 522 516 510
02 01 503 497 492 488 483 477 474 472 485 511 539 561 576 585 589 586 580 567 548 538 531 524 517 511
02 02 504 499 494 489 485 479 475 474 486 513 540 563 578 585 590 588 581 569 550 541 533 526 519 514
02 03 506 501 496 492 488 482 479 476 489 515 542 565 580 587 591 589 582 570 552 542 535 528 521 515
02 04 508 503 498 494 490 483 479 477 490 516 543 566 581 588 591 589 582 571 551 541 533 526 519 513
02 05 506 501 496 492 487 481 477 473 487 513 541 564 579 586 590 588 580 569 550 540 532 525 518 512
02 06 505 500 494 490 485 479 475 472 485 512 540 563 578 585 589 587 581 569 550 539 531 523 516 510
02 07 503 498 493 488 483 478 473 469 484 511 540 564 578 586 590 588 581 570 550 540 532 524 517 512
02 08 505 501 495 491 486 481 476 473 487 515 543 567 580 589 592 590 584 572 552 542 534 526 519 514
02 09 507 503 497 493 486 482 478 475 490 517 544 568 582 590 594 592 586 574 555 544 536 527 520 515
02 10 508 503 498 493 487 483 479 476 491 518 546 570 583 592 596 593 588 576 557 546 538 529 522 516
02 11 511 505 501 496 490 486 481 477 493 519 548 571 584 593 597 594 589 577 557 547 539 530 524 518
02 12 513 508 504 499 493 488 483 480 496 523 552 575 588 596 600 598 591 580 560 549 542 533 527 521
02 13 516 512 507 502 496 492 487 484 501 528 557 580 594 602 605 602 596 584 564 554 547 538 532 526
02 14 522 517 513 509 502 498 494 490 507 534 563 586 598 606 609 607 601 590 570 559 552 544 538 532
02 15 528 524 520 515 508 505 501 498 514 540 568 590 603 611 613 611 604 594 574 563 556 547 541 535
02 16 531 527 523 517 511 508 503 501 518 543 571 593 605 613 615 612 606 596 576 565 558 550 544 538
02 17 533 529 524 519 513 510 505 504 521 546 573 594 606 614 617 615 608 597 578 566 559 551 545 540
02 18 534 530 526 521 514 511 506 506 522 548 574 596 607 616 619 617 610 599 580 569 561 553 547 542
02 19 536 532 527 523 516 514 509 509 526 552 578 599 610 619 622 620 614 603 583 573 566 557 552 546
02 20 542 537 532 528 522 519 515 514 531 556 583 603 614 622 625 623 617 606 586 576 569 561 556 549
02 21 546 541 536 531 526 523 518 517 534 560 586 605 616 624 626 625 619 607 588 578 571 563 558 551
02 22 548 543 538 533 528 525 521 520 536 562 588 606 617 624 627 626 620 608 589 579 572 564 559 553
02 23 549 543 538 534 528 525 521 520 538 563 589 606 617 625 627 626 620 609 590 579 573 565 560 553
02 24 550 544 539 534 529 526 521 519 537 563 590 607 617 625 628 627 620 609 590 580 573 566 561 554
02 25 551 546 540 535 529 526 521 519 538 564 591 609 619 627 629 629 622 611 592 582 575 568 563 556
02 26 553 548 542 537 531 528 522 521 540 567 595 612 622 630 632 632 625 613 594 584 577 570 565 558
02 27 554 549 542 537 531 527 523 522 541 570 597 613 624 631 633 633 625 614 595 585 578 572 566 559
02 28 555 549 542 537 530 526 521 521 541 570 597 613 623 631 633 633 625 614 595 585 578 572 566 559
03 01 553 547 541 535 528 525 519 520 540 569 596 613 623 631 633 632 625 614 595 584 577 571 565 558
03 02 552 546 539 534 527 523 518 519 540 569 597 614 625 633 635 634 627 615 597 586 579 572 567 559
03 03 554 547 539 534 527 523 518 519 541 571 599 616 627 634 636 635 628 617 598 587 579 573 568 560
03 04 554 548 540 534 527 524 518 520 542 572 601 619 629 636 638 637 630 618 599 588 580 573 568 560
03 05 554 548 541 535 528 524 520 522 545 575 603 620 632 638 640 638 632 620 601 590 582 575 570 562
03 06 555 550 542 537 530 526 521 525 548 577 606 623 634 640 642 641 634 623 604 592 584 579 573 565
03 07 557 551 544 538 531 527 522 528 551 581 609 626 638 644 646 644 638 626 607 596 588 582 576 569
03 08 560 553 546 539 533 529 524 531 554 583 611 629 641 647 649 647 641 630 611 600 591 586 579 572
03 09 563 556 549 542 536 531 527 534 557 586 613 631 643 650 652 649 643 632 613 602 594 588 582 575
03 10 565 558 551 544 539 534 530 538 560 589 616 634 646 652 654 652 646 635 617 605 596 591 585 578
03 11 568 562 554 548 542 538 534 542 565 595 620 638 650 656 658 656 650 639 620 609 600 595 588 581
03 12 571 565 558 552 546 542 537 547 570 600 625 643 654 659 661 659 653 642 623 611 602 597 591 584
03 13 573 566 559 552 546 542 538 549 572 602 626 644 655 660 663 660 655 644 625 613 604 598 591 585
03 14 574 568 560 553 547 544 539 551 574 603 627 645 656 661 664 662 656 645 627 614 605 600 592 585
03 15 574 568 561 554 548 545 539 552 575 605 628 646 657 663 666 665 658 647 629 616 607 601 594 587
03 16 577 571 563 555 551 546 541 553 577 607 631 648 660 666 668 667 661 649 631 618 609 603 596 589
03 17 580 574 566 558 554 549 544 555 579 609 634 651 662 668 670 669 663 651 634 621 612 607 599 593
03 18 585 578 571 563 558 554 549 560 585 615 639 656 666 672 674 672 667 655 638 625 617 611 604 598
03 19 590 583 576 568 563 558 553 564 589 618 642 658 669 674 677 675 669 658 641 629 620 615 607 601
03 20 594 587 581 573 567 562 557 567 592 622 646 662 672 678 680 678 672 661 644 631 623 618 610 604
03 21 598 591 584 576 570 566 561 570 595 626 649 665 676 680 682 680 674 663 646 633 625 620 612 606
03 22 601 594 587 580 574 569 564 574 598 628 652 668 678 682 684 681 675 665 648 635 628 622 615 609
03 23 603 597 590 583 577 572 567 577 602 632 655 670 680 684 686 684 677 667 649 637 629 624 617 611
03 24 605 599 592 585 579 574 569 579 604 634 657 672 681 686 688 685 680 669 651 639 630 625 617 612
03 25 606 599 592 586 580 575 570 580 606 636 659 674 683 688 690 687 682 671 653 640 631 626 618 613
03 26 607 600 592 586 580 575 570 581 607 637 661 676 685 690 691 688 683 672 654 642 633 628 621 614
03 27 609 602 594 588 582 577 573 583 610 640 663 678 687 692 693 690 685 674 657 644 636 631 624 617
03 28 612 605 598 592 587 581 577 587 614 643 667 681 691 695 697 694 688 677 660 648 639 634 627 620
03 29 617 609 602 596 591 586 582 591 618 647 669 684 694 698 699 696 690 680 663 651 643 637 631 624
03 30 621 613 607 600 595 590 586 595 623 650 673 687 696 700 701 698 693 683 665 653 645 639 633 626
03 31 622 615 608 602 596 592 589 599 626 654 675 689 698 703 704 700 694 685 668 656 647 642 636 628
04 01 624 616 609 604 598 594 592 603 630 656 677 690 699 704 705 702 696 686 669 657 648 644 637 630
04 02 625 618 610 605 599 595 592 604 630 656 676 691 700 705 706 702 696 687 670 657 649 644 637 630
04 03 625 618 610 605 599 596 593 605 631 658 679 693 702 706 707 704 697 688 671 659 651 646 639 632
04 04 627 619 612 607 601 597 594 607 633 660 680 694 703 708 708 705 699 690 673 661 652 648 641 633
04 05 628 620 613 608 602 598 595 609 635 662 681 696 705 710 710 708 702 692 675 663 655 650 642 635
04 06 630 622 614 609 603 599 596 611 638 664 684 698 707 712 713 710 705 695 677 665 657 651 644 637
04 07 632 624 617 611 605 602 598 613 640 667 686 701 710 715 716 713 707 697 680 667 658 653 645 639
04 08 633 625 618 613 607 603 599 614 642 669 689 704 713 718 719 716 709 699 682 669 660 655 647 640
04 09 634 626 619 613 607 603 600 616 643 671 692 706 715 720 720 718 711 701 683 670 662 657 649 641
04 10 635 628 621 614 608 604 601 618 646 674 694 709 717 722 723 720 713 703 686 672 663 658 649 642
04 11 636 629 621 615 608 604 601 618 646 676 696 710 719 724 724 722 715 705 687 674 665 660 651 643
04 12 637 630 623 617 610 606 604 621 650 679 699 713 722 726 728 724 717 707 690 677 667 662 654 646
04 13 640 633 626 620 613 609 607 625 654 682 703 717 725 730 731 728 721 710 693 679 671 666 657 649
04 14 642 635 628 623 615 611 611 630 658 687 708 721 730 734 736 732 726 715 697 683 675 669 661 653
04 15 646 640 633 627 620 616 615 634 663 692 712 725 734 739 740 736 730 719 701 687 678 672 664 656
04 16 650 643 636 630 624 619 618 637 666 696 716 729 738 742 744 740 733 722 704 690 681 675 667 658
04 17 652 646 639 633 627 622 623 641 671 700 720 733 741 745 747 743 737 725 708 694 685 679 671 662
04 18 656 650 644 638 631 626 627 646 675 704 723 736 744 749 751 747 741 729 712 697 688 682 674 665
04 19 659 653 646 640 634 629 630 650 679 707 727 740 747 752 755 750 744 733 715 700 691 685 676 668
04 20 662 656 649 643 637 632 633 653 682 710 730 743 750 755 757 753 746 736 718 703 694 688 680 671
04 21 665 659 653 646 640 634 636 656 685 713 733 745 753 757 760 756 749 739 721 706 697 690 682 672
04 22 666 660 654 647 641 635 638 659 688 716 736 748 755 759 762 758 751 741 723 708 699 692 685 675
04 23 669 663 657 650 643 639 642 663 692 719 739 751 757 761 764 759 753 743 726 711 703 696 689 681
04 24 674 668 662 656 649 644 648 669 697 724 743 754 761 764 767 763 757 747 730 715 707 701 693 685
04 25 679 673 667 661 654 649 653 674 702 727 746 756 763 767 769 765 759 749 733 718 710 704 697 689
04 26 683 677 672 666 660 653 658 679 706 730 748 759 766 770 773 769 762 752 736 721 712 707 699 692
04 27 686 680 675 669 662 655 661 682 708 733 751 762 768 773 775 771 765 754 738 723 715 709 701 694
04 28 688 682 677 671 664 657 663 685 711 736 754 764 771 775 778 773 768 757 741 725 717 711 703 697
04 29 690 685 680 674 668 660 666 687 714 738 756 767 773 777 779 776 769 759 743 728 719 714 706 699
04 30 693 687 682 676 670 662 668 690 716 740 758 768 775 779 781 777 771 761 745 730 721 716 708 702
05 01 695 690 685 679 672 664 671 693 720 742 761 771 777 781 783 780 773 763 748 732 724 719 711 704
05 02 698 692 687 681 674 667 674 697 723 746 764 774 781 784 786 782 776 766 750 736 727 722 714 708
05 03 700 695 690 683 677 670 677 700 726 749 766 776 783 787 788 785 779 768 753 738 729 724 717 709
05 04 702 696 692 685 679 671 680 702 729 752 769 780 786 789 790 787 781 770 754 739 731 726 719 711
05 05 704 699 693 687 681 673 683 705 731 754 771 782 788 791 792 789 783 772 757 741 733 728 721 713
05 06 706 701 696 689 683 676 686 708 735 757 774 784 791 794 794 790 784 773 758 744 736 731 725 717
05 07 710 704 699 693 687 680 689 711 738 760 777 787 794 797 797 794 787 777 762 747 739 734 728 720
05 08 713 708 703 696 690 683 692 714 741 764 780 791 797 801 801 797 791 780 765 750 742 737 730 723
05 09 716 711 706 699 693 685 694 716 743 766 782 793 799 803 803 799 792 782 767 752 744 738 732 725
05 10 718 713 707 701 694 687 696 717 745 768 784 796 802 806 805 801 795 784 769 754 746 740 735 727
05 11 720 714 708 702 696 689 696 719 747 770 787 798 804 807 806 803 796 786 771 756 748 742 736 728
05 12 722 716 711 704 698 692 698 720 749 772 789 800 806 809 808 805 798 788 773 758 750 744 738 730
05 13 723 718 712 705 699 693 699 721 750 774 790 801 807 810 809 806 799 789 774 759 751 745 739 732
05 14 725 719 713 706 700 695 700 723 752 776 792 803 809 811 810 807 800 790 776 761 752 746 741 733
05 15 726 720 714 708 701 696 702 724 753 777 793 804 810 813 812 808 802 792 778 762 753 747 741 734
05 16 727 721 715 708 702 697 703 726 755 779 796 806 812 815 814 810 803 794 780 764 755 749 743 736
05 17 729 723 717 711 705 700 705 728 757 782 797 809 814 817 816 812 806 796 782 766 757 751 745 738
05 18 731 725 719 713 707 702 707 730 759 783 799 810 816 819 818 814 807 798 784 768 759 753 747 740
05 19 734 728 721 716 710 705 709 732 761 786 801 812 818 821 820 816 809 800 786 770 762 756 750 743
05 20 737 731 725 720 714 709 712 736 764 789 804 815 821 823 822 818 811 802 788 772 765 758 752 745
05 21 739 734 727 722 716 711 715 738 767 791 806 817 823 825 825 821 814 804 790 774 766 760 753 746
05 22 740 734 728 722 717 712 716 739 768 791 807 818 823 826 825 822 815 804 790 774 766 760 754 747
05 23 741 735 728 723 717 713 717 740 769 792 807 818 824 827 826 823 816 805 791 775 767 761 755 747
05 24 741 735 729 724 718 714 719 742 771 794 809 819 825 828 827 824 817 807 793 776 768 762 756 749
05 25 743 737 731 725 720 716 720 744 773 796 811 821 827 829 829 826 819 809 795 779 771 765 758 751
05 26 746 739 733 728 722 719 723 747 776 799 814 824 830 833 832 829 822 812 798 782 774 768 762 755
05 27 749 743 736 730 725 722 726 751 779 802 817 827 833 835 835 831 824 814 800 784 777 771 765 758
05 28 752 746 740 734 729 725 730 755 783 805 821 830 836 838 837 833 826 816 803 787 779 774 768 761
05 29 756 750 743 738 733 729 734 758 785 807 823 832 837 841 839 835 828 819 805 789 782 776 770 763
05 30 758 753 746 741 737 732 737 761 788 809 825 834 839 842 841 837 830 820 807 791 783 778 773 766
05 31 761 756 750 744 740 734 741 764 791 812 826 835 840 843 842 838 832 821 808 793 785 780 775 769
06 01 764 758 752 746 742 736 742 766 793 813 828 837 841 844 843 840 833 823 810 794 787 782 777 771
06 02 766 761 754 749 744 738 744 768 795 816 830 839 843 847 845 842 836 826 812 797 789 784 779 773
06 03 768 763 756 751 746 741 747 770 797 817 832 841 844 848 846 843 837 827 813 798 790 785 780 774
06 04 769 764 757 752 747 742 748 772 799 819 833 842 845 848 847 844 838 828 815 800 791 786 781 775
06 05 770 765 759 754 749 743 750 774 800 820 834 843 846 849 848 844 838 829 816 802 793 788 784 778
06 06 773 767 761 756 751 746 753 777 802 822 837 845 849 852 850 846 840 831 819 804 796 791 786 780
06 07 775 769 764 758 754 748 756 779 805 825 840 848 851 854 852 848 842 834 821 806 798 793 788 782
06 08 777 771 766 760 755 750 758 781 806 826 841 849 852 855 853 849 843 835 822 808 800 795 790 784
06 09 779 773 768 762 758 752 760 783 809 829 843 851 855 858 855 851 845 836 824 809 802 797 792 785
06 10 780 775 769 764 759 755 762 785 810 830 844 852 856 858 855 851 845 837 824 810 802 797 792 786
06 11 780 776 770 765 760 756 763 786 811 830 845 852 857 858 855 851 845 837 825 810 803 798 793 786
06 12 781 776 771 766 760 756 763 786 811 831 845 853 857 858 856 852 845 838 825 811 804 799 793 787
06 13 781 776 771 766 761 757 764 786 812 831 846 854 858 860 858 854 847 840 827 813 806 800 795 789
06 14 783 779 773 768 763 758 765 788 813 833 849 856 861 862 860 855 848 841 828 814 807 801 795 790
06 15 784 779 773 769 764 759 765 788 814 834 850 857 863 864 861 855 849 842 829 815 808 802 796 791
06 16 785 780 774 770 764 760 766 788 814 834 851 858 864 864 861 856 849 842 830 816 808 803 796 791
06 17 785 780 775 770 764 760 766 788 814 835 852 859 865 865 862 856 849 842 830 816 808 803 796 791
06 18 785 780 775 770 765 760 767 788 814 835 852 860 866 866 864 857 850 843 831 817 809 803 796 792
06 19 786 781 776 771 765 761 767 789 815 836 853 861 867 866 864 857 849 842 831 817 809 804 797 792
06 20 786 782 776 772 766 762 767 789 815 836 853 861 868 867 865 858 850 843 831 817 809 804 797 793
06 21 786 782 777 772 766 762 768 789 816 837 854 862 868 867 865 858 850 843 831 818 809 804 797 793
06 22 788 783 778 774 768 763 768 790 816 837 854 862 868 867 865 858 849 842 831 818 809 804 796 794
06 23 788 784 778 774 769 764 769 790 816 838 854 863 869 867 865 859 850 843 832 819 810 804 797 795
06 24 789 784 779 775 770 764 769 790 816 838 855 863 869 867 866 859 850 843 832 819 810 805 797 795
06 25 790 785 780 775 771 765 770 790 817 838 855 865 869 868 867 861 851 844 833 820 811 806 798 796
06 26 791 786 781 776 771 765 770 791 818 839 856 865 870 870 868 862 853 846 835 822 813 807 800 797
06 27 792 787 782 777 772 766 771 792 818 839 856 866 870 870 868 863 854 845 835 822 813 807 800 798
06 28 793 788 784 778 774 768 773 794 819 840 856 866 870 869 867 861 852 844 833 821 812 807 800 798
06 29 793 788 784 779 774 768 773 793 819 839 855 866 869 868 867 861 853 844 834 821 813 808 801 799
06 30 793 789 785 780 775 769 773 794 819 840 855 866 869 868 867 862 853 844 834 821 813 808 801 799
07 01 794 789 785 780 775 769 773 794 819 840 856 866 869 868 867 863 854 844 834 822 813 808 801 799
07 02 794 789 785 781 776 770 774 795 820 840 856 866 870 869 868 864 855 846 835 823 815 809 803 800
07 03 795 791 786 782 777 771 775 796 822 842 858 867 871 870 869 865 856 846 836 823 816 810 804 801
07 04 796 792 787 783 778 772 775 796 823 843 859 868 871 870 870 866 858 849 838 826 818 812 806 803
07 05 798 793 789 784 779 773 776 797 824 844 860 869 872 872 871 867 860 850 839 827 818 812 807 803
07 06 799 794 789 785 780 774 777 798 824 844 861 870 873 873 872 868 860 850 840 827 819 812 807 803
07 07 798 794 790 785 780 774 777 797 824 845 861 871 874 873 873 868 861 851 840 827 819 813 808 804
07 08 798 794 790 786 780 775 778 798 825 846 861 872 875 874 874 869 861 851 840 828 819 813 808 804
07 09 798 794 790 786 780 776 778 798 825 846 862 872 874 875 874 868 860 851 840 827 819 813 808 803
07 10 798 794 790 785 780 776 778 798 825 846 862 871 874 874 873 868 860 851 840 826 818 812 807 802
07 11 796 793 788 784 779 775 777 797 824 846 862 872 874 874 873 867 859 849 839 826 818 812 807 802
07 12 796 793 788 784 779 775 777 797 824 846 862 872 875 875 873 867 860 851 839 826 818 812 808 803
07 13 796 793 788 784 779 775 777 796 824 846 863 873 877 877 875 869 862 853 841 828 820 813 809 803
07 14 797 793 788 783 779 774 777 797 825 847 865 875 879 878 876 870 863 854 842 829 820 814 809 803
07 15 797 793 788 784 779 774 777 797 826 848 866 876 879 879 876 870 863 854 842 828 820 814 809 804
07 16 798 795 789 785 780 776 778 798 827 849 866 877 880 881 876 870 862 854 841 828 820 814 809 804
07 17 798 794 789 785 780 776 778 798 826 849 866 876 880 880 875 869 862 853 841 827 819 814 809 804
07 18 798 794 790 785 780 776 778 797 825 848 865 876 880 880 876 869 862 853 841 827 819 813 809 803
07 19 798 794 789 785 780 775 778 797 824 848 865 876 880 881 876 869 861 852 840 826 818 812 807 802
07 20 797 793 789 784 779 775 778 797 824 847 864 875 879 880 876 869 862 852 841 825 818 813 807 802
07 21 797 793 788 783 779 774 777 796 823 846 864 875 880 881 876 871 863 854 841 826 819 814 808 803
07 22 797 793 788 783 779 775 778 797 824 847 865 876 882 882 877 872 864 855 842 827 820 814 809 803
07 23 798 794 789 784 779 775 778 797 824 847 866 876 881 882 877 872 864 855 842 827 820 814 809 804
07 24 799 795 789 785 780 776 778 797 824 847 866 876 882 882 877 872 864 855 842 827 820 815 809 805
07 25 799 795 790 785 781 776 779 798 824 848 866 876 882 882 878 871 864 855 842 827 819 815 809 805
07 26 800 796 791 786 781 777 779 798 824 847 865 875 881 882 877 871 863 854 841 826 818 814 808 804
07 27 799 795 790 785 781 777 778 797 823 847 864 874 880 881 876 870 862 853 841 826 817 813 808 803
07 28 799 794 789 785 781 776 778 797 823 847 864 874 879 880 875 869 861 852 840 825 817 813 807 803
07 29 798 794 789 785 781 777 778 797 823 846 864 873 879 879 875 869 860 852 840 826 817 813 807 802
07 30 798 794 789 784 781 777 778 796 822 846 863 873 878 878 875 868 860 852 841 826 817 813 807 802
07 31 798 793 789 784 781 777 778 796 822 846 863 873 878 878 875 869 861 853 841 827 818 813 807 803
08 01 798 793 789 784 781 776 777 795 821 845 862 872 877 878 875 869 861 853 841 827 818 813 807 802
08 02 797 793 788 783 780 776 776 794 821 845 863 873 877 877 874 868 860 853 841 827 817 813 807 802
08 03 797 792 788 783 779 776 775 794 820 846 863 873 878 878 874 868 860 853 840 826 817 812 806 802
08 04 797 792 788 783 779 775 774 793 820 845 863 874 878 877 873 867 858 852 839 825 816 812 806 801
08 05 796 792 788 782 778 774 774 792 819 845 862 872 876 875 871 865 857 850 837 824 816 811 805 800
08 06 796 792 787 782 778 774 772 791 817 843 861 871 875 875 871 865 857 849 837 824 815 810 804 800
08 07 795 791 787 781 777 772 771 790 816 842 860 870 875 874 871 865 856 848 836 823 814 810 804 800
08 08 795 791 787 781 776 772 770 789 816 841 860 871 875 874 871 866 857 849 836 824 815 810 804 800
08 09 795 790 787 781 776 772 770 789 815 841 860 871 876 875 871 867 858 850 838 825 816 811 805 800
08 10 795 791 787 781 777 772 770 789 816 842 861 873 877 876 872 869 860 852 839 826 817 812 806 802
08 11 796 793 788 782 777 772 771 789 816 843 862 874 878 877 874 871 861 853 839 826 818 813 807 803
08 12 797 793 789 783 778 773 771 790 817 843 863 875 879 878 875 871 862 853 840 827 819 813 807 803
08 13 798 794 790 783 778 773 771 790 817 843 864 875 880 879 876 872 863 854 840 827 818 813 807 803
08 14 798 793 789 783 778 772 771 789 817 843 864 875 880 880 877 872 863 854 839 827 818 812 807 803
08 15 797 793 788 782 777 772 770 788 816 842 863 875 880 880 877 873 863 853 839 826 818 812 806 803
08 16 797 792 788 782 776 772 770 788 816 843 864 876 881 881 878 874 864 854 840 826 818 812 807 803
08 17 797 792 788 782 776 771 770 788 816 843 864 876 881 882 880 875 865 855 840 826 818 812 807 803
08 18 796 791 787 781 775 771 770 787 815 842 863 876 881 882 880 875 865 855 840 827 819 813 808 803
08 19 797 791 787 781 775 771 770 787 815 842 864 876 882 884 882 877 867 856 841 828 820 814 809 804
08 20 797 792 787 781 775 771 770 787 815 843 864 877 883 885 883 878 868 857 842 829 821 815 809 804
08 21 798 792 787 781 775 771 770 787 816 844 865 878 883 886 883 878 868 858 842 828 821 815 809 804
08 22 798 791 786 780 775 771 770 787 815 844 865 878 884 886 885 879 870 859 843 829 821 815 808 803
08 23 797 790 785 779 774 770 769 786 815 844 865 878 883 886 884 877 868 857 841 827 820 813 807 802
08 24 796 790 784 778 773 770 768 785 814 843 864 877 882 886 884 877 867 855 839 825 818 811 806 800
08 25 794 788 782 777 771 768 767 783 812 841 862 875 881 884 883 876 867 854 838 824 817 811 805 799
08 26 793 786 781 776 770 767 766 782 811 839 861 874 880 883 882 875 866 853 836 823 816 809 803 797
08 27 791 785 780 774 769 766 765 780 809 837 859 872 878 882 881 874 865 852 835 822 815 808 802 796
08 28 789 783 778 772 767 765 763 779 807 835 856 870 877 880 879 872 863 850 833 820 814 807 800 794
08 29 788 782 776 771 765 762 761 777 805 834 855 870 876 879 878 871 862 849 832 819 813 806 799 792
08 30 786 780 774 768 763 761 759 775 804 833 854 868 874 877 875 869 860 848 831 817 811 804 797 791
08 31 785 779 772 767 762 759 758 774 803 831 852 866 872 875 874 868 859 846 829 816 810 803 796 789
09 01 784 778 771 766 761 758 756 772 801 829 850 865 871 873 872 866 858 845 827 815 809 802 795 788
09 02 783 777 770 765 760 757 755 770 800 828 849 863 869 872 871 864 856 843 826 814 808 800 793 787
09 03 782 776 769 763 759 755 753 768 798 826 847 862 868 871 869 863 855 842 825 812 806 799 791 785
09 04 779 774 768 762 757 753 751 766 796 824 846 861 867 869 867 861 853 840 823 811 804 798 790 784
09 05 778 772 766 761 756 752 750 765 794 823 845 860 866 869 867 860 852 839 822 810 803 796 789 783
09 06 776 771 765 760 755 751 748 763 793 822 844 859 865 868 865 859 850 837 820 809 802 795 788 782
09 07 776 770 764 759 753 749 747 762 791 821 843 858 865 868 865 860 851 838 821 809 802 795 788 782
09 08 775 770 763 758 752 748 746 761 790 819 842 857 864 866 864 858 849 837 820 808 801 795 787 781
09 09 774 769 762 757 751 746 743 759 788 819 841 857 864 866 863 858 849 837 820 808 800 794 786 779
09 10 773 767 760 755 749 744 741 757 787 818 840 856 863 865 862 857 848 836 819 807 800 793 785 778
09 11 771 765 758 753 747 741 739 755 785 817 839 855 862 865 861 856 847 835 817 805 798 791 783 776
09 12 769 764 757 751 745 740 737 753 783 816 838 854 862 864 861 856 847 835 817 805 797 791 783 776
09 13 769 763 756 751 744 739 736 752 782 814 837 853 861 864 861 855 846 834 816 804 796 789 781 775
09 14 768 763 756 750 743 738 735 750 781 814 837 853 860 864 861 855 846 833 815 803 796 789 781 774
09 15 766 761 754 748 741 736 733 749 779 812 835 851 859 862 859 853 844 830 813 801 793 786 778 771
09 16 764 758 751 745 739 734 731 746 776 809 833 849 857 860 857 852 842 829 811 799 791 784 776 769
09 17 761 755 748 742 736 731 728 744 773 806 830 847 855 858 854 849 840 827 808 796 788 781 773 766
09 18 759 752 745 739 732 728 726 741 770 803 826 843 850 854 851 846 837 823 804 792 784 777 769 762
09 19 755 748 741 735 729 724 721 736 766 799 822 839 846 850 848 843 835 820 801 788 780 773 765 757
09 20 750 744 736 730 724 719 716 731 761 794 818 836 843 847 846 841 832 817 797 784 776 768 761 753
09 21 746 739 732 726 719 715 712 727 756 790 815 832 840 845 843 839 830 816 794 781 773 765 757 749
09 22 741 734 726 721 714 709 707 721 751 785 811 828 836 841 840 836 827 812 790 777 769 761 753 744
09 23 736 730 722 717 710 705 703 716 747 781 807 825 834 839 838 834 825 810 788 774 765 757 749 740
09 24 732 725 717 713 706 701 699 713 744 778 804 822 831 835 834 830 822 806 784 770 762 753 745 735
09 25 727 720 712 708 702 696 695 708 739 775 801 819 827 832 832 827 820 803 780 767 758 750 742 732
09 26 724 717 709 705 699 693 693 705 736 771 797 815 824 829 828 824 816 800 777 764 755 747 739 729
09 27 721 714 706 703 696 690 690 702 733 768 794 813 821 825 826 821 814 797 774 761 752 744 736 725
09 28 717 711 702 699 692 687 687 698 730 765 792 810 819 823 824 819 811 794 771 758 749 740 732 721
09 29 713 706 698 696 688 683 683 694 726 761 788 807 816 820 820 816 808 790 768 754 745 737 729 718
09 30 710 702 694 692 685 679 679 691 722 757 785 803 812 817 818 813 805 787 764 751 742 734 725 714
10 01 706 699 691 689 682 676 676 687 718 753 780 799 809 813 815 810 802 784 761 747 738 730 722 711
10 02 703 697 688 686 679 673 673 684 715 750 778 797 807 811 813 808 800 782 759 745 736 728 719 709
10 03 700 693 684 683 676 671 671 681 712 747 776 795 806 810 810 806 797 779 756 743 734 725 717 705
10 04 697 690 681 680 673 667 668 679 709 745 774 793 804 808 808 804 795 777 753 741 732 723 715 703
10 05 694 687 678 677 671 666 666 677 708 742 772 791 802 805 805 801 792 774 750 738 729 721 713 700
10 06 691 684 676 675 669 663 664 674 705 739 769 788 798 802 802 797 789 770 747 735 725 717 709 697
10 07 688 680 672 671 665 660 660 671 701 736 765 784 795 798 799 793 785 766 744 731 722 713 705 693
10 08 685 677 669 667 662 658 657 668 698 733 763 781 792 795 796 791 782 763 740 729 718 710 702 691
10 09 683 675 667 665 660 656 654 665 695 730 760 779 789 793 793 789 779 760 738 726 716 708 700 689
10 10 681 673 665 662 657 654 651 662 692 727 757 776 786 790 790 785 775 757 734 723 713 705 697 686
10 11 678 670 663 660 654 651 648 659 688 724 754 773 783 787 787 783 772 754 731 719 709 700 692 682
10 12 673 666 659 655 649 647 643 654 684 719 750 770 780 784 784 779 769 750 726 714 704 695 688 676
10 13 668 660 654 650 644 641 638 649 679 715 746 766 777 781 780 776 765 746 723 711 701 693 685 674
10 14 665 657 651 646 640 637 635 645 675 712 744 764 775 779 779 774 763 744 721 709 700 691 684 671
10 15 663 656 650 644 638 636 633 644 674 711 742 762 773 777 776 772 761 741 719 708 698 689 682 669
10 16 660 654 648 642 636 633 630 641 671 709 740 759 770 774 773 768 757 738 716 704 694 686 678 666
10 17 656 650 645 639 633 629 626 637 667 704 735 755 765 769 769 764 753 733 712 700 691 682 674 661
10 18 653 647 641 635 629 625 623 633 664 701 732 752 762 767 767 762 751 731 710 697 688 679 672 659
10 19 651 645 639 633 627 622 620 631 661 698 730 749 759 763 763 759 747 727 707 694 685 676 669 656
10 20 648 642 637 630 623 620 617 627 658 695 726 746 755 760 760 755 744 724 703 691 681 672 664 653
10 21 644 639 633 627 620 616 614 624 655 692 723 743 753 757 757 753 741 720 700 688 678 670 662 651
10 22 642 637 631 625 619 615 612 622 652 690 721 742 751 756 756 751 739 718 698 686 677 668 661 650
10 23 641 636 630 623 617 614 611 620 650 688 719 740 749 753 753 749 736 716 696 684 675 667 660 647
10 24 639 633 627 621 615 612 609 618 648 686 717 737 747 751 751 746 734 713 694 681 673 665 658 646
10 25 638 631 626 620 614 610 608 617 646 684 715 736 745 750 749 744 732 711 691 679 670 662 655 644
10 26 635 629 623 617 612 607 606 614 644 681 713 732 742 746 747 742 729 708 689 676 667 659 653 641
10 27 633 627 621 616 610 605 603 611 641 677 710 729 738 743 743 738 726 705 686 673 664 656 649 639
10 28 631 625 619 613 608 602 600 609 637 673 705 725 734 739 739 734 722 700 681 669 660 652 645 636
10 29 627 621 616 611 606 600 598 606 634 669 700 720 729 734 734 729 717 695 676 664 654 647 639 631
10 30 621 615 609 605 599 594 591 599 627 662 694 714 724 730 730 725 713 691 670 658 648 640 633 625
10 31 614 608 603 600 593 588 585 595 622 658 690 711 721 727 727 722 710 688 666 654 645 636 629 621
11 01 611 604 599 595 589 584 581 591 619 655 688 709 720 726 725 720 709 685 664 651 642 633 626 618
11 02 607 602 597 593 587 582 579 588 616 652 685 706 717 722 722 717 705 682 661 649 639 631 623 617
11 03 605 599 595 591 585 580 577 586 613 649 682 703 714 720 720 714 703 679 657 646 636 628 620 614
11 04 -9999 596 -9999 588 582 577 573 583 609 645 679 700 711 717 717 711 699 676 654 643 633 625 617 610
11 05 -9999 592 -9999 584 578 573 569 579 605 641 675 697 708 714 714 708 696 673 651 640 630 622 614 607
11 06 -9999 589 -9999 581 575 569 565 575 601 637 670 692 704 709 709 704 692 668 647 636 626 618 610 603
11 07 -9999 586 -9999 578 572 566 562 572 597 633 666 689 700 706 706 700 689 665 644 633 624 615 607 602
11 08 -9999 584 -9999 575 570 565 561 569 595 630 663 685 697 703 703 697 686 662 642 631 621 612 604 598
11 09 -9999 581 -9999 572 566 561 557 565 590 626 658 680 692 698 699 693 682 658 638 627 617 608 600 593
11 10 -9999 576 -9999 567 562 557 552 560 585 621 653 676 688 694 695 689 678 654 634 623 614 605 597 590
11 11 -9999 573 -9999 564 559 555 549 557 582 618 650 674 685 691 692 687 676 652 632 621 612 603 595 589
11 12 -9999 573 568 565 560 556 550 557 581 617 649 672 684 689 691 685 674 651 631 621 611 603 595 589
11 13 -9999 -9999 -9999 565 560 555 549 555 579 615 647 670 681 687 689 683 673 649 630 619 610 601 594 588
11 14 -9999 -9999 -9999 564 560 556 549 554 578 612 646 668 679 685 687 681 670 647 628 618 609 601 594 587
11 15 -9999 -9999 -9999 564 561 556 548 553 576 610 644 666 677 683 685 680 669 646 627 617 608 599 593 586
11 16 -9999 -9999 -9999 564 561 556 549 553 575 609 642 664 676 681 683 679 667 644 626 616 607 599 592 586
11 17 -9999 -9999 -9999 563 560 555 548 551 573 606 640 662 674 680 681 677 665 642 623 613 605 596 590 583
11 18 -9999 -9999 -9999 562 558 554 546 548 570 603 637 660 672 678 680 676 663 640 621 611 603 594 588 582
11 19 -9999 -9999 -9999 563 559 555 547 548 571 604 637 660 673 678 680 675 662 640 622 612 604 595 590 584
11 20 -9999 -9999 -9999 566 562 557 549 551 573 605 637 660 671 677 679 674 661 639 621 611 603 595 590 584
11 21 -9999 -9999 -9999 566 562 557 550 551 573 604 636 658 670 676 677 672 660 637 619 609 601 593 587 581
11 22 -9999 -9999 -9999 563 559 555 548 548 570 601 633 655 667 672 674 669 657 635 616 606 598 590 585 578
11 23 -9999 -9999 -9999 561 557 552 545 545 567 597 628 651 663 669 671 665 654 631 612 602 593 586 580 575
11 24 -9999 -9999 -9999 557 553 548 541 541 563 593 625 648 661 666 668 663 651 629 610 599 591 583 579 573
11 25 -9999 -9999 -9999 556 552 548 542 540 561 592 623 646 659 665 667 661 649 627 608 597 589 582 577 571
11 26 -9999 -9999 -9999 555 552 546 542 538 559 589 621 643 656 662 664 659 647 624 606 595 587 579 574 569
11 27 -9999 -9999 -9999 552 549 543 538 535 555 585 616 639 652 659 660 655 643 620 601 590 582 575 569 563
11 28 -9999 555 550 547 543 538 533 529 549 579 610 633 647 653 655 650 637 615 595 584 576 569 563 558
11 29 555 550 545 542 538 533 528 524 545 574 605 628 643 650 651 646 634 611 593 582 572 566 560 554
11 30 551 547 542 540 535 531 526 521 541 571 601 625 639 645 647 642 630 608 590 579 569 563 557 552
12 01 549 544 539 538 533 529 524 519 538 567 598 621 636 643 644 639 628 606 588 576 567 561 556 550
12 02 549 543 538 536 532 528 522 517 538 566 596 619 634 640 642 637 626 604 587 576 566 560 555 550
12 03 548 543 538 534 531 526 521 516 535 564 592 615 630 637 639 634 623 601 584 573 564 558 552 546
12 04 545 539 534 530 526 522 518 512 531 559 587 609 625 632 634 629 619 596 580 569 560 554 548 542
12 05 541 535 530 526 522 518 514 507 526 553 581 604 620 628 630 625 615 593 576 566 557 550 544 539
12 06 537 532 526 522 519 515 511 505 523 550 577 601 616 624 626 622 612 590 574 564 556 549 543 539
12 07 537 531 527 522 519 514 511 504 520 547 574 598 613 621 623 619 609 587 571 562 553 546 540 536
12 08 535 530 525 520 516 512 508 501 518 545 572 595 611 619 621 618 607 586 570 560 552 545 539 535
12 09 533 529 524 520 515 511 508 500 515 542 569 592 609 617 619 615 605 583 568 558 550 543 537 532
12 10 530 525 520 516 511 507 504 498 512 539 566 589 605 614 616 612 602 581 565 555 547 540 533 529
12 11 525 521 516 511 507 503 500 495 509 536 562 586 602 610 613 609 599 578 562 553 544 538 532 526
12 12 522 518 513 508 504 500 497 492 506 533 560 583 600 608 610 608 598 577 561 551 543 536 530 524
12 13 522 517 511 507 502 500 498 491 504 532 558 582 599 607 610 607 597 577 561 553 544 537 532 526
12 14 524 520 514 510 506 503 502 494 507 534 560 582 599 607 609 606 597 577 562 553 545 538 533 527
12 15 525 520 515 511 507 504 503 496 508 534 560 581 598 605 607 605 595 575 560 552 544 537 532 526
12 16 523 519 515 510 506 502 501 495 507 533 557 578 594 602 604 601 591 571 557 549 541 534 528 523
12 17 520 516 512 507 501 498 499 493 503 529 552 573 589 597 599 597 587 567 553 545 537 531 525 520
12 18 516 -9999 -9999 -9999 -9999 -9999 495 491 501 526 549 569 585 593 595 593 583 565 550 543 535 529 524 519
12 19 -9999 -9999 -9999 -9999 -9999 -9999 -9999 487 497 523 546 567 583 590 593 592 581 563 549 541 534 528 523 518
12 20 -9999 -9999 -9999 -9999 -9999 -9999 -9999 486 496 522 546 567 584 591 594 593 582 564 548 541 534 528 523 519
12 21 -9999 -9999 -9999 -9999 -9999 -9999 -9999 486 496 522 546 567 583 591 594 592 581 563 547 540 533 527 522 517
12 22 -9999 -9999 -9999 -9999 -9999 -9999 -9999 485 495 520 544 565 581 589 592 591 580 561 545 538 531 525 520 515
12 23 -9999 -9999 -9999 -9999 -9999 -9999 -9999 484 494 518 543 564 580 588 590 589 578 560 545 538 532 526 521 516
12 24 -9999 -9999 -9999 -9999 -9999 -9999 -9999 485 495 519 543 564 578 586 588 588 577 559 544 537 531 526 521 516
12 25 -9999 -9999 -9999 -9999 -9999 -9999 -9999 486 495 518 541 563 578 584 587 588 577 559 544 537 531 526 521 516
12 26 -9999 -9999 -9999 -9999 -9999 -9999 -9999 485 494 516 539 561 576 582 585 585 575 557 542 535 528 523 518 514
12 27 -9999 -9999 -9999 -9999 -9999 -9999 -9999 484 492 515 538 559 573 581 583 583 573 555 541 532 527 521 517 513
12 28 -9999 -9999 -9999 -9999 -9999 -9999 -9999 484 492 513 537 559 572 579 582 582 572 554 539 530 524 519 514 510
12 29 -9999 -9999 -9999 -9999 -9999 -9999 -9999 479 487 510 535 557 569 578 580 580 570 552 538 528 522 517 512 508
12 30 -9999 -9999 -9999 -9999 -9999 -9999 -9999 477 486 509 535 557 570 579 581 580 571 554 539 529 524 518 514 509
12 31 -9999 -9999 -9999 -9999 -9999 -9999 -9999 476 486 509 535 557 570 579 581 580 571 554 539 529 523 517 513 508
