01 01 509 504 499 495 492 489 487 486 500 526 548 567 581 591 596 596 591 571 548 536 529 524 519 515
01 02 510 505 501 497 493 491 489 488 502 529 551 571 585 595 600 600 594 574 552 540 533 528 523 518
01 03 513 508 504 500 496 494 492 491 504 531 552 572 586 595 600 600 595 575 553 540 533 527 522 517
01 04 511 506 502 498 494 491 489 488 501 527 549 567 582 591 597 597 592 572 550 537 530 524 518 513
01 05 508 503 499 494 491 489 487 486 499 525 546 565 580 589 595 595 591 572 549 536 528 522 517 512
01 06 506 501 497 493 489 487 485 484 497 524 545 564 578 588 594 594 589 571 548 534 527 520 514 509
01 07 503 499 494 490 487 485 482 481 494 521 542 561 576 586 591 592 587 568 545 532 524 517 511 505
01 08 500 494 490 487 483 481 478 477 491 517 539 559 573 584 589 590 585 566 543 530 522 515 508 502
01 09 496 491 487 483 480 478 475 474 488 515 537 557 572 582 588 589 585 565 542 528 520 513 507 500
01 10 494 489 485 481 478 476 474 473 487 514 536 557 572 582 588 589 584 565 542 529 521 514 507 500
01 11 494 489 485 482 479 477 475 473 488 516 538 559 574 584 590 591 586 567 544 530 522 514 507 500
01 12 495 489 485 482 479 477 475 474 488 515 538 558 573 583 589 590 585 566 543 530 521 514 507 500
01 13 494 489 485 482 478 476 474 473 487 514 536 556 571 581 587 587 583 565 542 529 520 512 506 498
01 14 493 488 484 480 477 474 472 470 484 511 533 553 568 578 584 585 581 563 540 526 517 509 503 496
01 15 491 485 482 478 475 472 469 468 482 511 533 554 568 579 585 587 583 566 542 528 518 510 504 497
01 16 491 486 482 479 476 473 470 469 484 512 535 555 570 580 586 588 584 567 544 529 520 512 505 498
01 17 492 487 483 479 476 474 471 469 484 512 535 555 570 579 586 588 584 567 543 529 520 511 505 498
01 18 491 487 482 478 475 472 470 468 483 512 536 556 570 580 587 589 584 568 543 529 520 511 505 498
01 19 492 488 483 479 476 473 471 469 485 514 538 558 571 581 587 590 585 569 545 531 521 513 506 499
01 20 493 489 485 480 477 474 472 470 485 514 538 558 572 581 588 590 585 570 546 532 522 514 507 501
01 21 495 490 486 482 478 476 474 471 487 517 540 561 575 584 591 593 588 572 548 534 525 517 510 504
01 22 499 495 490 486 483 480 479 476 492 521 545 565 579 588 594 596 591 576 552 538 529 521 515 509
01 23 503 499 495 490 487 484 483 480 496 524 548 567 581 590 596 598 594 579 555 541 532 524 517 511
01 24 506 502 497 492 489 486 485 482 498 526 550 569 583 592 598 600 596 581 558 544 534 526 519 514
01 25 508 504 499 495 491 488 486 483 500 528 551 571 585 594 600 602 597 583 559 545 535 527 520 515
01 26 509 504 499 495 490 488 486 483 500 527 551 571 585 595 600 602 598 583 560 545 535 527 521 515
01 27 510 505 500 495 491 490 488 485 502 529 553 572 586 596 602 604 600 586 562 548 538 530 523 517
01 28 511 506 501 496 493 491 489 486 503 530 553 573 587 596 602 605 601 586 563 548 538 531 524 519
01 29 513 508 502 498 494 493 491 488 505 531 554 573 587 596 602 604 600 586 564 549 539 532 525 520
01 30 514 508 502 497 494 492 490 487 503 529 551 570 584 593 598 601 597 583 561 547 538 530 523 518
01 31 512 507 501 496 493 491 489 486 503 528 550 569 583 593 598 601 597 584 561 547 537 529 523 517
02 01 511 506 500 496 492 491 489 486 504 529 551 569 584 594 600 603 599 586 563 549 538 531 524 519
02 02 513 507 502 498 494 493 491 489 506 531 553 572 586 597 603 605 602 589 567 551 540 534 527 521
02 03 516 510 505 501 497 496 493 492 509 533 555 574 589 599 605 607 604 591 568 553 542 536 528 523
02 04 517 511 505 501 498 496 494 492 509 534 556 574 589 599 605 607 603 591 567 552 541 534 527 520
02 05 515 509 503 499 495 493 491 489 508 532 554 572 587 597 603 605 602 589 566 550 539 532 525 519
02 06 513 507 501 497 493 491 488 487 505 531 552 570 585 596 602 604 602 589 565 549 537 530 523 517
02 07 511 505 499 495 492 489 487 486 505 531 554 572 587 597 603 606 603 590 567 550 539 532 525 519
02 08 513 507 502 497 495 492 490 489 509 535 557 575 590 600 606 608 605 593 569 553 541 534 528 521
02 09 516 510 505 500 497 495 493 492 511 537 559 576 591 602 608 611 607 595 571 554 543 536 529 522
02 10 517 511 506 501 498 495 494 493 512 539 561 578 593 603 609 613 609 598 574 556 544 537 530 524
02 11 519 513 507 502 499 496 494 493 514 540 562 579 595 605 611 615 611 600 575 558 546 539 532 526
02 12 521 514 509 504 501 498 496 496 517 544 567 584 599 610 616 619 616 604 580 562 550 543 536 529
02 13 524 517 513 508 504 502 500 500 522 549 572 590 606 616 623 625 622 610 586 568 555 548 541 534
02 14 529 523 518 513 510 509 507 507 529 556 578 597 612 623 630 632 629 618 593 574 562 555 548 542
02 15 537 531 526 521 518 515 513 513 535 562 584 602 618 628 635 637 634 622 598 578 566 559 553 546
02 16 541 535 530 525 521 519 516 517 538 564 586 604 620 630 636 638 635 624 600 581 569 561 555 547
02 17 543 537 531 526 523 520 517 519 540 566 588 605 621 631 638 640 637 625 602 583 571 563 556 549
02 18 544 538 532 527 524 522 519 520 543 569 590 608 622 633 640 642 639 628 604 585 573 565 558 551
02 19 546 540 535 530 527 525 522 524 547 573 595 612 627 637 644 646 643 632 608 589 578 569 563 555
02 20 550 545 540 534 531 530 527 528 551 576 598 615 630 640 647 650 647 635 612 593 582 573 566 558
02 21 553 548 542 537 535 533 530 531 554 579 600 617 632 642 649 651 648 636 613 594 583 574 568 560
02 22 555 550 544 539 536 535 532 534 557 581 601 618 632 642 649 651 648 637 614 595 584 575 568 561
02 23 556 551 545 540 536 535 531 533 557 581 602 618 632 643 649 652 649 638 614 596 584 575 569 561
02 24 556 550 544 539 536 534 530 532 556 581 602 619 633 644 650 653 650 639 616 597 586 577 570 562
02 25 557 552 546 540 537 535 531 534 559 583 605 622 636 646 653 655 652 641 618 599 588 579 572 565
02 26 559 553 548 542 539 537 532 535 562 587 608 625 639 649 656 658 654 644 621 602 590 581 574 566
02 27 560 555 549 544 541 538 534 537 565 589 610 628 641 651 657 660 656 645 622 603 591 582 575 567
02 28 561 555 549 544 540 538 533 537 565 591 612 628 641 650 657 660 656 645 622 603 591 582 574 566
03 01 560 554 547 542 538 535 531 534 564 589 610 627 640 649 656 659 654 644 620 601 589 580 572 564
03 02 558 552 546 540 536 534 530 534 564 590 612 628 641 651 657 660 656 646 622 603 590 581 573 564
03 03 559 553 546 540 537 534 530 535 565 592 613 630 643 652 660 663 658 648 624 604 592 582 574 566
03 04 560 554 548 542 538 535 532 536 567 593 615 632 644 654 661 663 659 649 625 605 593 583 575 567
03 05 561 555 549 543 539 536 533 538 569 596 618 634 647 657 663 665 661 651 627 607 594 585 577 569
03 06 564 558 551 546 541 538 535 541 573 599 621 638 651 660 666 669 664 654 631 610 597 587 579 572
03 07 566 560 554 548 544 541 538 544 577 604 625 642 655 665 671 672 668 657 634 613 600 590 582 575
03 08 569 563 556 550 546 542 540 546 579 606 629 646 659 668 674 676 672 661 638 616 604 594 586 579
03 09 573 566 560 554 549 545 543 549 582 609 631 648 661 671 677 678 674 663 640 619 606 597 589 581
03 10 575 569 562 556 551 548 546 553 586 612 634 651 664 674 680 680 677 666 643 621 609 599 591 583
03 11 578 572 565 559 555 552 549 557 590 617 639 655 668 678 684 685 681 670 647 625 613 603 594 586
03 12 581 574 568 562 558 555 553 561 594 621 643 659 672 682 688 689 685 673 650 628 615 605 596 588
03 13 582 575 569 563 559 556 553 562 595 621 644 661 673 683 689 690 686 674 651 629 616 605 597 589
03 14 583 576 570 564 559 556 553 562 595 622 644 661 674 684 690 691 687 675 651 629 617 606 597 589
03 15 583 576 570 564 560 556 554 563 597 623 645 662 675 686 691 693 689 677 654 631 618 607 598 591
03 16 584 577 570 564 560 557 554 564 599 625 648 665 677 688 694 695 691 679 656 633 620 609 600 592
03 17 586 578 571 565 561 557 555 566 601 628 650 668 681 691 697 698 694 682 659 635 622 611 603 595
03 18 589 581 574 569 564 561 559 570 606 633 655 673 685 696 701 702 698 686 663 639 626 615 607 599
03 19 592 584 578 572 568 565 563 574 610 636 658 675 687 698 703 704 700 688 665 642 629 617 609 602
03 20 595 587 581 575 571 568 566 578 612 638 660 678 690 700 706 708 703 691 668 645 631 620 611 604
03 21 597 589 583 577 573 570 568 580 615 640 663 680 692 702 708 709 705 692 670 647 633 622 614 606
03 22 600 592 586 580 576 573 571 584 617 642 664 682 693 703 709 710 705 693 671 648 634 624 615 608
03 23 601 594 588 582 579 576 573 586 620 645 666 683 695 704 710 711 706 694 672 649 635 624 616 609
03 24 602 594 588 583 579 576 574 587 621 646 668 684 695 705 711 713 708 696 673 650 636 625 616 609
03 25 602 594 588 582 579 576 574 588 623 647 669 686 697 706 713 714 709 697 674 650 636 625 617 609
03 26 601 594 588 582 579 576 574 589 624 649 671 687 699 708 713 714 709 697 675 651 637 626 618 610
03 27 603 596 589 584 581 578 576 592 627 652 673 689 700 709 715 716 711 699 678 653 639 629 621 613
03 28 606 599 593 588 584 581 579 596 631 656 677 693 704 713 718 719 714 702 681 657 643 632 624 616
03 29 609 602 597 592 588 585 584 602 635 659 680 696 707 715 721 721 717 705 684 660 646 636 628 620
03 30 614 607 601 596 593 589 588 606 639 663 683 699 710 718 724 724 719 707 686 662 648 638 630 622
03 31 616 609 603 599 596 593 592 610 641 665 685 701 712 720 725 725 720 708 688 663 650 640 632 625
04 01 618 612 606 602 599 596 596 614 643 666 686 702 712 720 725 725 721 709 688 664 651 642 633 626
04 02 619 613 607 603 600 596 596 615 643 666 686 701 712 720 724 724 720 709 688 664 651 641 633 626
04 03 619 613 607 604 600 596 596 616 645 668 688 704 714 722 726 726 720 709 689 665 651 642 634 627
04 04 620 614 608 605 601 597 597 618 647 670 691 706 717 724 728 728 722 711 691 666 653 644 635 628
04 05 621 615 609 605 602 598 598 620 649 672 692 708 718 726 730 730 724 713 693 668 655 645 637 629
04 06 622 616 610 606 603 599 598 621 652 675 695 710 721 729 733 733 728 717 696 671 657 648 639 631
04 07 624 618 612 607 604 600 600 624 654 677 697 713 723 731 735 736 731 719 698 673 659 649 640 631
04 08 625 619 613 608 605 601 601 626 656 679 700 716 726 735 738 739 734 722 701 675 661 651 641 632
04 09 626 620 614 609 606 602 602 629 658 682 702 718 728 736 740 740 735 724 702 677 663 652 642 634
04 10 628 622 616 611 607 603 603 631 661 684 704 719 730 739 743 743 738 726 705 679 664 654 644 635
04 11 629 623 616 611 608 604 604 632 663 686 706 721 732 740 745 745 740 728 707 681 666 655 645 636
04 12 630 624 618 613 609 606 606 635 665 688 709 724 735 744 748 748 742 730 709 683 668 657 648 639
04 13 633 627 620 615 611 608 608 638 668 692 713 728 739 748 752 752 746 734 712 686 670 660 650 641
04 14 635 629 623 617 614 610 611 642 672 696 717 733 744 752 756 756 750 738 717 690 674 663 653 645
04 15 639 633 627 621 617 613 614 646 677 701 722 737 748 756 760 760 754 742 720 694 678 666 657 649
04 16 642 636 630 624 620 616 617 649 681 705 725 741 752 760 764 763 757 745 723 696 681 669 660 651
04 17 645 639 633 627 623 619 620 653 685 710 730 745 756 764 768 767 760 748 727 700 684 673 663 655
04 18 648 643 636 630 626 622 624 657 689 713 733 748 759 767 771 769 764 751 730 702 688 676 666 658
04 19 651 645 639 632 628 625 626 660 692 716 735 751 762 770 774 772 766 754 733 705 690 679 669 661
04 20 654 647 641 635 631 627 629 663 695 719 738 754 765 772 776 775 768 757 735 708 693 682 672 663
04 21 656 650 644 637 634 630 632 666 698 721 741 757 767 775 779 777 771 759 738 710 695 684 674 666
04 22 658 652 646 639 636 632 634 670 701 725 745 760 771 778 782 779 774 762 741 713 698 687 677 669
04 23 662 656 649 643 640 636 639 674 705 729 748 764 774 781 784 782 775 764 743 716 701 691 682 674
04 24 666 660 654 648 645 641 644 679 709 733 752 768 778 785 788 786 779 768 747 720 705 695 686 678
04 25 671 665 659 653 649 646 649 684 713 736 755 770 780 787 789 787 780 769 749 722 708 698 689 682
04 26 675 669 663 658 653 650 653 687 715 739 757 773 782 790 792 789 783 772 751 725 711 701 692 685
04 27 678 671 666 660 656 653 656 691 718 741 760 775 784 792 793 791 784 774 754 727 712 702 694 687
04 28 679 673 667 662 658 655 658 694 721 744 762 777 786 794 796 793 786 776 755 728 714 704 696 689
04 29 681 675 669 665 661 657 661 697 724 746 765 779 788 796 797 795 788 777 758 731 717 706 698 691
04 30 684 678 672 667 663 660 664 699 727 748 766 781 790 798 799 796 790 780 760 733 719 709 701 693
05 01 685 679 674 669 665 662 666 702 729 751 768 783 792 799 801 799 792 782 762 736 721 711 703 695
05 02 688 682 676 672 668 665 669 706 732 754 771 786 794 801 803 802 795 784 765 739 724 714 706 698
05 03 690 685 679 675 671 667 672 709 735 756 774 788 796 804 805 803 797 787 768 741 726 716 708 701
05 04 693 687 681 678 673 670 675 712 738 759 776 790 799 805 807 805 798 788 769 743 728 718 710 703
05 05 695 689 684 680 676 672 677 714 740 761 778 792 801 807 810 808 801 791 771 745 730 720 712 705
05 06 697 691 685 682 677 674 679 717 743 764 781 795 803 809 812 809 803 793 774 748 733 723 715 707
05 07 700 694 689 685 681 678 683 720 746 767 783 797 806 812 814 812 806 796 777 750 735 725 717 710
05 08 703 696 691 688 683 680 686 723 749 769 786 800 809 814 817 815 809 799 780 753 737 727 719 712
05 09 705 698 693 690 685 682 688 725 751 771 788 802 810 816 819 817 811 800 782 755 739 729 721 713
05 10 707 700 694 691 687 683 690 727 753 774 791 804 813 819 821 818 813 802 784 756 741 731 723 715
05 11 708 701 696 692 689 685 692 729 756 776 793 806 815 820 823 819 814 803 785 758 742 732 724 716
05 12 710 703 698 694 690 687 693 731 758 778 795 808 817 822 825 822 817 806 788 760 745 735 726 718
05 13 712 705 700 695 691 688 695 732 759 779 795 808 817 822 825 822 818 807 789 761 746 736 727 719
05 14 713 706 701 696 693 689 696 734 761 781 797 809 818 823 826 822 818 807 790 762 746 737 728 720
05 15 713 707 702 697 694 690 698 736 762 782 798 811 819 824 827 824 820 808 791 763 747 738 729 721
05 16 714 708 702 698 694 690 699 737 764 784 800 812 821 826 829 826 822 810 793 766 749 739 730 723
05 17 715 709 704 699 696 692 701 739 766 786 803 815 823 828 831 828 824 812 795 767 751 741 732 725
05 18 717 711 705 701 697 693 703 742 768 788 804 817 825 829 832 830 826 814 797 769 753 742 734 726
05 19 719 712 707 702 699 695 705 744 771 791 807 819 827 832 834 832 828 817 800 772 755 745 736 728
05 20 721 715 710 704 701 698 708 747 774 794 810 821 830 834 836 834 830 819 801 774 757 747 738 731
05 21 723 717 712 707 703 700 711 750 776 796 813 823 832 837 838 836 832 820 803 776 759 748 739 732
05 22 724 719 713 708 704 702 712 752 778 798 813 824 832 837 839 836 832 820 803 776 760 749 740 733
05 23 726 720 714 709 705 702 713 754 779 799 814 825 832 838 839 837 832 821 804 778 761 751 742 734
05 24 727 722 716 711 707 704 716 756 781 801 816 827 834 840 840 838 833 821 805 779 762 752 743 735
05 25 728 723 717 712 708 706 717 758 783 802 817 828 835 840 841 840 835 824 808 781 764 753 744 737
05 26 730 724 719 714 710 707 719 760 785 805 820 831 838 843 844 843 837 826 810 784 766 756 746 739
05 27 732 726 721 716 712 709 722 763 788 807 822 833 840 845 845 844 838 828 813 786 768 758 749 741
05 28 734 729 723 719 715 713 725 766 791 810 825 836 842 847 847 846 840 830 815 789 771 760 751 744
05 29 737 732 727 722 718 716 729 769 793 812 827 838 845 849 849 848 842 832 817 791 774 763 754 747
05 30 740 735 730 725 721 719 732 771 796 815 829 840 846 850 850 849 843 833 818 793 776 765 756 749
05 31 743 738 733 728 724 723 736 774 797 817 831 841 848 851 850 849 844 834 819 794 777 767 758 751
06 01 745 740 735 731 726 724 738 776 799 818 832 842 849 851 851 849 844 835 820 796 779 769 760 753
06 02 747 742 737 733 728 726 740 778 801 820 834 844 850 852 852 851 846 836 821 798 781 770 762 755
06 03 748 743 739 735 730 728 742 780 803 821 835 846 851 853 853 851 846 836 822 799 782 772 764 757
06 04 751 745 741 737 733 730 744 781 804 822 835 846 851 852 852 851 847 837 823 800 783 773 765 758
06 05 752 747 742 738 734 731 746 783 805 823 836 846 851 852 852 851 847 838 824 801 784 774 766 760
06 06 753 748 744 740 736 733 748 784 807 824 838 848 853 853 853 853 849 840 826 803 785 776 768 761
06 07 755 750 746 742 738 736 750 786 809 827 840 851 856 855 856 855 851 841 827 804 787 778 770 763
06 08 756 751 747 744 740 737 751 788 810 828 842 851 857 856 857 857 853 843 829 806 789 780 771 765
06 09 758 753 749 746 742 740 753 790 812 830 844 853 858 857 858 858 853 844 829 807 790 781 773 767
06 10 760 755 752 747 744 742 755 791 814 831 845 854 859 858 858 858 853 843 830 807 791 782 774 768
06 11 762 757 753 749 746 743 756 792 815 831 845 854 859 858 859 859 854 844 830 808 792 783 775 770
06 12 763 758 754 750 747 745 757 793 815 832 846 854 860 858 859 858 854 844 830 808 792 784 776 770
06 13 763 759 754 750 748 745 758 794 816 833 847 856 861 860 861 860 855 845 831 810 794 785 777 771
06 14 764 760 755 752 749 747 759 796 818 835 849 857 862 861 863 861 856 847 832 811 794 786 778 772
06 15 766 761 756 752 749 747 760 797 819 836 849 858 863 862 863 861 856 848 833 812 795 787 779 773
06 16 766 761 757 753 750 748 760 797 820 836 850 858 864 864 864 861 857 848 834 812 796 788 780 773
06 17 767 762 757 753 751 748 761 797 820 837 850 858 864 864 864 860 856 846 833 811 795 787 780 773
06 18 767 762 757 753 751 748 761 798 821 838 851 858 865 864 863 861 856 846 833 811 795 787 779 773
06 19 767 762 758 754 751 749 761 798 822 839 852 859 865 866 864 860 855 846 832 811 796 787 780 774
06 20 768 763 759 755 752 750 762 799 823 839 852 860 866 867 864 860 855 845 832 811 796 787 780 774
06 21 768 763 759 756 753 751 763 800 823 840 853 860 866 866 864 859 854 845 832 811 795 787 780 774
06 22 768 764 760 756 753 752 763 800 824 840 852 860 865 866 864 859 853 844 831 811 796 788 781 775
06 23 769 764 760 757 754 752 764 801 824 840 852 860 865 866 863 858 853 845 831 811 796 788 782 775
06 24 769 765 761 757 755 752 764 800 824 841 852 860 865 867 863 858 853 844 832 811 796 788 782 776
06 25 770 766 761 758 755 753 765 801 824 841 853 861 865 867 863 858 853 845 832 812 796 789 783 776
06 26 771 766 762 758 755 753 765 801 825 842 854 862 866 868 864 859 854 845 833 812 797 789 783 777
06 27 771 767 763 759 756 754 766 802 825 843 854 862 866 868 864 858 853 845 833 813 798 790 784 778
06 28 772 768 764 761 757 756 767 802 826 843 854 861 865 867 863 857 851 843 832 812 797 790 783 777
06 29 772 767 764 760 757 755 766 801 825 842 853 860 864 865 862 857 851 843 832 812 797 790 784 778
06 30 772 768 764 760 758 756 767 802 825 842 854 861 865 866 863 858 852 843 832 812 797 790 784 778
07 01 773 768 765 761 759 756 767 802 826 842 854 861 865 866 863 858 851 843 832 812 797 790 784 778
07 02 773 769 765 761 759 756 767 803 826 843 855 862 866 867 865 861 853 844 833 813 798 792 785 779
07 03 774 770 766 763 760 758 768 803 827 843 855 862 867 868 867 862 855 846 835 815 800 793 786 781
07 04 775 771 767 763 761 758 768 804 828 844 856 863 868 869 869 863 857 848 837 817 801 795 788 782
07 05 776 772 767 764 761 759 769 805 829 845 858 865 870 871 870 865 858 849 838 818 803 796 789 783
07 06 777 772 768 765 762 759 769 805 829 846 859 866 871 872 872 867 859 851 839 819 804 796 790 784
07 07 778 773 769 765 762 759 769 805 829 846 859 866 871 873 872 868 860 851 839 819 804 797 790 784
07 08 779 773 769 766 763 760 769 806 830 847 860 867 872 873 873 868 860 852 840 820 804 797 790 784
07 09 779 773 769 766 763 760 769 806 830 847 861 868 873 873 873 869 861 852 839 820 805 797 790 784
07 10 779 774 769 766 763 760 769 807 830 847 861 868 873 873 873 868 861 852 839 820 805 797 790 784
07 11 779 773 769 766 763 760 769 806 830 847 861 868 874 873 873 868 861 852 839 820 805 797 790 784
07 12 779 774 769 766 763 760 769 806 830 847 861 868 875 875 874 870 863 854 840 820 805 797 790 784
07 13 779 774 769 766 763 760 768 806 831 848 862 869 877 877 876 872 866 855 841 822 806 798 791 785
07 14 780 775 770 767 763 760 769 807 832 850 864 871 879 879 878 874 867 856 842 822 807 798 791 785
07 15 780 775 770 767 764 761 769 808 833 851 865 872 879 879 878 874 867 857 842 822 806 798 791 786
07 16 780 776 771 767 764 761 769 808 834 851 866 872 878 878 877 874 868 857 843 823 807 799 792 786
07 17 781 776 771 768 765 762 770 808 834 851 866 872 878 877 877 873 868 858 843 823 807 799 792 786
07 18 781 776 771 768 765 762 769 807 833 851 866 873 878 877 877 872 867 857 842 822 806 798 791 786
07 19 781 776 771 768 765 762 769 806 833 851 866 873 878 875 875 871 866 855 841 820 805 797 790 785
07 20 780 775 770 767 764 762 769 805 832 850 865 871 877 875 876 871 864 854 840 819 804 796 789 784
07 21 779 774 769 766 764 762 768 805 832 850 865 871 876 875 876 871 866 854 840 819 804 797 790 784
07 22 780 774 769 766 764 762 768 806 833 851 866 873 878 876 877 872 866 855 841 820 805 797 790 785
07 23 780 775 770 767 765 762 769 806 833 851 866 873 879 877 878 873 867 856 842 820 805 798 790 785
07 24 781 776 771 768 765 763 769 806 833 851 866 873 878 877 878 872 867 856 842 820 805 797 790 786
07 25 781 776 771 768 766 764 769 805 832 851 866 873 878 877 878 873 868 857 842 821 805 797 791 786
07 26 781 776 772 769 766 765 770 805 832 850 865 872 877 876 877 873 867 856 842 821 805 797 791 786
07 27 781 776 772 769 766 765 770 805 831 850 864 872 876 876 876 872 867 856 842 821 806 798 791 787
07 28 781 776 772 769 766 765 770 805 832 850 864 873 876 875 876 872 867 856 842 821 806 798 791 787
07 29 781 776 772 769 767 765 770 805 831 849 863 872 876 876 876 872 867 857 843 820 806 798 791 787
07 30 781 776 772 769 767 765 769 804 830 848 863 872 876 876 877 873 868 856 843 820 806 798 791 787
07 31 781 776 772 769 766 765 769 804 830 849 863 873 878 877 877 873 868 856 842 820 806 798 792 787
08 01 782 777 773 770 767 765 769 804 830 849 863 872 877 876 876 872 867 856 842 820 806 798 791 787
08 02 781 777 772 770 767 765 769 804 830 849 862 872 877 877 876 873 868 856 841 819 806 798 791 786
08 03 781 776 772 769 766 764 768 804 830 849 862 873 877 878 877 874 869 857 842 820 806 798 792 787
08 04 781 776 772 769 766 764 768 804 830 849 862 873 876 877 875 872 869 857 842 819 806 798 791 786
08 05 781 776 772 769 766 764 767 803 829 847 860 871 875 875 872 870 866 856 841 818 805 797 790 785
08 06 779 775 771 768 765 764 766 801 828 846 859 870 873 873 870 869 865 855 840 818 804 796 790 784
08 07 778 774 770 767 764 763 766 800 827 845 858 870 873 873 870 870 865 855 839 817 804 796 789 784
08 08 778 774 770 767 764 762 765 800 827 845 859 870 874 874 871 870 865 855 839 817 804 796 790 784
08 09 778 774 770 767 763 762 765 800 827 845 859 870 874 875 873 872 866 855 840 817 804 796 790 784
08 10 778 774 770 767 763 762 765 800 828 847 860 871 875 876 874 873 866 855 840 817 804 796 790 784
08 11 778 773 769 767 763 762 764 800 829 847 861 871 875 876 875 873 867 856 839 816 803 795 790 784
08 12 778 774 769 767 763 762 764 800 829 848 862 872 876 877 876 874 867 856 839 816 803 796 790 784
08 13 778 774 769 767 763 762 764 800 829 849 862 872 877 877 876 873 867 856 839 816 803 796 790 784
08 14 779 774 770 767 763 762 764 800 830 848 862 872 877 878 876 873 866 856 839 816 803 796 789 783
08 15 779 774 769 767 763 762 764 799 829 848 862 872 876 878 877 874 867 857 840 816 804 796 789 783
08 16 778 773 769 766 763 762 763 799 829 848 863 873 878 880 879 876 868 858 840 817 804 796 790 783
08 17 778 773 769 766 763 762 764 799 830 848 863 873 877 880 880 877 868 858 841 817 805 796 790 784
08 18 779 773 769 766 763 763 764 799 829 848 862 873 877 881 881 878 870 860 842 818 805 796 790 784
08 19 779 774 769 766 763 763 764 799 829 848 863 873 878 882 883 880 871 861 843 819 807 798 791 785
08 20 780 775 770 767 764 763 764 799 830 849 864 874 880 884 884 880 872 862 844 819 807 799 792 786
08 21 781 775 771 767 764 763 765 800 831 849 865 875 881 885 886 881 872 862 843 819 807 799 793 787
08 22 781 776 771 768 764 763 765 800 831 850 866 875 881 885 885 880 871 861 843 818 806 799 792 786
08 23 781 775 771 767 764 763 764 799 830 850 865 875 880 884 883 879 871 860 841 817 805 797 791 785
08 24 780 775 770 766 763 762 763 798 829 849 864 874 880 884 882 877 870 859 840 816 805 797 791 785
08 25 780 775 769 766 763 762 762 797 828 847 863 873 879 882 881 876 869 858 839 816 805 797 790 784
08 26 780 774 769 766 763 761 762 796 827 846 861 872 878 880 880 876 868 856 838 815 804 797 790 784
08 27 779 774 769 765 763 761 761 794 825 844 859 870 876 878 879 875 868 855 836 814 803 796 789 783
08 28 778 773 769 764 762 760 760 793 824 842 858 869 874 877 877 873 866 854 835 813 802 795 788 782
08 29 777 772 768 764 761 759 759 792 822 841 857 867 872 875 876 871 866 854 834 812 801 794 787 781
08 30 776 771 767 763 760 758 758 791 821 840 855 865 870 873 874 869 864 852 832 810 799 792 786 780
08 31 775 770 766 762 759 757 757 789 819 838 853 863 868 870 871 867 862 850 830 808 798 791 785 779
09 01 774 769 765 761 758 756 756 787 817 837 852 862 868 870 870 865 860 847 828 806 796 789 783 778
09 02 773 768 764 760 757 755 755 786 816 836 850 860 866 867 868 863 857 845 825 804 795 788 782 777
09 03 772 767 763 759 756 754 754 784 814 834 849 858 864 866 866 861 856 843 823 802 793 786 781 775
09 04 770 766 761 757 755 753 753 783 812 832 847 856 862 864 865 860 855 841 822 801 791 784 779 774
09 05 769 765 760 757 755 752 752 782 811 831 845 855 861 862 863 858 854 840 820 800 790 784 779 774
09 06 769 765 760 757 755 752 752 781 810 830 844 854 860 861 862 857 853 840 819 799 790 783 779 773
09 07 768 764 760 756 754 752 752 780 809 829 843 853 860 861 862 858 853 840 820 800 790 783 778 773
09 08 768 764 759 756 754 751 752 779 808 827 842 851 858 860 861 857 852 840 819 799 789 782 777 772
09 09 767 763 759 755 752 750 750 777 806 825 840 850 857 859 860 856 851 839 818 798 788 782 776 771
09 10 766 762 757 753 751 749 749 776 805 824 839 849 856 859 859 855 850 838 817 797 787 780 775 769
09 11 765 760 756 752 749 747 747 774 803 823 838 848 855 858 858 854 849 837 815 795 786 779 773 769
09 12 764 759 754 750 748 746 746 772 802 822 836 846 854 856 857 853 848 836 814 793 784 778 772 768
09 13 762 757 753 749 747 745 745 771 801 821 836 846 853 856 855 852 847 835 813 793 784 777 771 766
09 14 761 756 751 747 745 744 744 770 800 819 835 845 853 855 856 852 847 835 812 792 783 776 771 765
09 15 760 755 751 746 744 743 743 769 798 818 833 844 851 854 854 851 845 833 810 790 781 775 769 764
09 16 758 753 749 745 743 741 741 767 796 816 831 842 849 851 852 849 843 831 808 789 780 773 767 762
09 17 756 752 747 743 741 739 739 763 793 813 829 839 847 849 850 847 842 829 805 787 777 771 765 759
09 18 753 749 745 740 738 736 736 760 789 810 825 835 843 845 847 845 840 827 802 784 775 768 762 756
09 19 750 746 742 737 735 733 733 756 786 806 822 832 840 843 844 842 837 824 799 781 772 765 759 752
09 20 747 742 738 733 731 729 729 752 781 802 818 829 837 841 842 841 836 822 797 778 768 762 755 748
09 21 742 738 734 729 726 724 724 747 777 798 815 826 834 839 841 840 834 820 794 775 765 758 751 744
09 22 738 734 730 725 722 720 719 743 773 794 811 822 830 835 838 836 830 817 790 771 761 754 747 740
09 23 734 730 726 721 718 716 715 739 769 791 808 819 828 833 835 834 828 814 787 768 757 751 744 737
09 24 731 726 722 718 715 713 712 735 766 788 805 816 825 831 833 832 826 812 784 765 754 747 740 733
09 25 727 722 718 714 711 708 708 731 762 784 802 814 823 828 831 830 824 810 781 762 751 744 737 730
09 26 724 719 715 711 708 705 704 727 759 781 798 810 820 826 828 828 822 807 778 760 749 742 735 728
09 27 722 717 713 708 705 703 702 724 756 778 796 807 817 824 826 826 820 805 776 757 746 739 732 725
09 28 719 715 710 706 702 700 699 721 753 775 793 805 815 822 826 824 819 803 773 755 743 737 730 723
09 29 717 712 708 703 699 697 696 717 750 773 791 803 813 819 822 822 816 800 769 751 741 734 727 720
09 30 713 709 705 700 696 693 693 713 747 769 787 800 810 817 820 820 814 798 767 748 737 731 724 716
10 01 710 705 701 697 692 690 689 710 743 765 784 796 807 814 817 817 810 794 764 745 734 728 721 714
10 02 707 702 698 694 690 687 686 706 740 762 781 793 804 812 815 814 808 791 760 742 731 725 718 711
10 03 705 699 695 691 687 684 683 703 737 759 778 791 802 810 813 812 806 789 758 739 729 723 715 709
10 04 702 697 692 688 684 681 681 701 735 757 776 789 800 808 812 811 804 787 755 738 727 721 714 707
10 05 700 695 690 686 683 680 679 699 732 754 773 787 798 805 809 808 801 784 753 736 726 719 712 705
10 06 699 693 689 685 681 678 678 696 729 752 771 785 795 802 806 804 797 780 749 732 723 716 709 703
10 07 696 690 685 681 678 675 674 692 726 748 768 782 792 799 803 801 794 776 746 729 720 713 706 700
10 08 692 687 681 677 674 671 671 689 724 746 766 780 791 797 801 799 792 774 743 727 718 711 703 697
10 09 689 684 678 674 671 668 668 686 721 744 763 778 788 794 798 796 790 772 741 724 715 709 701 694
10 10 686 682 677 673 669 666 666 683 719 742 762 776 786 792 796 794 787 768 737 722 713 706 698 691
10 11 683 679 674 670 666 664 663 680 715 740 759 773 783 789 793 791 783 764 733 718 709 702 695 687
10 12 680 675 670 666 662 659 658 675 711 736 755 770 780 785 789 787 779 760 729 713 704 697 690 682
10 13 674 669 664 660 656 654 653 670 707 732 752 766 776 782 786 784 777 757 725 709 701 693 686 678
10 14 670 665 660 656 653 650 649 666 704 730 750 764 775 781 785 783 775 756 724 708 699 691 684 676
10 15 668 663 657 654 651 648 647 663 702 727 748 762 773 779 782 780 773 753 721 706 697 689 681 673
10 16 666 661 655 652 648 646 645 660 698 724 745 759 770 776 779 777 769 749 718 702 693 685 678 670
10 17 663 657 652 649 645 643 642 657 694 720 741 756 766 772 776 774 767 746 714 699 690 682 674 666
10 18 660 654 648 646 641 640 639 653 692 718 739 753 764 770 774 772 765 744 712 697 688 680 673 664
10 19 658 652 646 643 639 637 636 650 689 716 737 751 762 768 771 769 761 741 709 694 684 676 669 660
10 20 654 649 643 640 635 634 633 646 686 713 733 748 758 764 768 766 758 737 704 689 679 672 664 656
10 21 650 644 639 636 631 629 628 642 682 710 730 744 755 762 766 764 756 734 701 686 677 668 661 653
10 22 647 641 636 633 628 626 625 638 680 707 728 743 753 760 764 762 754 732 699 684 674 666 659 651
10 23 645 639 635 631 626 624 623 636 678 705 726 741 751 758 761 759 751 728 696 681 671 663 656 649
10 24 644 637 633 629 624 622 621 634 675 702 723 738 748 755 759 757 748 725 694 679 669 661 654 647
10 25 642 634 630 626 622 620 619 632 672 700 721 736 747 753 757 755 746 723 691 676 666 658 651 644
10 26 639 632 627 624 620 618 617 629 669 696 717 733 743 750 754 752 743 719 688 674 663 655 648 641
10 27 636 629 624 621 616 615 615 626 666 693 713 729 740 746 750 749 739 716 686 671 661 653 646 639
10 28 634 627 622 618 614 613 612 622 662 688 709 725 735 742 746 744 735 711 682 668 659 651 644 637
10 29 632 626 620 617 612 610 610 619 657 684 704 720 730 737 741 739 730 706 677 663 654 646 639 632
10 30 627 620 615 611 606 604 604 613 652 678 699 715 726 733 737 735 726 702 672 659 649 640 633 627
10 31 621 615 610 606 601 599 599 608 648 675 696 712 722 730 734 733 724 699 668 655 645 637 630 624
11 01 617 611 606 602 597 595 595 604 645 673 694 710 720 728 732 730 721 696 667 653 643 635 628 622
11 02 615 609 604 600 596 593 593 602 642 670 691 707 718 725 729 727 718 692 663 650 641 632 625 620
11 03 613 607 602 598 594 591 590 599 639 667 688 705 715 722 727 724 715 689 660 648 639 630 624 618
11 04 612 606 600 596 592 588 588 596 636 664 685 701 712 720 723 721 712 686 658 645 636 628 622 615
11 05 610 604 598 594 589 586 585 593 633 660 682 698 709 716 720 718 709 683 655 642 632 624 618 612
11 06 607 601 595 591 586 584 583 590 629 657 678 694 705 712 716 714 705 679 651 638 629 621 615 609
11 07 604 597 592 587 583 581 580 587 625 653 675 691 702 710 714 712 702 676 649 636 627 620 614 607
11 08 602 596 590 586 581 579 578 584 622 651 672 689 700 707 711 709 700 673 646 633 624 617 611 605
11 09 599 593 588 584 579 577 575 581 618 645 667 684 694 702 706 704 695 669 642 630 620 613 607 601
11 10 595 590 584 580 575 572 570 576 614 641 663 681 691 700 703 701 692 666 638 626 617 611 605 598
11 11 593 587 581 577 573 570 569 574 611 639 662 679 690 698 702 700 690 664 637 625 616 610 604 598
11 12 593 587 582 578 574 571 569 575 611 638 661 679 689 697 701 698 689 663 636 624 616 609 603 596
11 13 592 585 580 577 572 570 568 573 609 636 659 676 687 694 698 696 686 660 635 623 615 608 603 596
11 14 591 585 580 576 572 570 568 572 607 634 657 674 684 692 696 694 685 658 634 622 613 607 602 595
11 15 590 583 578 575 570 568 566 570 604 632 655 672 683 691 695 693 683 657 633 621 612 607 601 594
11 16 589 583 578 574 570 567 565 569 603 631 654 671 682 690 693 692 682 656 631 620 611 605 599 593
11 17 587 581 576 572 568 566 563 567 600 628 651 669 680 688 691 690 680 654 629 618 609 603 596 589
11 18 583 577 572 568 564 562 559 563 597 625 648 666 678 686 689 688 678 652 627 615 606 600 594 586
11 19 581 574 570 567 563 561 559 562 596 624 649 667 678 685 689 687 677 651 627 616 607 601 594 587
11 20 581 576 571 568 565 563 561 564 596 625 648 666 677 685 688 686 676 650 627 616 608 602 595 588
11 21 582 576 571 568 564 562 559 562 594 622 645 663 674 682 685 683 673 647 624 613 605 598 592 585
11 22 579 574 569 565 562 560 557 559 591 619 642 659 670 678 681 679 669 644 621 610 602 595 589 583
11 23 576 571 566 563 560 557 555 557 587 615 638 655 666 674 677 676 665 641 618 607 599 592 586 579
11 24 572 567 562 559 555 552 550 552 583 612 635 652 664 671 675 673 663 638 615 605 597 590 584 577
11 25 571 565 561 557 553 551 549 550 581 611 633 651 662 670 673 671 661 636 614 603 595 588 582 575
11 26 569 564 559 556 552 550 547 548 579 608 631 648 660 668 672 669 659 634 612 600 592 585 579 573
11 27 567 561 556 553 549 546 544 545 575 604 627 644 656 663 667 665 655 629 607 596 587 580 574 568
11 28 562 556 552 548 545 541 539 540 570 599 621 639 651 659 663 661 650 624 602 590 582 574 568 562
11 29 556 551 547 543 540 536 535 536 566 595 618 635 648 656 660 657 647 621 598 587 579 572 566 561
11 30 555 550 545 542 538 535 533 534 563 592 614 632 645 653 656 654 643 618 596 584 576 568 563 557
12 01 551 547 542 539 535 532 530 531 559 588 611 629 642 650 653 651 640 615 593 581 573 566 560 555
12 02 550 545 541 537 533 531 530 530 557 586 609 627 640 648 652 650 639 614 592 580 572 566 560 555
12 03 550 545 541 536 532 530 528 529 555 584 606 624 637 645 648 646 636 611 589 577 570 563 557 552
12 04 547 542 538 533 529 526 525 525 550 579 601 619 632 640 644 642 632 607 585 573 566 559 553 548
12 05 543 538 534 529 525 522 521 520 545 573 596 614 627 635 640 638 628 603 582 569 562 555 549 544
12 06 540 535 531 527 523 520 519 519 543 571 594 612 626 634 639 637 627 602 581 569 561 555 549 544
12 07 540 534 531 527 522 519 518 518 541 568 591 610 623 631 636 634 624 600 578 566 559 552 547 542
12 08 537 532 528 524 520 516 515 515 538 565 588 607 621 629 633 632 622 598 577 565 557 551 545 540
12 09 536 530 527 523 519 516 515 514 536 563 587 606 619 627 631 630 620 596 575 562 555 548 543 537
12 10 533 527 524 521 517 514 513 512 533 561 583 602 616 623 627 626 617 594 571 560 552 545 540 535
12 11 530 524 521 517 514 510 510 509 530 557 579 598 611 619 623 622 613 590 568 557 549 543 537 532
12 12 527 521 518 514 510 507 507 506 526 554 576 595 609 617 620 620 611 588 566 554 547 541 535 530
12 13 524 519 516 513 509 506 506 505 525 554 576 595 608 616 620 619 610 588 567 555 548 542 537 532
12 14 526 521 519 515 512 509 508 508 527 555 578 596 609 617 620 620 611 589 568 557 549 543 538 533
12 15 527 522 520 516 514 510 509 509 527 556 578 595 608 615 619 619 610 588 568 557 549 543 538 533
12 16 527 523 520 516 513 510 509 508 525 552 574 591 604 610 615 615 606 585 565 554 546 540 535 530
12 17 525 521 518 514 511 507 506 505 521 547 568 585 597 604 608 608 599 579 559 549 541 535 530 525
12 18 520 515 512 508 506 502 501 500 516 541 561 578 591 598 602 603 594 574 555 544 536 530 525 520
12 19 515 510 507 503 501 497 496 495 511 537 558 575 588 595 599 600 592 572 552 542 533 527 523 518
12 20 513 508 505 501 499 495 494 494 510 537 558 576 589 597 601 602 593 573 553 542 534 528 524 519
12 21 513 509 505 502 499 495 494 494 509 536 558 575 589 596 600 601 593 572 552 541 533 527 523 518
12 22 512 508 504 500 498 495 493 492 508 535 556 574 587 595 599 600 592 571 551 540 532 526 522 517
12 23 511 507 503 499 497 493 492 492 506 533 555 572 586 593 599 599 591 571 551 540 532 527 523 518
12 24 512 509 505 501 498 495 494 494 508 534 555 572 585 593 599 599 592 572 552 541 533 528 524 520
12 25 514 511 507 503 500 496 494 494 508 534 554 572 584 593 598 599 592 572 553 542 534 529 525 520
12 26 515 512 507 503 500 497 494 494 507 532 553 570 583 592 597 598 591 571 552 540 533 528 524 520
12 27 514 511 507 503 500 497 494 494 507 532 552 569 582 590 596 596 590 571 551 540 533 528 524 520
12 28 515 512 507 502 499 496 493 492 505 530 551 568 580 589 595 596 590 570 550 539 532 526 522 518
12 29 512 509 504 500 497 493 490 489 502 527 547 565 578 587 593 594 588 569 548 536 529 524 519 515
12 30 510 506 501 497 494 491 489 488 501 526 547 565 579 588 595 595 589 569 548 536 529 524 520 516
12 31 510 507 501 497 494 491 489 488 502 527 548 567 581 590 595 595 589 569 548 535 528 523 519 514
