01 01 355 351 346 344 340 337 334 333 342 362 386 404 418 428 433 434 427 408 395 385 379 372 366 362
01 02 357 353 349 347 343 340 337 335 344 365 389 408 422 432 437 438 431 412 399 389 382 376 370 366
01 03 361 357 352 350 347 344 340 337 346 366 389 408 422 432 437 438 431 412 398 388 381 375 369 365
01 04 359 356 351 348 344 341 338 335 343 363 386 405 419 429 434 435 428 409 396 386 379 372 367 363
01 05 358 354 349 347 343 340 337 335 343 362 385 404 418 429 433 435 428 410 397 387 379 374 368 363
01 06 358 354 349 347 343 340 336 334 341 361 384 402 417 428 432 434 427 408 395 385 377 371 366 361
01 07 356 352 347 344 341 337 334 332 339 360 382 401 415 426 431 433 425 407 393 383 374 367 361 357
01 08 351 347 342 339 335 332 329 326 334 355 377 397 411 421 427 429 422 403 389 379 370 364 357 354
01 09 348 345 340 337 333 329 326 324 332 352 376 395 409 420 426 428 421 402 387 377 368 362 356 352
01 10 347 344 339 335 331 328 324 322 330 350 373 392 406 417 423 424 418 399 385 374 366 360 353 349
01 11 343 340 335 332 328 324 320 317 326 346 368 387 402 413 419 421 414 396 381 371 363 356 349 345
01 12 340 336 331 327 324 320 316 313 321 342 364 383 398 408 415 417 411 393 378 369 360 354 348 344
01 13 339 334 330 326 323 319 314 311 320 341 363 382 397 407 414 416 410 391 376 367 358 352 346 341
01 14 335 331 326 322 319 314 310 307 316 338 360 379 395 405 413 414 408 390 375 365 355 349 344 339
01 15 334 330 325 322 318 314 309 306 316 338 360 380 397 408 415 416 410 391 375 366 356 350 345 340
01 16 334 331 327 323 319 315 311 308 317 341 363 383 399 409 416 418 412 393 377 368 359 353 347 342
01 17 336 332 328 323 319 315 311 308 317 340 362 383 399 410 416 418 413 394 377 367 358 351 345 340
01 18 334 330 327 321 317 313 310 307 317 340 362 382 399 410 416 419 413 394 377 367 359 351 345 340
01 19 334 330 326 320 317 312 309 306 317 340 362 382 398 409 416 418 413 394 376 366 357 350 344 339
01 20 332 328 324 318 314 310 307 303 314 338 361 381 398 408 415 417 413 393 375 363 355 347 341 336
01 21 330 325 321 316 313 309 305 302 313 338 361 381 399 409 417 418 414 394 376 364 356 349 342 339
01 22 332 328 324 318 315 311 308 305 316 340 362 383 400 410 418 419 416 397 378 367 359 351 345 341
01 23 334 330 326 321 318 314 310 307 319 342 364 384 402 412 421 422 418 399 380 368 360 352 346 342
01 24 335 331 326 321 318 314 311 308 320 344 366 386 404 414 423 424 420 402 382 370 362 354 348 343
01 25 337 332 327 323 320 315 312 309 321 346 369 390 408 419 429 429 426 407 387 375 366 359 352 348
01 26 341 336 332 327 323 319 316 312 325 350 373 395 414 424 433 434 430 411 390 378 370 362 355 351
01 27 344 340 335 330 327 322 319 316 329 353 377 399 418 429 437 439 434 416 394 381 372 364 357 352
01 28 347 342 337 332 328 324 320 318 330 355 378 400 419 430 438 439 435 416 395 381 373 365 358 353
01 29 348 343 337 333 329 325 322 319 331 356 379 400 418 430 438 439 436 417 395 382 373 365 359 353
01 30 347 342 337 333 329 325 321 318 332 356 379 401 418 430 438 440 436 418 397 382 374 365 359 353
01 31 348 342 336 332 328 324 321 317 331 355 378 399 416 429 437 439 436 418 396 382 373 365 358 352
02 01 347 341 336 332 328 323 321 317 332 356 380 401 419 431 439 440 438 420 398 383 375 366 360 354
02 02 349 342 336 333 329 325 322 318 334 358 381 404 421 433 442 443 441 424 401 387 377 368 361 356
02 03 351 344 339 336 332 328 326 322 337 361 384 406 423 435 444 446 443 427 405 390 380 372 364 358
02 04 354 348 342 339 335 331 328 324 340 363 386 408 423 436 445 447 443 427 405 391 381 371 364 358
02 05 353 347 342 338 335 330 328 324 339 363 385 407 422 434 443 446 442 427 405 390 380 371 364 357
02 06 353 346 341 337 333 329 326 322 337 361 383 406 421 433 442 445 442 427 405 390 381 371 364 358
02 07 353 347 342 338 334 329 326 323 339 363 386 409 424 436 445 448 445 430 409 394 385 375 368 362
02 08 357 351 345 341 337 333 331 327 343 368 390 412 427 440 448 451 448 433 412 396 386 377 370 364
02 09 358 352 346 343 339 334 332 329 345 369 391 412 427 439 447 451 447 433 412 396 386 376 369 363
02 10 357 351 345 341 337 334 332 329 345 369 391 413 427 439 448 451 448 434 413 397 387 377 370 363
02 11 358 351 345 341 338 334 333 330 347 371 394 415 430 442 451 455 452 438 416 401 390 380 373 366
02 12 360 354 348 344 341 338 336 334 351 375 399 420 436 448 457 461 457 444 422 407 396 386 378 372
02 13 365 359 355 350 347 343 342 340 358 382 405 428 444 456 465 469 465 452 431 414 403 393 384 378
02 14 370 365 360 355 352 349 348 346 364 388 412 434 450 462 472 476 472 459 436 420 409 398 389 382
02 15 375 370 365 361 358 355 353 351 370 394 418 440 457 468 478 481 476 464 441 424 413 403 394 387
02 16 380 374 369 365 362 359 357 356 374 398 422 443 461 472 481 486 480 467 445 428 417 406 397 390
02 17 383 378 373 369 365 362 360 359 378 402 425 446 463 475 484 487 481 469 446 428 418 408 400 392
02 18 385 379 375 370 366 363 361 360 379 404 428 449 466 479 488 489 485 472 449 431 421 410 402 394
02 19 387 381 376 372 368 365 362 362 382 406 432 453 470 483 492 493 488 477 453 435 425 415 406 399
02 20 392 386 381 377 373 370 367 367 387 411 436 457 474 488 497 498 493 481 457 438 428 418 409 401
02 21 394 388 383 379 375 372 369 369 390 415 440 461 479 492 501 502 497 485 461 441 430 420 411 403
02 22 396 390 385 380 377 373 370 370 392 416 443 463 480 493 502 504 500 488 464 444 432 422 413 404
02 23 398 392 387 382 379 375 371 372 394 418 446 466 483 497 505 507 502 491 467 447 434 424 414 405
02 24 398 392 387 382 378 375 371 371 395 420 448 469 486 500 508 510 506 494 469 449 436 425 416 407
02 25 400 395 390 385 381 377 373 375 399 424 453 473 492 505 513 515 511 499 474 454 440 430 421 411
02 26 404 399 393 389 383 380 376 378 402 428 456 476 494 508 515 517 513 501 477 457 443 432 424 415
02 27 407 402 396 391 386 382 378 379 405 431 459 479 497 511 518 521 517 505 480 460 446 435 426 417
02 28 409 404 397 393 387 383 378 380 407 433 462 482 500 513 520 521 517 506 480 460 446 435 426 417
03 01 410 404 398 393 387 382 378 380 407 434 462 481 499 513 520 521 517 506 481 460 446 435 426 417
03 02 410 404 398 393 387 381 378 379 407 435 464 483 501 515 521 523 519 507 482 462 447 436 426 418
03 03 410 404 398 393 387 382 378 380 409 436 464 484 502 516 523 525 522 510 485 464 449 438 428 420
03 04 412 406 399 394 387 383 379 382 411 439 468 489 506 520 527 530 527 515 489 468 453 441 431 423
03 05 415 409 402 396 390 385 382 385 415 443 472 492 511 524 530 535 531 520 494 472 457 446 435 428
03 06 420 414 407 401 394 390 386 390 419 448 476 497 516 529 535 539 536 524 499 477 461 450 440 432
03 07 425 419 412 406 399 395 391 396 425 453 482 502 521 534 540 544 541 530 504 481 465 455 444 437
03 08 430 424 416 410 404 399 395 400 430 459 488 508 526 539 545 548 545 533 507 486 469 459 448 440
03 09 433 426 420 414 408 403 399 404 434 463 491 512 530 543 548 551 548 535 509 488 472 461 451 443
03 10 435 429 422 416 410 405 401 407 437 466 494 515 533 546 552 555 552 540 513 493 478 466 456 449
03 11 441 436 429 423 417 412 407 414 443 473 500 521 538 551 557 561 558 545 519 498 483 472 461 454
03 12 445 440 432 427 421 416 410 417 446 475 503 523 540 553 560 563 560 548 522 501 486 475 463 456
03 13 448 443 435 429 423 418 413 420 449 479 506 526 543 555 563 566 562 549 525 503 488 477 465 457
03 14 449 444 436 430 424 419 414 422 451 480 507 527 544 556 563 566 562 550 525 504 489 478 466 459
03 15 450 445 437 430 425 419 414 424 452 481 508 528 544 557 564 568 564 552 527 505 490 480 468 461
03 16 452 447 438 431 426 421 415 426 455 485 512 532 548 561 569 572 568 556 531 509 493 483 471 463
03 17 454 450 441 434 428 423 418 430 460 490 517 538 554 567 575 578 575 563 538 515 499 489 477 469
03 18 460 455 447 440 434 429 424 436 467 498 524 545 561 573 581 584 580 568 542 520 504 493 482 474
03 19 465 460 451 444 438 433 428 441 472 502 529 548 565 577 586 588 583 573 548 524 508 498 486 478
03 20 469 463 455 448 443 437 432 445 476 507 533 552 569 581 589 592 587 577 552 528 512 502 490 482
03 21 473 467 458 451 446 440 435 448 480 511 537 557 574 586 594 597 592 582 557 532 516 506 493 485
03 22 477 469 461 453 448 443 438 452 484 515 541 561 578 590 598 601 595 585 561 536 520 509 496 487
03 23 478 471 462 456 450 445 440 455 487 518 544 564 581 593 601 604 599 589 565 540 523 512 499 491
03 24 482 474 466 459 454 448 444 459 491 522 548 568 584 596 604 607 602 592 567 542 526 515 502 493
03 25 484 476 468 461 455 449 445 462 494 525 550 570 587 599 606 609 604 594 569 544 527 515 503 494
03 26 485 476 468 461 455 449 445 463 497 528 554 574 592 604 611 614 609 599 573 547 531 518 506 497
03 27 488 479 472 465 459 453 449 468 502 533 559 579 596 609 615 618 614 603 578 551 535 522 509 500
03 28 491 482 474 467 462 456 452 472 506 537 562 582 599 612 618 622 618 608 582 554 538 525 512 504
03 29 494 485 476 470 464 458 455 476 510 541 566 587 603 616 623 626 623 613 587 559 543 529 517 508
03 30 498 488 480 474 468 462 458 481 515 546 571 591 607 620 627 630 626 616 590 563 546 532 520 511
03 31 502 492 484 478 472 466 462 485 518 549 574 594 610 622 628 632 629 618 594 566 550 535 524 514
04 01 505 495 488 482 475 469 465 489 521 551 575 595 612 624 630 633 630 619 595 568 551 536 524 516
04 02 506 496 488 482 476 469 465 490 523 552 576 596 612 624 631 634 631 621 597 570 552 538 525 517
04 03 507 498 490 484 476 471 467 493 526 556 580 600 615 628 635 638 635 623 600 573 555 541 527 519
04 04 509 500 492 486 479 473 469 497 531 560 584 605 620 633 640 643 639 627 604 577 558 543 530 522
04 05 510 502 495 489 480 475 471 500 534 563 587 607 622 635 642 644 641 629 606 579 560 545 532 524
04 06 513 505 497 490 483 477 474 503 536 566 590 609 623 637 645 647 644 632 609 582 563 549 536 527
04 07 516 508 501 494 486 480 478 507 540 570 594 613 628 641 649 651 648 636 613 585 566 551 538 529
04 08 518 511 503 496 488 482 480 510 544 574 597 617 631 644 653 654 651 638 616 588 568 554 541 530
04 09 521 513 506 499 490 485 484 514 548 578 601 621 634 647 656 657 654 641 619 591 571 558 544 534
04 10 524 517 509 502 493 488 487 518 551 580 603 622 635 648 657 657 655 642 620 592 573 559 545 534
04 11 525 517 509 502 493 489 488 520 554 584 608 626 639 651 660 660 657 645 622 595 575 561 547 537
04 12 527 520 512 505 496 492 491 524 558 588 613 631 644 656 666 666 662 650 628 601 580 566 553 542
04 13 533 525 518 510 502 497 497 529 564 593 618 636 650 661 670 671 667 654 632 605 585 571 557 547
04 14 537 529 522 513 506 502 501 534 568 598 622 640 654 665 675 675 671 659 637 610 590 575 561 551
04 15 541 534 526 517 509 505 506 538 573 602 626 644 657 669 678 679 674 662 640 613 593 579 565 554
04 16 544 537 529 520 512 508 509 542 577 606 631 647 661 672 682 683 678 666 644 616 596 582 568 557
04 17 547 540 532 524 516 512 513 546 581 611 635 652 666 677 686 687 682 670 649 620 601 586 573 562
04 18 552 545 537 529 521 516 518 552 586 615 639 656 669 680 689 689 686 673 652 623 603 589 576 565
04 19 554 547 539 531 523 519 521 555 588 617 641 658 671 681 690 691 687 675 654 625 605 591 578 567
04 20 557 549 541 533 526 521 525 558 592 620 644 661 674 684 692 694 690 678 657 627 608 594 580 569
04 21 559 551 544 536 529 523 527 561 595 624 648 665 678 688 696 697 693 681 660 630 610 596 582 571
04 22 561 553 546 538 530 525 529 563 598 627 651 667 680 690 698 699 695 684 662 633 613 599 585 574
04 23 565 557 550 542 534 529 534 568 603 631 655 672 686 695 703 705 701 690 668 638 618 604 590 579
04 24 569 561 554 546 540 533 539 572 606 634 658 675 688 697 705 706 702 692 670 639 620 606 592 582
04 25 572 564 557 549 543 536 542 575 609 636 660 677 690 700 706 708 703 693 672 641 622 607 594 585
04 26 574 567 560 552 546 539 546 578 611 638 661 678 690 700 707 707 703 692 672 642 623 608 595 585
04 27 574 567 560 552 546 540 547 579 612 638 661 678 690 700 706 707 703 692 672 643 623 609 595 585
04 28 574 567 561 553 547 541 549 582 615 641 664 681 693 704 709 710 706 696 676 646 626 611 598 588
04 29 577 569 564 557 550 544 553 586 619 645 668 685 696 707 712 713 709 699 679 649 629 613 600 591
04 30 580 572 567 560 553 547 557 590 623 649 671 689 700 710 716 716 712 702 682 652 632 617 604 594
05 01 583 574 568 562 556 550 560 593 626 653 675 693 704 715 719 719 716 706 686 657 636 621 607 597
05 02 587 578 573 566 560 554 565 598 631 657 680 697 708 719 723 723 719 710 690 660 640 624 610 600
05 03 590 580 575 568 562 556 568 601 634 660 682 700 711 722 726 726 722 712 693 663 643 626 613 602
05 04 592 583 577 570 565 559 571 604 637 663 685 702 714 724 727 727 723 713 694 665 645 628 615 604
05 05 595 585 580 574 568 563 575 607 640 666 688 705 716 727 731 730 726 716 698 669 648 631 619 607
05 06 598 589 583 577 571 567 579 612 644 669 691 709 719 730 734 733 729 720 701 672 652 635 622 611
05 07 601 593 587 581 575 571 583 615 647 673 694 711 723 734 737 736 732 722 704 675 654 638 625 613
05 08 604 595 588 583 576 572 585 617 649 675 696 713 724 735 738 738 734 724 706 677 656 640 627 615
05 09 606 597 590 585 578 574 588 620 652 679 700 716 727 738 742 742 738 728 710 682 660 643 630 618
05 10 608 599 593 587 581 577 591 623 656 683 704 721 732 743 747 747 744 733 715 686 664 647 634 621
05 11 612 603 597 591 585 581 595 628 660 687 708 725 737 748 752 752 749 738 721 690 668 651 637 625
05 12 616 607 601 595 588 584 599 632 664 692 713 729 742 752 755 756 752 742 724 694 671 654 641 629
05 13 620 610 604 598 591 587 602 635 666 694 714 730 743 753 756 757 753 743 725 695 672 656 642 630
05 14 622 612 606 599 592 588 604 637 668 696 716 733 745 755 758 759 755 743 726 697 674 657 644 631
05 15 623 613 606 601 593 589 605 638 669 697 718 734 746 757 760 761 757 746 728 699 675 659 645 633
05 16 624 615 609 603 596 592 608 641 672 699 720 737 749 760 763 765 761 749 732 702 678 662 648 636
05 17 627 618 611 605 598 594 611 643 674 702 722 739 750 761 765 766 762 750 734 704 681 664 651 639
05 18 630 621 615 609 602 598 614 646 677 704 724 741 752 763 766 767 764 752 735 707 683 667 654 643
05 19 633 625 619 612 606 602 618 649 679 706 727 743 753 764 768 769 766 754 737 709 686 670 657 646
05 20 636 627 621 614 608 604 620 651 682 709 729 744 755 766 770 771 768 756 739 712 688 673 660 648
05 21 639 630 623 616 610 606 623 653 684 710 730 745 757 767 771 773 770 757 741 713 689 673 661 650
05 22 640 631 625 617 612 608 625 655 686 712 732 747 758 769 774 775 772 760 743 716 691 675 663 652
05 23 642 633 627 619 614 610 628 658 689 715 735 750 762 772 777 777 774 763 746 719 694 678 666 655
05 24 645 636 630 623 617 613 632 662 693 718 738 753 765 775 780 781 777 766 748 721 696 680 669 658
05 25 648 640 633 625 620 616 635 665 695 721 741 756 767 777 782 782 779 768 751 724 699 684 672 661
05 26 651 642 635 628 623 620 638 668 699 724 745 759 771 780 785 785 781 770 753 727 703 687 675 664
05 27 655 646 639 632 628 624 642 672 702 727 747 762 773 783 788 788 783 772 756 729 705 689 678 667
05 28 657 649 642 635 630 628 646 674 706 730 750 765 775 785 790 790 785 775 758 732 709 693 681 670
05 29 660 652 645 638 634 631 649 678 709 733 752 767 778 787 793 793 787 778 761 735 711 695 683 672
05 30 663 654 648 641 636 634 651 681 712 736 755 769 780 789 794 794 788 779 762 736 713 698 685 674
05 31 664 656 650 643 638 636 654 683 714 738 758 772 782 791 796 795 790 781 764 738 715 700 687 676
06 01 667 658 652 646 641 638 657 686 718 742 762 775 785 794 799 798 793 784 767 741 717 702 690 679
06 02 670 662 655 649 643 642 661 690 722 746 765 779 790 799 803 803 797 788 772 745 721 705 693 682
06 03 673 664 657 652 646 644 663 694 726 750 769 784 795 803 807 807 801 792 775 748 724 708 696 685
06 04 676 667 661 655 650 647 667 697 729 752 773 787 798 805 810 810 804 794 778 751 727 711 699 688
06 05 678 670 664 658 653 651 670 700 732 756 776 791 801 808 812 812 805 797 780 753 730 714 702 692
06 06 682 673 667 662 656 654 674 704 735 759 780 794 804 812 815 814 808 799 783 756 733 717 705 695
06 07 684 676 670 664 659 657 676 707 738 763 783 797 807 815 818 817 811 802 785 759 735 719 707 697
06 08 686 678 672 666 661 658 678 709 741 766 786 801 810 818 821 820 814 805 788 763 738 722 709 699
06 09 688 679 674 668 663 660 681 712 744 769 788 803 812 820 823 822 816 807 790 765 740 723 711 701
06 10 690 681 675 670 664 661 682 714 745 770 790 805 815 823 825 824 818 809 792 767 741 725 712 702
06 11 692 683 676 671 665 662 683 715 747 773 793 808 818 826 828 827 822 812 796 769 744 727 715 704
06 12 694 685 678 673 667 664 686 718 749 776 796 811 822 829 831 830 825 815 799 773 746 729 717 706
06 13 697 688 681 675 670 666 688 720 752 779 800 815 825 833 835 833 829 819 803 776 750 732 720 710
06 14 700 692 684 679 673 670 691 723 755 782 803 818 829 836 838 837 833 823 807 781 753 736 724 714
06 15 703 695 688 682 676 673 694 726 758 786 806 821 832 840 841 840 836 825 809 783 756 738 726 716
06 16 705 697 690 683 678 675 696 728 760 787 808 823 835 842 844 842 838 828 811 785 758 740 727 717
06 17 706 698 691 684 679 676 697 729 761 789 810 825 836 844 845 843 839 829 812 786 759 741 728 718
06 18 708 699 692 685 680 677 698 730 763 791 813 827 839 846 847 845 840 830 814 788 761 742 730 719
06 19 709 700 693 686 681 678 699 732 765 794 815 830 841 849 849 846 842 832 816 789 762 744 731 720
06 20 710 701 694 687 681 678 700 733 766 795 816 831 843 850 851 848 843 834 817 790 763 745 731 721
06 21 711 702 695 688 682 680 701 733 767 796 817 832 844 850 852 849 844 834 818 791 764 746 732 722
06 22 712 703 696 689 683 681 702 734 768 796 818 833 845 852 852 850 845 835 819 792 765 747 733 723
06 23 713 705 698 691 685 682 702 735 768 796 818 833 846 852 853 850 844 835 818 791 766 748 735 724
06 24 714 706 699 692 686 684 704 736 769 797 819 834 847 853 854 851 845 836 819 792 767 750 736 725
06 25 716 708 701 694 688 685 705 736 770 798 819 835 848 853 855 852 847 838 821 794 768 751 738 727
06 26 717 709 702 695 689 686 706 737 771 799 820 836 848 854 856 853 847 839 822 795 769 752 739 728
06 27 719 711 704 697 690 687 707 738 772 800 822 837 850 856 857 854 848 840 823 796 770 753 740 730
06 28 720 712 705 698 692 689 708 740 773 800 822 837 850 855 857 854 848 839 823 796 770 754 741 730
06 29 721 713 706 699 693 690 709 740 773 800 822 837 850 856 858 855 848 840 824 797 771 754 741 731
06 30 721 713 706 699 693 691 709 741 774 800 822 838 851 857 859 855 849 841 825 798 772 755 742 731
07 01 722 714 707 700 693 691 710 741 775 802 824 840 853 859 861 857 851 843 827 800 774 757 744 733
07 02 724 716 708 702 696 693 711 743 776 803 826 841 854 860 862 858 853 844 828 801 775 759 746 735
07 03 725 718 710 704 698 695 713 744 777 804 826 842 855 861 863 859 854 845 829 802 776 759 747 736
07 04 727 719 711 705 699 696 714 745 778 805 827 842 856 862 864 860 854 846 830 803 777 761 749 738
07 05 728 720 713 707 701 698 716 746 779 806 828 844 857 863 865 861 855 847 831 803 778 762 750 739
07 06 730 722 715 708 702 699 717 747 780 808 829 844 857 864 866 862 856 848 831 804 779 763 751 740
07 07 730 722 715 709 703 700 717 748 780 808 830 845 857 864 866 862 856 848 832 805 779 762 751 740
07 08 730 722 715 709 703 700 717 749 781 809 830 846 859 866 868 863 859 851 834 806 780 763 752 741
07 09 732 723 716 710 704 701 718 749 782 810 831 847 860 867 869 865 861 853 836 808 782 764 753 742
07 10 733 724 717 711 706 702 719 751 784 812 833 849 861 868 870 866 862 853 836 808 782 765 754 743
07 11 733 725 718 712 707 703 720 752 786 813 834 850 863 870 872 867 863 854 837 809 783 766 754 744
07 12 734 725 719 713 708 704 720 754 787 815 836 852 864 871 873 869 865 856 839 810 785 768 755 745
07 13 734 726 720 713 708 705 721 754 789 817 839 854 866 873 875 872 868 859 842 813 787 770 757 746
07 14 736 727 722 715 710 706 722 755 790 819 841 856 868 875 876 872 868 859 841 812 787 770 758 747
07 15 737 729 723 716 711 708 723 755 790 819 840 856 867 875 875 870 865 857 839 810 786 769 757 747
07 16 738 729 723 717 712 708 723 755 789 817 838 854 866 873 873 869 864 855 837 808 785 768 756 746
07 17 736 727 721 715 710 706 721 754 788 817 837 853 864 872 872 868 863 855 837 808 784 767 755 745
07 18 735 726 720 714 709 705 719 752 787 815 836 852 863 871 872 869 864 856 838 808 784 767 756 745
07 19 735 726 720 713 709 705 719 752 787 816 837 852 864 872 874 870 865 856 838 808 784 767 755 745
07 20 735 726 720 714 709 706 719 752 787 815 837 853 864 873 875 871 866 857 840 810 785 768 756 745
07 21 736 727 720 714 710 706 719 752 787 816 837 853 865 874 874 872 867 858 840 810 785 769 756 746
07 22 736 727 721 715 710 706 719 752 787 815 837 852 864 873 874 873 868 859 841 810 786 770 757 747
07 23 737 728 722 716 711 707 720 753 787 815 837 851 864 873 873 872 867 857 840 810 786 770 757 747
07 24 737 728 722 716 711 707 719 752 786 814 836 851 863 872 873 873 867 857 839 809 785 769 756 746
07 25 736 728 721 715 710 707 718 750 784 813 835 850 863 872 873 873 868 857 839 809 785 768 755 745
07 26 735 727 720 714 709 705 717 748 782 812 834 850 862 872 873 873 867 857 839 808 784 768 755 744
07 27 734 726 718 713 707 704 715 747 781 811 834 850 862 872 873 873 867 857 838 808 783 768 755 744
07 28 735 726 718 713 708 704 715 746 781 811 834 850 862 872 874 873 867 856 837 806 782 767 754 743
07 29 734 725 718 713 707 704 714 745 780 809 832 848 861 870 873 874 867 857 838 806 782 767 754 743
07 30 733 725 718 712 707 703 713 745 779 809 832 848 860 870 874 875 869 857 837 806 782 766 753 742
07 31 732 724 717 711 706 702 712 744 778 808 831 848 859 869 874 874 868 857 837 805 780 766 752 741
08 01 732 724 716 711 705 701 711 743 777 808 831 847 859 868 873 873 867 856 836 804 780 765 751 741
08 02 731 723 716 710 705 701 711 742 777 808 831 848 859 868 874 873 867 856 835 803 779 763 750 740
08 03 730 722 715 709 704 700 709 741 776 807 831 848 859 867 873 873 867 855 834 802 778 762 749 739
08 04 728 721 714 708 703 698 707 740 775 806 830 847 858 866 872 872 865 854 833 800 776 760 748 737
08 05 727 719 712 706 700 696 705 737 774 805 829 846 857 865 872 871 864 853 832 799 775 759 746 735
08 06 725 717 711 704 699 694 703 735 773 805 829 846 857 864 871 871 863 852 830 797 774 757 745 734
08 07 724 716 709 702 697 692 700 733 771 804 829 847 857 865 872 871 863 853 830 797 772 756 743 732
08 08 722 714 707 700 695 690 698 732 770 803 829 846 857 865 872 870 863 853 830 796 772 756 743 732
08 09 722 714 707 701 695 691 699 732 770 804 829 847 858 866 873 871 863 853 829 796 772 756 743 732
08 10 722 715 708 701 696 691 699 732 771 804 830 848 859 866 873 871 864 854 830 796 773 756 744 733
08 11 723 716 709 701 697 692 699 732 770 802 829 847 858 865 872 870 863 854 829 795 772 756 743 732
08 12 723 715 708 701 696 692 698 730 769 801 828 846 857 865 872 870 862 852 828 795 772 755 742 731
08 13 722 714 707 700 695 691 697 729 767 800 827 845 857 865 871 869 862 852 828 794 771 754 742 730
08 14 721 714 706 699 694 690 695 728 766 800 827 845 856 865 870 869 863 853 829 794 771 754 742 730
08 15 721 714 706 699 694 690 695 728 766 800 827 845 858 866 871 870 864 855 830 795 772 755 742 730
08 16 721 714 706 699 694 690 695 728 766 799 826 845 857 865 871 871 864 854 829 794 771 755 742 729
08 17 721 713 706 698 693 689 693 726 764 798 825 844 856 864 870 870 863 853 828 793 770 754 741 729
08 18 720 712 705 698 692 688 692 725 763 797 824 844 856 864 870 870 865 854 829 794 771 755 742 729
08 19 720 712 705 698 693 688 692 724 763 798 825 844 857 865 871 871 866 855 829 795 772 755 742 730
08 20 721 713 706 699 693 689 693 725 763 798 826 845 858 867 872 872 867 855 829 795 772 756 743 731
08 21 722 714 707 700 695 691 694 725 763 797 825 845 858 867 872 872 866 854 828 795 772 756 743 731
08 22 722 714 708 701 696 691 695 725 762 797 824 843 857 865 869 871 865 853 827 793 770 756 743 731
08 23 722 713 707 701 695 691 694 724 761 795 822 842 855 863 868 869 863 851 824 791 768 753 741 729
08 24 720 712 705 699 693 689 691 722 759 793 821 840 854 862 867 867 862 849 823 789 766 752 739 727
08 25 718 710 704 698 691 687 690 720 756 791 819 838 852 860 864 865 860 846 820 786 764 750 737 725
08 26 717 708 702 696 689 685 688 718 755 790 817 837 850 859 863 863 858 843 818 784 762 748 735 724
08 27 715 707 700 695 688 684 686 716 752 787 814 833 846 854 859 860 855 841 815 781 759 745 733 721
08 28 712 704 697 692 685 680 683 713 750 786 812 831 844 852 857 858 852 838 811 777 755 742 729 718
08 29 708 700 693 688 681 677 679 710 747 782 809 828 842 850 855 855 850 835 808 775 753 739 726 715
08 30 706 697 690 685 679 674 676 707 744 780 806 826 840 848 853 854 847 832 805 772 750 737 724 713
08 31 703 695 688 683 677 672 674 705 741 778 805 825 839 848 852 853 847 831 803 770 748 735 722 712
09 01 702 693 687 682 675 670 672 703 739 776 803 823 838 846 851 851 844 828 800 768 746 733 720 710
09 02 700 692 685 680 673 668 670 701 737 773 800 820 834 843 847 847 840 823 795 763 742 729 717 706
09 03 697 688 682 676 670 665 666 697 733 769 796 816 831 840 844 845 838 821 792 760 739 726 714 703
09 04 693 685 678 673 667 662 663 693 730 766 793 813 828 838 841 842 835 818 789 757 736 723 710 700
09 05 690 682 675 670 664 659 660 690 727 764 791 811 826 836 840 840 833 816 786 754 733 720 707 697
09 06 687 679 671 666 660 655 655 687 724 762 789 809 825 835 839 840 832 815 784 752 732 718 705 695
09 07 685 677 669 664 658 653 653 685 722 760 788 808 823 833 838 839 831 814 781 750 730 716 702 692
09 08 682 674 666 660 655 650 650 681 718 756 783 804 819 829 834 834 826 809 777 745 725 711 698 688
09 09 678 670 663 657 652 647 647 677 714 752 779 799 815 825 830 830 822 805 772 740 720 707 693 683
09 10 673 665 658 652 647 643 642 671 709 747 775 795 811 821 826 826 819 801 768 736 716 702 689 679
09 11 669 661 654 647 643 638 637 667 705 743 772 793 809 819 824 824 816 799 764 732 712 698 685 675
09 12 665 658 650 644 639 634 634 663 701 740 770 791 807 817 822 822 815 797 762 730 710 696 683 672
09 13 663 655 648 641 637 632 632 661 699 738 768 789 804 814 819 819 812 793 758 726 706 693 679 669
09 14 660 652 645 638 633 628 628 656 695 734 764 785 800 810 814 814 807 789 753 722 701 688 675 665
09 15 655 648 641 634 629 625 624 652 691 729 759 781 795 806 811 810 804 785 749 718 698 685 672 661
09 16 651 644 637 631 625 621 619 647 686 725 754 775 790 800 805 804 798 779 743 712 692 679 666 655
09 17 646 638 632 625 620 616 614 642 681 719 749 770 784 795 801 800 793 775 738 707 687 675 662 652
09 18 642 635 628 621 616 612 610 638 677 714 744 766 780 791 796 795 788 769 732 702 682 670 657 647
09 19 638 630 624 617 612 607 606 633 672 709 739 760 775 785 791 789 783 764 726 697 678 665 653 642
09 20 633 625 619 612 607 602 601 627 666 704 734 755 770 781 787 785 779 760 721 692 673 661 648 638
09 21 628 620 614 608 603 597 596 622 662 699 730 751 766 777 782 781 774 754 716 687 668 655 642 631
09 22 621 614 608 601 595 590 588 615 655 693 725 746 760 772 777 776 769 749 710 681 662 650 637 626
09 23 616 609 603 597 591 586 584 610 651 690 721 743 758 769 775 774 767 746 707 678 659 646 633 623
09 24 613 605 599 592 586 581 578 605 647 686 719 741 755 766 772 771 764 744 704 675 656 643 630 619
09 25 610 601 595 588 582 577 574 602 644 683 717 738 753 764 769 768 761 740 700 671 653 639 626 615
09 26 605 597 591 584 578 573 570 597 639 680 713 734 750 761 766 765 758 737 696 669 650 637 624 613
09 27 603 594 588 582 575 570 567 594 636 677 710 731 746 758 763 761 754 732 692 665 647 634 621 610
09 28 600 591 585 578 571 567 563 590 631 672 706 727 743 754 760 758 751 728 688 661 643 630 617 606
09 29 596 587 581 575 568 563 559 585 627 669 702 724 739 750 756 754 746 724 683 656 640 626 612 601
09 30 591 582 576 569 562 558 554 579 622 663 696 718 733 744 750 748 741 718 677 650 634 620 606 595
10 01 585 577 570 564 557 553 549 575 617 659 693 715 731 742 748 746 739 715 675 648 632 617 604 593
10 02 583 574 568 561 555 550 547 572 614 657 691 713 729 740 745 743 736 712 672 645 629 614 600 589
10 03 579 571 564 558 551 547 543 568 610 653 688 709 726 737 743 741 733 709 669 642 626 611 597 586
10 04 576 568 561 554 547 543 539 564 607 650 685 707 723 734 739 738 730 706 666 638 623 608 594 583
10 05 573 565 558 551 545 541 537 561 604 647 682 704 721 731 736 734 727 702 663 635 620 605 592 581
10 06 571 563 556 549 543 539 535 558 601 643 678 700 716 726 732 730 722 697 659 632 617 602 590 579
10 07 569 561 555 548 541 538 533 555 598 639 674 696 713 722 728 726 718 693 655 629 613 598 586 575
10 08 566 558 552 545 538 535 530 552 594 636 671 693 710 719 725 723 715 690 651 626 610 595 584 572
10 09 563 556 549 543 536 532 528 548 590 632 666 689 705 715 721 719 711 685 647 622 606 592 580 570
10 10 560 553 547 540 534 530 526 546 586 628 662 685 701 710 717 715 707 681 644 619 604 590 578 568
10 11 558 551 545 538 533 529 524 543 584 624 658 681 697 706 712 710 702 676 639 615 600 586 574 564
10 12 555 548 541 534 529 526 521 539 579 618 652 675 690 700 706 704 696 669 633 609 594 580 569 559
10 13 550 543 537 530 524 521 516 533 574 613 647 670 686 695 701 700 691 665 630 605 590 577 566 556
10 14 548 542 534 528 523 519 514 531 571 609 643 666 682 692 698 697 688 661 626 603 587 574 563 553
10 15 545 539 532 526 520 517 513 528 568 606 640 663 680 689 696 694 684 656 623 601 585 572 561 551
10 16 543 538 531 525 519 515 511 526 565 603 636 659 675 685 691 689 679 652 619 597 581 568 558 548
10 17 539 535 528 521 516 512 508 522 561 598 631 654 670 681 687 684 675 648 614 593 577 564 554 544
10 18 536 531 524 518 513 509 504 518 557 595 627 651 666 677 682 680 670 643 611 590 574 561 551 542
10 19 533 528 521 516 510 507 503 515 554 592 624 647 662 673 679 676 666 639 607 586 571 558 548 538
10 20 530 525 518 513 507 504 499 511 550 587 620 642 658 668 675 672 662 635 603 583 567 555 545 535
10 21 526 521 514 509 504 500 495 507 545 583 615 639 655 666 672 670 659 631 600 580 563 551 541 531
10 22 522 517 510 505 500 497 492 503 542 580 613 637 652 664 670 668 657 629 598 578 562 550 540 530
10 23 521 516 509 504 499 496 492 502 540 577 610 634 650 661 667 665 654 625 596 576 560 548 538 528
10 24 520 515 508 504 498 496 492 501 539 575 608 633 649 660 667 664 653 624 595 575 560 548 538 528
10 25 520 515 508 504 498 495 491 499 537 573 606 631 647 658 665 662 651 622 592 572 557 545 535 526
10 26 518 512 505 500 494 491 488 496 534 569 603 628 644 655 661 659 647 617 588 569 554 541 531 522
10 27 514 509 501 498 491 488 485 493 530 566 600 624 641 653 658 656 644 613 585 567 551 539 529 520
10 28 512 506 499 495 488 486 483 490 527 563 596 620 636 648 654 651 639 608 581 563 548 535 525 516
10 29 508 503 496 492 485 483 480 487 522 558 591 614 630 642 648 644 633 602 576 558 544 531 522 513
10 30 505 498 492 488 482 478 476 482 517 552 584 608 624 636 641 638 627 597 570 553 539 527 518 509
10 31 501 494 487 484 478 474 471 477 512 548 580 604 620 632 638 635 623 592 566 549 535 523 513 505
11 01 497 491 484 481 475 471 469 474 509 545 578 602 617 630 635 632 620 589 563 547 533 521 511 503
11 02 495 490 482 478 473 469 467 471 506 542 575 600 616 628 633 629 618 586 561 544 530 519 509 501
11 03 494 488 481 476 470 466 464 468 502 537 570 595 611 623 628 625 613 581 556 540 526 515 506 498
11 04 491 485 478 473 467 462 460 464 497 532 564 589 605 618 623 620 608 576 551 535 523 511 502 494
11 05 487 481 474 470 463 459 458 461 493 528 558 583 599 611 616 613 601 570 546 531 519 508 499 491
11 06 484 479 471 467 461 456 455 457 488 523 553 577 594 605 610 607 595 564 540 526 514 503 495 487
11 07 480 474 466 462 456 451 450 453 483 517 548 572 588 600 605 602 589 559 536 522 510 499 491 482
11 08 475 470 462 458 452 448 446 448 478 512 541 565 581 593 597 594 581 552 529 516 504 493 485 477
11 09 470 465 457 453 447 442 441 443 472 505 535 559 575 585 589 586 574 545 524 510 499 488 480 472
11 10 466 461 453 449 443 438 437 438 466 499 528 552 568 579 584 581 569 540 519 506 495 485 477 469
11 11 462 458 451 446 440 436 434 435 463 496 526 549 565 576 581 578 566 537 516 503 493 484 476 468
11 12 462 458 451 446 441 436 434 435 462 495 525 548 565 575 580 577 565 536 516 503 493 483 475 467
11 13 461 457 450 445 439 435 433 433 460 493 523 546 562 574 578 576 563 535 514 501 491 482 474 466
11 14 460 456 448 444 438 434 432 432 458 491 522 544 561 572 577 574 561 532 512 499 489 479 471 464
11 15 458 453 446 441 435 432 429 429 455 488 518 541 558 568 574 571 559 530 510 497 486 478 470 462
11 16 456 452 445 440 434 431 428 428 453 485 514 537 554 565 570 568 555 527 507 494 484 475 468 460
11 17 453 449 441 437 430 427 424 425 448 480 509 531 549 559 565 563 550 522 502 490 480 471 463 455
11 18 449 445 438 434 428 425 423 423 446 478 507 530 547 557 564 562 548 519 501 488 478 469 462 455
11 19 449 444 437 434 429 426 424 424 447 479 508 530 547 557 563 561 547 519 500 488 479 470 463 455
11 20 450 445 439 436 430 428 425 425 447 479 508 530 546 556 563 561 548 519 501 489 479 470 463 456
11 21 451 445 440 436 431 428 426 425 446 476 504 527 542 552 558 556 543 515 497 485 476 468 460 454
11 22 449 443 438 434 430 426 423 422 443 472 500 522 538 549 554 553 540 511 494 481 473 465 458 451
11 23 446 441 435 432 428 425 421 420 441 470 497 519 534 545 550 549 536 508 491 477 469 461 455 447
11 24 443 437 431 428 424 421 417 416 437 466 493 514 530 541 547 545 532 503 486 473 465 457 451 443
11 25 439 433 427 425 421 418 415 414 435 464 491 512 528 539 544 543 529 501 485 472 463 455 448 441
11 26 437 431 426 424 421 417 414 413 433 461 487 508 524 534 540 539 525 498 482 468 460 452 445 438
11 27 433 427 421 419 415 412 409 407 426 454 479 501 517 526 532 531 517 490 474 462 453 445 439 432
11 28 427 420 416 414 410 406 404 403 421 448 473 495 511 520 526 524 511 484 469 456 447 440 434 426
11 29 422 416 411 409 406 402 400 399 418 443 468 489 505 514 520 518 506 479 465 452 444 436 430 422
11 30 418 412 407 405 402 399 396 395 413 438 463 484 499 508 514 513 500 474 460 448 439 431 425 418
12 01 414 408 404 401 398 394 392 391 408 432 458 479 494 502 508 507 494 470 455 444 435 428 422 415
12 02 411 405 401 399 396 392 390 388 405 429 454 475 490 498 504 502 490 466 453 441 433 425 420 413
12 03 409 402 398 396 392 388 386 384 401 424 449 469 484 492 497 496 484 461 447 436 428 420 415 408
12 04 404 397 394 391 387 383 380 379 395 418 443 463 478 487 492 491 479 456 442 430 422 415 410 402
12 05 399 392 388 384 381 376 374 373 389 411 436 455 470 479 484 483 471 448 435 424 416 409 404 397
12 06 393 387 384 381 377 373 371 370 385 407 431 451 465 475 479 479 467 445 433 421 414 407 402 394
12 07 391 385 382 378 374 371 369 369 382 404 427 447 462 471 476 475 463 442 430 419 411 404 399 392
12 08 388 383 380 376 372 368 366 366 379 401 423 443 459 468 473 472 461 439 426 416 408 401 396 389
12 09 385 379 377 374 370 366 364 363 376 398 421 441 456 465 470 469 458 438 425 415 407 401 395 388
12 10 384 379 377 373 369 366 363 362 374 395 418 438 452 461 466 465 454 434 421 411 404 397 392 385
12 11 381 375 373 369 365 361 358 357 368 390 413 433 448 457 462 461 450 430 416 406 399 393 387 381
12 12 377 372 370 367 362 359 355 354 365 388 410 430 444 453 459 457 446 426 412 402 395 389 383 377
12 13 373 369 366 363 359 356 352 350 361 384 407 427 441 450 455 454 443 424 411 401 394 388 383 376
12 14 373 368 365 363 359 355 351 350 360 383 406 425 440 449 454 453 443 423 409 399 393 387 382 376
12 15 372 368 365 363 359 355 351 349 359 382 403 423 438 447 452 451 441 422 408 398 392 386 380 375
12 16 370 367 364 361 357 352 349 347 356 379 400 420 434 444 449 447 437 418 405 395 388 383 377 372
12 17 367 364 361 358 354 349 346 343 352 375 395 414 428 438 443 442 432 413 400 389 382 376 371 365
12 18 361 358 354 352 349 343 340 337 346 368 388 408 421 431 437 436 426 407 394 383 377 371 365 359
12 19 354 351 348 346 343 337 335 332 341 363 384 404 418 427 433 432 422 403 390 380 374 368 362 357
12 20 352 349 346 345 342 336 334 331 340 363 385 405 419 428 435 433 424 405 391 381 375 368 362 357
12 21 352 349 346 344 341 335 332 329 339 363 385 406 419 429 435 434 424 405 391 381 375 368 362 357
12 22 352 348 345 344 340 334 332 329 339 362 384 404 418 427 433 432 422 403 389 380 373 366 360 354
12 23 349 346 342 341 337 332 329 327 337 360 383 403 417 426 431 431 422 403 390 381 374 368 362 356
12 24 352 349 345 344 340 334 332 330 339 361 383 403 418 427 431 431 423 404 390 382 375 368 362 356
12 25 351 347 343 341 338 332 330 328 337 359 381 401 416 425 430 430 422 403 390 381 374 368 362 356
12 26 351 347 344 342 339 333 332 330 339 361 382 402 416 425 430 430 423 404 391 382 375 368 363 357
12 27 352 349 345 344 341 335 334 332 341 363 384 403 417 428 432 433 426 407 394 385 378 371 366 361
12 28 355 352 348 347 343 338 337 335 344 365 386 406 420 430 434 434 427 408 395 385 378 371 365 360
12 29 354 351 347 346 342 337 336 333 342 362 385 404 418 428 433 433 426 407 395 384 378 371 365 360
12 30 355 352 348 346 342 338 337 335 343 363 386 405 418 428 432 433 426 407 394 384 378 371 365 360
12 31 355 352 348 345 342 338 336 334 343 362 386 404 417 427 432 432 425 407 393 383 377 370 364 360
