01 01 244 248 246 244 246 244 245 245 258 308 349 374 388 398 400 394 375 333 305 287 274 265 260 255
01 02 250 253 250 249 250 249 248 247 261 311 351 375 390 399 402 396 377 335 307 288 276 266 260 256
01 03 250 253 250 249 249 249 247 247 261 311 351 375 390 400 403 397 378 337 309 289 277 268 262 258
01 04 251 254 250 249 250 249 248 248 262 314 354 379 394 404 407 401 382 341 311 291 280 271 265 260
01 05 253 255 251 249 250 248 247 246 260 313 353 378 393 403 405 400 382 340 310 290 278 270 264 258
01 06 253 254 250 248 249 248 246 245 260 314 354 379 394 404 407 401 384 342 311 290 279 270 263 259
01 07 254 253 249 247 247 245 243 242 257 311 353 379 394 404 407 403 385 344 312 290 280 271 263 259
01 08 253 253 250 248 248 247 245 243 258 314 355 381 397 408 411 406 389 347 315 292 281 273 265 260
01 09 255 253 250 248 247 246 245 243 257 312 352 377 392 403 407 402 385 344 312 289 278 270 262 258
01 10 252 252 248 246 245 244 243 242 255 310 351 375 389 400 404 400 383 341 310 286 276 267 260 256
01 11 250 248 245 243 242 241 238 238 252 307 347 372 387 399 403 399 383 341 309 286 275 267 261 257
01 12 252 249 247 244 243 241 240 240 254 310 350 375 389 401 406 402 385 343 310 287 276 268 261 257
01 13 250 247 245 243 241 240 238 238 253 309 349 374 389 400 405 402 386 344 311 287 275 267 260 256
01 14 249 247 245 243 241 240 240 240 255 310 350 376 390 402 407 404 388 346 313 289 277 268 262 258
01 15 251 248 246 244 242 241 240 240 255 310 350 375 390 402 406 403 388 347 313 289 276 267 260 256
01 16 250 247 245 243 241 241 240 240 255 310 350 375 390 401 406 403 388 347 314 289 276 266 260 255
01 17 249 245 244 241 240 240 240 240 255 310 351 376 391 403 408 405 390 350 315 290 277 267 260 257
01 18 252 246 245 242 242 241 242 241 255 310 351 375 390 401 406 404 389 349 314 290 276 266 259 255
01 19 251 245 244 242 241 241 241 240 254 308 348 372 387 399 404 402 388 349 314 290 275 264 258 254
01 20 252 245 244 242 240 241 242 241 255 309 349 373 389 401 406 404 390 353 317 295 279 268 263 260
01 21 256 250 248 245 245 245 246 246 259 311 350 374 390 402 407 405 390 354 319 297 281 270 264 261
01 22 256 250 248 246 246 245 245 246 259 310 348 371 387 399 404 401 387 352 317 295 280 269 263 260
01 23 255 249 247 245 245 245 244 245 259 310 348 369 385 397 402 400 387 352 317 295 280 268 263 260
01 24 255 250 248 245 246 245 245 246 261 312 351 373 389 401 406 404 390 356 320 298 283 270 265 262
01 25 256 250 249 246 246 246 247 247 261 312 351 374 390 401 406 404 391 357 321 299 283 271 265 262
01 26 256 250 248 247 247 247 247 247 262 313 351 373 389 401 405 403 390 357 321 298 282 269 263 259
01 27 254 248 246 244 245 245 245 245 259 310 348 370 386 398 402 400 388 356 320 297 281 268 261 257
01 28 252 246 243 242 242 242 242 242 256 307 345 367 383 395 400 398 385 354 318 296 281 267 260 256
01 29 249 244 242 240 240 239 239 239 255 305 343 364 381 393 398 396 384 354 318 295 280 267 259 254
01 30 247 244 241 239 239 239 239 239 255 306 342 364 381 393 399 397 385 356 318 297 281 267 260 254
01 31 247 243 241 239 240 239 238 238 254 304 340 363 380 392 398 397 385 356 318 297 281 268 260 255
02 01 246 244 241 239 240 238 237 238 255 304 338 360 376 389 394 393 383 354 316 295 279 266 259 253
02 02 243 242 239 238 239 237 236 237 254 303 338 360 377 389 395 394 383 355 317 295 279 267 259 253
02 03 244 242 239 238 238 234 235 236 254 303 337 358 376 387 394 392 381 354 315 292 277 265 257 250
02 04 239 238 236 235 236 232 233 234 253 302 336 358 375 386 393 391 380 353 314 291 276 263 255 247
02 05 235 234 232 231 231 228 229 230 250 300 334 356 374 385 392 391 381 354 315 291 275 263 254 246
02 06 234 234 232 232 232 230 231 232 253 304 339 361 378 390 397 396 386 359 319 295 279 267 258 250
02 07 238 238 236 236 235 233 234 235 257 306 341 364 381 392 399 398 389 362 322 298 282 269 260 251
02 08 239 239 236 236 236 233 234 235 257 307 341 364 381 392 399 399 390 364 323 300 283 270 260 252
02 09 240 239 237 237 237 234 235 236 259 309 342 366 383 395 402 401 392 367 327 303 286 274 264 255
02 10 245 243 242 241 241 237 238 239 264 313 345 369 387 399 406 405 396 372 331 307 291 278 269 260
02 11 250 247 246 244 244 241 242 243 268 317 349 373 391 402 410 410 401 377 335 311 295 282 273 265
02 12 257 252 251 248 248 247 246 248 274 324 355 379 397 408 416 416 408 384 342 317 299 286 278 270
02 13 263 257 256 253 254 251 251 252 280 329 361 385 403 415 422 422 414 390 347 321 304 290 282 274
02 14 268 261 259 257 257 255 254 255 283 333 365 389 406 418 426 427 419 395 352 325 307 294 285 277
02 15 273 265 263 261 260 258 257 258 288 338 370 393 411 422 430 430 422 399 356 328 311 298 289 280
02 16 277 267 265 262 262 260 259 259 291 341 373 397 415 427 435 435 428 405 361 334 316 303 294 285
02 17 282 270 267 265 264 262 262 261 295 344 376 400 419 431 439 440 432 409 366 338 320 307 297 288
02 18 284 273 270 268 267 265 264 264 298 347 379 404 423 435 443 444 437 415 371 344 326 312 302 293
02 19 290 278 275 272 270 268 267 266 302 350 382 406 425 438 446 448 441 419 375 348 329 315 305 296
02 20 293 281 278 276 273 272 270 269 306 352 383 408 427 439 448 449 442 420 377 349 331 317 306 297
02 21 294 282 279 277 275 272 270 269 307 352 383 407 427 439 447 448 441 420 377 349 331 317 306 297
02 22 294 283 278 276 273 271 269 267 307 353 384 408 428 441 449 450 443 423 379 351 333 319 308 299
02 23 294 284 279 277 275 272 270 269 310 356 388 412 432 445 453 454 448 428 384 355 338 323 312 303
02 24 297 288 283 281 278 276 273 273 314 360 392 415 434 447 455 457 451 432 388 358 341 325 314 304
02 25 298 289 283 281 279 277 274 274 317 362 394 417 437 450 457 460 454 434 390 361 342 327 315 305
02 26 297 290 284 282 279 277 274 275 320 364 396 420 439 452 460 462 456 437 393 364 345 329 318 306
02 27 297 291 286 284 281 278 276 277 322 366 398 422 441 454 461 464 458 438 395 365 347 331 319 307
02 28 296 292 287 284 281 278 275 278 322 366 398 421 441 454 462 464 458 439 396 368 350 334 322 309
03 01 296 293 288 285 282 279 276 279 324 366 398 421 441 454 461 463 457 439 397 369 351 335 323 311
03 02 298 295 289 287 283 279 277 281 327 369 401 424 444 457 465 467 461 443 401 372 353 337 325 313
03 03 299 298 293 290 286 283 280 285 332 374 405 428 447 461 469 470 464 446 404 375 356 339 327 315
03 04 302 300 295 293 288 285 282 287 335 376 408 430 450 463 471 472 466 449 408 379 359 342 331 319
03 05 306 304 299 296 292 290 287 293 341 382 414 436 454 467 475 476 470 453 412 382 362 345 333 320
03 06 308 306 301 297 294 292 288 296 345 386 417 440 459 471 478 480 473 457 416 386 366 348 337 324
03 07 312 309 303 299 296 293 289 298 347 388 420 442 461 474 481 482 476 460 420 389 369 351 341 328
03 08 317 313 307 303 300 297 293 302 350 390 421 444 462 476 483 485 479 463 423 392 372 355 343 330
03 09 320 315 310 305 302 299 295 305 354 393 423 446 464 477 484 487 481 465 426 395 375 357 346 333
03 10 323 318 313 309 305 302 299 310 358 397 427 450 468 480 487 490 483 468 429 398 378 360 348 336
03 11 324 321 315 310 306 303 300 311 359 397 425 448 467 480 487 490 483 467 430 399 379 362 350 337
03 12 326 322 316 311 307 303 300 312 360 397 425 448 467 481 489 491 485 470 433 402 382 365 352 340
03 13 330 325 319 314 310 306 302 316 363 401 429 451 469 484 492 494 488 473 437 404 384 367 355 343
03 14 332 328 321 317 312 308 304 318 366 404 431 454 471 486 494 496 490 476 440 406 386 369 357 345
03 15 336 330 323 319 314 311 307 321 370 408 435 458 475 490 497 499 493 479 444 409 389 372 360 348
03 16 339 332 325 321 316 312 309 324 373 410 438 462 479 494 502 504 498 484 449 414 393 375 362 351
03 17 343 335 328 323 319 316 312 327 376 412 440 463 479 493 501 503 496 482 448 413 394 377 363 351
03 18 344 336 328 323 319 315 311 327 375 410 438 461 478 492 499 502 496 482 449 414 395 378 364 353
03 19 344 336 329 324 320 316 312 330 378 413 441 463 480 494 501 503 497 483 451 415 397 380 367 355
03 20 346 337 330 325 320 316 312 330 378 413 440 463 480 493 501 503 497 483 451 417 398 380 368 356
03 21 347 338 331 326 321 317 313 332 378 411 439 461 477 491 499 501 495 481 450 417 398 381 368 356
03 22 347 339 332 326 321 318 314 334 378 411 438 460 476 490 498 500 493 480 450 417 398 381 368 356
03 23 345 338 331 325 320 316 313 334 379 412 439 462 478 491 500 500 494 480 451 417 399 382 368 356
03 24 344 338 331 325 320 317 313 336 380 414 441 464 480 493 501 502 495 482 453 419 399 383 369 356
03 25 345 338 331 325 320 317 315 339 384 417 445 467 484 497 505 505 498 485 456 421 402 385 372 359
03 26 349 341 334 328 323 320 317 343 387 421 449 472 488 501 508 509 502 488 460 425 406 388 375 362
03 27 351 343 336 330 325 322 320 346 390 423 451 474 490 503 509 510 503 489 461 426 407 389 376 364
03 28 352 344 337 331 326 323 321 348 391 424 452 476 493 504 511 511 504 490 463 428 408 390 377 365
03 29 353 344 337 331 327 324 322 349 392 425 454 477 494 506 512 512 505 491 464 429 410 392 379 366
03 30 354 345 338 331 326 324 322 351 394 427 456 480 497 508 514 514 507 494 467 431 412 394 382 369
03 31 358 348 340 334 328 326 324 354 397 430 458 481 498 509 515 515 508 495 468 432 413 397 385 370
04 01 359 349 341 335 329 327 325 356 398 431 459 483 500 512 518 518 512 498 472 436 417 400 387 373
04 02 361 351 343 337 331 329 328 360 402 435 463 486 503 515 521 520 514 501 474 438 419 401 389 374
04 03 362 352 344 338 333 331 329 361 403 435 463 486 503 516 521 521 514 501 475 439 419 401 389 374
04 04 362 354 345 340 333 331 330 363 405 437 465 488 506 519 524 524 518 504 477 441 421 403 391 376
04 05 365 356 348 342 335 333 332 367 408 441 469 492 511 523 529 529 522 509 482 445 425 407 394 379
04 06 368 359 351 345 340 338 337 373 415 449 477 501 519 531 536 537 530 517 489 451 431 413 400 385
04 07 374 364 356 350 345 343 343 380 423 456 484 507 526 538 543 544 537 525 497 458 437 419 406 391
04 08 379 369 361 355 349 347 347 385 427 460 489 512 530 542 547 548 542 529 501 462 442 424 411 396
04 09 383 373 365 359 353 350 350 389 431 463 491 514 532 545 550 551 545 532 505 465 444 427 413 398
04 10 385 375 368 361 354 352 352 392 435 467 495 518 536 549 555 556 550 537 510 470 449 432 418 402
04 11 390 380 373 365 359 357 358 399 441 474 502 524 543 556 563 563 556 543 516 475 455 437 422 406
04 12 394 384 377 370 363 361 362 405 447 479 507 528 546 559 566 566 559 547 520 479 459 441 426 411
04 13 398 388 381 375 368 365 367 409 451 482 510 531 549 562 568 569 562 550 523 482 462 445 430 414
04 14 402 393 385 379 372 369 371 414 455 486 513 535 553 565 571 571 564 551 525 485 463 446 431 415
04 15 402 393 386 379 374 370 373 417 458 489 516 537 555 567 572 572 565 553 527 487 466 447 433 418
04 16 403 396 388 382 376 373 377 422 463 494 521 542 560 572 577 577 571 558 532 492 470 452 437 422
04 17 408 400 393 386 380 376 381 427 467 498 524 545 563 574 579 580 573 561 536 496 474 455 440 426
04 18 413 403 396 389 383 379 385 431 471 501 527 548 565 576 581 581 576 564 539 499 477 458 443 428
04 19 415 405 398 390 384 380 386 434 474 503 530 551 567 577 582 583 578 567 542 502 480 461 446 431
04 20 418 407 400 393 387 383 389 437 477 507 533 555 571 580 585 586 581 570 546 506 483 463 448 435
04 21 421 411 402 395 389 384 391 439 478 507 534 555 572 582 587 587 583 572 548 510 485 466 451 438
04 22 423 412 404 397 391 386 393 441 478 508 535 555 571 581 586 587 582 571 548 509 485 467 451 438
04 23 424 414 406 399 393 388 396 443 479 509 535 555 572 582 586 587 581 570 547 509 485 467 452 439
04 24 425 415 406 400 394 388 397 444 480 509 536 556 572 582 586 587 581 570 547 511 486 468 452 439
04 25 426 415 406 400 395 390 399 445 480 509 536 555 571 581 585 585 579 568 546 510 485 467 452 439
04 26 425 415 406 400 394 389 399 446 480 509 536 555 572 580 585 585 579 568 547 512 486 469 454 441
04 27 428 416 408 401 396 391 403 448 484 513 539 558 575 584 588 589 583 572 552 515 490 473 457 444
04 28 431 419 410 403 398 393 405 452 487 516 542 562 578 587 591 592 586 576 555 519 493 475 459 447
04 29 434 421 412 405 400 394 409 455 490 519 546 565 582 591 595 595 590 580 560 523 498 480 463 450
04 30 438 425 416 410 404 398 413 460 494 523 550 570 586 596 600 601 595 586 565 529 502 485 467 454
05 01 442 429 420 414 407 402 417 463 498 526 552 572 588 598 601 602 596 587 566 530 503 486 469 456
05 02 443 429 421 414 409 404 420 466 501 529 556 576 593 602 606 606 601 591 571 535 507 489 472 459
05 03 445 433 424 417 412 406 423 470 505 534 561 581 598 607 612 612 606 596 576 540 512 494 476 463
05 04 449 437 429 422 417 412 429 476 510 540 566 586 603 613 617 617 611 601 581 545 516 498 480 467
05 05 453 442 432 425 420 415 434 480 515 545 570 590 607 616 620 620 614 604 584 547 519 501 483 469
05 06 454 443 435 428 423 418 437 484 519 548 573 593 610 618 623 623 616 606 586 550 521 503 485 471
05 07 457 447 438 431 426 421 441 488 523 553 578 598 615 623 628 627 621 611 591 555 526 507 489 475
05 08 463 451 441 435 429 424 446 493 528 558 583 604 620 628 633 633 627 617 597 560 532 512 494 480
05 09 468 455 446 439 433 428 452 498 534 563 589 610 626 634 639 638 633 622 602 565 537 517 499 485
05 10 473 460 451 444 439 434 458 504 539 568 594 615 631 639 644 642 638 627 607 571 542 521 503 489
05 11 477 465 455 449 444 438 463 509 544 573 599 620 637 645 649 648 643 633 613 576 546 526 508 493
05 12 480 468 459 453 447 442 467 514 548 577 603 625 641 648 652 650 645 634 614 579 549 529 510 496
05 13 482 472 462 456 451 446 472 518 553 581 608 628 645 652 655 653 648 637 617 583 552 532 514 499
05 14 484 475 466 460 455 450 476 523 557 586 612 632 648 656 660 657 653 641 621 587 556 536 518 504
05 15 488 479 469 463 457 453 480 526 561 590 615 635 651 659 663 660 655 642 623 589 559 538 520 506
05 16 490 481 471 464 459 455 483 529 563 592 618 638 654 662 665 662 658 646 626 593 562 542 525 510
05 17 495 486 476 469 463 460 488 533 566 595 620 640 655 662 664 662 657 646 627 594 563 542 526 511
05 18 496 487 478 470 465 462 491 535 567 595 620 640 655 662 664 662 657 645 627 594 564 544 528 513
05 19 497 490 481 473 468 464 493 535 568 596 622 642 657 663 665 662 658 646 628 596 566 546 530 516
05 20 499 493 484 476 471 467 496 539 572 599 625 645 659 666 669 666 661 649 631 600 570 550 534 520
05 21 503 497 488 481 476 471 501 544 577 604 630 650 664 672 674 671 665 654 635 605 575 555 539 525
05 22 508 501 493 485 479 475 505 548 581 609 634 654 668 674 676 673 667 656 637 607 577 558 542 528
05 23 510 504 495 488 483 478 508 552 585 611 636 656 669 675 678 674 668 657 639 609 579 560 544 530
05 24 512 506 497 489 484 480 510 552 585 613 638 657 671 677 680 677 670 660 642 612 582 562 546 532
05 25 514 509 500 492 486 482 512 555 588 616 642 661 675 681 685 682 676 666 647 617 586 566 550 536
05 26 518 512 502 494 489 484 514 557 590 618 643 662 676 683 686 684 677 666 648 618 588 567 551 538
05 27 520 514 504 497 490 486 515 557 590 618 643 662 676 683 687 684 678 667 649 619 589 569 553 539
05 28 522 516 506 498 492 488 517 559 591 619 644 663 678 685 688 686 680 669 652 621 592 571 556 543
05 29 526 519 508 501 494 490 519 560 591 619 644 663 678 685 688 686 681 670 652 622 593 572 557 544
05 30 528 521 509 502 496 491 521 561 594 621 647 667 682 690 693 692 686 676 658 627 598 577 561 548
05 31 531 524 513 507 499 495 525 565 598 626 652 671 687 695 699 698 692 681 663 633 602 582 564 551
06 01 535 527 516 509 502 498 528 568 601 630 656 676 693 700 705 704 697 686 669 638 608 587 569 555
06 02 540 531 520 513 506 502 532 573 607 636 662 682 699 706 711 709 701 689 673 642 611 591 573 558
06 03 543 534 523 516 509 505 536 578 611 640 666 685 702 709 714 713 704 693 677 646 615 594 576 562
06 04 546 537 526 519 511 507 539 581 614 644 669 689 706 713 717 716 708 697 681 650 618 597 579 565
06 05 550 540 528 521 512 509 541 583 616 645 672 692 709 716 719 717 710 697 681 651 619 598 581 567
06 06 552 542 530 522 514 511 543 584 617 647 673 693 711 718 721 719 712 700 684 653 621 599 582 568
06 07 555 544 532 524 515 512 544 586 619 649 675 696 714 721 724 721 715 703 686 656 623 602 584 570
06 08 556 546 534 527 518 515 548 590 623 653 679 700 717 725 727 724 718 705 689 659 625 604 587 573
06 09 558 548 535 528 520 517 550 593 626 656 683 704 721 727 728 725 720 707 691 661 626 606 588 574
06 10 559 549 537 530 522 519 553 596 630 660 687 707 723 731 732 728 723 711 694 664 630 610 592 577
06 11 561 552 540 532 525 522 556 600 635 665 691 713 729 736 738 735 729 717 700 670 635 615 597 582
06 12 565 555 543 536 529 525 560 605 640 671 697 719 735 743 745 741 735 722 705 675 639 618 600 585
06 13 568 559 547 539 532 528 564 610 646 676 703 726 742 750 751 747 740 727 710 679 643 623 605 589
06 14 573 562 551 542 535 532 567 613 649 679 706 728 745 751 752 747 740 727 711 680 644 624 606 591
06 15 574 564 553 544 537 533 569 615 651 681 708 730 747 753 753 749 742 730 712 682 646 626 608 593
06 16 576 567 555 547 540 536 572 618 655 684 712 734 750 756 757 753 746 733 716 685 649 628 611 596
06 17 578 570 558 549 543 539 575 622 659 689 716 739 756 762 763 759 752 740 721 689 652 632 616 600
06 18 582 573 561 552 546 541 578 626 663 693 721 744 761 767 766 762 755 744 724 692 656 635 619 604
06 19 585 576 564 555 550 545 581 628 665 695 723 745 763 769 768 763 756 744 725 693 658 638 621 606
06 20 587 578 567 557 552 547 583 630 668 698 725 747 766 772 771 767 760 749 729 697 661 641 624 609
06 21 589 581 570 560 555 550 587 635 673 703 730 752 771 776 776 772 764 753 733 701 664 645 628 612
06 22 592 584 574 564 559 554 590 639 677 707 735 757 775 781 781 777 769 758 738 705 670 649 632 617
06 23 597 588 578 567 562 557 593 642 680 711 738 760 779 784 785 781 773 762 742 709 674 654 636 621
06 24 601 592 582 571 566 560 596 645 683 714 742 765 784 790 792 786 779 767 747 714 679 658 641 626
06 25 606 597 585 574 569 563 600 650 688 719 747 770 789 795 796 792 784 771 751 718 682 661 644 629
06 26 610 599 588 577 571 566 603 654 692 723 752 774 793 799 799 795 786 773 753 720 684 663 647 632
06 27 614 603 592 580 574 569 605 656 695 725 754 776 795 800 801 797 788 775 755 722 686 665 647 633
06 28 616 604 593 581 575 570 606 658 697 728 757 778 796 801 802 799 790 777 756 724 687 666 649 635
06 29 617 606 595 583 576 572 607 659 699 731 760 782 799 806 806 804 795 781 760 728 691 670 653 638
06 30 621 609 597 585 578 574 609 661 702 734 763 785 803 809 810 806 797 783 762 730 694 672 656 640
07 01 624 611 600 587 580 576 612 663 703 736 765 787 804 810 810 805 797 783 763 730 695 673 657 642
07 02 627 613 602 589 582 577 613 664 704 737 766 788 804 810 810 805 797 783 763 731 696 674 657 643
07 03 629 614 603 590 583 579 615 666 705 737 767 789 806 812 812 808 799 785 766 733 697 675 658 644
07 04 630 615 604 591 584 580 616 668 708 741 771 793 808 815 816 811 802 786 768 735 699 678 660 646
07 05 632 617 605 594 586 582 617 669 709 742 772 794 809 816 815 811 801 786 768 735 699 678 661 646
07 06 632 617 606 594 586 582 618 670 711 743 773 796 811 817 817 812 802 788 769 736 700 679 662 647
07 07 633 618 606 594 586 583 619 671 712 745 775 797 812 818 818 813 803 789 770 736 700 680 663 648
07 08 634 619 607 595 587 584 620 673 714 748 777 800 815 820 820 815 803 789 769 736 701 679 663 648
07 09 634 619 607 596 587 585 620 674 716 749 778 801 815 820 820 815 803 788 768 736 701 680 663 649
07 10 633 620 608 597 589 586 621 674 716 749 778 801 815 820 820 814 801 787 766 734 701 680 663 649
07 11 633 620 609 598 590 587 622 675 716 749 778 801 815 821 821 813 801 787 767 735 702 681 663 649
07 12 633 621 609 599 592 589 623 676 717 751 779 802 816 822 821 813 801 786 766 735 702 682 665 651
07 13 633 622 610 600 594 590 623 676 717 750 778 801 815 821 820 812 799 784 764 733 701 681 664 650
07 14 633 622 611 601 595 592 624 677 717 750 778 801 815 819 819 810 798 783 763 733 700 680 663 649
07 15 632 622 611 602 595 592 624 677 717 749 776 800 814 818 817 809 797 782 762 732 699 680 662 649
07 16 631 622 611 602 595 592 623 676 717 749 777 800 814 818 818 811 798 782 761 731 700 680 663 650
07 17 630 622 611 602 595 592 622 676 717 750 778 801 815 819 818 811 798 782 761 731 700 681 663 650
07 18 630 623 613 603 596 593 623 676 718 751 777 800 814 817 816 809 795 780 760 730 700 680 663 650
07 19 630 623 613 604 596 593 622 674 716 749 776 799 812 816 814 805 794 778 758 728 698 679 662 649
07 20 629 622 612 603 596 593 621 674 716 749 775 798 812 816 815 807 795 779 759 729 699 679 662 649
07 21 630 623 613 604 597 595 622 674 715 748 774 798 812 815 813 806 793 777 757 727 698 678 661 648
07 22 629 623 613 604 598 595 621 673 714 747 773 796 810 814 811 803 791 775 755 725 697 678 661 648
07 23 629 623 613 604 598 594 620 672 712 745 771 793 808 812 809 801 790 774 756 724 696 677 661 648
07 24 629 623 613 604 598 595 620 671 711 744 770 792 806 810 806 798 789 773 755 723 695 676 660 647
07 25 628 623 613 604 598 594 618 669 709 742 768 790 805 809 804 797 787 773 754 722 694 675 660 646
07 26 628 622 613 604 598 594 617 668 708 741 767 789 804 808 803 795 786 771 752 720 692 673 658 645
07 27 628 622 613 603 597 593 616 667 708 740 766 788 803 806 800 794 783 769 750 718 691 672 657 644
07 28 627 622 612 603 597 592 614 665 705 738 764 786 801 804 798 791 780 767 748 716 689 670 656 643
07 29 627 621 611 602 596 592 613 662 704 736 762 784 798 802 795 789 777 763 744 712 686 668 654 642
07 30 626 620 611 602 596 592 612 661 702 734 761 783 797 801 794 787 776 761 742 711 684 666 653 640
07 31 625 619 610 602 596 591 611 660 701 733 760 782 796 800 794 788 775 761 741 709 683 665 652 639
08 01 624 618 609 601 595 591 610 660 701 733 759 782 796 800 794 788 776 761 741 709 682 665 652 639
08 02 624 617 608 600 595 591 609 659 700 732 759 781 795 800 793 787 775 760 740 707 681 664 651 638
08 03 623 616 607 600 594 591 608 658 699 730 756 778 793 798 793 788 775 760 739 707 681 664 651 638
08 04 623 616 607 600 594 591 608 657 698 730 756 778 792 798 793 787 773 759 738 706 680 663 650 638
08 05 622 617 606 600 594 590 606 656 697 728 754 776 791 797 792 786 771 757 736 704 678 662 649 637
08 06 621 616 605 599 594 589 604 653 694 726 753 774 789 795 791 786 771 756 734 702 677 661 647 635
08 07 621 615 605 597 592 588 602 650 691 723 750 772 787 793 789 784 769 754 732 700 675 659 646 633
08 08 620 614 604 596 592 588 600 648 688 720 748 770 785 790 787 782 767 752 730 697 673 657 644 631
08 09 618 612 602 594 589 586 599 646 687 719 747 769 784 790 786 781 766 750 728 697 672 656 642 630
08 10 617 610 601 593 588 584 596 644 685 718 745 767 781 787 785 781 766 750 727 695 671 655 641 629
08 11 616 608 599 591 586 583 595 642 683 716 743 765 780 787 785 781 766 750 727 694 670 654 640 628
08 12 616 607 598 591 586 582 593 641 683 716 743 765 779 787 786 781 766 749 726 693 669 653 640 627
08 13 615 606 597 590 585 581 592 640 682 715 743 764 779 786 786 781 767 751 727 693 669 654 640 626
08 14 615 606 596 589 584 580 590 639 682 716 744 765 780 787 787 782 768 751 727 692 669 653 639 627
08 15 615 606 597 589 584 580 590 639 682 716 744 765 780 787 786 781 766 749 726 691 668 652 638 626
08 16 615 605 596 588 583 579 588 636 680 714 741 762 777 785 784 778 763 747 723 688 666 650 636 624
08 17 613 604 595 587 581 577 585 635 678 712 740 761 776 784 785 778 764 748 723 688 665 650 636 623
08 18 613 603 594 586 581 576 585 635 679 714 741 763 777 784 785 778 764 747 722 686 664 648 634 622
08 19 613 603 594 585 580 576 584 634 679 713 742 762 777 784 784 778 764 746 720 685 663 647 633 621
08 20 612 601 592 583 578 574 582 632 677 712 740 761 776 783 784 778 765 747 721 685 662 647 633 621
08 21 612 600 591 583 578 574 582 632 678 712 740 761 776 783 784 777 764 746 720 683 661 645 632 619
08 22 610 599 590 582 577 573 581 632 679 713 741 762 777 784 785 778 765 747 720 683 661 645 631 619
08 23 610 597 589 581 576 572 580 631 678 713 741 762 776 784 785 779 764 747 719 682 661 645 631 619
08 24 610 598 590 582 576 571 579 629 676 711 739 760 775 782 785 779 764 745 717 680 659 643 630 617
08 25 608 596 588 581 575 570 577 628 675 709 738 759 774 782 784 778 763 745 717 679 658 642 629 616
08 26 606 595 586 580 574 569 576 626 674 708 737 758 772 780 783 776 761 744 715 678 657 641 626 615
08 27 605 593 585 578 572 568 574 624 672 707 736 757 772 779 782 777 762 746 716 678 658 641 626 613
08 28 604 591 583 576 570 565 572 622 672 707 735 756 771 779 783 777 762 746 715 677 656 640 624 612
08 29 602 589 581 574 568 563 570 620 670 705 733 754 769 778 781 776 761 745 714 676 655 638 622 609
08 30 599 587 579 572 566 561 567 617 667 702 730 752 767 776 779 774 760 744 712 674 653 636 621 607
08 31 598 584 577 570 564 560 565 614 664 699 727 749 764 773 776 771 758 741 710 672 651 634 618 604
09 01 595 581 574 567 561 556 562 609 660 696 724 746 762 770 775 770 756 739 707 669 648 631 615 601
09 02 592 579 571 564 558 553 558 605 656 692 720 743 758 768 772 767 754 738 706 668 647 629 613 599
09 03 589 576 568 561 556 550 555 602 653 689 716 739 754 764 769 764 751 735 703 665 644 627 610 595
09 04 586 572 565 558 553 547 552 599 650 686 714 736 751 761 766 761 749 733 699 661 641 623 607 591
09 05 581 568 561 555 548 543 547 594 646 682 709 732 747 757 762 757 745 729 695 658 637 619 603 588
09 06 577 564 558 552 545 539 543 589 640 676 703 726 741 752 756 752 740 724 690 653 632 615 599 583
09 07 573 560 553 547 540 534 538 584 635 671 698 721 736 747 752 748 736 719 684 648 627 609 594 578
09 08 567 555 548 542 535 530 533 579 631 667 694 717 733 744 748 744 734 716 681 645 623 606 590 575
09 09 563 552 545 538 532 527 530 575 628 663 691 714 731 742 745 742 732 714 678 642 621 603 588 572
09 10 561 549 543 536 530 524 526 572 625 661 688 711 728 739 743 740 732 713 676 639 618 601 585 569
09 11 557 546 540 533 527 520 522 568 621 657 684 707 724 735 738 735 727 707 669 633 612 595 580 565
09 12 553 542 536 529 522 517 517 562 616 651 679 702 719 730 734 730 722 702 664 628 607 590 575 560
09 13 547 538 531 525 518 513 513 557 610 645 673 696 712 723 727 724 715 696 657 623 602 585 570 555
09 14 541 532 525 519 513 507 507 550 603 638 666 688 705 716 721 718 710 691 652 617 597 580 565 550
09 15 535 527 520 514 507 501 502 544 598 633 661 682 699 711 716 712 704 685 645 611 591 574 560 545
09 16 529 522 515 510 503 498 498 539 592 628 656 678 695 707 711 708 701 680 640 606 587 570 555 540
09 17 524 518 511 505 499 494 494 535 588 624 652 674 691 703 707 705 697 676 635 601 582 565 550 535
09 18 519 513 506 501 495 489 489 529 585 621 649 671 689 700 705 703 695 673 631 598 579 561 546 531
09 19 515 509 502 497 491 486 484 525 581 617 647 669 687 698 704 702 694 672 629 597 577 559 543 529
09 20 512 507 499 494 488 484 483 524 581 619 648 669 688 699 705 703 694 672 627 595 576 557 541 527
09 21 510 505 497 491 485 482 479 520 578 616 645 667 685 696 702 700 691 668 624 592 573 554 538 524
09 22 505 501 494 488 482 479 477 517 575 614 644 665 683 695 700 698 689 667 622 590 571 552 535 521
09 23 503 499 492 487 481 478 476 515 574 612 642 663 680 692 697 696 686 664 617 586 567 548 532 519
09 24 500 496 489 483 478 476 473 512 571 610 639 660 677 689 694 692 683 660 613 582 563 544 528 514
09 25 494 492 485 480 475 472 469 506 565 604 634 655 673 684 689 688 678 655 608 577 559 541 524 510
09 26 490 488 481 476 471 468 466 503 561 601 631 652 670 682 688 686 676 652 604 574 556 538 521 507
09 27 487 485 479 474 469 466 464 499 557 596 625 647 666 677 683 681 671 648 600 570 552 534 517 505
09 28 484 483 476 471 466 464 462 496 554 592 622 643 663 675 680 679 668 645 596 567 549 531 513 501
09 29 481 479 472 468 464 461 459 492 552 591 621 642 661 673 679 677 666 642 593 564 546 527 509 497
09 30 478 476 469 464 461 459 457 491 550 589 620 642 661 672 678 677 666 641 592 563 544 526 507 495
10 01 476 474 467 462 459 456 454 488 548 587 617 639 657 668 673 672 661 636 587 559 540 522 503 491
10 02 473 470 463 458 455 452 450 482 542 581 611 633 651 662 668 666 655 631 582 554 535 517 498 486
10 03 469 465 459 453 450 447 446 477 537 575 605 628 646 658 663 661 650 626 577 549 530 512 494 482
10 04 466 462 456 450 447 444 442 472 532 571 601 624 642 653 658 656 646 620 572 544 525 509 490 478
10 05 464 459 453 447 443 440 438 466 525 564 593 616 635 646 652 650 639 614 565 538 520 503 485 474
10 06 461 455 449 444 441 437 435 462 521 560 589 612 632 643 649 647 637 611 562 534 515 499 481 469
10 07 457 451 445 440 437 433 431 458 517 556 585 608 627 639 645 643 632 606 557 530 511 495 477 465
10 08 453 446 441 436 432 428 427 452 513 551 580 603 623 635 640 638 628 601 552 525 506 489 472 460
10 09 448 441 435 430 427 422 421 445 506 545 575 598 618 630 636 633 622 595 546 520 500 484 467 456
10 10 445 436 431 426 422 418 416 440 503 542 571 594 613 625 631 629 617 589 541 515 495 478 462 451
10 11 440 432 428 423 418 414 412 436 498 538 567 591 609 621 626 624 613 584 537 510 490 474 457 447
10 12 436 428 423 418 413 410 408 431 495 535 565 588 607 619 624 621 610 581 534 506 486 471 453 442
10 13 432 423 419 414 409 405 403 426 490 531 562 585 603 614 619 617 606 576 529 502 482 467 449 438
10 14 429 420 416 410 405 401 400 422 486 528 558 581 599 610 615 612 601 571 525 497 478 463 445 435
10 15 426 417 413 408 402 399 398 418 483 525 555 577 595 606 610 608 596 565 520 493 473 458 441 431
10 16 423 414 409 405 399 396 395 414 479 522 552 574 592 604 609 607 595 563 517 490 470 455 438 428
10 17 422 412 408 403 398 395 393 412 478 521 551 573 591 603 607 606 593 560 515 488 467 452 435 426
10 18 418 410 406 401 396 393 392 410 475 518 547 570 587 598 603 602 589 555 511 484 464 449 432 423
10 19 414 406 402 398 394 391 390 407 472 516 545 566 584 595 600 598 585 550 506 480 459 444 428 418
10 20 410 402 398 395 391 388 386 404 469 513 542 564 581 593 597 595 581 546 502 476 456 441 424 415
10 21 407 399 396 393 389 386 385 401 466 510 540 561 579 590 594 591 578 541 499 473 453 438 422 414
10 22 406 398 395 392 389 385 383 399 463 507 536 558 575 586 590 587 573 536 494 469 448 433 418 410
10 23 402 395 392 388 385 381 380 395 456 501 531 553 570 580 584 581 567 529 489 464 443 430 414 406
10 24 399 393 389 386 384 379 378 392 453 497 526 548 564 574 578 575 560 522 483 458 439 425 409 401
10 25 395 389 386 382 380 376 375 388 446 491 519 541 557 567 571 568 553 514 477 453 434 420 405 397
10 26 390 384 381 377 375 371 370 383 439 484 512 533 549 560 564 561 545 506 470 447 428 414 400 392
10 27 384 380 377 373 372 369 367 379 434 479 507 528 544 554 559 556 540 500 464 442 423 409 396 388
10 28 381 377 374 370 368 365 364 375 430 475 502 523 540 550 556 552 536 496 460 439 419 406 393 385
10 29 377 374 372 368 367 364 363 372 426 471 499 520 537 548 553 549 534 492 457 435 415 401 389 381
10 30 373 370 368 365 363 361 359 368 421 467 496 518 535 546 551 547 532 489 454 432 412 399 387 379
10 31 368 368 365 363 361 359 357 365 418 465 494 516 533 544 550 546 529 486 451 429 410 397 385 377
11 01 364 365 363 360 359 357 355 363 414 461 491 513 530 541 547 542 526 483 448 426 407 395 383 376
11 02 363 364 362 359 357 355 353 360 410 457 487 509 526 537 542 537 520 477 443 421 402 390 379 372
11 03 359 361 358 355 352 350 348 354 403 450 479 501 518 530 535 531 513 470 437 415 397 385 374 368
11 04 353 358 354 351 348 347 345 351 398 445 475 497 514 525 531 527 509 465 433 411 394 381 372 365
11 05 348 354 350 347 344 343 341 345 392 440 470 492 509 521 527 522 504 459 428 407 390 377 368 361
11 06 344 350 347 343 340 339 337 341 387 437 468 490 506 519 524 520 502 457 426 404 387 375 365 358
11 07 342 348 345 341 338 338 335 338 385 434 465 487 502 514 520 516 498 452 422 400 384 370 361 354
11 08 339 343 340 337 333 333 330 333 379 429 460 482 497 510 516 512 494 448 418 395 378 366 356 349
11 09 335 339 336 332 329 329 326 328 376 427 459 481 498 510 516 512 493 447 417 393 376 364 355 349
11 10 335 338 336 333 330 330 327 328 376 428 460 482 499 511 517 513 494 447 416 393 376 365 355 348
11 11 336 338 335 331 329 328 325 326 374 427 459 481 498 510 515 512 492 445 414 390 374 363 353 347
11 12 334 338 334 330 329 327 323 324 372 425 457 480 496 508 513 509 489 442 412 387 371 359 350 344
11 13 332 334 330 327 325 323 319 320 368 421 454 477 494 506 511 506 485 438 408 385 369 357 349 343
11 14 330 332 329 325 323 322 317 318 364 417 450 473 490 502 507 502 481 434 404 381 366 355 346 340
11 15 329 330 326 322 321 319 314 314 359 412 445 467 483 495 500 495 474 428 399 376 361 351 343 335
11 16 326 326 323 319 317 314 310 310 353 406 439 461 477 488 493 488 466 420 392 370 354 344 336 329
11 17 320 320 317 313 312 310 306 305 349 401 435 458 474 485 489 484 463 416 388 365 350 341 333 325
11 18 318 317 314 311 310 308 305 304 348 400 434 457 473 484 487 482 461 414 385 363 348 339 331 323
11 19 317 315 312 309 308 306 301 302 344 396 429 452 468 478 481 476 454 408 379 357 342 333 325 317
11 20 312 309 307 303 302 300 296 297 337 390 423 445 461 472 474 469 447 401 372 350 335 327 320 311
11 21 306 304 302 299 298 296 292 293 332 384 417 439 455 466 467 462 440 394 366 344 330 322 315 307
11 22 301 299 296 294 292 290 287 288 325 378 412 434 451 462 464 458 436 391 362 340 326 318 312 304
11 23 299 297 294 292 290 288 286 286 323 376 410 432 450 460 461 455 433 388 359 338 324 316 310 302
11 24 298 295 292 290 288 287 285 285 320 374 407 429 446 456 457 451 429 384 355 334 321 313 307 299
11 25 294 292 289 287 285 284 281 282 316 369 402 424 440 450 452 446 423 378 350 329 317 308 302 295
11 26 289 287 285 283 280 280 278 278 310 363 397 419 435 445 446 440 418 373 345 325 312 303 298 290
11 27 288 283 281 280 276 276 274 275 306 360 394 416 431 441 442 436 414 369 341 322 310 302 296 289
11 28 287 282 280 279 275 274 273 274 304 357 390 412 428 437 438 432 409 365 338 317 306 298 292 285
11 29 284 279 278 276 274 273 271 272 300 353 387 408 423 432 433 427 405 361 333 313 302 294 289 282
11 30 282 276 276 274 272 271 269 270 298 351 384 406 421 430 431 424 401 357 329 309 298 290 285 279
12 01 280 273 272 271 270 269 267 268 295 349 383 404 419 428 429 422 399 355 327 307 296 288 283 278
12 02 279 271 271 270 268 268 266 267 292 346 380 401 416 425 426 419 396 352 324 305 294 287 282 277
12 03 278 270 270 269 267 266 264 265 288 342 377 397 412 421 423 416 393 350 322 302 291 284 279 275
12 04 277 269 268 268 266 265 263 263 285 339 375 396 410 420 421 415 391 348 321 301 290 283 278 275
12 05 278 269 269 269 267 266 263 263 285 339 374 397 410 419 421 414 391 348 321 301 290 284 278 275
12 06 278 269 269 268 266 265 263 263 285 339 374 396 409 419 421 414 391 348 320 301 290 284 279 275
12 07 277 269 269 268 267 265 262 262 283 338 372 395 409 418 421 414 390 348 319 299 289 283 278 274
12 08 274 268 268 266 265 263 260 260 279 335 369 392 405 414 417 410 387 345 317 297 287 280 276 272
12 09 273 267 266 264 263 261 257 257 276 331 365 387 400 409 412 406 383 341 313 294 284 277 273 269
12 10 271 265 263 261 259 257 254 253 271 327 362 384 397 406 409 403 380 338 311 292 282 275 271 267
12 11 269 262 260 258 257 254 251 251 268 323 357 379 393 402 405 400 377 336 307 289 279 272 267 264
12 12 264 258 256 254 253 250 247 247 262 317 352 374 388 398 400 395 372 332 304 286 276 269 265 262
12 13 260 255 253 251 250 248 244 244 259 313 347 370 383 393 396 391 368 328 301 283 273 265 262 259
12 14 257 252 250 247 246 244 240 241 255 308 343 365 378 387 391 385 363 323 297 280 270 261 257 254
12 15 251 247 245 242 241 239 235 235 249 301 336 358 371 381 385 380 359 320 294 277 266 258 254 251
12 16 245 244 241 239 238 236 232 232 245 297 331 354 367 377 381 377 355 316 290 273 263 254 250 246
12 17 239 239 237 235 234 232 228 228 241 292 326 349 362 371 376 372 351 312 287 268 258 250 246 240
12 18 233 236 233 231 230 228 224 225 238 289 324 347 359 369 374 370 349 310 285 267 257 248 244 238
12 19 229 233 230 228 227 226 223 224 237 288 324 347 360 370 374 370 350 310 284 267 257 247 243 237
12 20 227 233 230 229 228 227 224 225 237 287 324 346 360 369 374 369 349 309 284 267 256 246 242 237
12 21 227 232 229 229 228 227 224 224 237 286 323 345 359 369 373 369 348 308 283 265 254 243 239 234
12 22 226 230 228 227 226 226 223 224 237 285 323 344 358 367 372 367 348 307 283 265 253 243 239 234
12 23 225 230 229 228 228 229 227 228 241 289 326 348 362 371 376 371 351 310 285 268 255 244 240 234
12 24 225 230 228 227 228 228 226 227 240 287 325 348 361 371 375 370 351 309 285 267 254 244 240 234
12 25 225 231 230 229 230 230 227 229 242 288 326 350 363 373 377 372 352 310 287 269 255 246 241 236
12 26 227 232 231 230 231 231 229 231 244 291 330 354 367 377 380 375 356 314 290 272 259 249 244 238
12 27 229 236 234 233 235 235 234 235 248 294 333 357 370 379 383 377 357 315 291 272 259 250 244 238
12 28 230 237 235 234 236 235 235 234 247 294 333 357 371 380 383 378 359 317 292 274 260 251 245 240
12 29 233 239 237 236 238 238 237 237 250 296 337 360 374 384 387 382 362 321 295 277 264 255 249 244
12 30 237 242 240 239 241 240 240 239 252 300 340 364 378 386 390 384 364 323 296 278 265 255 250 244
12 31 238 243 240 239 241 241 240 240 254 303 344 368 382 391 394 389 369 327 300 282 269 260 254 249
