01 01 254 251 245 240 237 233 231 227 226 242 277 312 342 364 379 390 386 365 326 305 291 280 272 265
01 02 256 253 246 241 238 234 232 229 227 242 277 312 341 363 378 389 386 365 325 304 290 279 271 264
01 03 255 251 245 241 238 234 231 227 224 240 275 310 338 361 375 387 384 362 324 302 289 277 270 262
01 04 253 250 244 240 237 233 230 226 223 238 273 309 337 361 375 387 384 363 325 303 289 278 270 262
01 05 253 249 244 239 237 233 229 224 221 236 271 307 336 358 374 385 382 361 324 300 286 276 268 260
01 06 251 248 243 238 236 231 227 222 219 234 270 307 337 360 377 387 384 364 326 302 288 277 269 260
01 07 253 248 242 238 235 230 226 220 217 233 268 306 335 359 376 386 384 364 325 301 287 276 268 260
01 08 253 247 242 238 236 231 227 221 218 233 269 307 337 361 378 387 385 365 327 302 287 277 269 260
01 09 254 247 242 238 235 230 226 220 217 233 269 307 337 361 378 388 386 366 327 302 288 277 269 260
01 10 253 247 241 237 234 228 224 219 216 232 269 307 337 361 378 388 386 367 327 302 287 276 268 260
01 11 252 246 240 235 232 228 223 218 215 231 269 308 338 362 379 390 387 370 329 303 288 277 268 260
01 12 253 246 240 235 232 227 222 217 215 233 270 308 340 364 381 392 389 372 330 304 289 277 269 260
01 13 252 245 239 234 231 226 222 216 214 231 269 308 340 364 381 392 391 373 332 305 290 278 269 260
01 14 251 244 238 233 230 225 221 216 212 231 270 309 343 367 386 396 396 379 337 310 293 282 272 263
01 15 255 247 241 235 232 227 223 218 214 233 273 311 345 369 388 398 398 381 340 313 295 283 273 264
01 16 256 248 242 236 232 228 223 219 215 234 273 312 345 370 388 398 399 382 342 314 296 283 274 265
01 17 257 249 242 236 232 227 223 218 215 235 275 314 349 373 392 402 403 386 345 317 300 287 277 268
01 18 260 251 244 238 233 228 225 220 217 237 276 315 349 373 392 401 402 386 345 317 300 287 277 268
01 19 259 251 244 238 232 228 224 219 217 238 277 315 348 371 390 400 401 386 344 317 300 287 277 268
01 20 259 251 244 238 232 227 223 219 217 237 276 314 348 371 389 400 402 387 345 318 303 289 280 271
01 21 263 254 247 241 235 231 227 224 221 242 280 317 349 372 390 401 402 388 347 320 304 291 281 272
01 22 263 255 248 242 236 232 228 224 222 242 279 316 348 370 387 398 401 387 346 319 303 290 281 272
01 23 263 256 249 243 237 233 228 225 223 243 281 317 348 371 388 400 402 388 348 321 304 291 282 272
01 24 263 257 251 244 238 234 230 227 225 246 283 319 350 372 389 402 403 391 351 324 307 294 284 274
01 25 265 259 252 246 240 235 231 228 226 246 283 320 350 373 390 402 403 392 352 325 308 295 285 275
01 26 265 259 252 246 239 235 231 228 226 247 285 320 350 373 390 401 404 392 353 326 309 296 286 276
01 27 265 260 253 246 240 236 232 229 226 247 285 319 348 371 388 399 402 390 352 324 308 295 285 275
01 28 265 260 253 246 239 235 231 228 225 246 283 318 347 369 386 397 400 388 351 323 307 294 285 275
01 29 265 261 254 247 240 236 233 229 226 247 283 318 345 368 384 395 398 387 349 322 306 293 284 275
01 30 264 260 253 247 240 237 233 230 227 247 283 318 346 368 384 396 398 387 350 322 305 293 284 274
01 31 262 259 252 247 239 235 231 228 226 247 283 318 346 368 384 395 397 387 350 321 305 293 284 274
02 01 262 260 253 247 241 237 232 229 226 247 282 316 343 366 381 393 395 384 349 320 304 292 284 273
02 02 262 260 252 246 241 236 232 228 226 247 283 316 344 367 382 393 396 386 352 322 305 293 284 274
02 03 264 261 252 247 241 236 232 229 225 247 283 316 344 367 383 394 397 387 352 322 305 293 284 274
02 04 263 261 252 246 240 235 230 227 224 246 283 316 344 366 382 392 396 387 353 322 304 292 283 273
02 05 261 259 250 244 238 234 229 226 223 245 282 315 342 365 381 392 395 387 352 322 304 291 283 273
02 06 261 258 250 244 239 234 229 226 224 248 285 318 348 371 386 398 401 392 358 327 309 296 287 277
02 07 266 261 253 247 242 236 232 228 226 251 288 321 350 373 388 399 402 393 359 329 311 298 289 280
02 08 268 263 255 250 243 238 233 229 227 252 289 322 351 373 388 398 402 392 359 328 310 298 289 279
02 09 269 263 255 249 243 238 234 230 229 254 291 324 352 375 391 401 405 396 364 332 314 301 292 282
02 10 273 267 259 254 247 243 238 234 234 259 294 328 358 381 397 407 412 402 370 338 319 306 297 287
02 11 279 272 264 258 252 247 242 238 238 265 300 335 365 388 404 414 419 409 377 345 326 313 304 294
02 12 286 278 270 265 259 253 249 244 244 271 307 343 373 397 413 423 428 419 386 353 333 320 310 300
02 13 294 283 275 269 263 258 253 248 249 277 314 350 380 404 419 430 435 426 394 360 339 325 316 305
02 14 301 288 280 274 268 261 257 253 254 283 320 355 385 409 424 436 441 431 400 365 345 332 322 311
02 15 309 294 286 279 273 267 264 259 261 290 327 362 391 415 431 442 447 438 407 371 351 337 327 317
02 16 315 299 290 284 277 272 267 264 265 295 332 367 397 420 436 447 451 443 412 376 355 341 329 320
02 17 318 302 294 287 281 275 271 267 270 300 337 373 402 425 441 452 457 448 418 381 360 346 335 325
02 18 322 307 300 292 286 280 275 272 275 306 343 379 408 431 446 458 461 453 424 386 365 351 339 330
02 19 327 311 304 297 290 285 280 276 280 311 348 384 413 436 451 464 466 457 429 390 369 355 343 334
02 20 331 315 307 301 294 288 282 278 282 314 351 387 416 438 455 467 470 461 433 393 373 358 346 336
02 21 334 317 309 302 296 289 284 279 283 316 353 389 417 439 456 468 471 462 435 395 375 359 347 338
02 22 335 320 311 304 297 291 286 282 286 319 356 392 421 443 460 472 475 467 441 399 378 362 350 341
02 23 337 323 314 306 300 294 289 284 290 323 361 397 426 449 466 478 481 473 447 405 384 368 355 346
02 24 341 327 318 311 305 298 293 288 294 328 365 402 430 453 469 481 483 476 450 407 386 370 357 348
02 25 343 329 320 313 308 300 294 290 296 330 368 404 433 454 471 482 485 477 452 409 388 372 358 350
02 26 344 331 322 315 308 301 295 291 297 332 371 407 436 458 474 486 489 481 457 412 390 374 361 352
02 27 344 333 323 316 310 302 297 293 300 335 373 408 437 459 475 486 489 481 457 413 391 375 362 353
02 28 343 334 324 317 311 303 298 293 301 336 373 408 437 459 476 486 490 481 458 414 392 375 362 354
03 01 341 334 324 317 311 304 298 293 301 337 374 410 438 459 475 485 488 479 458 414 390 374 361 352
03 02 339 334 325 318 312 304 298 293 302 338 376 411 440 461 478 488 491 483 462 417 393 376 363 354
03 03 340 337 327 320 314 306 301 295 305 341 380 415 444 465 482 492 496 487 466 421 397 380 367 357
03 04 344 340 330 323 316 308 302 297 308 344 382 417 447 469 485 495 499 491 470 424 400 383 370 360
03 05 347 343 333 326 320 312 307 302 314 350 389 423 453 474 490 500 503 495 474 429 404 387 374 364
03 06 351 347 337 330 324 316 311 306 319 354 393 428 458 478 495 504 509 501 480 434 409 392 378 369
03 07 356 350 340 333 327 320 315 310 323 360 399 434 463 483 500 509 513 506 484 439 413 396 383 373
03 08 361 355 346 338 331 324 319 315 329 365 404 438 466 486 503 512 516 509 488 442 415 399 386 375
03 09 363 357 348 341 334 327 321 317 332 368 406 440 469 489 506 515 519 512 491 446 419 403 389 378
03 10 366 360 351 344 337 330 325 321 335 371 411 445 473 494 511 520 524 517 496 451 423 407 393 382
03 11 370 365 355 348 341 334 329 325 340 375 414 447 475 495 512 521 524 517 497 452 426 409 396 385
03 12 372 367 359 351 344 337 332 328 344 378 416 449 477 496 514 522 525 519 500 455 428 412 398 387
03 13 375 368 360 352 346 339 334 330 347 382 420 452 479 499 516 524 528 522 504 459 432 415 401 390
03 14 377 371 363 355 348 341 336 332 350 386 424 456 483 502 518 527 532 526 508 463 436 418 405 393
03 15 382 374 365 357 350 343 338 335 354 390 429 460 488 508 524 533 537 532 514 469 441 424 410 398
03 16 387 379 370 362 354 347 343 340 359 395 435 466 494 513 530 538 542 538 519 475 447 429 415 403
03 17 394 384 375 367 359 353 348 345 364 401 438 471 498 517 532 540 544 540 521 477 450 433 419 407
03 18 398 387 378 370 363 356 351 348 368 404 441 473 500 518 534 542 546 541 523 480 452 435 422 410
03 19 400 390 382 374 366 359 354 352 373 409 447 478 505 523 539 546 550 545 527 485 457 440 426 414
03 20 405 395 386 378 370 363 358 355 376 413 449 480 506 524 539 546 550 546 528 486 459 442 429 417
03 21 409 398 390 381 374 367 361 358 380 416 452 482 508 526 540 548 551 547 530 489 462 446 432 420
03 22 412 402 394 385 378 371 365 362 384 420 454 483 508 527 542 549 552 548 532 491 464 448 435 422
03 23 411 404 395 387 379 372 366 363 386 422 457 486 512 530 545 552 556 551 534 494 468 451 438 426
03 24 415 407 398 390 382 374 369 365 389 425 461 490 515 534 548 555 558 553 536 496 470 453 439 427
03 25 415 409 400 391 383 376 369 367 392 430 467 496 521 539 553 560 563 558 542 502 474 457 444 432
03 26 420 414 404 395 387 380 374 372 398 437 474 504 528 547 561 569 571 566 549 508 480 463 449 437
03 27 425 419 409 400 391 384 377 375 402 441 478 508 533 552 565 573 575 570 552 511 483 466 452 440
03 28 427 421 411 401 393 385 379 377 405 444 481 511 535 554 567 574 575 571 554 512 483 466 454 441
03 29 430 424 413 404 396 389 383 380 409 447 483 513 537 555 568 575 576 571 555 514 485 468 455 443
03 30 431 426 416 407 399 391 385 383 412 449 487 515 539 557 570 578 578 573 556 517 487 470 457 445
03 31 434 428 418 410 402 394 388 387 416 453 489 518 541 559 572 580 581 576 560 519 490 473 459 447
04 01 436 430 420 411 402 395 389 389 418 455 492 520 543 562 575 583 584 578 562 522 492 475 461 450
04 02 439 432 422 413 405 397 391 391 421 458 495 524 546 565 578 585 585 580 564 524 494 476 462 451
04 03 439 434 424 415 407 400 393 394 424 460 496 526 547 566 579 587 587 582 566 527 496 478 464 453
04 04 440 435 426 417 409 400 394 395 428 463 500 529 552 571 583 592 592 587 570 531 499 480 466 455
04 05 441 436 427 419 410 402 396 398 431 467 504 533 555 574 586 594 593 589 572 534 501 482 468 456
04 06 443 437 429 421 412 404 399 401 435 471 508 538 561 580 592 600 599 595 578 540 506 486 472 460
04 07 448 441 433 425 417 409 404 407 441 478 514 545 568 588 599 607 606 602 584 546 511 492 477 465
04 08 453 447 438 430 422 414 409 413 447 484 521 551 574 594 605 612 611 607 590 552 517 497 483 471
04 09 458 451 443 435 427 420 414 418 452 488 524 554 577 596 608 615 614 609 592 555 519 499 484 472
04 10 459 452 445 437 429 421 415 420 455 491 527 556 580 599 611 618 617 613 597 560 523 503 488 476
04 11 463 456 448 441 433 425 419 425 461 497 534 563 587 606 618 625 624 620 603 566 530 509 494 482
04 12 469 462 454 446 438 430 424 431 467 503 539 568 592 611 623 630 629 625 608 572 535 515 499 487
04 13 475 467 459 451 443 434 429 436 472 508 544 573 596 616 628 635 634 630 613 577 540 519 504 492
04 14 479 471 462 455 447 439 433 441 477 513 548 578 600 620 632 639 639 635 618 581 544 524 508 496
04 15 481 475 466 458 450 443 436 445 482 517 553 581 604 624 636 643 642 638 621 585 548 527 511 499
04 16 483 478 470 463 455 447 441 450 487 524 559 588 611 630 643 650 649 645 628 593 555 533 518 505
04 17 489 484 476 469 461 453 447 457 494 531 566 594 618 637 650 657 655 650 633 599 560 539 523 511
04 18 495 489 480 473 465 457 450 461 499 535 570 598 622 641 654 659 659 654 638 603 564 543 527 515
04 19 501 493 484 477 469 461 453 466 502 539 574 602 626 644 657 663 662 657 641 606 568 546 530 517
04 20 504 496 487 479 472 463 455 468 505 542 576 604 628 647 660 666 666 661 645 609 569 548 531 519
04 21 505 498 489 480 474 465 457 471 507 543 577 605 629 646 660 666 666 660 645 610 571 550 534 521
04 22 508 501 492 483 476 467 460 474 510 546 578 605 629 645 659 665 665 659 645 611 571 551 535 522
04 23 510 502 494 486 479 470 463 477 512 547 579 605 628 644 658 664 664 658 644 611 572 551 535 523
04 24 512 504 496 487 480 472 465 479 513 548 580 606 628 645 658 664 664 658 644 611 573 553 537 525
04 25 515 506 498 490 483 475 468 482 516 551 581 606 628 643 656 662 662 656 642 610 572 552 536 525
04 26 516 505 498 490 483 475 468 484 517 551 581 605 627 642 654 660 660 654 641 610 572 552 537 525
04 27 517 506 500 492 486 478 471 487 521 554 584 608 629 645 657 663 663 657 643 613 575 555 539 529
04 28 520 510 503 495 489 481 475 492 525 558 587 611 632 647 659 665 665 659 645 616 578 559 543 532
04 29 525 513 508 500 494 486 480 496 529 562 591 614 635 650 661 668 668 662 648 619 582 563 547 536
04 30 530 518 512 504 498 490 485 501 533 566 594 617 638 654 665 672 671 666 652 624 586 567 552 540
05 01 535 522 516 508 502 494 490 505 538 570 599 622 643 658 669 675 674 668 654 625 587 570 554 543
05 02 538 525 518 510 503 496 492 508 539 572 601 623 644 660 670 677 676 671 657 628 590 572 556 545
05 03 539 527 521 513 507 499 495 511 543 575 604 626 646 662 673 679 678 673 659 631 592 575 559 548
05 04 541 530 524 516 509 503 499 515 548 580 609 630 651 667 677 683 682 677 662 635 597 579 564 553
05 05 546 535 529 521 515 508 504 521 553 585 613 634 654 670 680 687 686 681 666 640 602 584 570 559
05 06 552 540 534 527 519 513 509 526 559 591 619 640 659 676 686 693 692 687 672 645 607 588 573 562
05 07 556 543 537 529 522 515 511 530 563 594 623 644 663 680 691 698 698 693 678 650 612 593 578 567
05 08 561 547 541 533 525 518 515 534 568 599 628 649 668 685 696 705 704 700 684 657 618 598 583 572
05 09 568 552 545 537 530 522 519 540 573 605 634 655 674 691 702 710 710 705 689 662 622 602 588 577
05 10 573 557 550 542 534 527 524 545 579 611 639 662 680 697 709 717 717 712 696 669 628 608 594 582
05 11 578 563 555 547 539 532 529 550 584 616 645 667 686 702 714 722 723 717 701 674 633 613 599 587
05 12 581 568 559 551 543 536 533 554 588 620 649 672 690 706 718 726 727 722 706 678 637 616 602 590
05 13 583 571 562 554 546 539 536 557 591 623 652 675 693 709 721 729 729 724 708 680 639 618 604 592
05 14 585 573 563 556 548 540 538 560 595 627 656 679 697 713 725 733 733 727 712 684 643 622 608 595
05 15 588 576 567 559 551 543 541 564 598 630 660 683 700 716 728 736 736 731 716 688 648 626 611 599
05 16 590 580 571 563 555 547 544 568 601 632 661 684 701 718 730 738 738 734 718 691 651 629 614 602
05 17 592 582 573 566 558 551 548 572 605 637 666 688 706 721 734 741 741 736 721 694 654 631 617 605
05 18 594 585 576 568 560 553 551 575 607 639 668 690 709 724 736 743 743 738 723 696 656 633 619 606
05 19 594 586 577 569 561 554 552 576 608 639 668 690 708 724 736 743 744 739 725 698 658 635 620 607
05 20 595 588 578 571 563 556 555 579 611 642 671 694 712 727 739 746 746 741 726 700 660 637 623 610
05 21 597 590 581 573 566 559 559 582 615 646 675 698 716 731 743 750 749 745 730 704 665 642 627 614
05 22 601 594 585 577 570 564 564 587 619 651 679 703 721 736 747 754 753 748 734 707 668 645 630 618
05 23 604 598 589 582 575 569 568 591 623 654 682 706 724 739 750 757 756 751 736 710 671 647 633 620
05 24 605 600 591 584 577 570 570 593 624 655 683 707 726 741 752 760 759 753 739 713 675 650 635 622
05 25 606 603 594 587 580 573 573 596 628 659 687 710 729 745 756 763 763 757 743 716 678 652 638 625
05 26 609 605 596 589 583 576 575 599 629 660 688 710 729 745 756 763 762 758 744 718 679 654 639 626
05 27 610 606 598 591 584 578 577 600 630 660 686 709 727 744 755 762 761 757 744 718 680 655 640 627
05 28 611 608 600 592 585 579 579 602 632 662 689 711 730 747 757 765 764 760 747 721 684 658 643 630
05 29 614 610 603 595 588 582 582 605 634 664 691 713 732 748 759 765 765 762 749 723 685 659 644 631
05 30 615 612 604 596 590 584 584 606 637 667 694 717 736 752 762 769 769 766 753 727 688 662 647 635
05 31 619 615 608 599 594 587 587 610 641 672 698 721 740 756 767 774 774 770 758 732 693 666 651 638
06 01 623 619 612 604 597 591 590 613 644 675 702 725 743 760 771 779 780 776 763 738 698 670 655 642
06 02 628 623 615 607 601 595 595 617 649 680 706 730 748 764 775 783 785 781 769 742 703 675 659 647
06 03 633 628 620 612 606 600 600 622 653 684 711 734 752 769 780 788 790 786 773 747 708 679 664 652
06 04 637 633 625 617 611 604 604 626 657 688 715 737 756 773 785 794 796 792 779 753 714 685 669 657
06 05 642 638 630 622 615 608 608 631 661 692 718 741 760 777 789 797 800 796 784 758 718 689 673 660
06 06 647 642 634 626 619 612 612 634 664 695 722 744 763 780 792 801 804 800 788 762 722 693 676 662
06 07 649 644 635 627 620 613 613 636 667 698 725 747 766 784 796 804 807 804 791 765 725 696 679 666
06 08 652 647 638 630 624 617 617 639 671 702 730 752 771 789 801 809 812 809 795 769 728 699 683 669
06 09 655 650 641 633 626 619 620 642 674 706 733 756 774 792 804 813 816 812 798 773 733 704 686 673
06 10 658 654 645 637 630 623 623 646 679 711 739 763 781 799 812 820 823 818 804 779 739 709 692 678
06 11 663 658 649 641 634 626 627 651 684 717 746 770 789 806 819 828 831 825 811 785 745 715 697 683
06 12 668 663 653 646 638 631 632 656 689 722 751 774 794 811 825 834 837 831 817 791 750 721 703 689
06 13 674 669 658 651 643 636 637 661 694 728 757 781 801 818 832 842 845 839 824 798 757 727 709 695
06 14 680 674 664 656 647 640 642 665 698 732 761 785 805 822 835 845 848 841 827 801 760 730 711 697
06 15 683 676 665 657 649 642 644 667 700 734 763 788 808 825 838 848 850 844 829 804 763 732 714 699
06 16 685 678 667 659 651 644 646 670 703 736 765 790 810 827 841 850 852 847 832 807 766 735 717 703
06 17 689 682 672 663 655 647 650 674 707 740 770 794 815 832 845 854 857 850 836 810 769 738 720 706
06 18 692 685 675 666 658 650 653 677 710 745 775 800 821 838 850 859 861 854 840 815 773 742 724 709
06 19 695 688 677 668 660 653 655 680 714 748 778 803 824 841 854 862 864 857 843 816 775 744 725 710
06 20 695 689 679 670 661 655 656 681 715 749 779 805 826 843 855 864 866 859 844 818 778 746 728 713
06 21 697 691 680 671 663 656 658 683 717 752 782 808 829 846 859 867 868 862 847 822 780 749 731 716
06 22 700 694 684 674 666 659 661 686 720 755 785 811 833 850 862 870 871 865 850 825 783 751 734 719
06 23 704 697 687 677 669 661 663 688 722 757 787 813 834 851 863 872 872 866 852 828 786 754 736 721
06 24 706 699 688 679 671 663 665 690 723 758 788 815 837 853 865 873 874 868 854 830 789 755 738 723
06 25 707 700 690 680 672 665 666 691 724 759 789 816 838 854 866 875 876 871 857 833 791 758 740 725
06 26 711 703 693 684 676 669 670 694 727 762 791 818 841 857 869 878 880 875 860 836 795 760 742 728
06 27 714 705 695 686 679 671 672 696 729 764 794 822 844 861 872 881 883 878 863 838 796 761 743 729
06 28 715 705 696 686 679 672 672 696 730 765 795 822 844 861 872 881 883 878 862 838 796 761 743 729
06 29 716 705 695 687 679 672 672 696 731 766 796 823 846 863 875 884 885 881 865 840 799 764 746 731
06 30 718 708 698 689 682 674 674 698 733 768 798 826 849 865 877 886 888 883 867 843 801 766 748 734
07 01 721 710 701 692 684 676 676 700 735 770 801 828 851 869 880 889 891 885 870 845 804 770 751 736
07 02 724 712 702 693 686 677 677 701 736 771 802 830 853 870 881 891 892 887 872 848 807 772 753 738
07 03 727 713 704 695 687 678 678 702 738 773 803 830 853 870 882 892 893 889 873 850 808 773 754 739
07 04 729 715 705 696 688 679 679 703 739 774 804 832 855 872 884 893 895 891 876 853 810 775 757 742
07 05 732 717 707 698 690 682 681 705 740 775 806 833 856 873 886 894 896 892 877 854 811 775 757 742
07 06 732 718 707 698 691 682 682 705 741 776 807 834 857 874 887 895 898 893 878 854 812 776 757 743
07 07 733 718 708 699 691 683 682 705 742 777 808 835 858 875 889 897 900 895 880 856 814 778 759 745
07 08 734 720 709 700 693 684 683 707 743 779 810 837 861 878 892 900 903 899 883 859 816 781 762 747
07 09 737 722 712 703 695 687 685 709 745 781 813 839 863 880 894 901 905 901 885 861 818 783 764 749
07 10 739 724 714 705 697 689 687 711 748 784 815 842 866 883 897 903 907 903 887 862 820 785 766 751
07 11 741 726 715 706 697 690 688 711 748 784 817 844 868 885 899 906 908 905 890 864 821 787 768 753
07 12 743 729 718 709 700 692 689 713 750 786 819 846 870 887 901 908 911 907 891 866 822 789 770 755
07 13 745 732 721 711 702 694 691 714 751 787 820 848 872 889 903 909 912 908 893 867 824 791 772 757
07 14 746 733 723 713 704 695 692 715 751 787 820 847 871 888 902 908 911 907 892 867 824 791 772 758
07 15 746 733 722 712 703 695 692 714 750 786 819 847 871 887 901 907 911 907 892 866 823 790 771 757
07 16 744 732 721 711 702 694 691 713 750 786 819 847 871 887 901 907 910 907 891 865 822 789 770 756
07 17 743 732 721 711 701 695 691 713 750 786 819 848 872 888 903 908 912 907 892 865 822 789 771 757
07 18 743 732 721 712 702 695 691 713 749 786 820 849 873 890 905 909 913 907 892 865 822 789 772 758
07 19 -9999 732 722 712 702 695 691 713 749 786 820 848 873 890 905 909 912 906 890 863 821 788 770 757
07 20 -9999 732 721 712 702 695 691 713 749 787 821 849 873 890 905 909 912 906 890 863 820 789 771 758
07 21 -9999 732 722 712 702 696 691 713 749 786 820 848 872 889 903 908 911 904 888 861 819 788 770 757
07 22 -9999 732 721 712 701 695 690 712 748 785 819 846 870 888 901 907 909 902 887 860 818 788 770 756
07 23 -9999 732 722 712 702 695 690 711 748 785 818 846 870 887 901 906 908 902 887 859 818 788 769 756
07 24 -9999 732 721 712 701 695 690 711 747 784 818 846 870 887 901 906 908 902 886 858 817 787 768 755
07 25 -9999 731 720 711 701 694 689 710 746 783 817 846 869 887 900 905 907 900 885 857 815 786 767 754
07 26 -9999 730 719 711 700 693 688 709 745 782 816 844 867 885 897 902 904 896 882 855 814 784 766 753
07 27 -9999 729 718 710 700 693 688 708 744 780 814 842 865 883 895 900 902 894 880 853 812 783 764 752
07 28 -9999 727 717 709 699 692 688 707 743 779 812 840 863 881 893 898 899 891 878 851 810 780 762 750
07 29 -9999 726 715 707 697 691 686 705 741 777 811 839 862 879 892 897 898 890 876 849 807 779 761 748
07 30 -9999 725 715 707 697 691 686 705 741 777 810 838 861 879 891 896 897 888 875 847 806 778 760 748
07 31 -9999 726 715 707 697 691 685 704 740 775 809 836 859 877 890 894 895 886 873 847 805 777 759 747
08 01 -9999 725 715 706 696 690 684 703 738 774 807 835 859 876 888 894 895 886 873 846 804 777 759 746
08 02 732 724 714 706 696 690 684 702 737 773 806 834 857 875 887 891 892 884 871 845 802 775 757 745
08 03 730 723 713 705 695 688 683 700 736 771 804 832 855 873 884 889 890 882 869 843 800 773 755 743
08 04 728 721 712 703 694 687 681 698 733 769 802 830 853 871 882 888 889 881 869 841 798 772 755 743
08 05 727 721 711 703 694 687 681 698 732 768 801 829 853 870 882 887 889 882 868 840 797 772 755 743
08 06 726 721 711 702 693 686 681 696 730 766 798 827 851 868 880 885 886 879 866 838 794 769 753 741
08 07 724 719 709 700 691 684 679 694 728 763 796 824 848 865 877 881 884 876 863 835 791 766 751 739
08 08 722 717 708 699 690 683 678 692 726 761 794 822 846 863 875 880 882 875 862 834 790 765 751 739
08 09 723 717 708 699 690 683 677 692 725 761 793 821 846 862 875 880 882 875 862 834 789 765 750 738
08 10 724 717 708 699 690 683 677 691 723 759 791 819 844 860 874 879 881 874 860 832 787 763 748 736
08 11 721 715 705 696 687 681 675 688 721 757 789 818 842 858 872 878 879 874 858 829 784 761 746 734
08 12 720 713 702 694 685 679 673 686 719 754 786 815 838 856 870 875 878 872 856 828 782 759 744 732
08 13 718 711 700 693 684 678 672 684 717 752 785 813 837 855 868 874 876 870 855 826 781 758 743 731
08 14 718 710 699 692 683 677 671 683 716 752 784 813 837 855 869 875 877 872 856 826 782 759 743 731
08 15 718 710 699 692 684 678 672 683 716 752 785 813 838 855 869 875 877 872 856 826 781 758 743 730
08 16 718 709 699 692 684 677 671 682 714 749 783 811 836 854 868 874 875 870 854 823 779 756 741 728
08 17 717 708 697 690 682 676 670 680 712 747 781 809 834 852 867 874 875 870 854 822 778 756 741 728
08 18 717 707 697 690 682 676 670 680 712 747 782 811 836 854 869 875 877 872 856 822 779 756 742 728
08 19 719 708 698 690 682 676 670 680 712 748 783 811 837 855 870 876 877 872 854 821 778 756 741 728
08 20 719 707 697 690 682 676 670 679 712 748 782 811 836 855 870 877 877 871 853 820 777 755 740 727
08 21 719 707 697 690 682 676 670 678 711 748 784 813 838 857 871 878 878 871 854 820 777 755 740 726
08 22 720 707 696 690 682 675 669 677 711 748 784 813 839 858 873 880 879 873 854 820 777 755 739 726
08 23 720 706 696 689 681 675 669 677 710 747 783 813 837 857 871 878 876 870 851 816 774 753 737 724
08 24 717 704 694 687 679 673 667 674 708 745 781 811 835 855 868 875 873 867 847 811 771 750 734 720
08 25 714 701 691 684 676 670 664 671 705 742 779 808 833 853 866 873 872 865 846 809 769 748 733 719
08 26 713 700 690 683 675 668 662 669 703 741 778 807 831 850 863 870 869 861 844 806 766 746 731 717
08 27 712 698 688 681 673 666 661 667 701 740 778 807 832 851 864 871 869 862 844 805 765 745 730 717
08 28 713 697 688 680 672 665 659 666 700 740 778 808 833 851 864 871 869 861 843 804 764 744 729 715
08 29 711 695 686 678 670 663 657 663 698 737 775 804 829 848 861 868 866 858 840 799 760 740 726 713
08 30 708 692 683 675 667 660 654 660 694 734 771 802 826 845 858 865 863 855 836 796 757 738 723 711
08 31 708 690 681 673 665 658 652 658 692 731 768 799 823 842 854 861 859 851 832 791 754 734 719 707
09 01 704 687 678 670 662 654 648 654 688 727 764 794 819 838 850 857 854 846 827 786 750 730 716 703
09 02 700 682 674 665 658 651 644 649 684 723 760 790 815 834 846 853 850 842 822 782 746 726 712 700
09 03 696 680 671 662 655 647 641 646 680 719 756 787 812 831 843 850 848 840 820 778 742 723 709 696
09 04 693 676 667 658 651 644 637 642 675 714 752 783 807 827 839 846 844 837 817 775 739 720 706 694
09 05 691 673 665 656 648 641 634 639 671 709 747 778 802 822 834 841 840 833 813 771 736 717 704 691
09 06 687 670 662 653 646 638 632 636 668 705 742 773 797 817 829 836 835 827 808 766 731 713 699 687
09 07 683 666 658 649 642 634 627 631 663 699 736 766 790 810 823 831 830 822 803 761 726 708 694 682
09 08 678 661 653 643 636 628 621 625 656 692 728 760 784 804 818 825 824 817 797 755 721 703 689 677
09 09 673 656 648 639 632 624 617 620 652 688 724 755 780 800 814 821 821 813 793 750 717 699 685 673
09 10 668 652 644 635 629 621 614 617 648 685 722 753 778 799 813 820 820 812 791 748 715 697 683 672
09 11 665 650 642 633 626 618 612 614 645 681 717 748 774 794 809 815 815 807 786 743 711 693 679 668
09 12 661 646 637 629 622 614 608 609 639 675 711 742 767 788 802 809 809 801 780 737 706 687 674 662
09 13 655 641 632 624 617 608 602 604 633 669 705 736 762 782 796 803 803 795 774 730 700 682 669 657
09 14 648 635 626 618 611 603 597 598 627 663 699 729 755 776 789 796 796 788 766 723 694 676 662 651
09 15 639 629 621 613 605 598 591 592 621 657 693 724 749 770 783 789 790 782 760 716 687 670 656 645
09 16 632 623 615 607 599 592 586 586 615 651 687 718 742 763 777 783 783 775 753 709 680 664 650 639
09 17 626 618 610 602 595 587 581 580 609 645 681 711 735 756 770 777 777 769 747 703 674 658 644 632
09 18 619 612 604 596 588 581 574 573 603 639 676 706 732 752 766 772 773 765 742 698 670 653 638 627
09 19 613 606 597 590 582 574 568 566 597 634 672 703 728 748 762 768 769 761 737 692 665 647 633 621
09 20 607 599 591 584 576 569 563 561 592 631 670 701 726 746 761 766 767 758 735 689 662 643 628 616
09 21 602 595 586 579 571 564 558 555 587 627 665 697 723 743 757 763 763 756 731 684 657 639 624 612
09 22 598 590 582 574 566 559 553 550 583 624 663 695 722 742 756 762 763 754 729 681 654 637 622 610
09 23 596 588 580 572 565 558 551 549 581 622 663 695 721 741 755 761 761 753 727 680 653 635 620 608
09 24 593 586 578 570 562 554 548 545 578 620 660 694 719 739 752 758 758 750 724 676 649 631 616 603
09 25 589 582 573 565 557 550 543 540 572 614 654 688 713 732 745 751 752 744 717 669 643 624 609 597
09 26 583 576 568 559 551 544 537 535 566 608 649 682 708 728 741 747 748 740 712 665 639 620 604 592
09 27 576 572 564 555 546 540 533 530 562 605 646 680 706 726 739 745 746 737 708 660 635 616 601 589
09 28 573 569 562 553 544 538 531 528 560 602 642 677 703 723 736 742 743 733 704 657 632 613 597 585
09 29 570 566 559 550 541 535 528 524 555 598 639 674 700 720 733 739 739 730 700 653 628 609 594 582
09 30 567 563 555 546 537 530 524 521 551 594 635 670 696 716 730 736 736 727 697 650 626 607 592 579
10 01 566 560 553 543 535 528 521 518 549 592 632 667 694 714 727 734 735 725 693 646 623 604 588 575
10 02 562 556 548 539 530 523 517 514 544 587 628 663 690 710 723 729 730 720 688 641 618 599 584 571
10 03 558 551 543 534 525 519 513 510 539 582 622 657 683 702 715 721 722 712 680 634 612 594 579 567
10 04 554 548 540 532 523 517 510 507 535 577 617 651 677 696 709 716 716 705 673 629 607 590 576 564
10 05 552 546 538 529 520 514 507 504 530 572 611 645 671 690 703 709 709 698 665 623 601 585 572 560
10 06 548 542 534 525 516 510 503 499 525 567 606 641 666 686 699 705 705 694 660 619 597 580 567 555
10 07 543 537 530 520 512 505 498 494 520 562 601 636 662 681 694 700 700 689 654 614 593 576 563 551
10 08 539 532 525 516 508 501 494 490 516 557 595 630 656 676 688 696 694 683 648 608 588 571 559 546
10 09 535 528 521 512 503 497 490 485 510 551 589 623 649 669 682 689 688 676 641 603 583 568 556 543
10 10 531 525 517 509 500 494 486 481 506 547 585 619 646 666 679 685 684 672 636 599 579 563 551 539
10 11 527 520 513 504 496 489 482 477 501 542 581 615 642 661 674 681 679 667 630 593 574 558 546 534
10 12 522 516 508 499 491 484 477 471 495 536 575 610 636 656 669 676 675 662 624 588 568 553 541 529
10 13 518 510 502 493 485 478 471 465 489 531 571 606 633 653 666 672 671 658 619 584 564 549 538 524
10 14 513 506 497 489 481 474 467 461 484 526 567 602 628 648 661 668 667 654 615 580 560 545 534 522
10 15 511 503 495 486 478 471 464 457 480 523 563 598 625 645 658 665 664 651 611 576 557 542 530 517
10 16 508 498 490 481 473 466 458 452 475 519 559 594 621 642 655 662 661 648 607 574 554 539 528 516
10 17 507 497 488 480 472 464 457 450 473 517 558 593 619 640 653 660 659 645 603 571 551 536 525 513
10 18 506 494 486 477 469 462 454 448 470 514 555 591 617 638 651 658 657 643 600 568 548 533 522 510
10 19 502 491 482 473 465 457 450 444 466 510 552 588 615 636 649 656 655 641 597 565 544 530 518 506
10 20 499 487 478 470 462 454 448 442 463 507 549 586 612 634 646 654 653 638 594 562 542 528 515 504
10 21 497 484 476 468 460 452 446 440 460 505 546 582 610 631 643 650 649 634 589 559 539 525 513 502
10 22 495 482 474 466 458 451 445 439 459 502 544 579 606 627 640 647 646 630 585 554 535 521 509 498
10 23 491 479 471 462 455 447 440 434 453 496 538 573 601 622 635 640 639 623 579 548 529 515 503 493
10 24 486 474 466 458 450 442 436 431 449 491 532 568 596 617 629 635 634 617 572 542 524 510 498 487
10 25 481 468 460 452 445 437 432 426 444 485 527 562 589 610 622 628 627 610 565 535 518 504 493 482
10 26 477 464 456 448 440 433 427 422 439 480 521 556 582 603 615 621 619 602 557 529 511 499 488 477
10 27 472 459 451 443 435 428 423 417 433 475 516 551 577 597 610 615 613 596 551 524 507 494 483 472
10 28 466 454 446 438 430 424 418 413 428 469 510 545 571 591 604 609 607 589 545 517 501 488 476 466
10 29 460 448 440 432 425 419 413 409 423 465 505 540 568 587 600 605 602 585 539 512 495 482 471 460
10 30 453 441 434 426 419 413 408 403 417 458 499 535 562 583 595 600 597 578 533 506 490 477 465 456
10 31 448 438 430 422 415 409 404 399 412 454 496 533 561 582 593 598 595 576 530 503 486 473 462 452
11 01 443 434 427 419 412 406 401 396 409 450 491 528 556 576 589 594 591 571 525 499 483 470 458 449
11 02 437 431 424 416 408 402 398 392 404 445 487 524 552 572 585 590 587 566 521 494 478 466 453 444
11 03 432 426 419 411 403 397 392 387 398 438 479 516 543 564 577 581 579 558 513 487 472 459 448 437
11 04 423 420 413 405 397 391 386 381 392 431 472 508 536 557 570 575 572 551 506 481 466 452 442 432
11 05 415 414 407 400 392 386 381 376 386 424 465 502 530 550 564 569 566 545 500 475 460 446 436 426
11 06 408 409 402 394 387 381 376 371 380 418 459 497 524 546 559 564 562 539 494 471 455 442 432 423
11 07 405 405 398 391 383 378 373 368 377 416 457 494 521 542 556 562 559 537 491 468 453 439 429 420
11 08 403 403 396 388 381 375 370 365 374 412 453 489 517 538 552 557 555 532 486 463 447 434 423 414
11 09 397 398 390 383 375 370 365 360 368 407 449 487 516 536 550 556 553 530 485 462 445 431 421 413
11 10 395 396 388 381 374 369 364 359 366 406 448 486 515 537 551 557 554 529 484 461 444 430 419 412
11 11 396 395 388 381 374 369 363 359 365 403 445 483 514 535 550 556 552 527 482 458 441 428 417 409
11 12 395 394 386 380 373 367 362 357 363 401 442 480 510 532 547 553 549 524 479 456 439 425 415 407
11 13 394 392 385 378 370 365 360 355 360 397 438 477 507 528 543 549 545 519 475 452 436 422 411 404
11 14 391 389 381 375 368 363 357 352 357 393 434 472 503 524 539 546 541 516 471 448 432 419 408 401
11 15 389 386 379 372 365 360 355 350 353 388 428 465 496 516 531 538 533 509 465 443 427 414 404 395
11 16 385 380 373 367 360 355 350 344 348 382 422 458 488 510 524 531 526 501 458 436 420 408 398 390
11 17 380 374 368 361 354 350 344 339 342 376 415 452 483 505 518 525 520 494 452 431 415 402 392 384
11 18 376 369 362 356 349 345 340 336 338 372 411 448 480 502 516 522 517 491 449 428 412 399 389 382
11 19 376 367 360 353 347 343 338 333 335 368 407 444 475 497 511 517 513 485 444 422 406 394 383 376
11 20 370 361 355 348 341 337 332 327 329 362 400 437 468 490 503 509 505 477 437 415 399 387 377 370
11 21 364 355 348 341 334 331 325 321 322 355 393 429 461 482 495 501 497 469 429 408 392 381 370 363
11 22 357 348 341 334 328 325 319 314 316 348 386 423 455 477 490 496 491 463 424 402 387 375 365 357
11 23 352 342 335 329 322 319 313 308 309 341 380 418 450 473 486 492 488 460 420 399 383 372 362 354
11 24 349 339 332 326 320 316 311 306 307 338 376 414 446 468 482 488 484 456 416 395 380 368 358 350
11 25 345 334 328 322 316 312 307 302 303 333 371 408 439 461 475 481 477 448 410 389 374 363 352 344
11 26 339 328 322 315 309 305 301 297 297 327 364 402 431 454 468 474 470 441 403 383 368 357 346 338
11 27 334 322 316 309 304 300 296 292 292 322 360 397 426 450 463 469 465 436 398 378 363 352 342 335
11 28 332 319 313 307 301 298 293 289 289 318 355 392 420 444 457 464 461 431 393 374 358 347 337 330
11 29 327 314 308 302 297 293 288 284 284 312 349 386 414 438 451 458 454 424 387 368 353 342 332 325
11 30 322 309 303 297 292 288 283 279 278 307 344 381 410 434 447 453 449 419 383 363 348 337 327 320
12 01 318 304 299 293 289 284 280 276 275 303 341 378 406 430 443 450 446 416 380 360 345 335 325 317
12 02 316 302 297 291 286 281 276 273 272 299 337 375 403 427 441 448 444 414 377 358 343 333 322 315
12 03 315 300 295 289 284 279 274 270 269 296 334 372 400 424 438 444 440 410 373 354 339 329 318 310
12 04 310 296 290 285 279 275 271 267 265 291 330 367 396 420 433 440 436 406 369 350 335 325 315 307
12 05 307 293 288 281 276 273 268 264 263 289 328 365 393 417 432 439 434 405 368 349 334 324 313 306
12 06 307 292 287 281 276 272 268 264 262 287 326 363 391 414 429 436 431 403 366 347 332 322 312 304
12 07 305 291 286 279 274 270 265 261 259 284 321 358 386 410 425 431 427 398 362 343 328 319 308 301
12 08 302 287 282 275 271 267 262 258 256 280 318 354 382 406 420 426 422 393 357 339 324 315 305 297
12 09 298 284 279 272 268 264 259 255 253 277 313 349 377 401 415 421 416 388 353 335 319 310 300 293
12 10 295 280 274 268 264 260 255 250 247 271 308 344 372 396 409 416 411 384 349 331 316 307 297 290
12 11 291 276 271 265 261 257 252 247 244 267 304 340 369 391 405 412 407 380 346 328 313 304 294 287
12 12 288 274 268 262 259 254 249 245 241 262 298 334 363 384 398 405 400 374 341 323 309 299 290 282
12 13 282 270 264 258 255 251 245 241 237 258 294 330 358 379 393 400 394 369 336 318 305 295 286 279
12 14 280 267 262 255 252 248 243 239 235 255 291 325 354 375 388 394 389 365 331 314 301 292 282 275
12 15 274 263 258 252 248 245 240 236 232 251 286 320 347 369 383 389 384 360 327 309 296 287 278 272
12 16 270 260 254 248 244 242 237 232 229 248 283 316 344 365 379 385 380 356 323 305 292 283 274 268
12 17 264 256 250 243 240 237 233 229 224 244 277 311 338 359 373 379 375 351 318 301 288 279 271 264
12 18 259 252 247 240 238 234 230 226 222 240 274 307 334 355 369 376 372 349 317 299 286 277 269 263
12 19 257 250 245 239 236 232 228 226 221 240 274 308 335 357 371 378 374 351 318 301 287 278 269 263
12 20 257 251 246 240 237 233 229 226 222 240 274 307 336 357 371 378 374 351 317 300 287 277 269 263
12 21 256 250 245 239 236 232 228 226 222 241 275 308 337 358 373 380 376 353 318 301 286 276 267 261
12 22 255 248 242 236 233 230 227 225 221 240 274 307 336 357 371 380 376 353 317 300 286 275 267 262
12 23 254 248 243 237 234 231 229 227 223 241 276 309 338 359 373 382 378 355 319 301 288 276 268 262
12 24 253 248 242 236 232 229 226 225 220 238 272 306 335 356 370 379 376 354 318 299 286 275 267 261
12 25 251 248 242 235 232 229 227 225 221 238 272 305 334 355 370 379 376 354 317 298 285 274 266 260
12 26 251 248 242 235 233 230 228 226 221 239 272 305 334 356 371 381 378 356 318 299 285 274 266 261
12 27 251 248 242 236 232 230 228 225 222 238 272 305 334 357 372 381 378 356 318 299 285 275 266 261
12 28 250 248 242 236 232 229 228 224 221 237 272 306 335 357 372 382 380 357 320 301 286 276 267 261
12 29 250 249 242 237 233 231 229 226 223 239 274 308 338 359 375 384 382 359 322 302 288 277 269 262
12 30 252 250 244 239 235 232 230 227 225 241 275 310 339 360 374 385 381 359 322 302 288 277 268 262
12 31 252 249 243 238 235 231 229 226 223 239 274 309 339 361 375 386 383 361 323 303 289 278 270 264
