01 01 476 468 462 457 453 449 443 441 441 463 491 521 545 566 580 588 586 577 551 532 517 505 496 486
01 02 479 471 465 460 456 451 447 444 445 467 496 526 551 572 587 594 593 583 557 537 522 510 500 489
01 03 482 474 469 463 459 454 449 447 446 468 497 527 552 573 588 595 594 584 557 538 522 510 499 489
01 04 482 474 468 462 458 453 448 446 445 466 495 525 550 571 586 594 592 582 556 536 520 508 497 488
01 05 481 473 468 462 458 453 449 446 446 466 495 526 551 572 587 595 594 583 557 537 521 509 498 489
01 06 482 474 468 462 457 452 447 444 444 464 492 523 548 569 583 591 589 579 554 534 518 506 495 486
01 07 478 471 465 459 454 449 444 441 441 461 490 521 546 568 582 590 588 578 553 533 517 504 493 484
01 08 476 468 463 456 452 447 442 439 439 459 489 520 545 566 580 588 588 577 553 533 517 505 494 485
01 09 476 468 462 456 452 447 442 439 439 459 489 520 545 566 580 588 588 577 552 533 517 505 494 485
01 10 476 468 462 456 452 447 442 439 439 459 489 519 545 565 580 588 587 576 552 532 516 504 493 485
01 11 476 467 461 455 451 446 441 438 437 457 487 517 542 562 576 584 584 573 549 529 514 502 491 483
01 12 474 466 460 453 449 444 439 436 436 456 485 515 541 560 575 584 583 573 549 529 514 502 491 483
01 13 473 466 460 453 448 444 439 436 436 456 485 515 541 560 575 583 583 573 548 529 514 501 491 482
01 14 473 466 460 452 447 442 438 434 435 456 485 514 541 560 576 585 585 574 550 529 514 501 491 482
01 15 473 466 459 452 448 443 439 435 436 458 488 517 543 562 578 587 588 576 552 532 516 503 492 484
01 16 474 468 462 454 450 445 440 437 438 459 489 518 544 564 580 589 589 578 554 533 518 505 494 485
01 17 476 469 462 455 451 446 441 438 438 459 489 518 544 563 579 588 588 577 554 533 518 505 494 485
01 18 476 469 462 455 451 446 441 438 439 460 491 519 546 565 582 591 592 581 559 537 522 509 498 489
01 19 479 472 464 458 454 449 443 440 441 464 494 523 549 569 585 594 594 584 561 540 524 511 500 491
01 20 481 474 466 460 456 450 444 441 442 464 495 524 550 569 586 594 595 585 563 541 525 511 501 491
01 21 482 473 466 461 457 452 448 445 446 468 499 526 553 573 590 599 600 590 568 546 530 517 507 496
01 22 487 479 472 466 462 457 452 451 451 473 502 530 557 575 592 601 602 592 570 548 532 519 509 498
01 23 490 481 474 468 464 459 455 453 453 475 503 531 557 576 593 602 602 594 572 549 533 518 508 498
01 24 490 481 474 468 464 459 454 452 452 474 502 531 558 577 593 603 603 594 572 550 533 519 508 498
01 25 490 482 474 468 464 459 455 452 453 475 504 534 560 578 595 605 605 596 574 552 535 521 510 499
01 26 492 483 475 469 464 459 455 452 453 476 505 535 562 581 597 607 608 599 577 554 536 522 511 500
01 27 492 484 476 469 465 460 456 454 455 478 506 536 563 582 598 607 608 599 578 554 537 523 512 501
01 28 494 486 477 471 466 460 457 454 455 478 507 536 563 582 598 606 607 599 578 554 537 523 512 501
01 29 494 486 477 471 466 461 457 455 456 478 507 535 561 580 595 604 604 596 576 553 535 522 510 500
01 30 492 484 476 469 465 459 455 453 454 476 504 533 558 578 593 602 603 595 575 552 535 521 509 499
01 31 491 483 475 468 463 459 455 452 453 476 503 533 559 578 593 602 604 597 577 554 536 521 510 500
02 01 492 484 476 469 464 459 456 454 455 477 505 534 559 579 593 603 605 597 577 554 537 523 511 502
02 02 494 486 479 473 468 463 460 456 458 479 505 533 558 577 592 601 604 596 576 554 536 523 511 502
02 03 494 487 479 473 468 464 461 458 459 479 504 532 556 575 590 599 602 594 575 552 536 522 510 501
02 04 493 486 478 472 467 462 460 457 458 479 503 530 554 573 588 596 600 592 574 551 535 520 509 500
02 05 492 486 477 471 466 461 458 455 457 478 503 531 555 574 589 597 600 592 574 550 534 520 508 499
02 06 491 484 476 470 465 460 457 453 455 477 503 531 555 574 589 598 602 594 575 552 536 521 510 501
02 07 493 486 478 471 466 461 458 455 458 479 506 534 558 577 592 600 604 596 578 555 539 525 514 505
02 08 496 490 481 475 471 466 463 460 463 484 511 539 563 582 596 605 609 600 582 557 541 528 515 507
02 09 497 491 482 476 472 467 464 460 464 486 513 541 564 583 598 607 611 603 584 559 543 529 516 507
02 10 498 491 483 477 472 468 464 461 465 488 515 544 568 587 602 610 614 606 588 563 547 532 520 511
02 11 501 494 486 480 476 471 467 464 468 491 519 548 572 591 607 615 619 611 592 568 551 536 524 515
02 12 505 497 490 484 480 475 471 467 472 495 523 553 577 596 612 621 624 616 598 574 557 541 529 520
02 13 510 503 496 490 485 481 477 473 478 501 529 559 583 603 619 628 632 624 606 580 563 548 535 527
02 14 516 509 502 496 492 487 483 479 484 508 537 567 590 610 626 634 638 630 612 586 569 554 541 531
02 15 521 514 506 500 495 491 486 482 488 512 541 571 595 615 630 639 642 634 616 589 572 557 544 534
02 16 524 516 509 503 498 493 488 484 490 515 545 575 599 619 635 644 647 639 621 594 576 560 547 537
02 17 526 518 510 504 498 494 489 485 492 519 549 579 603 624 639 647 649 642 625 598 579 564 550 539
02 18 529 520 513 506 500 496 491 486 494 521 552 582 607 627 642 651 653 646 629 601 582 567 553 542
02 19 532 523 517 510 503 498 493 489 497 524 555 586 611 631 646 655 656 649 632 605 586 570 556 545
02 20 535 526 520 512 506 502 497 492 501 528 559 590 614 634 649 659 660 653 636 609 589 573 559 547
02 21 537 528 522 514 507 503 498 493 502 530 561 590 614 634 649 658 659 653 635 609 589 573 559 548
02 22 537 529 522 514 508 503 498 494 503 531 561 590 614 634 648 658 660 653 635 610 590 574 560 548
02 23 538 528 522 514 507 503 497 493 502 530 561 589 614 634 648 658 660 654 637 612 592 576 562 550
02 24 539 530 524 516 510 505 500 496 505 533 564 592 616 636 651 660 662 656 640 615 595 579 565 554
02 25 543 534 527 520 514 509 504 499 508 536 566 594 617 637 652 661 664 658 641 617 597 581 567 555
02 26 545 536 529 522 515 511 506 502 511 539 568 596 620 640 654 663 666 660 643 619 598 582 568 556
02 27 545 536 529 522 516 511 506 502 512 540 570 598 622 642 657 667 669 663 646 621 600 584 570 558
02 28 547 538 530 523 517 512 507 502 513 541 572 599 623 643 658 667 669 663 645 621 600 584 570 557
03 01 547 538 530 523 517 512 507 503 514 542 572 600 624 643 658 668 670 664 646 623 602 585 571 559
03 02 549 539 532 525 519 513 509 505 516 544 574 602 625 644 660 669 672 666 648 625 604 586 572 560
03 03 550 540 532 526 519 514 509 506 518 546 576 604 628 646 662 671 673 668 649 627 606 588 574 562
03 04 551 542 534 528 522 516 511 507 519 547 577 605 628 647 663 672 675 669 650 628 607 590 576 564
03 05 553 543 536 530 524 518 513 509 522 550 580 608 631 650 666 675 678 673 654 632 611 593 579 567
03 06 556 547 539 532 527 521 516 512 525 553 584 611 635 654 670 679 682 677 658 635 614 596 582 570
03 07 559 549 542 535 530 524 519 515 528 556 586 614 637 656 672 681 684 678 660 637 616 598 585 573
03 08 562 552 545 539 534 528 523 519 532 559 589 618 641 659 675 685 687 682 664 640 619 602 588 576
03 09 565 556 549 542 537 531 526 523 536 563 592 620 644 663 678 687 690 685 666 642 622 604 590 579
03 10 568 558 551 544 539 534 529 527 540 566 595 624 647 666 681 691 693 688 669 645 624 607 593 581
03 11 571 562 555 549 544 538 533 531 544 571 600 628 652 670 686 695 697 692 674 649 628 611 596 585
03 12 575 565 558 552 547 541 536 533 547 574 603 630 654 672 688 697 700 694 676 651 630 612 598 586
03 13 576 566 560 553 547 541 536 533 548 575 604 632 655 673 688 698 700 695 677 652 630 613 598 587
03 14 577 567 560 554 548 542 537 534 550 577 605 633 655 674 689 699 701 697 679 653 632 614 599 588
03 15 578 568 561 554 549 543 538 536 552 579 607 635 657 676 691 701 702 697 680 654 633 615 600 588
03 16 579 569 562 555 550 544 539 537 553 580 609 637 659 678 693 703 705 700 682 656 635 617 602 591
03 17 581 572 564 558 552 547 542 540 556 583 612 638 661 680 695 704 706 701 684 658 636 620 605 594
03 18 584 575 568 562 556 551 546 544 560 586 614 640 662 680 695 704 706 701 684 658 637 621 606 595
03 19 586 577 570 564 558 553 549 547 563 589 616 642 664 683 697 706 708 703 686 660 638 623 608 598
03 20 588 579 573 567 561 556 552 550 566 591 618 644 666 684 699 707 709 703 686 660 639 624 610 599
03 21 589 581 575 569 563 558 555 553 569 593 619 645 667 686 700 708 710 704 688 662 641 626 612 601
03 22 591 583 576 571 565 560 556 555 571 595 621 647 668 687 701 709 711 705 689 664 642 628 613 603
03 23 593 584 577 572 566 561 557 555 572 597 624 649 671 690 705 713 715 709 693 667 644 629 615 604
03 24 594 584 577 572 565 560 556 555 572 598 626 652 673 693 707 716 717 711 696 670 646 631 616 605
03 25 595 585 578 573 566 561 557 556 574 601 629 655 677 696 710 718 720 714 698 672 649 633 618 606
03 26 596 586 578 573 566 561 557 557 576 603 630 657 678 697 711 720 721 716 700 674 651 635 620 608
03 27 598 588 581 575 569 563 560 560 580 607 634 661 682 701 715 723 724 719 703 677 654 639 623 612
03 28 602 592 585 580 573 568 565 565 585 611 638 664 685 704 718 726 727 722 706 680 657 642 627 616
03 29 606 597 589 584 578 573 569 570 589 615 641 667 687 706 719 727 728 723 707 681 658 643 628 617
03 30 607 598 591 585 579 574 571 571 590 616 642 668 688 706 720 728 729 724 708 682 659 644 629 618
03 31 608 599 592 586 581 576 573 573 592 618 645 671 690 708 722 730 732 726 710 684 661 646 631 620
04 01 609 601 594 588 582 577 574 574 594 620 647 673 693 711 724 733 734 728 712 686 663 647 632 620
04 02 609 601 594 588 583 577 574 575 595 622 650 675 696 714 728 736 737 731 716 689 666 649 635 623
04 03 611 603 596 590 584 579 576 577 598 625 653 678 699 718 731 739 740 733 718 691 668 651 636 624
04 04 613 604 597 591 585 579 576 577 599 627 655 680 701 720 733 741 742 736 720 694 670 652 638 626
04 05 615 606 598 592 587 581 577 578 601 630 659 684 705 723 737 745 746 739 724 697 673 655 640 628
04 06 617 608 601 594 589 583 580 582 605 634 664 689 710 729 742 751 751 745 728 701 677 658 643 631
04 07 619 610 603 596 591 585 582 584 608 637 667 692 713 732 745 754 753 747 730 703 680 661 645 633
04 08 621 612 605 599 594 588 585 588 611 641 671 696 716 735 748 756 756 749 733 706 682 663 648 635
04 09 624 615 608 601 597 590 587 590 614 643 673 698 719 737 751 759 759 752 736 708 685 666 650 637
04 10 627 618 611 604 599 593 590 592 616 645 675 699 721 740 754 762 761 753 737 710 686 667 652 639
04 11 628 619 612 606 601 595 592 595 618 646 676 701 723 742 756 764 763 755 739 712 688 668 653 640
04 12 629 621 614 608 603 598 594 598 621 650 680 704 727 746 760 768 767 759 744 716 692 672 657 644
04 13 632 623 616 610 606 601 597 601 624 653 683 708 730 750 763 771 771 763 748 721 696 677 661 648
04 14 637 628 621 615 610 605 602 607 630 658 688 713 736 755 768 776 776 768 752 725 701 681 666 653
04 15 641 632 625 619 614 610 607 612 635 663 692 716 739 759 771 778 778 770 754 727 703 684 668 655
04 16 644 635 628 622 617 614 610 616 639 666 696 720 743 762 774 781 781 773 758 731 706 687 672 659
04 17 648 638 631 626 621 617 614 620 643 670 699 723 746 765 777 784 784 776 761 734 709 690 674 661
04 18 650 641 634 628 624 620 617 623 646 673 702 726 749 768 780 787 788 780 765 737 712 693 677 663
04 19 652 643 636 631 626 623 620 627 650 677 706 730 753 772 784 792 792 784 769 741 716 696 680 666
04 20 656 647 640 634 630 626 622 630 653 680 709 733 756 774 786 793 793 786 771 743 718 699 682 669
04 21 658 649 642 636 632 628 625 632 655 683 711 735 758 776 788 795 795 788 773 746 721 702 685 672
04 22 661 653 645 640 635 631 628 636 658 686 714 738 760 779 791 798 799 792 777 750 724 705 689 676
04 23 666 656 649 644 639 635 631 640 661 689 716 740 762 781 793 800 801 794 780 752 727 708 692 679
04 24 668 659 652 646 642 637 634 643 664 691 717 741 762 781 794 801 802 795 781 754 729 710 694 681
04 25 670 661 654 649 644 640 637 646 667 694 719 743 764 782 795 802 804 797 782 756 731 712 696 683
04 26 672 663 656 651 646 642 639 648 669 696 721 744 765 783 796 803 805 799 784 758 733 714 698 684
04 27 674 664 657 651 646 643 640 649 670 697 722 746 766 784 798 805 807 800 785 759 734 715 699 685
04 28 675 665 658 653 648 644 641 651 673 700 725 749 769 787 800 807 809 802 788 761 737 718 702 688
04 29 678 668 661 655 651 647 644 653 675 702 727 751 771 789 802 810 811 805 790 764 738 720 703 689
04 30 680 670 663 657 653 649 646 656 677 704 730 753 773 792 805 813 814 808 793 767 742 723 706 693
05 01 683 673 665 659 655 651 648 658 679 706 731 755 775 793 806 814 816 809 795 769 743 724 708 695
05 02 686 675 668 663 658 654 652 662 682 709 734 758 778 796 809 816 818 811 796 771 745 727 711 697
05 03 688 678 670 664 660 656 654 664 685 711 735 760 780 798 811 818 819 813 798 773 748 729 714 700
05 04 691 680 673 667 663 659 657 667 688 714 738 762 782 800 813 819 820 813 799 774 749 731 715 702
05 05 693 683 676 670 666 662 660 670 691 717 741 765 784 802 816 822 822 815 802 777 752 734 718 705
05 06 696 686 679 673 669 666 664 674 694 719 743 767 786 803 817 823 823 816 802 778 753 735 720 707
05 07 697 687 681 675 671 668 666 676 696 721 745 769 789 805 818 824 824 817 802 779 754 736 721 708
05 08 699 689 682 677 673 670 668 678 699 724 748 771 791 807 821 826 826 819 804 780 756 738 723 710
05 09 701 691 685 680 676 673 671 682 703 728 752 774 794 810 822 828 827 820 806 782 758 740 725 712
05 10 703 694 687 681 677 675 673 684 705 730 754 777 797 812 825 830 829 823 808 784 759 742 726 714
05 11 705 696 689 684 680 677 675 686 708 733 757 780 800 815 827 832 831 825 810 786 761 743 728 716
05 12 707 697 691 686 681 678 676 688 710 736 760 782 802 816 828 833 832 826 811 787 762 744 729 718
05 13 708 699 692 686 682 679 677 689 711 737 761 782 803 817 829 835 834 827 813 789 763 745 730 718
05 14 708 699 693 687 682 679 678 690 712 738 762 784 804 818 830 835 834 828 814 790 765 747 732 720
05 15 710 700 694 688 683 680 679 691 713 739 764 786 806 820 832 837 836 830 815 791 766 748 733 721
05 16 710 702 695 689 685 682 680 693 716 742 767 789 808 823 835 841 839 833 818 794 769 751 735 723
05 17 712 704 697 691 687 684 682 695 718 744 769 791 810 825 837 843 842 836 820 796 771 753 737 724
05 18 714 706 699 694 689 686 684 698 721 747 772 794 813 828 840 846 845 839 823 799 774 756 740 727
05 19 716 708 702 697 692 689 688 701 724 749 774 795 815 831 843 849 849 842 827 803 777 758 743 730
05 20 719 711 704 699 694 691 689 703 726 751 776 797 818 834 845 851 851 844 829 804 779 760 744 731
05 21 721 712 705 700 696 692 691 704 727 753 778 799 819 836 848 854 854 847 831 806 781 762 746 733
05 22 722 713 706 701 696 693 692 706 729 754 779 800 821 837 849 855 855 848 834 808 783 764 748 735
05 23 724 715 709 703 699 696 694 709 732 757 782 803 824 840 852 857 858 851 836 811 785 767 751 737
05 24 726 717 711 705 700 697 696 710 733 759 784 806 826 843 855 861 861 854 839 814 788 770 753 739
05 25 728 719 712 707 702 698 697 711 734 761 786 808 829 846 859 864 864 857 842 817 791 772 756 742
05 26 731 722 715 709 705 701 700 715 737 764 789 812 832 850 862 867 867 860 844 820 794 776 759 745
05 27 734 725 718 712 708 705 704 718 741 767 792 815 835 853 865 870 870 862 847 823 797 778 762 748
05 28 737 728 721 716 711 708 707 721 744 770 795 818 838 856 868 872 873 865 850 825 800 782 765 751
05 29 740 732 724 719 715 711 710 724 747 773 798 821 841 858 870 875 875 868 852 828 802 784 767 753
05 30 743 734 727 722 718 714 713 726 749 774 799 822 843 860 872 877 876 869 854 830 804 786 769 755
05 31 745 736 729 724 720 716 715 728 750 776 801 823 844 861 873 878 877 870 855 831 805 787 770 757
06 01 747 737 731 726 721 718 716 730 752 777 802 825 845 862 874 879 878 871 856 832 806 789 772 759
06 02 749 739 733 728 723 719 718 731 754 778 803 826 846 862 874 879 878 872 857 833 808 790 774 761
06 03 751 740 734 729 725 721 720 733 755 780 805 828 848 864 876 880 879 873 858 834 809 792 775 762
06 04 752 741 735 730 725 722 721 734 756 782 806 829 850 865 876 882 881 874 859 836 810 793 777 764
06 05 753 743 736 731 727 724 723 736 759 784 808 832 851 867 878 883 882 876 861 837 812 794 779 766
06 06 755 745 739 734 730 726 725 738 761 786 810 834 854 870 880 885 884 878 862 840 814 796 780 767
06 07 756 747 740 735 732 728 727 740 763 788 812 836 855 871 882 887 886 880 864 842 816 798 782 768
06 08 758 749 742 737 733 729 728 741 765 790 814 838 857 873 884 889 887 881 866 844 818 799 784 770
06 09 760 750 744 739 735 731 730 743 767 792 816 840 859 874 884 890 889 883 868 846 819 801 785 771
06 10 761 752 745 740 736 732 731 744 767 792 817 840 859 875 885 891 890 883 869 847 821 802 786 773
06 11 762 753 747 741 737 733 732 745 768 794 819 842 862 877 887 893 892 885 871 849 823 804 788 775
06 12 764 754 748 742 738 734 732 746 770 796 820 844 864 879 889 895 894 887 873 851 824 806 790 776
06 13 766 755 749 743 739 735 734 747 771 797 821 845 865 880 891 896 895 889 875 853 826 807 791 777
06 14 767 756 750 744 740 736 734 749 772 799 824 848 867 882 892 897 897 890 876 854 827 808 792 778
06 15 768 758 751 745 740 736 735 750 774 801 826 849 868 883 892 898 898 891 878 855 829 810 793 779
06 16 769 759 752 746 741 737 736 750 775 802 827 851 869 885 894 899 900 892 879 857 831 811 795 780
06 17 770 759 753 747 742 737 736 751 776 804 829 853 872 887 896 901 902 893 880 858 832 812 796 781
06 18 770 760 754 747 743 738 737 752 777 806 831 855 873 888 897 902 902 894 881 860 833 813 797 782
06 19 771 762 755 749 744 739 738 754 779 808 833 857 875 890 899 903 903 896 883 862 836 815 799 784
06 20 773 763 756 750 745 740 738 754 780 808 834 858 876 891 901 906 906 897 886 864 838 817 800 785
06 21 774 765 758 751 745 741 739 755 781 809 835 859 877 893 902 907 908 899 887 865 839 818 801 787
06 22 776 766 759 752 746 741 740 756 781 809 836 859 877 893 902 906 907 898 887 865 839 819 802 788
06 23 776 766 759 753 747 742 741 757 782 810 836 860 878 893 903 906 907 898 887 865 839 820 803 788
06 24 777 767 760 754 749 744 742 759 784 811 837 860 879 894 904 907 907 898 888 866 840 820 804 789
06 25 778 768 761 755 750 746 744 760 785 812 839 862 880 895 905 908 908 899 889 866 840 821 805 790
06 26 779 770 763 757 751 747 745 761 786 813 839 862 881 895 906 908 908 899 889 866 840 821 805 790
06 27 779 770 763 757 752 748 746 762 787 813 839 862 880 895 906 908 907 899 888 865 840 821 805 790
06 28 780 770 763 758 753 748 747 762 787 813 839 862 881 896 906 909 908 899 888 866 841 821 805 791
06 29 780 771 764 758 753 749 747 763 788 813 840 862 882 897 907 910 909 900 889 866 841 822 806 792
06 30 781 771 765 759 754 750 748 763 788 814 841 864 883 899 909 911 910 901 890 867 841 821 806 792
07 01 781 772 765 759 755 750 749 763 788 814 841 864 884 899 910 912 911 902 891 867 841 822 806 793
07 02 782 772 765 759 755 751 749 764 789 815 842 865 885 901 911 913 911 903 892 868 842 823 807 793
07 03 782 772 766 760 755 751 749 764 789 815 842 866 886 903 913 915 913 904 893 870 843 824 808 794
07 04 783 773 766 760 756 751 750 764 790 816 843 867 888 904 914 916 915 906 894 870 844 824 809 795
07 05 783 774 767 761 757 752 750 765 791 817 845 869 890 905 915 918 916 907 895 872 845 825 809 795
07 06 784 774 767 761 758 753 751 766 791 818 846 870 890 906 916 919 917 909 896 873 846 826 811 797
07 07 785 775 768 762 758 754 751 766 792 819 848 871 892 909 919 921 919 911 898 874 847 828 812 797
07 08 785 775 768 763 758 754 752 766 792 820 849 872 894 910 920 923 921 913 899 876 849 828 813 798
07 09 786 776 769 763 759 754 751 766 792 820 849 873 895 911 921 925 923 915 901 877 850 830 814 799
07 10 787 777 769 763 759 754 751 766 793 821 850 874 896 912 922 926 925 917 902 879 852 832 816 801
07 11 788 777 770 764 759 754 751 766 793 822 852 876 897 913 923 927 927 919 903 881 853 833 816 801
07 12 789 778 770 764 759 754 752 766 794 823 853 877 898 915 925 929 929 920 905 882 854 834 817 802
07 13 789 778 770 764 759 754 751 766 794 824 854 879 899 916 926 930 930 922 906 882 855 835 818 803
07 14 789 779 770 764 759 754 751 767 794 824 854 879 900 916 927 930 931 922 907 883 856 836 820 804
07 15 790 779 771 765 760 755 752 767 795 825 855 881 902 918 928 933 933 923 909 885 858 838 821 805
07 16 792 780 772 766 761 756 752 768 796 826 857 883 903 919 929 934 934 924 909 885 858 838 821 806
07 17 792 781 772 766 761 755 752 767 796 826 856 883 903 919 930 934 934 925 910 886 858 838 821 806
07 18 792 781 772 766 760 755 752 767 795 825 856 883 903 920 930 935 935 925 910 886 858 838 821 805
07 19 792 780 772 766 760 755 751 766 795 825 856 882 903 920 931 936 935 925 911 886 858 838 821 806
07 20 792 781 772 765 760 755 751 766 794 825 855 882 903 920 931 935 934 925 911 886 857 837 821 805
07 21 792 780 772 765 760 755 751 766 794 825 855 882 904 921 932 936 935 926 912 887 858 838 821 806
07 22 793 781 773 765 760 755 751 766 795 825 856 883 905 921 933 937 936 927 913 888 859 839 822 806
07 23 793 782 773 766 761 755 752 766 795 825 857 884 906 922 934 937 936 928 914 888 859 839 822 807
07 24 794 782 774 767 761 756 752 766 795 826 858 886 907 924 935 939 937 929 914 889 860 839 822 806
07 25 794 782 774 767 761 756 752 767 796 827 859 887 909 925 937 940 939 929 915 889 860 839 822 807
07 26 794 783 774 767 761 756 752 767 796 827 859 887 910 927 938 942 940 930 916 890 860 840 823 808
07 27 795 783 775 767 762 757 753 767 796 827 860 889 911 928 940 943 942 932 917 891 861 841 824 808
07 28 795 784 775 768 762 757 753 767 797 828 861 890 912 930 941 946 944 934 918 892 862 841 824 808
07 29 796 784 775 768 763 757 753 767 797 829 862 891 914 931 942 947 945 935 919 893 863 842 824 808
07 30 796 784 775 768 763 757 753 767 797 829 862 892 914 932 943 948 946 937 920 894 864 843 825 809
07 31 797 785 776 769 763 758 753 766 797 830 863 892 915 932 944 949 946 937 920 895 865 844 826 810
08 01 797 785 777 769 764 758 754 767 798 830 864 893 915 932 943 949 946 937 920 895 865 844 827 810
08 02 798 786 777 770 764 759 754 767 798 830 864 893 915 932 943 949 947 938 921 895 865 844 827 811
08 03 798 786 777 770 764 758 754 767 798 831 864 894 916 933 944 950 948 939 921 895 865 845 827 811
08 04 798 786 778 770 764 759 754 767 799 832 866 895 918 934 944 951 949 940 921 895 865 845 827 811
08 05 798 787 778 770 764 759 754 767 799 832 865 895 917 934 944 950 949 939 920 894 865 844 827 810
08 06 797 786 777 770 764 759 754 766 798 832 865 895 917 934 944 951 949 939 920 894 865 844 827 810
08 07 797 786 777 770 764 758 754 767 798 832 864 894 916 934 944 951 949 939 920 893 864 844 827 810
08 08 797 786 777 770 764 758 754 766 798 831 864 893 916 934 944 951 949 938 919 892 863 843 826 810
08 09 797 786 777 770 764 758 754 766 797 831 863 893 915 933 943 950 948 938 918 890 862 842 825 808
08 10 796 785 777 769 763 758 754 766 797 830 863 892 915 933 942 949 948 938 918 890 862 842 825 808
08 11 796 785 777 770 764 759 754 766 797 830 863 892 915 932 942 948 947 938 917 889 861 842 825 809
08 12 796 785 777 770 764 759 754 766 797 830 862 891 914 931 941 947 945 936 918 889 861 842 825 809
08 13 796 785 777 770 764 759 755 766 796 830 862 890 914 932 942 948 946 937 919 890 862 843 826 810
08 14 797 786 778 770 764 760 756 766 797 830 862 890 913 931 941 947 945 936 918 889 860 841 825 809
08 15 796 785 777 770 764 759 755 766 796 829 861 889 912 930 940 946 944 935 916 887 859 840 824 808
08 16 796 785 777 770 764 759 755 765 796 829 861 889 912 930 941 946 944 935 917 887 860 841 824 808
08 17 796 785 777 770 764 760 756 766 796 829 862 889 912 931 941 946 944 935 916 886 859 840 824 808
08 18 796 785 777 771 765 760 756 766 796 829 862 889 912 931 941 946 944 934 915 886 859 840 824 808
08 19 796 785 777 771 765 760 756 765 796 829 862 889 911 931 942 946 945 935 916 887 860 841 824 809
08 20 797 786 778 771 765 760 756 765 796 829 862 889 912 931 943 947 945 935 916 886 859 841 825 809
08 21 797 786 777 771 764 760 756 765 796 829 862 889 911 930 941 945 944 934 915 885 858 839 824 808
08 22 796 785 777 770 764 760 756 764 795 828 861 889 910 930 940 944 943 933 913 883 857 838 823 807
08 23 795 784 776 769 763 758 754 762 794 827 860 887 909 928 938 943 941 931 912 881 855 837 821 806
08 24 794 784 775 768 762 758 754 762 793 826 859 887 907 927 937 941 940 930 910 881 854 836 820 806
08 25 794 783 775 768 762 757 753 761 792 825 858 886 905 925 936 940 937 927 907 878 852 834 819 805
08 26 793 782 774 767 761 756 753 760 791 824 857 885 905 923 934 937 935 926 905 876 851 833 818 804
08 27 792 782 774 767 760 756 752 759 790 824 857 885 904 922 933 936 934 923 902 873 848 830 815 802
08 28 790 780 772 765 759 754 750 758 788 822 855 883 902 919 930 933 931 920 897 868 844 826 812 799
08 29 788 778 770 764 757 752 748 755 786 820 853 880 900 917 928 931 929 918 896 866 842 825 810 797
08 30 786 776 768 762 755 751 746 753 784 819 852 879 898 915 927 930 929 917 895 865 841 823 809 795
08 31 784 774 766 759 753 749 744 751 782 817 850 877 896 913 925 928 926 916 893 862 838 821 807 794
09 01 783 773 765 758 751 747 742 749 779 814 847 874 894 910 922 925 924 914 891 861 837 819 805 792
09 02 781 771 763 756 750 745 740 747 777 812 844 871 891 907 919 922 920 910 888 857 834 816 802 790
09 03 779 769 762 755 748 744 739 745 775 809 842 869 888 904 915 918 916 906 883 853 830 813 799 787
09 04 776 767 760 753 747 742 738 744 772 806 838 865 884 900 911 914 911 901 879 849 826 810 796 784
09 05 774 764 758 751 745 741 736 742 770 805 836 862 882 898 909 912 909 899 876 847 824 808 794 782
09 06 772 763 756 750 744 740 735 741 769 803 834 861 880 896 907 909 906 896 874 844 822 806 793 781
09 07 771 761 755 749 743 739 735 740 768 801 832 858 878 893 904 906 902 892 870 841 819 804 790 779
09 08 768 759 753 747 741 738 733 739 765 798 829 855 875 890 901 903 899 889 867 837 816 801 788 777
09 09 766 757 751 745 739 735 731 736 763 795 826 852 872 888 898 901 897 886 864 834 813 798 785 774
09 10 763 754 748 742 737 733 729 733 760 792 823 848 869 885 896 900 895 884 862 832 810 795 782 771
09 11 760 751 745 739 734 730 726 730 757 789 820 845 866 883 893 897 893 882 861 830 809 794 781 769
09 12 759 749 743 737 732 728 724 728 754 787 817 842 863 880 890 893 889 879 858 828 807 791 778 767
09 13 756 747 741 734 729 725 722 725 752 785 815 840 860 877 886 890 886 875 855 824 803 788 775 764
09 14 753 744 738 732 727 723 719 723 750 781 811 836 857 874 883 886 882 872 851 821 800 785 772 761
09 15 751 742 735 729 725 720 717 720 747 778 807 833 854 870 879 882 878 868 847 817 796 781 769 758
09 16 747 738 732 726 722 717 714 718 744 775 805 830 851 867 876 879 875 864 843 813 792 778 765 754
09 17 744 735 728 723 718 714 711 714 740 771 801 826 847 864 873 876 872 860 839 808 788 774 761 750
09 18 739 730 724 718 714 709 706 708 735 767 797 822 844 860 870 874 870 858 837 806 785 771 758 747
09 19 736 727 719 714 709 704 702 704 731 763 794 819 841 858 868 873 869 857 835 804 783 768 755 743
09 20 732 723 716 710 705 700 697 700 727 760 791 817 838 856 866 871 867 856 834 802 781 766 752 740
09 21 729 719 712 706 701 696 693 695 723 757 789 815 837 854 864 869 866 855 832 799 778 762 749 737
09 22 725 716 708 702 697 691 688 690 719 754 787 813 834 852 862 868 864 853 830 797 775 759 745 733
09 23 721 711 703 697 692 686 683 684 714 750 783 809 832 849 859 865 862 851 828 794 772 756 742 729
09 24 718 708 700 693 688 682 679 680 711 747 781 808 831 848 858 864 861 850 826 793 771 755 740 727
09 25 716 706 697 690 685 679 676 677 708 744 779 806 830 846 856 862 860 848 825 791 769 753 738 725
09 26 714 703 695 688 683 677 674 675 706 742 777 804 827 845 854 861 859 847 823 789 767 751 737 723
09 27 712 702 693 686 681 675 672 673 704 741 776 803 827 844 854 861 858 846 822 788 766 750 735 722
09 28 710 700 691 685 679 673 671 671 701 738 774 802 825 842 853 860 858 845 820 786 765 748 734 720
09 29 708 698 689 683 677 672 669 669 699 736 771 800 822 839 851 857 855 842 817 783 762 745 731 717
09 30 705 695 686 680 674 668 665 666 696 732 767 796 818 835 846 853 851 838 813 779 758 742 728 714
10 01 702 692 683 676 671 665 662 662 692 729 764 793 815 832 843 850 848 835 809 776 755 739 725 711
10 02 699 689 680 674 668 662 659 659 689 725 760 789 810 828 839 846 844 831 806 773 752 736 721 708
10 03 697 687 678 671 666 660 657 657 686 722 756 785 806 823 834 841 840 827 801 768 748 732 718 704
10 04 694 684 676 669 663 657 654 654 683 718 752 781 803 819 830 837 835 822 796 764 744 729 715 702
10 05 691 682 674 667 661 655 653 652 681 715 749 778 799 815 827 833 832 818 792 760 740 725 712 699
10 06 688 679 671 664 658 653 650 649 677 711 744 772 794 811 823 829 827 813 788 756 737 722 709 696
10 07 685 676 668 662 656 650 648 647 674 707 740 769 791 808 820 827 825 811 785 754 734 719 706 694
10 08 683 674 667 661 655 649 647 646 673 706 739 768 790 807 819 825 823 809 782 751 732 717 704 692
10 09 681 673 665 659 653 648 646 645 671 703 736 765 787 804 815 821 819 805 779 748 728 713 701 689
10 10 679 671 664 658 652 647 644 643 668 700 732 761 782 800 811 817 815 801 774 744 725 710 698 686
10 11 676 668 661 655 650 644 641 640 664 696 728 757 778 796 807 813 811 796 770 740 721 706 693 681
10 12 672 664 657 651 645 639 636 635 659 690 723 751 773 790 802 807 806 791 765 735 716 701 689 678
10 13 668 660 653 647 641 635 633 631 654 686 719 747 768 786 798 803 801 786 760 731 712 697 686 675
10 14 665 657 650 644 637 632 629 627 651 682 715 743 765 783 795 800 798 783 757 728 709 694 683 672
10 15 663 655 647 641 635 629 626 624 647 679 712 739 762 780 792 797 795 780 754 725 707 691 680 669
10 16 660 651 644 638 632 627 624 621 644 676 708 736 758 776 789 794 791 777 750 722 703 687 676 665
10 17 656 648 641 635 628 624 621 619 641 674 706 734 757 776 788 793 790 775 748 719 701 685 675 663
10 18 654 646 639 633 627 622 619 617 640 672 705 733 756 775 787 792 789 774 746 718 699 684 673 662
10 19 653 644 637 631 625 620 617 615 637 670 702 730 754 773 785 790 787 772 743 715 696 681 670 659
10 20 650 641 634 628 622 618 614 612 634 667 700 727 751 770 782 787 784 769 739 711 694 678 667 656
10 21 648 638 631 625 619 615 612 610 632 664 697 726 749 768 780 785 781 766 737 709 692 676 665 654
10 22 646 637 630 624 618 613 610 608 630 662 696 723 746 765 776 781 778 762 733 706 688 673 663 652
10 23 643 634 627 621 615 610 607 605 627 658 691 718 741 759 771 776 773 757 729 702 685 670 660 649
10 24 640 631 624 618 612 608 605 604 624 654 687 714 737 756 767 772 769 753 725 698 682 666 657 646
10 25 638 628 621 615 609 605 602 600 620 651 683 710 733 751 763 767 764 749 720 693 677 661 652 642
10 26 632 623 616 610 604 600 597 596 615 646 679 706 729 746 757 761 758 743 713 687 671 656 647 637
10 27 628 618 612 605 600 596 592 591 611 641 674 701 724 741 752 756 753 737 708 682 666 651 642 632
10 28 623 614 607 601 596 591 588 587 606 637 669 696 719 735 747 751 747 732 703 677 661 647 637 627
10 29 619 609 603 597 592 587 585 584 603 633 665 692 715 732 744 748 745 729 699 673 657 643 633 623
10 30 614 605 599 593 588 583 580 579 598 629 663 690 713 730 741 745 743 727 697 670 654 639 629 620
10 31 611 601 595 589 584 579 576 575 594 625 658 687 710 727 738 742 739 723 693 667 651 637 627 617
11 01 608 599 593 586 582 577 574 573 592 622 655 684 707 724 734 738 736 720 690 664 648 634 624 615
11 02 605 597 591 584 580 575 572 571 589 619 652 680 704 720 731 735 732 716 687 662 646 632 622 613
11 03 604 595 589 583 578 574 570 569 587 617 649 678 701 717 728 733 730 714 685 660 644 630 620 610
11 04 601 592 586 579 575 570 566 566 583 612 644 673 697 713 724 728 726 710 681 656 640 626 616 607
11 05 598 589 583 577 572 568 564 563 579 609 640 669 693 710 720 724 721 705 676 652 636 622 612 603
11 06 594 585 578 573 568 564 560 559 575 604 635 665 688 705 717 721 718 702 673 649 633 619 609 600
11 07 592 583 576 570 566 561 557 556 572 602 634 663 688 704 716 720 716 701 671 647 631 618 608 598
11 08 590 581 575 569 564 559 555 554 570 598 629 658 682 699 710 715 712 696 666 642 627 614 604 594
11 09 585 577 571 565 560 555 551 550 566 594 625 654 677 694 706 710 707 691 661 638 623 610 600 591
11 10 582 574 567 561 557 552 548 547 562 591 621 651 674 692 703 709 705 690 660 636 621 609 599 590
11 11 582 573 566 561 557 552 549 547 562 590 620 650 674 691 703 709 705 689 660 637 622 610 600 590
11 12 582 574 567 562 558 553 550 549 563 590 620 650 672 690 702 707 704 688 658 635 621 608 598 588
11 13 580 572 565 560 556 551 548 547 560 587 616 646 669 686 698 704 700 684 654 631 617 605 595 586
11 14 577 571 563 559 554 550 546 545 558 585 614 643 666 684 696 702 698 682 652 630 616 603 594 585
11 15 577 570 563 558 554 550 546 545 557 584 613 642 665 684 696 701 697 681 651 629 615 603 594 585
11 16 577 569 562 558 554 549 546 545 555 582 611 640 662 682 694 699 695 679 649 627 613 600 591 582
11 17 574 566 559 555 550 545 541 539 550 577 606 635 657 676 688 694 689 673 643 622 607 595 585 576
11 18 568 561 554 550 546 541 537 535 545 572 601 630 652 672 683 688 684 668 639 617 603 591 582 573
11 19 565 559 552 549 544 540 537 535 544 571 599 628 651 670 681 687 683 667 637 616 601 590 580 571
11 20 563 557 550 546 542 538 535 532 541 567 596 625 647 666 677 683 679 663 633 612 597 586 576 567
11 21 559 553 546 542 538 533 530 528 537 562 592 620 643 661 673 679 675 659 629 607 593 581 571 562
11 22 554 548 542 538 533 529 526 524 532 558 587 616 638 658 669 675 671 654 624 603 587 576 566 557
11 23 549 543 537 532 528 523 520 518 526 553 583 612 635 655 666 672 668 652 622 600 584 572 562 554
11 24 546 539 532 528 524 519 516 513 522 549 579 610 633 652 664 670 665 649 619 598 582 570 560 552
11 25 544 537 531 527 522 518 515 512 520 547 578 609 632 652 663 669 664 647 618 597 581 569 558 550
11 26 542 535 529 524 520 515 512 509 517 544 574 605 628 649 660 665 661 645 615 594 578 565 555 546
11 27 537 530 524 519 514 509 506 502 510 537 568 599 623 644 656 661 657 641 611 590 573 561 550 542
11 28 533 526 519 515 510 505 502 498 506 532 564 595 620 641 653 657 654 638 608 588 571 559 548 539
11 29 530 523 517 512 507 502 499 495 503 529 561 592 617 637 650 655 652 635 606 586 569 556 545 536
11 30 528 520 514 509 503 499 496 492 499 526 558 589 613 633 645 650 647 631 602 582 565 552 541 532
12 01 524 517 510 505 499 495 492 488 495 521 554 585 609 629 642 647 644 629 600 580 564 551 540 531
12 02 522 516 508 503 498 494 491 487 494 520 553 583 608 628 641 645 642 627 598 578 562 549 538 529
12 03 520 513 506 501 495 491 488 484 491 517 550 581 605 624 638 643 640 624 595 576 559 546 535 526
12 04 517 510 503 498 493 489 485 482 488 514 546 577 602 621 634 638 635 619 592 572 556 543 532 523
12 05 515 508 500 495 489 485 481 478 485 510 542 573 597 617 630 635 631 616 589 570 554 541 530 521
12 06 513 507 499 493 488 483 480 476 483 508 540 571 595 615 629 633 630 615 588 569 553 539 529 520
12 07 512 505 497 492 486 482 478 474 481 506 537 568 592 611 625 630 627 612 586 567 551 537 527 518
12 08 510 503 495 490 484 480 476 473 479 504 534 564 589 608 621 626 623 609 583 564 548 535 524 516
12 09 507 500 493 487 482 478 474 471 476 501 531 561 586 604 619 624 621 607 580 561 545 532 521 513
12 10 504 498 490 485 479 475 471 468 473 497 527 556 581 599 613 618 616 602 575 556 541 527 517 508
12 11 500 493 486 481 476 472 468 465 469 494 524 552 576 595 609 614 611 597 571 552 537 524 513 505
12 12 497 491 483 479 474 469 466 463 468 493 522 550 575 593 606 612 610 596 570 551 536 523 513 505
12 13 498 491 484 479 475 469 466 464 468 493 522 549 573 591 605 610 608 595 569 551 535 523 513 504
12 14 497 491 483 479 474 469 466 464 467 492 519 547 570 588 602 608 605 592 567 548 532 520 510 502
12 15 495 488 481 476 472 467 464 462 465 488 515 542 565 583 597 603 601 588 563 543 528 515 506 498
12 16 490 483 477 472 468 463 460 458 461 484 511 537 561 578 592 598 596 582 557 538 522 510 500 493
12 17 486 479 472 467 463 458 455 453 456 479 506 532 555 573 587 593 591 578 553 533 518 505 496 488
12 18 481 474 467 462 458 453 450 448 450 473 500 526 549 567 582 587 585 572 547 528 513 501 491 484
12 19 477 470 463 458 453 448 445 443 445 469 496 523 546 564 578 584 582 570 545 525 510 498 489 481
12 20 474 467 461 456 452 446 443 441 443 468 495 522 546 565 579 585 583 571 546 526 511 499 490 482
12 21 474 467 460 456 452 447 443 441 443 467 494 521 545 563 577 583 582 570 545 525 510 498 488 480
12 22 473 465 459 455 451 446 442 440 441 466 493 520 543 563 577 583 582 570 544 524 509 497 488 479
12 23 472 465 459 455 451 445 442 440 442 465 493 520 543 563 577 584 582 570 545 526 510 499 489 481
12 24 474 467 461 457 452 447 444 442 444 467 494 521 545 565 579 585 584 572 546 527 511 500 490 481
12 25 475 468 462 457 453 447 444 442 443 466 494 521 544 565 579 585 584 572 547 527 512 500 491 482
12 26 475 468 462 457 452 447 443 441 442 465 492 519 542 563 578 585 583 572 547 527 512 501 491 483
12 27 476 469 463 458 454 448 445 443 444 465 493 520 543 564 579 585 583 572 547 527 512 501 491 482
12 28 475 468 462 457 452 448 444 442 442 464 491 519 542 564 578 585 583 571 546 526 511 500 489 481
12 29 473 466 460 455 451 447 442 439 439 461 490 518 541 562 577 583 582 570 545 526 511 500 490 481
12 30 474 466 460 456 451 447 442 439 440 462 491 519 543 564 578 585 584 573 548 528 514 502 493 483
12 31 476 469 463 457 453 448 443 440 441 462 491 519 543 564 579 585 583 573 548 529 514 502 493 483
