01 01 408 401 399 396 393 390 389 389 391 407 434 462 486 503 516 521 515 490 469 455 443 434 423 416
01 02 410 403 400 397 394 392 390 390 392 409 435 462 486 503 515 521 515 492 470 456 444 436 423 417
01 03 412 406 403 400 397 395 394 394 395 411 437 465 488 505 517 523 518 494 473 459 447 438 426 420
01 04 415 409 406 404 401 398 397 395 396 413 439 467 490 507 520 526 521 498 476 462 449 440 428 422
01 05 416 410 407 405 402 399 397 396 396 413 441 468 491 510 522 529 524 500 478 463 450 441 429 423
01 06 417 411 407 405 402 399 397 396 397 414 442 469 493 512 525 531 527 504 480 465 452 443 431 425
01 07 419 412 409 406 403 400 398 396 397 414 442 470 494 513 527 533 529 506 482 467 454 444 433 427
01 08 421 415 410 407 404 401 399 397 398 416 444 471 495 514 528 533 529 508 483 469 455 446 435 429
01 09 422 416 411 408 405 402 400 398 400 417 445 472 495 516 530 535 531 510 485 470 457 447 437 429
01 10 423 417 412 409 406 402 401 400 401 419 447 474 497 517 531 536 533 512 487 473 460 450 440 433
01 11 427 420 416 412 408 405 403 402 403 421 449 476 498 518 533 538 535 515 490 475 462 452 442 434
01 12 428 421 418 413 410 407 405 404 405 423 451 478 501 521 536 542 539 518 493 478 464 453 444 436
01 13 430 423 419 414 411 408 405 404 404 422 451 479 501 522 538 543 541 520 494 478 464 455 445 437
01 14 431 424 419 415 411 408 406 404 404 423 452 480 503 525 540 546 543 523 496 480 467 457 447 439
01 15 433 426 422 418 413 410 408 406 405 424 453 482 505 525 541 546 544 523 496 480 467 456 447 438
01 16 432 425 421 417 413 409 406 405 404 424 453 482 505 526 541 547 544 524 496 481 467 456 447 438
01 17 432 425 421 417 413 409 406 406 405 425 454 483 507 527 543 548 545 525 498 482 468 457 447 438
01 18 431 425 420 415 412 408 405 405 403 425 454 483 506 527 542 547 544 525 497 481 467 456 446 438
01 19 431 424 419 415 412 408 405 405 404 426 455 483 507 527 542 547 544 526 497 481 467 456 446 438
01 20 430 423 419 415 411 408 404 406 404 426 455 484 507 527 541 547 544 526 498 481 468 456 445 436
01 21 429 422 418 413 410 407 404 405 404 427 456 485 508 528 542 548 544 527 498 482 468 457 445 436
01 22 429 423 419 415 411 409 406 408 406 430 459 487 510 530 544 549 547 529 500 484 470 458 445 437
01 23 429 424 420 415 412 409 406 408 407 431 460 489 512 531 545 551 549 531 502 485 470 458 444 435
01 24 428 422 418 413 410 407 405 406 405 429 460 489 513 531 545 552 549 531 502 484 470 458 444 435
01 25 428 422 418 413 409 407 404 405 405 429 459 489 511 530 544 550 548 530 502 483 469 457 442 432
01 26 425 419 415 410 406 404 402 404 404 429 459 489 512 531 545 552 549 532 503 484 469 458 442 433
01 27 425 420 415 410 407 404 402 403 404 430 461 491 514 533 547 553 551 534 505 486 471 460 443 434
01 28 427 421 416 411 407 405 403 404 405 431 463 493 517 536 549 556 554 538 508 488 474 460 444 434
01 29 428 422 417 412 407 405 403 404 406 433 465 496 520 539 552 559 557 540 510 490 475 462 445 435
01 30 428 422 417 411 406 404 402 404 406 433 467 498 523 542 555 561 560 543 513 493 477 463 446 437
01 31 430 424 419 413 408 405 403 404 407 434 469 501 526 545 558 565 563 546 516 495 479 465 448 437
02 01 431 425 420 413 408 405 403 404 407 435 470 504 528 547 560 567 566 549 518 497 481 467 450 440
02 02 434 428 421 415 410 407 405 406 410 438 474 506 531 550 562 569 568 551 521 499 482 469 452 442
02 03 436 429 422 416 411 407 406 406 410 439 475 508 533 552 565 571 570 554 523 501 485 471 455 443
02 04 437 431 424 418 412 408 407 406 411 441 478 511 536 555 567 574 573 556 525 503 487 473 457 446
02 05 440 434 427 420 415 410 410 409 413 443 480 514 538 557 569 576 574 558 527 506 489 475 460 449
02 06 443 437 429 422 417 413 411 411 416 445 482 515 539 557 570 577 576 560 529 507 491 477 463 451
02 07 445 438 431 424 419 414 412 412 417 447 485 518 541 560 572 579 577 562 531 509 493 479 465 453
02 08 446 440 432 425 420 416 414 414 419 450 486 519 543 561 573 580 578 563 532 511 494 481 467 454
02 09 448 441 433 427 421 416 414 415 421 451 488 521 544 562 574 581 579 565 534 513 496 483 469 457
02 10 451 444 436 430 425 420 418 418 424 454 490 523 546 563 574 581 579 565 535 514 498 484 471 459
02 11 453 446 438 431 426 421 419 421 427 457 492 524 546 562 574 581 579 566 536 515 500 486 473 461
02 12 454 447 439 434 429 425 422 425 431 461 495 525 547 563 574 581 579 567 537 517 501 488 474 462
02 13 456 449 441 436 431 426 424 427 434 464 497 527 548 564 574 582 580 568 539 518 503 490 476 463
02 14 457 450 442 437 433 429 426 430 437 468 500 528 550 565 575 583 582 571 542 521 506 493 478 465
02 15 459 451 443 438 434 429 427 432 439 470 502 530 552 567 577 586 584 573 544 523 508 494 480 467
02 16 459 452 444 440 435 431 429 434 441 472 504 532 552 568 578 587 586 574 546 525 509 496 481 467
02 17 460 453 445 441 436 431 428 434 441 473 506 533 554 569 579 589 588 577 548 527 511 497 481 468
02 18 461 453 446 442 437 433 430 436 444 476 508 535 556 571 581 590 589 579 551 529 512 499 483 470
02 19 463 455 448 444 439 434 431 437 447 479 511 538 558 573 583 592 591 581 554 531 514 501 485 472
02 20 464 456 449 445 439 435 432 438 448 481 512 539 560 575 585 594 593 584 556 533 516 502 485 473
02 21 464 456 449 445 439 435 431 439 449 482 514 541 562 578 588 597 595 586 559 534 517 503 485 473
02 22 463 455 448 445 439 434 431 439 450 482 514 541 562 577 587 596 595 585 559 535 519 505 488 476
02 23 466 458 451 448 442 438 434 441 452 484 515 541 562 578 587 596 595 586 559 536 520 505 488 476
02 24 467 460 453 449 443 439 435 442 453 485 517 543 565 580 589 598 597 588 561 537 520 506 489 477
02 25 468 460 453 450 443 438 434 442 454 487 517 544 565 581 590 598 598 589 562 538 521 506 489 477
02 26 468 460 453 450 443 437 434 441 454 487 518 544 566 581 591 599 598 590 563 539 522 507 490 479
02 27 468 461 454 450 443 437 434 440 454 489 520 546 568 583 593 601 600 592 565 541 523 508 491 480
02 28 469 461 454 450 443 437 433 440 455 490 522 548 569 584 595 602 602 594 567 542 524 509 492 481
03 01 470 462 455 450 442 437 433 439 456 492 524 551 572 588 599 606 605 597 571 545 526 511 494 483
03 02 471 464 457 452 444 439 435 442 458 495 527 554 574 590 601 607 606 598 573 547 528 513 496 485
03 03 473 465 458 453 446 440 436 443 461 497 528 555 576 591 602 607 606 598 574 548 529 515 497 485
03 04 474 466 459 454 447 441 438 445 464 499 531 557 579 594 605 610 609 601 577 550 532 517 500 487
03 05 476 468 460 455 447 442 439 446 466 502 533 559 580 596 607 612 612 603 579 553 534 518 502 488
03 06 477 469 461 456 449 443 441 447 468 504 535 561 582 598 609 614 614 605 581 554 536 520 503 489
03 07 478 470 462 456 449 444 441 448 469 506 536 563 583 599 610 615 615 606 582 555 537 521 505 489
03 08 479 471 463 457 450 444 442 448 471 507 539 564 585 601 612 616 617 608 585 557 539 523 507 492
03 09 482 474 465 459 452 447 444 450 474 510 541 567 587 603 614 618 619 611 588 560 540 524 508 494
03 10 483 474 466 460 452 447 445 450 475 512 544 569 590 606 617 621 623 614 592 562 543 526 511 495
03 11 485 475 467 461 453 448 446 451 478 515 548 573 595 611 622 626 627 619 597 566 547 529 514 499
03 12 488 478 469 463 456 451 448 452 480 519 552 578 600 617 628 632 633 623 602 571 551 533 517 501
03 13 490 480 471 465 457 453 450 454 483 522 555 582 604 621 632 637 638 627 606 574 554 536 520 504
03 14 494 484 475 468 461 456 452 456 486 524 556 583 605 622 634 639 639 629 608 577 556 538 522 507
03 15 497 487 478 471 464 459 455 458 489 526 558 584 606 623 634 640 640 629 609 578 557 539 524 509
03 16 498 489 480 473 466 463 458 462 492 528 558 585 606 624 634 640 640 630 610 579 559 541 525 510
03 17 499 489 481 474 467 463 458 463 493 529 559 586 607 624 635 641 641 631 612 581 561 542 526 511
03 18 500 490 482 474 468 464 460 463 494 530 560 587 609 626 637 642 643 634 613 582 562 542 526 511
03 19 501 491 482 474 468 463 459 462 495 531 561 587 608 624 636 642 642 634 613 581 561 542 527 512
03 20 501 492 483 475 468 463 459 463 496 532 562 587 609 625 637 642 642 634 615 582 562 542 528 513
03 21 502 492 484 476 469 465 460 465 499 534 563 589 610 627 639 645 645 636 617 584 563 544 530 516
03 22 505 495 486 479 472 466 462 467 501 536 565 591 612 629 642 648 647 639 620 588 566 546 532 518
03 23 507 496 488 481 474 468 464 469 503 538 567 593 615 631 644 650 648 641 622 589 567 547 531 518
03 24 507 497 489 482 474 468 464 470 505 541 570 596 618 635 647 654 652 644 626 592 570 549 533 519
03 25 508 498 490 483 476 470 466 472 508 543 573 599 620 637 650 656 654 646 627 594 572 550 533 520
03 26 509 499 492 484 477 471 466 474 510 545 574 600 620 637 650 656 654 647 628 595 572 551 534 520
03 27 509 499 492 484 477 471 467 475 511 546 574 600 620 637 650 656 654 647 628 595 572 551 535 521
03 28 510 499 492 484 477 471 467 476 512 547 575 601 621 638 651 657 655 649 631 596 574 552 535 520
03 29 509 498 490 483 476 470 466 477 514 549 578 604 623 640 653 658 657 651 632 598 574 553 535 520
03 30 510 498 490 482 475 469 465 478 515 550 580 606 626 643 655 660 660 654 635 600 576 555 535 521
03 31 510 498 489 482 475 467 464 478 516 552 584 609 630 646 659 664 663 658 638 602 579 557 537 523
04 01 512 501 491 484 477 469 466 480 519 555 586 611 631 647 661 666 665 659 640 604 580 558 538 525
04 02 514 502 493 485 478 470 466 482 521 557 588 613 634 651 664 669 668 661 642 607 582 560 540 527
04 03 515 504 495 487 479 472 468 485 524 560 591 615 637 653 666 672 670 663 645 609 585 562 541 529
04 04 517 506 497 489 481 475 471 488 527 562 593 617 639 655 668 674 672 666 647 611 587 564 543 531
04 05 519 507 499 491 483 476 471 490 529 564 595 619 641 657 669 675 673 668 649 613 588 565 543 532
04 06 519 508 499 491 483 475 470 491 530 566 597 622 643 660 671 677 675 669 650 615 589 566 544 532
04 07 520 509 500 492 484 477 472 494 533 568 599 624 646 661 673 678 677 671 652 616 591 567 546 534
04 08 521 510 501 493 485 478 472 495 534 569 600 625 646 662 674 679 678 672 653 617 591 568 547 535
04 09 522 510 501 493 484 477 471 495 535 569 600 626 646 662 674 679 678 672 653 618 592 569 549 536
04 10 523 511 502 494 485 477 472 497 537 571 602 626 647 662 674 678 678 672 654 619 593 571 550 537
04 11 524 513 503 496 486 479 473 499 539 573 603 627 648 663 674 679 678 672 654 620 594 572 551 538
04 12 526 515 506 497 489 481 476 501 542 575 604 629 649 664 675 679 679 673 655 620 594 572 553 540
04 13 528 517 508 499 490 483 478 504 544 577 606 630 650 665 675 681 681 674 656 621 596 574 555 542
04 14 530 520 510 502 492 485 480 507 546 579 608 632 652 667 678 683 683 676 658 624 598 576 557 543
04 15 532 522 512 504 495 487 483 510 549 581 610 633 653 668 679 684 684 677 660 626 599 578 559 545
04 16 533 523 514 505 496 488 484 513 551 583 611 635 655 670 681 686 686 679 662 628 600 579 561 546
04 17 535 524 515 506 497 490 486 515 554 585 613 636 656 671 681 687 687 681 663 629 602 581 563 547
04 18 536 526 516 507 498 491 487 516 555 587 614 639 658 673 684 689 690 683 666 632 604 584 565 550
04 19 538 528 517 508 499 492 488 519 557 590 617 642 662 677 688 694 694 687 670 636 608 587 569 553
04 20 541 530 519 510 501 493 491 521 561 593 621 646 665 680 692 698 698 691 673 639 612 590 572 556
04 21 544 533 522 513 504 496 495 525 564 596 623 648 667 682 694 699 701 693 675 642 615 593 575 559
04 22 547 536 524 515 506 498 498 528 567 598 626 650 669 685 696 702 703 696 679 645 617 596 577 561
04 23 550 538 527 517 508 500 501 531 570 602 628 654 672 688 700 705 706 699 683 649 621 599 580 564
04 24 553 541 530 519 511 502 504 535 574 605 633 657 676 692 704 709 710 703 686 652 625 602 582 566
04 25 555 543 532 521 513 505 507 538 577 608 636 660 679 695 708 713 714 707 691 656 628 606 585 570
04 26 558 547 535 525 516 507 511 542 581 612 640 664 684 700 713 719 719 712 696 661 632 610 589 573
04 27 561 549 538 527 518 509 513 545 584 616 644 669 689 705 718 723 723 716 700 666 636 614 593 576
04 28 564 552 540 530 521 512 517 549 588 620 648 673 693 709 722 728 728 721 706 670 641 619 597 581
04 29 567 555 544 533 525 515 520 553 591 623 652 676 697 712 726 731 730 723 708 673 643 622 600 584
04 30 570 558 547 536 527 517 522 555 594 626 655 679 700 716 729 736 735 728 713 677 647 625 603 587
05 01 574 562 551 540 531 520 526 558 597 629 659 684 704 720 733 741 739 733 717 682 651 629 607 591
05 02 577 565 554 543 533 523 529 562 601 633 662 688 707 724 738 745 744 737 722 686 655 633 610 594
05 03 580 568 557 -9999 536 525 532 565 604 636 665 690 710 727 741 748 748 741 726 690 658 637 613 597
05 04 582 570 558 -9999 538 527 534 569 607 639 668 693 713 729 743 750 750 743 729 693 660 639 615 598
05 05 583 571 559 -9999 539 528 536 571 609 641 670 695 715 731 745 752 753 746 732 696 663 641 617 600
05 06 585 572 560 -9999 540 530 538 573 612 645 673 699 719 735 749 757 757 751 737 701 667 644 620 603
05 07 587 574 562 -9999 542 532 541 577 616 649 677 703 723 739 754 762 762 756 740 705 671 649 625 607
05 08 591 579 567 -9999 546 537 545 581 620 652 681 706 726 743 757 766 766 760 744 709 674 652 629 612
05 09 595 583 571 -9999 549 539 548 584 623 656 684 710 730 746 761 769 769 764 748 713 677 654 632 615
05 10 598 586 574 -9999 552 542 551 588 627 660 688 714 734 750 765 773 774 768 751 716 681 657 635 618
05 11 601 588 577 565 554 544 553 591 629 662 690 717 737 753 767 775 777 771 755 720 684 660 639 621
05 12 604 591 580 568 557 547 557 594 633 665 692 719 739 756 769 778 780 774 758 723 687 661 641 623
05 13 606 593 582 570 559 549 560 596 635 667 694 721 742 758 771 780 782 776 760 726 690 662 642 624
05 14 607 594 583 571 560 551 562 598 637 669 696 723 744 760 774 782 785 779 762 729 693 663 643 625
05 15 608 595 584 572 561 552 565 601 640 672 699 726 747 763 777 785 788 782 766 733 696 665 645 626
05 16 609 596 585 573 561 553 567 605 643 677 704 730 752 768 782 790 793 788 770 737 700 669 647 628
05 17 611 598 587 575 563 555 571 609 647 681 708 734 757 773 786 794 797 792 774 742 704 672 650 632
05 18 614 601 590 578 566 557 575 612 651 685 713 739 762 778 791 798 799 795 778 746 708 674 653 634
05 19 617 604 594 581 570 561 579 615 654 687 715 742 765 780 793 799 801 796 779 747 710 675 655 637
05 20 620 608 598 585 574 565 583 619 657 689 717 744 767 782 795 802 803 799 781 750 712 678 657 639
05 21 623 611 601 588 577 568 586 621 658 690 719 745 768 783 796 802 803 799 781 751 714 679 659 641
05 22 625 613 603 589 578 569 587 623 660 691 719 745 769 785 797 803 805 801 784 753 715 681 661 642
05 23 626 613 603 589 578 570 589 625 662 694 722 748 772 788 801 807 809 805 788 758 720 684 663 645
05 24 629 616 605 592 581 573 592 628 665 696 725 751 775 791 805 811 812 809 791 761 723 688 667 648
05 25 632 619 608 595 584 577 597 631 667 699 728 754 778 795 808 814 815 812 795 765 726 692 669 651
05 26 636 622 611 599 587 579 600 634 671 702 732 758 782 799 812 819 819 816 798 769 730 695 673 654
05 27 639 625 613 601 590 582 602 636 673 705 735 761 785 802 817 823 823 819 801 771 732 699 676 658
05 28 642 628 617 605 594 586 605 639 676 707 737 763 787 804 819 825 825 821 804 774 735 703 680 662
05 29 645 632 620 607 596 589 608 642 678 709 739 765 789 805 820 826 826 822 805 775 736 705 682 664
05 30 648 634 622 610 599 591 610 644 678 709 739 765 789 806 819 826 826 822 805 775 737 706 684 666
05 31 650 636 624 612 601 593 611 644 678 709 738 764 788 805 818 825 825 821 805 775 737 708 685 668
06 01 652 638 626 614 603 595 613 646 680 710 738 765 789 806 820 827 828 824 807 778 740 710 688 670
06 02 654 640 627 616 605 598 615 648 682 712 741 767 791 809 822 830 832 827 810 780 742 714 691 673
06 03 657 643 631 619 608 600 618 651 684 715 743 770 794 812 826 834 836 831 814 784 746 717 694 675
06 04 658 644 631 620 608 601 619 653 687 718 746 772 796 815 829 837 839 833 818 788 749 719 697 678
06 05 661 646 633 622 610 603 621 655 690 721 749 775 800 818 833 840 843 838 822 792 752 723 700 681
06 06 664 649 636 625 613 606 625 659 693 725 753 780 804 823 838 844 848 842 826 796 757 726 703 684
06 07 667 652 640 628 616 608 628 662 696 728 756 783 808 826 840 847 851 844 830 800 760 729 707 687
06 08 669 654 642 629 618 610 630 665 699 731 759 786 811 830 844 851 855 848 835 805 764 732 710 689
06 09 671 657 644 631 619 612 632 667 701 732 761 788 813 832 846 854 858 851 838 808 767 734 711 690
06 10 672 657 645 632 621 614 635 670 704 736 764 790 816 836 850 858 861 854 842 811 770 736 713 692
06 11 674 659 646 634 622 615 637 673 706 738 766 793 818 839 853 861 865 859 845 816 774 739 717 695
06 12 676 662 649 635 623 617 639 675 710 742 770 798 823 844 858 867 871 865 851 822 779 743 720 698
06 13 679 665 652 638 626 619 642 679 714 747 776 803 828 850 864 874 878 872 857 829 785 749 725 703
06 14 684 669 656 642 629 622 646 684 719 753 782 810 835 856 871 881 885 879 865 836 791 754 730 707
06 15 688 673 659 645 632 625 650 688 725 758 789 817 841 862 878 888 892 885 872 843 796 760 736 713
06 16 694 679 664 650 637 629 653 693 729 763 794 822 847 868 884 894 897 891 877 848 801 764 739 716
06 17 697 682 668 653 640 633 657 696 732 766 798 826 851 872 888 898 902 895 882 852 804 767 742 719
06 18 700 684 670 655 642 635 659 699 735 770 801 830 855 876 893 902 906 900 887 857 808 771 746 723
06 19 703 687 673 658 645 637 662 703 739 774 806 835 860 881 898 907 910 904 891 860 812 776 750 726
06 20 707 691 677 662 648 641 665 706 743 777 810 839 863 885 902 911 913 909 895 863 815 780 754 729
06 21 710 694 680 664 650 643 667 708 744 779 811 840 865 886 903 912 914 910 896 864 815 782 756 732
06 22 712 697 682 666 652 644 668 709 745 780 813 842 866 888 904 913 915 911 896 865 817 784 757 733
06 23 715 698 684 668 654 645 668 709 746 781 814 843 868 890 906 915 917 912 897 865 817 786 759 735
06 24 716 700 685 669 656 646 669 711 748 784 817 847 871 893 909 919 920 916 900 868 820 790 762 738
06 25 719 702 686 671 657 647 670 713 751 786 820 850 874 896 912 921 923 919 903 871 823 793 765 741
06 26 721 704 689 673 659 648 672 714 753 789 823 853 877 899 915 924 926 922 907 874 826 796 767 744
06 27 724 706 691 676 662 650 674 716 755 791 825 855 880 902 918 927 928 925 909 877 828 798 769 746
06 28 727 708 693 677 663 652 676 718 757 794 828 858 882 904 920 930 930 928 912 880 831 800 771 748
06 29 728 709 694 678 665 653 676 720 759 796 830 860 885 907 922 932 932 930 914 882 832 802 774 750
06 30 730 711 696 681 668 655 678 721 761 798 831 861 886 909 924 933 934 931 915 883 833 804 775 751
07 01 731 712 697 681 668 655 678 722 762 799 833 864 889 911 927 936 937 934 918 886 836 806 778 754
07 02 734 715 699 684 670 656 678 723 763 801 835 866 891 914 929 938 939 936 920 888 838 809 780 756
07 03 737 718 701 686 672 658 679 724 766 803 838 869 895 918 932 942 942 939 923 892 841 811 783 760
07 04 740 721 705 689 674 660 681 726 767 805 840 870 896 920 934 945 946 942 927 894 844 813 784 761
07 05 741 721 705 690 675 661 682 727 769 806 841 873 899 922 936 947 949 945 930 898 847 815 786 763
07 06 742 723 707 691 677 662 684 729 772 810 845 877 903 927 941 953 954 951 936 904 852 819 790 767
07 07 746 726 710 695 680 667 688 733 776 815 850 882 908 931 947 958 960 956 942 909 857 822 794 771
07 08 749 729 713 698 683 670 691 736 780 818 854 885 912 935 951 962 964 960 945 913 860 825 796 773
07 09 751 731 716 701 686 672 693 738 781 820 855 887 914 937 953 963 966 961 946 914 861 826 798 775
07 10 753 734 718 703 687 674 693 738 781 820 855 887 914 937 954 964 966 961 947 915 861 826 799 776
07 11 754 735 720 705 689 675 694 739 782 821 856 888 916 938 956 965 968 963 947 916 862 827 800 777
07 12 755 737 721 707 691 677 695 739 783 822 857 889 918 940 958 967 970 965 949 917 863 829 801 778
07 13 757 738 723 708 692 679 696 739 783 822 858 890 919 942 960 969 972 966 950 918 864 830 803 780
07 14 758 740 725 710 694 681 696 739 783 822 857 890 919 942 960 969 972 966 949 917 864 831 803 780
07 15 758 741 725 711 694 681 696 739 782 822 858 891 920 943 962 970 973 967 950 918 864 831 803 781
07 16 758 740 725 710 694 682 696 739 783 822 859 892 921 944 962 971 973 968 950 918 864 832 803 780
07 17 757 739 724 709 693 682 695 738 783 822 859 892 921 944 962 971 974 968 950 918 864 832 803 780
07 18 757 739 724 710 694 682 696 738 782 822 859 892 921 944 963 972 974 968 951 918 864 833 803 779
07 19 757 738 724 710 695 682 695 738 783 823 861 894 923 946 965 974 977 971 953 919 865 834 803 779
07 20 757 739 724 710 695 682 694 738 783 824 862 896 925 948 968 976 979 972 954 920 865 834 804 778
07 21 757 739 724 710 695 682 693 737 782 824 862 897 926 950 969 977 980 973 954 919 864 834 803 778
07 22 756 738 724 709 694 679 690 734 779 821 860 895 925 949 967 976 978 971 953 917 862 833 802 777
07 23 755 737 723 708 693 678 688 733 778 820 859 894 923 948 967 975 977 970 952 915 861 831 801 776
07 24 755 736 722 707 692 678 686 732 777 819 859 894 923 948 967 975 978 971 952 915 861 831 801 776
07 25 754 735 721 706 691 677 686 731 777 820 860 895 924 949 968 976 979 973 954 916 862 831 802 776
07 26 754 734 720 705 690 675 684 730 777 819 859 895 924 949 967 976 978 972 954 915 861 830 800 775
07 27 753 733 719 703 688 673 682 728 775 819 859 894 924 948 967 976 978 972 954 914 860 829 799 774
07 28 751 732 717 702 687 671 678 726 774 818 858 893 922 947 966 975 977 971 954 913 859 828 798 773
07 29 750 730 716 701 685 670 677 725 774 818 858 893 923 947 966 975 977 971 954 913 858 827 797 771
07 30 749 729 715 699 683 668 675 723 773 817 857 893 922 947 966 975 977 971 954 912 858 826 796 771
07 31 748 729 715 698 682 667 675 722 771 816 856 891 921 946 965 974 976 971 953 911 857 824 795 770
08 01 748 730 715 698 682 667 674 721 770 815 855 891 921 946 964 973 976 970 952 910 857 824 794 769
08 02 747 729 714 697 681 666 673 720 770 814 855 890 920 945 964 973 975 970 951 909 856 823 793 767
08 03 745 727 712 695 679 665 671 718 768 812 852 887 918 942 962 970 972 967 948 905 854 821 792 766
08 04 744 725 711 694 677 663 669 715 765 810 850 885 915 940 959 968 970 965 945 903 852 818 789 764
08 05 741 722 707 691 674 660 667 713 763 808 848 884 914 939 958 967 969 964 944 901 850 817 788 762
08 06 740 721 706 689 673 660 665 712 763 808 848 883 913 938 957 967 968 963 944 900 850 816 786 760
08 07 738 719 705 688 672 658 663 710 762 807 848 883 913 938 957 967 968 963 943 899 849 815 785 759
08 08 736 718 703 686 670 656 662 708 760 806 847 882 912 937 956 965 967 962 941 897 847 814 784 758
08 09 735 717 701 685 668 655 659 706 759 805 846 881 911 936 956 965 967 961 941 896 846 813 782 756
08 10 734 716 700 683 667 654 658 704 757 804 845 880 911 936 955 965 967 960 939 894 845 811 781 754
08 11 732 713 697 681 665 652 656 702 755 802 843 879 909 934 954 963 965 957 936 891 842 809 779 753
08 12 730 712 696 680 664 651 655 700 753 799 841 877 907 932 951 961 962 954 932 887 838 805 776 749
08 13 727 709 693 677 662 649 652 697 750 796 838 875 904 930 950 959 960 952 930 883 836 803 775 747
08 14 726 707 692 676 661 648 650 695 749 794 837 873 903 929 948 958 958 950 928 881 834 801 774 747
08 15 725 707 691 675 660 647 648 692 747 793 835 871 901 927 946 955 956 947 926 877 831 799 772 745
08 16 723 704 689 674 658 646 646 690 744 791 833 870 899 924 943 952 953 945 923 873 829 796 769 743
08 17 720 702 687 672 656 644 643 687 741 788 830 867 896 922 940 950 950 942 920 870 825 794 767 741
08 18 719 700 685 670 654 642 640 684 739 786 828 865 895 921 938 948 949 941 919 868 824 792 765 740
08 19 717 699 683 669 654 641 639 682 737 784 826 864 894 919 937 947 947 939 917 865 822 790 764 738
08 20 717 699 684 669 654 641 638 681 736 783 825 862 892 917 935 945 945 937 915 862 820 789 762 736
08 21 716 699 683 668 653 640 637 679 735 782 824 861 891 916 933 943 943 935 913 860 818 787 761 735
08 22 715 698 682 667 653 640 636 678 734 781 823 860 890 915 931 941 942 933 911 858 817 786 759 734
08 23 714 697 680 667 652 638 635 676 733 781 822 859 889 913 929 938 939 930 909 855 815 784 758 733
08 24 713 696 680 666 652 638 634 675 731 779 820 857 887 912 927 936 937 928 906 852 812 783 756 731
08 25 712 695 679 665 651 637 633 673 730 779 820 856 886 911 926 934 935 927 904 850 811 782 755 730
08 26 711 695 679 666 651 638 633 673 730 779 820 856 886 911 926 935 936 928 904 850 811 781 754 729
08 27 710 694 678 665 650 637 632 673 730 780 821 857 887 911 926 935 937 929 906 851 812 782 753 729
08 28 710 695 679 665 650 636 632 673 731 782 822 858 889 912 927 936 937 930 906 850 812 781 752 728
08 29 709 694 678 665 650 637 633 672 730 781 822 858 888 911 926 935 936 929 905 849 811 780 750 726
08 30 708 692 676 663 648 636 632 671 730 781 821 858 888 910 926 935 936 928 904 848 810 778 748 723
08 31 705 689 674 661 646 634 631 670 729 779 820 856 887 909 925 934 935 926 902 846 807 776 746 721
09 01 703 688 672 659 644 632 630 668 727 778 819 855 885 908 923 932 933 923 898 842 805 773 743 719
09 02 702 687 671 657 644 631 629 665 724 775 816 852 881 904 921 929 930 920 894 839 801 770 740 716
09 03 699 684 668 654 641 628 626 662 721 773 814 850 878 902 919 927 927 917 891 836 799 767 737 713
09 04 696 681 666 652 638 626 624 659 718 770 811 848 876 900 916 924 925 915 888 832 796 764 735 711
09 05 693 678 663 650 636 624 622 657 716 767 808 845 873 897 913 922 922 912 884 829 793 761 732 708
09 06 690 675 661 648 633 622 620 653 711 763 804 841 869 892 909 918 918 908 879 825 789 756 728 704
09 07 686 671 657 645 631 620 619 650 708 760 801 837 865 888 905 915 915 905 875 821 786 752 724 700
09 08 683 668 654 641 627 616 616 646 704 756 797 833 861 884 901 911 911 901 871 817 782 747 720 697
09 09 679 665 651 638 624 613 613 643 700 751 792 828 857 879 896 905 906 896 866 812 777 743 717 694
09 10 676 662 648 635 622 611 610 639 696 747 788 823 852 874 890 900 901 890 860 807 773 738 713 691
09 11 673 659 646 633 620 610 608 635 692 742 784 819 847 870 886 896 896 886 854 802 768 735 709 688
09 12 671 657 644 631 618 609 607 632 688 738 779 814 843 864 881 891 891 880 848 798 764 730 706 685
09 13 668 655 642 628 617 607 604 629 685 735 777 812 840 862 879 888 888 878 845 794 761 728 704 684
09 14 666 654 642 628 617 607 602 626 683 733 776 810 839 861 877 887 886 876 842 791 758 726 702 -9999 
09 15 665 652 640 626 615 605 601 623 680 730 773 807 836 859 875 885 884 873 838 788 755 723 700 680
09 16 662 650 637 624 612 603 597 620 677 728 771 805 834 856 872 882 881 871 834 784 751 720 697 -9999 
09 17 659 647 634 621 610 600 595 617 675 726 770 803 833 854 870 880 879 869 831 780 748 718 695 -9999 
09 18 -9999 646 633 621 610 600 594 615 672 724 768 801 830 852 867 877 876 866 827 777 745 715 693 -9999 
09 19 -9999 644 631 618 609 599 593 613 670 722 766 799 828 849 865 875 873 862 822 773 741 712 -9999 -9999 
09 20 -9999 -9999 629 616 607 596 589 609 666 719 763 796 824 846 861 872 870 858 818 769 737 708 -9999 -9999 
09 21 -9999 -9999 627 614 605 594 587 606 664 717 762 795 825 846 861 871 869 857 815 767 734 707 685 -9999 
09 22 -9999 -9999 625 612 604 593 585 604 662 716 762 795 824 847 861 871 869 856 813 765 731 706 684 -9999 
09 23 -9999 -9999 623 611 603 591 583 602 660 715 760 794 823 846 861 871 868 856 811 763 730 705 -9999 -9999 
09 24 -9999 -9999 623 610 602 591 583 600 659 714 760 794 823 846 860 870 868 854 809 761 728 704 681 -9999 
09 25 -9999 -9999 621 608 601 590 581 597 656 712 758 792 821 844 859 868 865 852 805 758 725 701 -9999 -9999 
09 26 643 631 618 605 598 587 579 594 653 709 755 789 819 841 856 865 862 848 801 755 722 698 -9999 658
09 27 640 628 614 603 594 583 576 591 650 705 751 786 815 837 852 860 857 843 796 750 718 695 672 656
09 28 638 625 612 600 592 580 573 587 646 701 746 780 810 832 847 854 852 837 790 746 713 690 668 651
09 29 633 620 607 595 587 575 569 582 641 696 741 775 805 827 841 848 846 830 782 740 708 685 664 647
09 30 629 616 604 592 583 572 566 578 637 693 738 773 802 824 838 845 842 827 778 736 704 682 661 644
10 01 627 614 602 591 581 571 564 575 632 688 734 770 799 821 835 842 839 823 773 734 701 679 657 640
10 02 624 611 599 587 578 568 562 572 629 685 731 767 795 817 831 838 835 819 769 731 699 676 655 638
10 03 623 608 596 585 576 566 560 569 626 682 727 763 791 813 826 832 830 813 763 725 694 671 650 633
10 04 619 605 594 583 572 563 557 566 622 678 722 758 786 807 820 827 824 807 758 720 690 667 646 630
10 05 614 601 590 580 570 561 555 563 618 674 718 754 782 803 817 823 820 802 753 716 686 664 643 626
10 06 611 599 587 577 567 559 554 560 615 671 715 751 779 799 813 819 816 798 748 712 682 660 639 623
10 07 608 596 584 574 563 556 550 556 611 667 712 747 776 796 809 815 812 793 743 707 678 655 634 618
10 08 604 591 580 569 559 552 547 551 606 662 707 743 771 790 804 810 806 787 737 702 673 650 630 613
10 09 600 587 575 565 555 548 543 548 600 657 702 737 765 785 799 805 801 781 731 697 668 645 626 610
10 10 596 583 572 562 552 545 540 544 596 653 699 734 761 781 795 801 798 776 726 692 662 641 621 604
10 11 591 579 568 558 548 542 536 539 591 648 695 730 757 777 790 797 794 772 722 687 657 637 617 600
10 12 587 575 564 554 546 539 533 535 587 645 692 728 755 775 788 795 792 769 718 684 654 633 613 596
10 13 583 570 560 551 542 536 530 532 583 642 689 725 752 772 784 792 788 765 714 680 650 630 609 593
10 14 580 568 557 548 540 534 528 529 579 638 684 721 748 768 780 788 785 761 710 676 647 627 606 590
10 15 577 565 554 546 537 531 526 528 576 634 681 717 744 763 776 784 780 756 705 672 643 623 602 586
10 16 574 561 551 542 534 528 523 525 573 631 677 712 739 759 771 779 775 750 700 667 638 618 598 583
10 17 570 558 548 540 532 526 522 522 569 627 673 709 736 755 767 775 771 746 696 664 634 614 594 579
10 18 566 555 545 536 529 523 519 519 564 623 669 705 732 752 765 772 768 742 693 661 632 612 592 577
10 19 564 552 543 534 528 521 517 518 562 619 666 702 729 748 762 768 764 738 689 657 629 609 589 574
10 20 562 550 541 532 525 519 514 515 558 615 662 698 725 743 757 763 759 733 684 653 626 606 587 572
10 21 560 548 538 530 522 517 512 512 553 608 654 690 716 735 749 755 750 724 677 647 620 601 583 569
10 22 557 545 536 528 520 515 510 511 549 602 647 683 708 726 739 745 740 714 669 640 615 595 579 565
10 23 554 542 533 526 519 514 509 509 545 597 641 676 701 718 733 739 734 707 663 635 609 590 573 561
10 24 549 538 530 523 515 510 506 506 541 592 637 672 697 713 727 733 727 701 657 629 604 585 569 556
10 25 545 534 527 520 513 507 504 504 537 587 631 666 690 707 721 727 721 695 652 625 602 582 567 554
10 26 543 532 524 518 511 506 503 503 535 584 627 662 686 703 717 723 716 689 647 620 598 578 563 552
10 27 540 530 522 516 509 504 501 501 532 580 623 657 682 699 713 718 712 685 643 616 594 574 560 548
10 28 536 527 519 512 506 501 498 498 527 576 618 653 678 695 709 714 707 679 638 611 589 569 556 543
10 29 531 523 515 508 502 497 495 495 523 571 614 648 674 690 704 708 701 672 632 606 585 565 552 540
10 30 528 520 512 506 500 495 492 492 518 567 608 642 667 683 697 701 694 665 627 602 581 562 549 537
10 31 526 518 511 504 499 494 490 490 515 562 603 638 663 678 692 695 689 659 622 597 576 558 546 534
11 01 523 515 508 502 496 492 487 487 510 556 597 631 657 672 685 688 682 652 615 590 570 553 541 529
11 02 519 511 504 497 493 488 483 483 505 550 591 624 650 664 677 680 674 643 608 583 564 548 536 524
11 03 513 506 499 493 488 484 478 478 500 545 584 617 643 658 670 673 667 636 601 577 559 543 531 519
11 04 509 503 496 490 485 480 475 475 496 539 579 612 637 652 665 667 661 630 596 572 554 539 526 514
11 05 504 498 491 485 481 476 472 472 493 536 576 609 635 650 662 664 658 626 592 569 550 536 524 511
11 06 501 495 488 482 479 473 469 469 489 533 573 606 632 647 658 661 654 623 589 566 548 534 522 509
11 07 499 493 486 480 477 472 468 466 487 530 570 604 629 645 656 658 651 619 586 563 545 531 520 508
11 08 498 492 486 479 475 470 465 464 484 526 565 599 624 641 650 652 646 614 582 559 541 528 517 504
11 09 495 489 482 476 472 466 462 461 480 522 560 594 619 635 643 645 639 607 576 554 537 524 514 502
11 10 493 486 479 473 469 464 460 458 476 517 555 589 613 628 637 639 633 601 571 549 533 520 511 498
11 11 489 482 475 469 465 460 454 454 469 511 549 583 608 623 632 634 626 595 565 544 529 516 507 495
11 12 486 480 473 467 463 457 452 451 465 506 544 578 602 617 626 628 620 589 560 540 525 513 505 493
11 13 485 478 471 465 461 455 449 448 462 501 538 572 596 611 619 621 614 583 554 535 520 508 501 489
11 14 481 474 468 461 457 452 446 444 457 496 533 567 590 606 614 616 608 577 549 530 516 504 497 485
11 15 477 470 464 457 454 449 443 442 454 493 529 562 586 601 609 611 603 572 545 526 512 500 494 482
11 16 473 466 460 454 450 445 440 439 451 490 526 558 582 597 605 607 599 567 542 523 509 497 491 479
11 17 470 463 457 451 447 442 437 436 448 486 522 555 578 594 602 604 596 564 539 520 506 495 489 477
11 18 467 460 455 449 444 440 435 434 445 483 520 552 575 591 599 602 593 561 536 517 503 491 485 473
11 19 463 456 451 445 440 436 431 430 441 479 516 548 571 587 594 597 588 556 531 513 499 487 482 471
11 20 461 454 448 443 438 434 429 427 438 476 513 544 566 582 589 592 584 552 528 510 496 484 478 467
11 21 457 450 444 438 434 430 425 424 434 471 508 539 562 578 586 588 580 548 524 507 492 480 474 463
11 22 453 446 441 435 430 427 422 422 431 467 503 534 557 574 581 584 575 544 521 504 489 477 470 460
11 23 450 443 437 431 427 424 420 419 428 464 500 531 555 571 579 581 572 540 517 501 487 474 467 457
11 24 447 440 435 429 424 421 418 417 425 461 498 529 552 569 578 581 571 539 515 499 484 472 464 454
11 25 444 437 432 426 421 418 416 415 423 458 495 525 549 566 575 578 568 536 514 497 483 471 463 453
11 26 444 437 432 425 421 417 415 414 422 455 493 522 546 563 572 574 565 533 511 495 480 468 460 450
11 27 441 434 428 423 418 414 412 412 420 452 489 519 543 560 569 571 562 530 508 493 478 466 457 447
11 28 439 432 427 421 417 413 411 411 418 450 487 517 542 559 568 570 560 529 507 491 477 465 456 447
11 29 438 431 426 420 416 412 409 409 417 448 485 515 540 557 566 569 559 527 505 490 475 464 454 445
11 30 436 429 424 419 414 411 408 408 415 445 483 513 537 555 564 566 557 526 503 488 474 463 453 444
12 01 436 429 424 419 415 411 409 408 414 444 481 510 535 552 562 564 554 525 502 488 474 463 452 444
12 02 436 430 425 421 417 414 411 411 416 446 482 510 534 551 560 563 553 524 503 488 475 464 454 445
12 03 438 432 427 422 418 415 412 413 417 446 481 509 533 550 560 562 552 524 503 488 475 464 454 446
12 04 440 434 429 424 420 417 414 415 418 446 480 508 532 549 558 561 551 523 501 487 474 463 453 444
12 05 438 432 427 422 418 415 412 412 415 442 476 504 528 545 555 558 547 520 498 484 471 462 452 444
12 06 438 432 427 422 418 415 412 412 414 441 475 503 526 543 553 555 545 518 497 483 471 461 452 444
12 07 438 433 428 423 419 416 412 412 414 440 474 502 525 541 551 553 543 516 495 481 469 460 451 443
12 08 437 432 427 422 418 415 412 412 414 439 472 500 522 539 549 551 541 514 493 480 468 459 450 442
12 09 436 431 426 421 417 415 412 412 413 438 470 498 520 537 547 549 540 512 492 478 466 457 449 441
12 10 435 430 425 420 416 414 410 410 411 436 469 497 519 536 546 548 539 510 490 475 463 455 446 438
12 11 432 427 423 418 414 412 409 408 408 434 466 494 517 534 544 546 536 508 488 474 462 453 446 437
12 12 432 427 422 418 414 412 409 408 408 433 464 492 514 531 541 543 534 506 486 471 460 451 445 437
12 13 431 426 421 417 413 412 408 407 406 431 462 489 511 527 537 540 530 503 483 469 458 449 442 434
12 14 429 424 419 415 411 409 407 405 405 429 459 486 507 523 533 536 527 500 481 466 456 447 441 433
12 15 427 423 418 413 409 407 405 403 403 425 455 483 503 520 530 533 525 498 479 464 453 445 440 432
12 16 426 422 416 412 408 405 403 400 400 422 453 481 502 519 530 532 524 496 477 462 451 443 438 429
12 17 423 418 413 407 403 400 398 395 395 417 448 477 498 516 528 531 522 494 474 458 446 438 433 425
12 18 418 413 408 404 400 397 394 391 391 413 444 474 496 514 526 529 520 492 471 456 444 435 431 422
12 19 416 410 405 400 395 393 391 388 387 409 441 471 493 512 524 527 519 489 469 453 442 434 429 420
12 20 414 407 403 398 393 391 389 387 387 408 439 469 492 510 523 526 519 490 469 453 442 433 428 418
12 21 412 406 402 397 393 390 388 386 387 407 437 468 491 509 522 525 518 489 468 452 441 432 426 417
12 22 411 404 400 396 391 389 387 385 386 405 435 465 488 506 520 524 516 487 467 451 440 431 425 415
12 23 409 402 398 394 390 387 385 384 384 404 433 463 487 505 518 523 515 487 466 450 439 430 424 414
12 24 409 401 398 394 389 386 384 383 383 403 432 462 486 504 517 522 515 487 466 450 439 431 423 414
12 25 409 402 398 395 390 388 386 384 385 403 432 461 485 503 516 521 514 487 467 451 440 431 423 415
12 26 410 402 399 396 392 389 387 385 387 404 432 462 485 503 517 522 515 488 467 452 440 431 422 414
12 27 409 402 398 395 391 388 386 385 387 403 432 461 485 503 517 522 515 488 467 452 440 431 422 414
12 28 408 401 398 394 390 388 386 385 386 403 432 461 485 504 517 523 516 489 467 451 440 431 421 413
12 29 407 400 397 394 390 387 385 385 386 404 432 463 487 506 519 524 517 490 468 453 440 431 420 412
12 30 406 399 397 394 390 387 385 385 386 404 432 463 487 505 517 523 516 490 467 453 440 431 420 412
12 31 406 399 397 393 390 387 386 386 388 405 432 462 485 503 516 522 516 490 468 453 441 432 421 413
