01 01 -9999 -9999 -9999 -9999 -9999 -9999 -9999 467 490 519 549 569 582 591 594 592 584 -9999 -9999 -9999 -9999 -9999 -9999 -9999 
01 02 -9999 -9999 -9999 -9999 -9999 -9999 -9999 465 489 519 549 569 582 591 594 591 584 566 -9999 -9999 -9999 -9999 -9999 -9999 
01 03 -9999 -9999 -9999 -9999 -9999 -9999 -9999 469 493 523 551 571 584 593 595 593 585 567 -9999 -9999 -9999 -9999 -9999 -9999 
01 04 -9999 -9999 -9999 -9999 -9999 -9999 -9999 466 490 520 548 568 581 590 592 590 582 564 -9999 -9999 -9999 -9999 -9999 -9999 
01 05 -9999 -9999 -9999 -9999 -9999 -9999 -9999 462 486 516 545 565 579 588 589 588 580 561 -9999 -9999 -9999 -9999 -9999 -9999 
01 06 -9999 -9999 -9999 -9999 -9999 -9999 467 461 485 516 544 565 578 587 589 587 579 561 -9999 -9999 -9999 -9999 -9999 -9999 
01 07 -9999 -9999 486 -9999 -9999 469 464 458 482 514 543 564 577 586 588 586 579 560 544 528 -9999 -9999 -9999 498
01 08 -9999 484 481 479 -9999 464 459 453 478 511 541 562 575 584 587 585 578 559 543 527 517 507 502 495
01 09 488 483 479 477 470 462 457 451 477 509 540 560 573 582 585 584 577 558 542 526 515 506 501 494
01 10 488 482 477 476 469 462 456 449 475 507 539 559 572 582 585 583 576 558 542 527 516 506 500 493
01 11 487 481 477 475 470 462 457 450 477 508 541 561 574 583 586 585 577 559 544 529 518 509 503 496
01 12 489 483 479 478 472 464 458 452 477 509 541 560 573 583 586 584 577 560 544 528 518 509 503 495
01 13 488 481 478 476 469 465 457 452 476 507 538 558 572 581 584 582 575 558 543 527 518 508 502 494
01 14 486 480 476 474 467 463 456 450 475 505 536 555 568 578 582 580 574 556 541 524 513 505 499 491
01 15 483 477 474 470 464 460 453 447 473 504 535 555 568 578 581 580 574 556 541 524 513 504 499 491
01 16 484 476 472 470 464 461 454 448 473 506 535 555 568 577 581 581 574 557 542 525 515 507 500 492
01 17 485 478 473 471 465 461 455 449 473 505 535 554 567 576 581 580 574 556 541 524 514 504 497 489
01 18 482 475 470 467 462 458 451 446 471 504 535 554 567 577 582 581 574 557 540 523 512 503 495 487
01 19 480 473 468 465 460 456 451 447 472 505 536 556 569 578 583 581 575 558 541 523 512 502 494 487
01 20 479 472 467 465 461 457 452 448 473 506 536 556 569 578 583 582 576 559 542 523 512 502 493 486
01 21 479 472 467 464 460 457 453 449 474 507 538 557 571 579 584 584 577 561 543 525 513 504 497 489
01 22 482 475 471 467 463 461 457 453 479 511 540 560 573 581 586 585 578 563 545 528 516 508 500 493
01 23 487 481 476 472 468 466 462 459 482 514 542 561 573 582 587 586 579 563 546 529 517 509 501 494
01 24 487 481 476 471 467 466 463 460 484 515 543 563 576 584 589 588 581 565 548 531 519 510 502 496
01 25 488 481 477 473 468 466 463 462 486 517 545 564 577 585 589 588 582 568 550 532 520 511 504 498
01 26 490 483 479 474 470 468 465 462 486 518 545 564 577 584 589 587 581 568 550 533 521 511 504 498
01 27 490 483 478 474 471 469 466 462 486 518 546 565 578 585 590 589 582 570 552 536 523 513 506 501
01 28 494 486 481 477 474 470 467 465 489 521 549 569 582 589 593 592 585 573 554 538 524 515 507 501
01 29 494 488 483 479 475 472 468 466 490 523 551 570 584 590 594 592 588 573 554 538 525 516 507 501
01 30 494 488 482 479 475 472 467 467 491 523 550 569 582 588 592 590 586 572 551 536 523 513 504 499
01 31 492 486 482 478 473 470 466 465 490 522 550 569 582 589 593 590 586 572 550 535 521 511 503 496
02 01 490 483 479 474 469 466 462 462 489 523 551 570 583 591 594 592 588 574 552 537 523 513 505 498
02 02 492 485 480 476 471 469 464 464 491 524 552 571 584 591 595 592 588 575 554 539 525 515 507 501
02 03 495 489 483 479 474 473 468 468 494 527 555 573 586 594 597 595 591 577 555 541 528 517 509 503
02 04 498 492 485 480 475 474 469 469 496 529 556 574 588 595 598 599 593 579 556 542 527 517 508 502
02 05 496 491 484 478 473 472 467 467 494 528 555 573 586 594 597 595 592 578 555 541 527 516 507 499
02 06 494 488 482 476 471 470 464 464 493 525 553 571 584 592 596 594 591 577 555 540 526 515 505 496
02 07 491 484 478 472 467 466 461 461 492 525 554 572 585 593 596 594 592 579 556 541 527 515 506 497
02 08 493 486 481 476 472 469 464 465 494 529 556 574 587 595 598 596 593 580 558 543 529 517 508 499
02 09 496 489 483 478 475 472 467 468 497 530 558 576 589 597 600 600 594 581 559 544 529 518 509 500
02 10 495 489 482 477 473 471 467 468 497 531 559 578 591 599 602 601 596 583 560 546 531 520 511 502
02 11 498 491 484 479 475 474 470 471 500 533 562 581 593 602 605 603 598 585 562 547 533 521 512 503
02 12 498 492 485 479 476 476 472 473 502 537 565 584 596 604 607 605 600 587 564 549 536 524 515 506
02 13 502 495 489 483 479 479 475 478 507 541 569 588 600 609 612 610 605 591 568 554 540 529 520 513
02 14 508 500 494 489 486 484 482 483 511 545 575 593 605 614 616 614 609 596 574 559 546 535 526 519
02 15 513 506 500 495 494 492 489 491 519 551 579 598 610 618 620 618 613 599 578 564 551 540 531 523
02 16 518 512 506 502 501 498 495 497 523 555 582 600 611 620 622 620 615 601 581 566 553 542 533 525
02 17 519 512 508 503 503 499 496 499 526 558 584 602 613 622 623 621 617 603 582 568 555 543 534 526
02 18 520 513 509 504 504 500 496 499 527 559 586 603 615 622 625 623 617 605 584 570 556 545 537 527
02 19 522 514 511 507 506 502 499 502 530 563 589 606 616 624 627 625 619 607 586 573 560 549 542 533
02 20 528 520 517 513 512 507 503 506 535 566 592 609 620 628 630 628 622 609 590 576 563 553 546 537
02 21 531 523 520 516 515 510 507 510 539 571 596 613 623 631 633 631 625 612 592 578 565 554 548 540
02 22 534 526 523 519 518 513 509 512 541 572 597 613 624 632 634 631 625 612 593 580 567 557 550 542
02 23 536 527 524 519 518 513 509 512 543 574 599 615 625 632 634 632 625 613 594 580 568 557 551 542
02 24 535 528 525 519 518 513 508 511 543 574 599 616 625 634 635 632 626 613 594 579 568 557 551 541
02 25 535 528 525 519 518 512 507 511 544 575 600 616 626 635 635 633 627 614 595 581 569 558 551 541
02 26 534 527 525 519 518 512 507 511 546 578 603 619 629 637 638 635 629 616 598 583 571 560 552 542
02 27 536 528 526 520 519 512 508 513 549 581 605 620 630 638 638 637 631 618 599 584 572 560 552 541
02 28 536 528 525 519 518 512 507 513 549 581 605 620 630 637 638 636 630 618 599 584 572 560 552 541
03 01 534 528 524 518 516 510 504 511 548 581 605 620 630 638 638 636 630 617 598 583 571 559 550 539
03 02 533 527 521 515 512 506 502 508 547 581 605 620 630 638 638 636 631 618 599 584 572 560 550 540
03 03 532 526 522 516 512 506 501 508 548 582 606 622 631 638 639 637 631 618 599 584 572 560 550 539
03 04 532 526 521 515 511 506 502 508 549 583 607 623 633 639 640 638 633 620 601 586 573 562 551 541
03 05 534 527 522 517 512 507 504 511 552 585 610 626 635 641 642 640 634 621 603 589 576 565 553 543
03 06 536 529 524 518 514 509 505 514 555 588 613 629 638 644 644 641 636 623 605 591 578 566 555 545
03 07 538 531 526 520 516 511 508 518 558 592 617 632 641 647 647 645 639 627 608 594 580 570 557 548
03 08 541 533 528 522 519 514 511 521 561 594 619 634 643 649 649 647 642 629 610 596 583 573 560 551
03 09 544 537 530 526 523 519 515 526 565 597 623 637 646 652 652 650 644 631 612 599 585 574 563 553
03 10 546 539 532 529 525 520 517 529 567 600 625 639 648 654 654 652 646 633 614 601 587 577 565 556
03 11 549 542 535 531 528 523 520 533 572 603 628 643 652 657 657 655 650 636 618 605 592 581 569 560
03 12 554 547 540 536 533 528 525 539 577 609 633 647 655 660 661 659 653 640 621 609 596 586 574 563
03 13 557 549 542 539 535 529 526 541 579 610 635 648 657 661 662 660 654 640 622 609 596 586 575 565
03 14 558 551 544 540 537 531 527 543 581 612 636 649 657 662 662 660 654 641 622 610 597 586 576 566
03 15 559 550 544 540 536 530 526 544 582 612 636 650 658 662 663 661 655 642 623 610 597 586 576 567
03 16 559 551 543 540 537 532 528 546 585 615 639 652 660 664 665 663 657 644 625 612 598 587 577 567
03 17 559 551 544 541 537 532 529 548 587 618 641 654 662 665 666 664 658 645 627 614 600 589 579 569
03 18 562 553 546 544 541 536 533 554 592 623 646 658 665 668 669 667 661 648 631 619 605 594 585 575
03 19 567 558 552 549 546 541 537 559 598 628 650 661 668 671 671 670 664 651 634 622 609 597 588 577
03 20 569 561 555 552 548 543 539 562 601 631 653 664 672 674 674 673 666 654 637 624 612 600 591 581
03 21 573 564 558 554 551 546 541 565 603 633 654 666 673 676 676 675 668 655 639 627 615 603 594 582
03 22 575 566 559 555 552 547 543 569 606 635 655 667 674 677 678 676 670 657 641 629 618 605 596 584
03 23 577 568 561 557 555 550 546 572 608 638 658 669 676 678 679 677 671 658 643 630 619 607 598 586
03 24 578 569 562 558 556 551 547 573 609 639 659 670 677 679 680 678 672 659 643 631 620 608 599 586
03 25 578 569 563 558 555 551 547 574 611 640 661 671 678 681 681 679 674 661 646 632 622 608 599 587
03 26 577 568 561 556 553 549 546 574 612 642 662 673 680 682 682 680 674 662 647 633 622 609 599 587
03 27 578 568 562 557 553 549 546 575 614 642 662 674 681 683 683 681 675 663 648 634 624 611 602 591
03 28 582 573 566 561 557 553 550 579 618 646 666 677 683 686 686 684 678 666 651 638 627 615 605 595
03 29 586 576 569 563 560 556 553 582 620 648 667 679 685 688 688 687 681 669 654 641 630 619 610 598
03 30 589 579 573 567 563 559 557 586 624 651 670 680 687 690 691 689 683 671 656 643 633 622 613 601
03 31 593 583 577 571 567 564 561 590 626 653 672 683 689 692 693 691 685 673 658 645 636 625 616 605
04 01 597 588 582 576 572 569 567 594 630 655 674 684 691 694 695 692 686 675 660 647 638 627 619 608
04 02 600 592 585 579 575 571 569 596 631 655 674 685 693 696 696 694 688 676 661 647 638 628 619 609
04 03 601 592 586 579 576 572 570 597 631 656 675 686 694 697 697 694 688 677 661 648 639 629 620 610
04 04 602 595 588 582 579 575 573 600 633 657 676 687 694 698 698 696 690 678 662 648 639 629 621 611
04 05 602 595 589 583 580 575 575 602 636 660 678 688 696 699 700 698 692 680 664 649 640 631 621 612
04 06 604 597 591 585 581 576 577 603 638 662 681 691 698 701 701 700 693 682 665 651 642 632 623 614
04 07 605 599 593 586 582 578 577 605 640 665 683 693 700 704 704 702 696 684 667 653 643 634 624 615
04 08 606 601 594 588 583 579 579 607 643 668 685 696 703 707 707 704 698 687 670 656 646 636 627 617
04 09 608 602 596 589 585 580 581 608 645 670 687 698 705 709 710 706 700 688 672 658 647 638 629 619
04 10 610 604 599 592 587 582 583 611 648 673 691 701 708 711 712 709 702 691 674 660 650 640 630 620
04 11 611 604 598 591 587 582 585 613 649 676 693 703 710 714 715 711 705 693 676 662 651 640 631 620
04 12 610 604 599 592 587 582 585 614 651 679 695 705 712 716 717 713 706 694 678 664 653 642 633 622
04 13 613 606 600 593 589 584 588 617 655 682 699 709 716 719 719 716 708 696 680 666 656 645 635 625
04 14 616 610 604 597 593 588 592 621 658 685 702 713 720 723 723 719 712 700 684 670 659 648 639 628
04 15 618 612 606 599 595 590 595 626 663 690 707 717 723 726 726 723 715 703 687 674 662 651 641 631
04 16 621 615 608 600 596 592 597 628 666 693 710 720 726 729 729 726 718 707 690 676 665 654 643 633
04 17 623 616 609 600 596 592 598 631 669 697 713 722 729 732 731 728 720 710 693 680 668 657 646 636
04 18 625 618 611 603 599 595 601 635 673 700 717 726 733 736 735 732 724 713 696 683 671 660 649 639
04 19 628 621 614 605 602 597 604 638 676 703 721 729 736 739 738 735 727 716 699 685 674 662 651 641
04 20 630 622 615 606 602 598 605 640 678 706 723 732 739 741 741 737 729 718 702 688 676 664 653 642
04 21 632 623 617 608 604 600 607 643 681 708 725 733 741 744 743 739 731 721 704 690 678 666 654 643
04 22 632 623 617 608 604 600 609 647 684 711 728 736 743 746 745 742 733 723 706 692 680 668 656 644
04 23 633 624 617 609 605 602 612 650 687 714 730 738 745 747 746 743 735 725 708 694 682 670 659 649
04 24 638 629 621 613 610 606 617 655 691 717 734 741 748 750 748 746 737 727 711 697 686 674 663 653
04 25 642 633 625 616 614 610 621 659 695 720 736 743 750 753 751 748 740 730 714 699 688 676 666 656
04 26 645 636 628 620 618 614 625 663 699 723 739 746 753 755 753 750 742 733 716 701 691 679 668 658
04 27 648 640 631 623 621 616 628 667 702 726 742 749 755 757 755 752 745 735 719 703 693 681 669 659
04 28 649 640 632 625 623 619 630 670 705 729 745 752 758 759 757 755 747 737 721 706 695 683 671 661
04 29 650 641 632 626 623 619 633 672 707 731 747 754 760 761 760 756 749 739 723 708 698 685 674 663
04 30 653 643 635 629 626 622 635 675 710 734 749 756 762 763 762 758 751 742 726 710 700 688 677 667
05 01 656 646 638 632 628 624 638 678 713 737 752 759 765 766 765 761 754 745 729 713 703 691 680 669
05 02 659 650 642 637 633 629 643 683 717 741 755 763 768 769 767 764 757 748 732 716 706 695 683 673
05 03 663 653 646 640 636 632 647 687 721 744 758 765 770 771 770 767 759 750 734 719 709 697 685 674
05 04 664 655 647 642 637 633 648 689 724 747 761 768 773 774 773 770 762 753 737 721 711 699 687 676
05 05 666 657 650 646 640 637 652 692 728 750 763 770 775 776 775 772 764 755 739 723 714 702 690 679
05 06 669 660 652 648 643 639 655 695 730 753 767 773 778 779 778 774 766 758 741 726 716 705 693 683
05 07 673 664 656 651 646 642 657 697 733 756 769 776 781 782 781 777 770 761 744 729 719 708 696 687
05 08 677 668 660 655 649 645 660 701 737 760 773 780 785 787 786 781 774 765 748 733 722 711 698 688
05 09 678 670 662 658 651 647 663 703 740 763 775 783 788 789 789 784 776 767 750 735 724 714 701 691
05 10 680 672 665 660 653 649 664 706 742 766 778 786 790 792 791 786 778 769 752 737 727 716 703 692
05 11 682 674 667 662 654 650 666 708 745 768 781 789 793 794 793 789 780 771 754 739 728 718 705 694
05 12 684 675 669 664 656 653 670 710 747 771 783 790 794 796 795 791 782 773 756 741 730 720 707 697
05 13 687 679 672 666 659 655 672 712 748 772 784 791 795 797 797 792 784 774 758 742 731 721 709 699
05 14 688 680 674 669 661 657 674 714 750 774 786 793 797 799 798 794 785 776 759 743 732 722 710 701
05 15 690 682 676 671 663 658 676 716 752 775 788 795 799 800 800 795 787 777 761 745 734 723 711 701
05 16 690 682 676 672 663 659 677 718 754 777 790 796 800 802 802 797 788 779 762 746 735 725 713 703
05 17 692 684 678 673 665 660 679 721 757 780 792 799 802 804 804 799 790 781 764 749 737 727 716 706
05 18 695 687 681 676 667 662 681 723 758 782 795 801 805 805 806 800 792 782 766 751 739 730 719 709
05 19 698 690 684 679 671 666 684 726 760 784 796 803 806 807 807 802 794 784 769 753 741 732 722 712
05 20 702 694 688 682 675 670 688 730 764 787 799 806 809 810 809 804 796 786 771 755 744 735 724 715
05 21 706 697 691 686 678 673 691 733 767 790 801 809 811 812 812 806 798 788 774 757 747 738 727 718
05 22 708 700 694 689 682 677 695 736 769 791 803 811 813 813 813 807 799 789 775 759 748 739 728 718
05 23 709 701 695 690 683 678 697 738 771 793 804 811 814 815 814 809 801 790 776 760 749 740 729 719
05 24 709 701 696 691 684 678 698 740 772 794 805 812 815 816 815 810 802 792 777 761 751 741 731 720
05 25 710 703 697 692 686 681 701 742 774 795 807 814 817 818 817 811 804 793 779 763 753 743 734 724
05 26 713 706 700 696 690 685 704 745 777 798 809 816 819 820 819 814 807 796 782 766 756 747 738 728
05 27 717 710 704 699 693 689 707 749 780 800 812 819 822 823 822 816 809 799 785 769 760 751 742 731
05 28 722 715 709 704 698 693 712 753 784 804 815 823 825 826 824 819 812 802 788 772 763 754 745 735
05 29 726 719 713 707 702 698 715 757 787 807 818 825 827 828 826 821 814 805 791 775 766 758 749 738
05 30 730 724 717 711 705 702 719 760 790 810 820 827 829 830 829 824 817 807 793 778 769 761 752 742
05 31 734 727 720 714 709 704 722 762 792 811 822 829 832 832 831 826 818 809 795 780 770 762 753 743
06 01 735 728 721 715 710 706 724 764 793 812 823 830 833 833 832 827 820 810 797 781 772 764 755 745
06 02 736 730 722 717 712 708 726 766 795 814 825 832 835 836 834 830 822 812 798 782 774 766 757 747
06 03 739 733 725 720 715 710 729 768 797 816 827 834 838 839 836 832 825 814 801 785 777 769 759 749
06 04 741 734 726 721 716 711 730 770 799 817 829 836 839 840 838 833 827 816 803 787 778 771 762 751
06 05 743 736 728 722 718 713 733 772 801 819 830 837 841 842 839 835 828 818 804 788 779 772 763 753
06 06 745 738 730 724 719 715 734 773 802 820 832 838 842 844 841 837 831 820 806 790 782 775 766 756
06 07 748 741 733 727 722 718 737 775 805 823 834 841 844 845 843 838 831 821 808 792 784 778 768 759
06 08 750 743 735 730 725 721 739 778 807 825 836 843 846 846 844 839 833 823 810 795 787 780 771 762
06 09 754 746 739 733 729 724 742 780 809 828 839 845 847 848 846 841 836 825 812 797 789 782 773 764
06 10 756 748 741 735 730 726 744 781 810 829 840 845 848 849 847 842 836 826 814 799 790 783 774 765
06 11 756 749 742 736 731 728 745 782 811 830 840 846 849 849 847 843 837 827 815 800 791 784 774 766
06 12 757 749 742 737 732 728 746 782 810 829 840 847 850 850 849 844 838 828 817 801 792 784 775 767
06 13 756 749 742 737 732 729 747 784 811 830 841 848 851 852 850 845 839 829 818 802 794 786 776 768
06 14 758 750 743 737 733 729 748 785 813 832 843 850 853 853 850 846 841 831 819 803 795 787 778 769
06 15 759 751 744 739 735 732 750 786 814 834 844 850 853 854 850 846 842 832 819 805 797 789 780 771
06 16 761 754 747 741 737 734 751 787 815 835 846 852 854 855 852 847 843 833 820 806 797 789 780 771
06 17 761 754 747 741 738 734 751 788 816 836 846 852 854 855 852 847 843 834 822 807 798 790 781 773
06 18 762 755 748 742 738 735 752 789 816 837 847 853 854 855 852 848 843 834 822 808 799 790 782 773
06 19 763 756 749 743 739 736 753 790 817 838 848 853 855 855 853 849 844 835 823 808 799 790 782 773
06 20 763 756 749 743 739 736 753 790 818 839 848 854 856 856 853 849 844 836 824 809 800 792 783 775
06 21 765 757 750 745 740 737 754 791 819 840 849 855 856 856 853 850 845 836 824 810 801 793 785 776
06 22 766 759 752 746 742 739 755 792 819 841 850 854 857 857 854 850 846 837 825 811 802 793 785 777
06 23 768 761 754 748 744 740 756 792 819 841 850 854 857 856 853 850 846 838 825 811 802 794 786 778
06 24 769 762 755 749 744 741 756 793 819 841 851 855 857 856 854 850 846 837 825 811 802 794 786 779
06 25 770 763 756 750 746 742 757 793 820 842 852 856 858 857 854 851 847 839 826 811 802 795 787 779
06 26 771 764 758 752 747 743 758 794 821 843 852 857 858 858 855 852 848 839 826 812 803 796 788 780
06 27 772 765 759 753 748 744 759 795 822 844 853 858 859 858 855 852 848 840 827 812 804 797 790 782
06 28 775 768 762 756 751 746 761 796 823 844 854 858 859 858 855 852 848 840 827 813 804 797 790 783
06 29 776 769 764 758 752 748 762 797 824 845 854 857 859 858 855 852 847 840 827 813 804 797 791 784
06 30 777 770 764 758 752 747 761 796 824 845 855 858 860 859 856 853 847 841 828 814 805 798 791 784
07 01 778 770 765 759 753 748 762 797 825 845 855 858 861 860 857 854 848 842 829 816 806 799 792 786
07 02 779 771 766 761 754 749 763 798 826 846 856 859 862 861 858 855 849 842 829 816 807 800 792 786
07 03 779 772 767 762 755 751 764 799 827 847 857 861 863 862 858 855 849 843 830 817 808 801 794 788
07 04 782 774 769 764 757 753 766 800 827 847 858 862 864 863 860 857 850 844 832 818 810 803 796 790
07 05 783 776 771 767 759 754 767 801 827 848 859 863 864 862 860 856 849 843 832 818 810 803 796 790
07 06 784 777 772 767 760 756 768 800 827 848 859 863 865 863 860 856 849 843 832 817 809 802 795 790
07 07 784 777 772 767 760 755 767 800 828 848 860 864 865 864 861 856 850 843 832 818 810 804 796 791
07 08 784 777 772 767 760 755 767 801 828 849 861 866 866 866 863 858 852 844 833 818 810 804 796 790
07 09 784 777 771 766 760 755 767 801 829 849 861 866 867 867 863 858 851 844 833 819 811 804 796 790
07 10 783 776 770 765 760 755 767 800 829 849 861 867 868 867 863 858 851 843 832 819 811 804 796 791
07 11 783 776 770 765 759 754 766 800 829 849 863 869 870 868 865 859 851 844 832 819 812 805 796 790
07 12 782 775 769 763 759 754 765 800 828 849 863 869 870 869 866 860 852 844 833 820 812 805 796 790
07 13 782 775 768 762 758 753 765 800 829 851 864 870 871 870 867 861 854 845 834 821 813 806 796 790
07 14 782 774 767 762 757 753 765 800 829 850 865 871 871 870 867 861 855 846 834 821 813 806 796 790
07 15 782 774 767 761 757 753 765 800 830 851 865 871 871 870 867 862 855 846 834 821 813 806 796 791
07 16 783 775 768 762 758 754 766 800 830 851 866 871 872 870 867 861 853 844 833 820 813 805 796 790
07 17 782 775 768 762 758 754 766 799 829 850 865 871 871 869 866 861 853 844 833 820 813 805 795 790
07 18 782 775 768 762 758 754 766 799 828 849 864 870 870 868 866 860 853 844 832 819 812 804 795 789
07 19 781 774 767 761 758 754 765 798 828 848 864 869 870 868 866 860 853 843 831 819 811 803 794 788
07 20 781 773 767 761 757 753 764 797 827 848 864 869 869 869 866 861 854 844 832 819 812 804 795 788
07 21 781 773 767 760 757 753 763 797 828 848 864 869 870 869 868 862 855 846 833 821 813 804 795 789
07 22 780 773 767 761 758 753 764 797 829 849 864 870 871 870 869 863 856 847 834 822 814 804 796 789
07 23 781 774 768 762 759 754 764 798 829 849 864 870 871 870 868 863 856 848 834 822 813 805 797 790
07 24 782 775 770 764 760 755 765 798 829 849 863 868 870 869 868 863 856 848 834 822 814 805 797 790
07 25 783 776 771 765 760 755 765 797 828 848 863 867 869 868 866 863 855 847 835 822 814 805 797 789
07 26 782 776 770 764 760 755 765 797 828 847 863 866 867 866 863 861 854 846 833 821 811 803 796 789
07 27 782 776 770 764 760 755 764 796 827 847 862 866 868 867 863 860 854 846 833 820 811 803 795 789
07 28 781 776 770 765 760 755 763 795 826 846 862 865 867 866 864 860 853 846 833 821 811 803 796 790
07 29 782 776 771 765 760 755 763 795 826 846 862 866 867 867 864 860 853 847 833 821 812 804 798 791
07 30 782 777 771 766 761 756 764 795 825 845 861 865 867 867 864 860 854 847 834 822 813 805 798 791
07 31 783 778 772 766 761 757 763 794 825 846 861 866 867 868 865 861 855 848 835 823 813 805 799 791
08 01 783 778 772 766 761 756 763 794 824 846 861 865 867 868 865 861 855 849 835 822 812 804 798 790
08 02 782 777 771 765 759 755 761 793 824 846 861 864 867 868 865 861 855 848 834 821 812 803 797 790
08 03 782 777 770 765 758 754 760 792 823 846 860 864 867 868 864 861 854 848 834 821 812 803 796 789
08 04 781 776 769 764 758 753 759 791 823 845 860 863 867 867 864 860 854 848 834 821 811 803 796 789
08 05 781 776 769 763 757 753 759 790 821 844 859 862 866 866 862 858 853 847 833 820 811 802 795 789
08 06 781 775 768 763 756 752 758 789 820 843 858 861 866 865 861 858 852 846 833 819 810 802 795 788
08 07 780 774 767 761 755 752 757 788 819 842 858 861 866 865 861 857 852 845 832 818 809 801 794 787
08 08 779 773 766 760 754 751 756 787 818 842 858 862 866 866 861 858 852 845 832 818 809 801 793 787
08 09 779 773 765 760 754 751 756 786 818 842 858 862 866 867 863 859 853 846 833 819 810 801 794 787
08 10 779 773 766 760 754 751 756 786 819 843 858 862 868 869 865 860 855 847 834 821 812 803 795 788
08 11 780 774 767 761 755 752 756 786 819 843 859 863 868 869 865 860 854 847 834 821 812 804 795 788
08 12 780 774 767 760 755 752 756 786 819 844 860 864 869 870 866 861 854 846 833 819 811 803 795 787
08 13 780 773 766 760 755 751 755 786 819 845 860 865 870 871 866 862 855 846 832 819 810 801 793 786
08 14 779 773 766 760 754 750 755 785 819 844 861 865 870 871 865 861 854 845 831 817 809 800 791 784
08 15 778 771 764 758 753 749 754 784 819 844 860 865 870 871 866 861 854 845 831 816 808 798 790 783
08 16 776 770 763 757 752 748 753 783 819 844 860 866 870 870 866 861 854 845 830 817 809 798 790 782
08 17 776 769 763 756 751 748 752 782 819 843 860 867 871 871 866 862 855 845 831 817 809 799 790 782
08 18 775 768 763 756 751 748 752 783 819 844 860 868 872 872 867 862 855 846 831 817 809 799 790 782
08 19 776 768 763 757 751 748 752 782 819 844 860 868 872 873 868 863 856 846 831 818 810 800 790 782
08 20 775 768 763 756 751 748 752 782 819 845 861 869 873 874 868 864 856 846 831 817 810 800 791 782
08 21 775 768 763 756 751 748 751 782 820 845 861 870 874 874 869 864 856 846 831 817 810 800 790 782
08 22 775 768 763 756 751 748 751 782 820 846 862 870 874 874 869 864 856 846 830 817 810 800 790 781
08 23 775 767 762 756 751 747 750 781 819 845 861 870 874 874 869 863 855 846 830 816 809 799 789 780
08 24 774 766 761 754 750 746 749 780 818 843 860 870 873 873 868 862 854 846 829 815 808 797 787 779
08 25 773 765 760 754 748 745 748 779 816 842 859 868 872 871 867 862 853 845 828 813 806 795 785 777
08 26 771 763 758 752 747 744 747 777 815 840 857 868 872 870 866 860 852 844 826 812 804 793 783 775
08 27 770 762 757 751 746 743 746 776 813 838 855 865 870 869 866 860 852 844 826 812 804 793 782 774
08 28 769 761 756 750 745 742 744 774 811 837 853 864 869 868 864 859 851 842 825 810 802 791 781 773
08 29 767 759 754 748 744 741 743 772 809 835 852 862 867 866 863 858 850 841 823 809 800 790 779 771
08 30 765 757 752 747 743 739 741 770 807 834 851 860 866 865 862 856 849 840 822 808 799 789 778 770
08 31 764 756 751 746 742 739 740 769 805 831 848 858 864 864 860 855 848 839 821 807 797 787 776 769
09 01 763 755 750 745 741 738 739 767 803 829 847 857 862 862 860 855 847 838 820 806 796 785 775 767
09 02 761 753 748 743 739 736 737 765 801 827 845 854 860 860 858 853 845 836 819 804 794 783 773 765
09 03 759 751 746 742 737 734 735 763 800 826 844 854 859 859 857 852 844 835 816 802 791 781 770 763
09 04 757 749 745 740 736 732 733 761 798 825 843 853 858 858 857 851 843 834 815 801 790 779 770 762
09 05 756 749 744 739 735 732 732 759 797 824 842 852 857 857 856 851 842 833 815 801 789 778 768 761
09 06 755 748 743 738 734 731 731 758 795 823 841 851 856 857 856 851 842 833 815 801 789 778 768 761
09 07 754 747 742 738 733 730 731 757 795 822 841 851 856 858 857 852 844 833 815 800 789 779 768 760
09 08 753 747 741 737 733 729 730 756 794 822 840 850 856 858 857 852 844 832 814 800 788 778 767 759
09 09 752 746 740 736 731 728 728 755 792 821 840 850 856 858 857 853 844 832 814 800 787 777 767 758
09 10 751 745 739 735 730 726 726 753 792 821 839 849 855 857 857 852 844 832 813 798 786 776 766 757
09 11 750 743 738 734 728 724 724 751 789 819 838 848 854 856 855 852 844 832 813 797 785 774 764 755
09 12 748 741 736 732 726 722 722 749 788 817 837 848 853 856 855 851 844 831 813 797 785 774 764 755
09 13 748 741 736 731 725 721 720 747 787 816 836 847 853 856 855 851 843 831 812 797 785 774 764 755
09 14 748 741 736 731 725 720 719 746 786 816 836 847 852 855 854 851 842 830 811 796 783 773 764 754
09 15 747 740 735 730 724 719 718 745 785 815 835 846 851 855 854 850 841 829 810 794 781 771 761 752
09 16 745 738 733 728 721 717 715 744 782 814 834 845 851 854 854 850 841 828 808 793 780 770 760 751
09 17 744 737 732 727 720 714 713 741 780 811 832 844 849 852 852 848 839 826 806 791 778 768 757 749
09 18 742 735 730 725 718 713 711 738 776 808 828 841 846 849 850 846 836 824 803 788 775 764 754 746
09 19 738 732 726 721 714 709 706 734 771 803 824 836 843 846 847 843 835 821 800 784 771 760 750 742
09 20 734 727 722 717 710 705 702 729 767 799 820 833 840 844 845 841 832 818 796 780 767 756 746 737
09 21 729 722 717 712 705 700 697 725 763 795 817 830 837 841 843 838 830 815 793 776 763 752 742 733
09 22 725 718 713 708 700 696 692 720 759 792 814 827 835 839 840 836 827 813 790 772 759 748 738 729
09 23 721 714 709 703 696 691 688 715 754 787 811 824 832 835 837 833 824 810 786 768 755 744 734 725
09 24 717 711 705 700 692 687 684 711 751 784 808 821 829 833 834 830 821 806 782 763 750 738 729 721
09 25 712 706 700 694 687 683 679 707 747 781 804 818 826 830 832 827 818 803 780 761 747 736 725 717
09 26 709 704 697 691 685 680 677 704 745 778 802 815 823 827 829 824 815 800 777 758 743 732 722 714
09 27 706 701 694 688 682 678 674 702 742 776 799 813 821 825 827 822 813 797 773 754 739 728 718 710
09 28 702 697 691 685 679 675 673 700 740 773 797 811 819 823 824 820 811 794 771 751 736 725 714 706
09 29 698 693 687 681 676 671 669 697 736 770 794 808 817 820 822 817 808 791 768 747 733 721 711 702
09 30 695 689 682 677 672 668 665 693 732 766 790 804 813 817 819 814 805 787 764 744 729 718 708 699
10 01 691 685 679 674 668 664 662 688 728 761 785 799 809 813 815 811 802 783 760 739 725 714 704 695
10 02 687 681 675 670 665 661 659 685 725 758 782 796 807 810 812 808 799 780 756 735 721 710 700 691
10 03 684 678 672 666 661 657 656 682 722 756 780 794 805 809 811 806 798 779 754 733 719 707 698 688
10 04 681 675 668 663 658 654 654 679 720 754 778 793 804 808 810 805 796 777 751 730 715 704 695 685
10 05 679 672 666 660 656 651 651 677 718 752 776 790 802 806 807 803 794 774 748 728 713 702 693 684
10 06 678 671 664 658 654 649 649 674 715 749 773 788 799 803 804 800 790 771 745 725 709 698 688 680
10 07 674 667 661 655 650 646 646 671 711 746 770 785 796 800 801 797 787 767 741 720 704 693 683 675
10 08 670 662 656 650 646 642 642 667 708 743 767 782 793 797 798 795 784 764 738 717 701 690 680 671
10 09 666 659 653 647 642 639 639 663 704 739 764 779 790 795 796 792 782 761 735 714 698 687 677 668
10 10 663 656 650 644 640 635 635 660 701 737 761 777 787 792 792 789 779 758 731 711 694 683 673 665
10 11 660 653 646 641 636 632 631 656 698 734 758 774 784 789 789 786 775 754 726 706 690 678 668 660
10 12 654 647 640 635 630 626 626 650 692 729 754 770 781 785 786 782 772 750 722 701 685 673 663 655
10 13 649 641 634 629 623 619 619 644 688 725 750 767 777 782 782 779 768 746 718 696 680 668 658 650
10 14 645 636 630 624 617 615 615 639 685 722 748 765 776 780 780 777 766 743 715 693 677 665 654 647
10 15 641 633 627 622 615 612 613 637 683 721 747 763 774 779 779 775 765 742 713 691 675 662 652 645
10 16 639 630 625 619 612 611 610 635 680 719 745 760 771 775 775 771 761 738 710 688 672 659 649 642
10 17 636 626 621 616 609 607 606 630 676 714 740 756 767 771 771 768 757 734 706 684 668 656 646 639
10 18 632 623 615 611 604 603 602 626 673 710 736 752 763 767 767 764 753 730 702 679 664 652 641 635
10 19 626 619 612 608 602 600 598 623 669 707 734 749 760 764 764 761 750 727 699 676 661 649 638 632
10 20 623 615 609 605 599 597 595 619 666 704 730 746 756 761 760 757 746 723 695 672 656 645 628 622
10 21 612 607 601 596 591 589 591 615 662 700 727 742 752 757 757 754 743 720 691 668 652 640 623 614
10 22 607 602 596 592 586 585 588 612 659 697 724 740 750 755 755 751 740 718 689 667 650 635 622 612
10 23 606 600 595 591 585 584 587 611 658 696 723 739 748 753 753 749 738 715 686 664 647 632 619 610
10 24 604 599 593 590 584 583 586 609 656 694 721 737 746 751 751 747 736 713 684 663 646 631 618 609
10 25 603 598 592 590 584 582 586 608 654 692 719 735 744 749 749 745 733 711 682 661 644 629 617 606
10 26 600 596 591 588 582 580 584 606 651 689 716 731 742 747 746 742 731 708 679 658 642 624 615 605
10 27 599 594 589 587 580 578 582 603 648 685 713 729 739 745 743 739 728 705 676 655 640 623 613 603
10 28 598 593 588 585 580 577 581 601 645 682 709 725 735 741 740 735 724 701 673 652 637 621 613 603
10 29 598 593 588 585 581 575 579 599 641 677 704 720 730 736 736 731 719 696 668 648 633 617 609 600
10 30 594 589 584 580 576 570 571 592 635 672 698 715 725 732 731 726 715 691 662 643 627 613 604 595
10 31 588 584 579 575 572 566 566 586 631 668 695 712 722 729 728 723 712 687 659 638 623 608 600 591
11 01 584 580 577 571 568 562 563 583 628 666 694 711 721 727 726 721 710 684 656 636 620 605 597 588
11 02 582 577 574 569 566 560 561 581 625 663 692 708 718 725 724 719 708 682 655 635 620 605 597 589
11 03 584 577 573 568 565 560 561 580 623 661 689 706 716 723 722 717 705 679 652 633 618 602 595 587
11 04 583 577 572 567 563 559 560 575 619 656 686 703 713 720 719 714 702 675 648 629 614 600 592 584
11 05 582 576 571 566 562 558 557 572 614 652 682 700 710 718 716 711 699 672 646 627 613 601 592 584
11 06 581 574 570 564 560 557 554 567 610 648 678 696 707 714 713 708 696 669 643 623 610 598 589 582
11 07 578 570 566 561 557 553 551 563 605 643 674 692 703 711 710 705 693 666 640 622 608 596 589 582
11 08 578 571 566 559 556 552 549 560 603 640 671 689 701 708 707 702 690 662 637 619 606 595 586 580
11 09 576 568 563 556 552 548 545 557 598 635 666 686 697 705 703 699 686 658 634 615 601 590 581 575
11 10 572 563 557 551 548 544 540 551 593 631 662 682 693 701 699 695 683 655 629 610 597 586 577 570
11 11 567 558 553 547 544 539 536 548 590 628 660 679 691 698 697 693 680 652 627 608 595 583 575 568
11 12 566 557 553 548 544 540 537 547 588 626 658 677 689 697 695 691 679 651 626 607 594 582 574 567
11 13 564 556 551 547 543 539 536 546 587 625 658 676 688 695 693 690 677 650 626 607 594 582 575 567
11 14 564 555 551 546 542 540 537 545 586 623 656 674 686 693 691 687 675 648 624 607 593 582 576 568
11 15 564 556 551 547 542 540 537 545 584 621 653 672 684 691 690 686 673 646 623 606 593 581 575 567
11 16 564 555 549 545 541 538 535 543 581 618 650 670 682 689 688 684 672 645 621 605 592 580 575 566
11 17 563 554 548 543 540 538 534 541 579 616 647 667 680 686 686 682 669 643 618 601 588 577 571 563
11 18 560 552 546 542 539 534 532 537 575 612 644 664 677 683 683 679 667 640 617 599 587 576 570 563
11 19 560 552 546 540 538 534 531 537 575 613 644 663 676 682 681 677 666 640 618 601 589 579 573 566
11 20 562 554 548 542 540 536 532 539 577 614 645 663 676 681 681 677 665 640 618 601 589 578 573 567
11 21 563 555 550 543 541 537 534 541 578 614 644 663 675 681 680 676 664 639 616 599 588 576 571 565
11 22 561 554 549 543 540 536 532 539 576 612 641 660 672 677 677 673 661 636 613 595 584 573 567 560
11 23 557 549 544 539 536 533 529 536 573 609 639 657 669 674 674 670 658 634 609 592 581 569 564 556
11 24 553 546 542 535 532 529 526 533 569 606 635 653 665 671 672 667 655 631 606 589 577 566 562 554
11 25 549 544 540 533 530 526 523 530 566 603 633 651 663 669 670 664 653 629 605 588 576 565 560 553
11 26 549 543 539 531 528 525 522 529 564 601 630 649 660 667 667 661 650 627 602 585 574 564 557 550
11 27 545 539 535 527 524 521 518 526 560 597 627 645 656 663 663 658 646 622 597 581 570 560 553 546
11 28 541 535 530 522 519 516 513 520 554 591 620 639 651 658 659 654 642 618 591 575 563 553 546 538
11 29 534 529 525 516 514 510 507 514 548 585 615 635 647 655 655 650 639 614 588 570 560 549 542 533
11 30 530 524 521 512 510 505 502 511 544 581 612 631 644 651 651 647 635 611 585 567 556 546 538 530
12 01 527 523 520 512 508 505 502 509 542 579 610 629 641 648 649 644 633 609 584 566 556 546 537 530
12 02 526 523 519 513 508 504 502 508 541 578 608 627 639 647 648 643 631 609 584 567 557 547 539 531
12 03 527 524 520 514 509 506 503 509 541 577 607 626 637 645 646 641 629 606 582 565 555 545 537 529
12 04 525 522 518 513 507 504 501 506 537 573 602 621 633 641 641 637 625 603 578 562 551 542 534 526
12 05 522 519 515 511 505 501 498 502 532 567 595 614 626 635 636 631 620 598 574 559 548 540 532 524
12 06 520 517 512 509 503 499 496 499 528 563 592 610 622 630 631 627 616 595 573 558 548 539 532 524
12 07 521 517 512 508 503 499 496 498 526 561 589 608 619 628 628 625 614 592 571 557 547 539 531 524
12 08 519 516 510 506 502 497 495 495 523 557 585 604 616 625 626 623 611 590 570 556 546 537 530 522
12 09 518 514 509 505 501 496 493 494 521 555 583 602 614 623 624 621 610 588 568 554 544 535 528 521
12 10 516 513 507 504 500 496 492 492 519 552 581 599 610 619 620 618 606 584 565 553 543 534 527 519
12 11 515 511 505 503 498 495 491 490 516 548 577 596 607 616 617 615 603 582 563 551 540 532 525 517
12 12 512 509 503 501 496 493 489 486 513 545 574 592 604 612 614 612 600 579 561 549 538 529 523 515
12 13 510 508 502 500 495 492 488 484 510 543 572 591 603 610 613 610 598 577 561 548 538 529 523 517
12 14 512 510 505 502 497 494 490 486 511 543 572 590 602 611 613 610 598 577 563 548 538 530 524 518
12 15 512 512 506 503 498 496 493 489 512 543 572 589 601 610 611 609 597 576 561 548 539 531 526 519
12 16 513 512 506 503 498 495 492 488 510 541 569 586 599 607 609 606 594 573 558 545 536 528 523 516
12 17 511 510 504 500 496 493 490 487 507 538 566 583 596 604 605 603 591 570 555 542 532 524 519 513
12 18 508 506 501 496 492 489 486 483 504 534 563 580 592 601 602 600 589 567 552 540 530 -9999 517 511
12 19 506 505 500 -9999 -9999 488 485 479 499 529 560 577 590 598 600 598 587 565 550 -9999 -9999 -9999 -9999 -9999 
12 20 -9999 -9999 -9999 -9999 -9999 -9999 482 477 496 528 560 578 591 599 601 599 587 565 -9999 -9999 -9999 -9999 -9999 -9999 
12 21 -9999 -9999 -9999 -9999 -9999 -9999 481 476 496 528 559 577 590 598 601 598 587 565 -9999 -9999 -9999 -9999 -9999 -9999 
12 22 -9999 -9999 -9999 -9999 -9999 -9999 -9999 474 494 526 557 575 589 597 600 597 586 564 -9999 -9999 -9999 -9999 -9999 -9999 
12 23 -9999 -9999 -9999 -9999 -9999 -9999 -9999 472 491 523 555 573 586 594 597 595 584 563 -9999 -9999 -9999 -9999 -9999 -9999 
12 24 -9999 -9999 -9999 -9999 -9999 -9999 -9999 474 493 525 556 573 587 595 597 595 584 564 -9999 -9999 -9999 -9999 -9999 -9999 
12 25 -9999 -9999 -9999 -9999 -9999 -9999 -9999 476 494 525 556 573 587 596 -9999 -9999 -9999 -9999 -9999 -9999 -9999 -9999 -9999 -9999 
12 26 -9999 -9999 -9999 -9999 -9999 -9999 -9999 -9999 495 525 -9999 -9999 -9999 -9999 -9999 -9999 -9999 -9999 -9999 -9999 -9999 -9999 -9999 -9999 
12 27 -9999 -9999 -9999 -9999 -9999 -9999 -9999 -9999 -9999 -9999 -9999 -9999 -9999 -9999 -9999 -9999 -9999 -9999 -9999 -9999 -9999 -9999 -9999 -9999 
12 28 -9999 -9999 -9999 -9999 -9999 -9999 -9999 -9999 -9999 -9999 -9999 -9999 -9999 -9999 -9999 -9999 -9999 -9999 -9999 -9999 -9999 -9999 -9999 -9999 
12 29 -9999 -9999 -9999 -9999 -9999 -9999 -9999 -9999 -9999 -9999 -9999 -9999 -9999 -9999 -9999 -9999 -9999 -9999 -9999 -9999 -9999 -9999 -9999 -9999 
12 30 -9999 -9999 -9999 -9999 -9999 -9999 -9999 -9999 -9999 -9999 -9999 -9999 -9999 -9999 -9999 -9999 -9999 -9999 -9999 -9999 -9999 -9999 -9999 -9999 
12 31 -9999 -9999 -9999 -9999 -9999 -9999 -9999 -9999 -9999 -9999 -9999 -9999 -9999 -9999 -9999 -9999 -9999 -9999 -9999 -9999 -9999 -9999 -9999 -9999 
