01 01 239 239 236 234 230 227 227 224 232 272 308 337 358 373 380 378 363 326 303 288 277 271 262 256
01 02 245 244 242 240 236 233 233 230 238 276 312 340 361 376 382 381 366 330 307 292 281 275 266 260
01 03 249 248 246 243 240 237 237 235 242 280 315 343 364 378 385 384 369 333 310 294 283 277 269 262
01 04 251 250 248 245 241 239 238 236 244 281 316 345 366 380 387 386 372 336 312 296 284 277 269 262
01 05 251 249 247 244 240 237 236 234 242 280 316 345 366 381 389 388 373 336 311 296 284 276 268 261
01 06 251 248 246 242 239 237 236 233 242 280 317 346 368 383 391 391 376 339 313 298 285 277 269 261
01 07 253 249 246 242 239 236 235 234 242 281 317 347 369 384 392 392 377 340 315 300 287 279 270 263
01 08 254 251 248 244 241 239 237 235 244 282 318 348 370 385 393 392 378 341 317 301 289 281 272 266
01 09 258 253 250 246 242 239 238 235 245 283 319 348 369 385 393 392 378 341 316 300 288 280 271 264
01 10 257 251 249 244 241 240 238 235 245 283 319 349 370 386 395 394 380 343 317 301 289 280 271 264
01 11 258 252 249 244 241 239 237 234 244 284 319 349 371 387 395 395 382 345 318 302 290 281 272 264
01 12 258 252 249 244 240 238 235 233 242 283 319 349 371 387 396 396 383 346 318 301 289 279 270 262
01 13 257 250 246 241 238 235 233 231 241 283 319 349 372 389 397 398 385 348 319 302 289 279 270 262
01 14 257 249 245 241 238 235 233 230 240 282 319 350 373 390 399 399 387 349 320 303 289 279 271 262
01 15 258 249 245 241 237 234 231 228 238 281 319 349 371 389 398 399 387 350 320 302 289 279 269 261
01 16 259 248 243 239 236 232 229 226 237 280 317 348 370 387 397 398 386 350 319 302 288 278 267 259
01 17 258 246 242 238 234 230 227 224 235 279 317 347 370 387 397 398 387 350 318 300 287 276 266 258
01 18 258 246 241 237 232 229 225 222 233 278 316 347 370 387 397 398 387 350 318 300 287 275 265 258
01 19 259 245 240 237 232 228 225 222 233 278 317 348 371 388 397 398 387 351 318 300 288 276 266 259
01 20 260 245 242 238 233 229 226 222 234 280 318 349 371 388 398 399 388 353 321 303 290 279 269 261
01 21 261 248 244 240 235 231 227 224 236 281 319 349 372 388 398 399 388 353 321 303 291 280 269 262
01 22 262 249 245 241 236 232 228 225 237 282 320 350 372 389 399 400 390 356 322 304 292 281 271 263
01 23 262 250 246 242 237 232 229 225 239 285 321 351 374 391 401 402 392 358 324 305 292 282 271 263
01 24 261 250 246 242 236 232 229 226 240 286 323 353 376 392 402 404 394 361 326 307 294 284 274 266
01 25 264 253 249 245 239 235 231 228 242 288 325 355 377 394 403 405 395 362 327 309 295 286 276 267
01 26 265 254 250 245 239 236 232 228 244 289 326 355 378 394 403 404 395 363 328 309 296 286 276 268
01 27 266 255 251 247 241 237 233 230 247 290 328 357 380 396 405 406 397 366 331 311 299 289 279 271
01 28 268 258 254 249 243 239 235 231 248 293 329 359 382 397 407 408 399 368 332 312 299 290 279 271
01 29 267 258 255 250 244 240 236 232 250 295 331 361 384 400 409 411 401 370 333 313 300 290 280 272
01 30 266 259 255 251 245 241 237 233 253 297 333 363 386 402 412 413 404 373 335 315 302 292 282 274
01 31 267 261 258 254 247 244 240 236 256 300 336 366 390 406 416 417 408 377 339 318 304 295 285 277
02 01 268 263 259 255 248 245 240 237 257 302 337 368 391 408 418 419 410 380 341 320 307 297 287 278
02 02 268 264 261 256 249 245 242 239 260 304 340 371 394 411 420 422 412 382 344 322 309 299 289 280
02 03 269 266 262 257 250 246 243 240 262 306 342 372 396 413 422 424 415 385 345 323 310 300 290 282
02 04 271 268 264 259 253 248 245 243 265 309 345 376 400 416 425 427 418 389 348 325 313 303 293 284
02 05 274 270 265 261 254 250 247 245 268 312 348 378 403 419 428 430 421 393 351 328 316 306 296 287
02 06 278 274 270 265 259 254 251 249 273 315 351 381 406 422 431 432 423 395 354 330 317 307 297 288
02 07 279 275 271 267 260 256 252 250 275 318 354 384 408 425 434 435 426 398 356 332 319 309 299 290
02 08 280 277 273 269 263 258 255 253 278 320 357 387 411 427 436 438 429 401 359 335 323 312 303 294
02 09 284 281 278 273 267 262 258 257 282 324 361 391 415 431 440 442 434 406 363 339 327 316 307 299
02 10 290 286 283 278 272 268 264 263 287 330 366 396 419 435 444 446 437 410 368 344 330 320 311 303
02 11 294 289 286 281 276 271 268 266 292 334 370 399 422 437 446 448 439 413 370 347 333 323 313 305
02 12 299 293 289 284 279 275 272 270 297 338 374 403 426 441 449 451 443 416 374 350 337 327 318 310
02 13 304 297 293 287 282 278 275 273 301 342 377 406 429 443 452 454 446 421 378 354 341 331 322 313
02 14 309 300 296 290 285 282 279 278 305 346 382 411 432 446 455 456 449 425 382 358 344 334 325 317
02 15 312 303 299 293 288 284 281 279 308 350 385 414 435 449 457 458 451 428 385 360 347 336 327 319
02 16 315 306 301 295 291 287 283 281 312 353 389 418 439 453 461 463 455 432 389 364 350 339 330 321
02 17 318 308 303 297 293 288 284 282 315 356 392 421 442 455 464 465 459 436 392 366 351 340 331 322
02 18 318 308 303 296 292 288 283 282 316 358 395 424 444 458 466 467 462 439 395 369 353 341 333 324
02 19 319 309 304 298 294 289 284 283 317 360 396 425 446 459 468 469 464 442 398 370 353 342 333 325
02 20 318 309 304 298 294 289 284 283 318 362 398 427 448 462 470 472 466 445 400 372 354 343 334 325
02 21 317 308 303 296 292 287 282 281 319 364 401 430 451 465 474 475 470 449 403 374 357 345 336 327
02 22 319 310 305 298 295 290 284 283 322 368 404 434 455 469 478 479 474 454 408 378 361 349 341 331
02 23 324 316 309 302 299 294 289 287 327 371 407 437 458 472 480 481 476 456 410 380 361 350 342 332
02 24 324 315 309 303 299 295 289 288 328 373 408 439 459 473 481 482 477 458 411 380 361 349 341 331
02 25 322 314 307 301 298 293 287 286 328 373 410 440 461 475 482 484 479 459 412 381 362 351 342 332
02 26 322 314 307 301 298 294 288 287 330 375 412 442 463 476 485 486 481 462 415 384 364 353 344 334
02 27 323 316 308 303 299 295 288 288 332 377 414 444 465 479 487 489 483 465 419 386 366 355 346 336
02 28 326 317 309 304 300 295 289 289 335 380 417 447 468 482 490 491 486 468 422 388 368 357 347 336
03 01 327 318 311 305 301 295 289 290 338 384 421 451 473 486 495 496 491 473 426 392 371 360 350 339
03 02 329 320 313 306 302 296 290 292 341 387 424 455 476 490 499 500 495 477 430 395 375 364 353 342
03 03 332 322 315 309 305 299 293 296 346 392 428 458 480 494 502 503 497 480 434 398 378 367 356 345
03 04 336 325 318 311 307 302 295 299 349 395 430 460 482 496 503 505 499 482 436 400 380 368 357 346
03 05 337 327 320 313 309 303 297 302 353 400 435 465 486 499 507 509 503 487 442 404 384 372 361 349
03 06 340 329 322 315 310 305 298 305 357 404 440 469 490 503 511 513 507 490 445 407 387 375 363 351
03 07 344 333 324 317 312 306 300 307 361 407 443 472 493 505 513 515 510 494 448 410 390 377 365 352
03 08 348 334 325 318 313 307 301 310 363 409 445 474 495 507 514 516 511 495 450 411 391 379 367 353
03 09 349 334 325 318 313 307 302 312 366 412 447 475 496 508 515 517 512 496 452 413 392 379 367 354
03 10 348 333 324 316 312 305 300 312 367 414 449 478 498 510 518 520 514 499 455 415 393 380 368 354
03 11 346 332 324 315 310 304 298 313 369 417 453 481 502 515 522 525 519 504 461 419 397 384 370 357
03 12 349 334 326 317 311 305 299 315 373 421 458 487 507 519 528 531 526 511 467 424 400 386 372 358
03 13 350 335 327 318 312 305 300 318 377 426 463 492 513 525 534 537 531 516 471 427 403 389 375 361
03 14 352 337 328 318 313 306 300 320 381 431 468 497 517 529 537 540 535 521 475 431 407 393 379 365
03 15 355 340 331 321 315 308 302 324 384 434 471 499 519 531 539 542 537 523 478 433 410 395 381 367
03 16 359 343 333 323 317 310 304 327 386 436 473 501 521 533 541 544 539 524 480 436 412 396 383 369
03 17 361 344 334 324 318 311 305 330 389 439 475 503 522 534 542 545 541 526 483 438 414 398 385 371
03 18 361 346 336 325 319 312 307 332 391 440 477 504 523 535 543 546 542 528 484 439 414 398 386 372
03 19 361 346 335 326 319 311 306 333 393 441 478 506 525 536 545 547 543 529 487 441 416 400 389 375
03 20 364 348 338 327 321 312 308 336 394 441 477 504 523 535 543 545 541 528 487 441 416 400 388 375
03 21 364 348 337 327 321 313 308 337 396 442 477 504 522 534 543 545 542 528 488 442 416 401 389 376
03 22 363 348 337 326 320 313 308 339 398 443 478 504 522 535 543 545 542 529 489 443 416 400 388 376
03 23 362 348 337 326 320 312 307 340 400 445 480 506 525 537 546 548 545 532 493 445 418 402 390 378
03 24 363 348 337 326 320 311 306 342 402 448 483 509 528 540 549 551 548 535 496 448 421 404 391 380
03 25 366 350 339 328 321 313 308 345 405 450 485 511 529 541 549 552 549 536 499 449 423 405 393 382
03 26 370 353 341 330 324 316 310 348 408 452 486 513 530 542 551 554 550 537 500 450 424 406 394 383
03 27 371 354 342 332 325 316 312 351 410 453 487 513 530 542 550 553 550 538 501 451 425 407 396 385
03 28 373 356 343 333 326 317 313 354 412 454 487 513 529 541 549 552 550 537 502 452 425 407 396 384
03 29 373 355 343 332 325 315 312 355 413 455 488 514 531 543 551 554 552 539 505 454 426 408 396 385
03 30 374 356 344 334 326 318 314 359 416 458 491 516 532 545 553 556 554 541 508 456 426 408 397 386
03 31 373 356 343 334 326 317 314 361 418 460 494 519 535 547 555 557 556 543 511 457 428 410 398 387
04 01 374 357 344 334 325 317 315 363 420 462 495 520 537 548 556 558 556 544 512 458 428 410 398 388
04 02 376 358 345 335 326 318 315 365 422 465 497 521 537 550 557 560 558 546 514 460 430 411 399 388
04 03 377 358 345 335 327 318 317 368 425 467 499 523 540 552 560 563 560 548 517 462 431 413 401 390
04 04 379 360 347 337 329 320 319 372 429 471 504 528 545 557 565 568 565 552 522 466 435 416 404 392
04 05 382 362 350 339 330 321 320 376 433 476 508 532 549 562 570 573 570 557 526 470 438 418 405 393
04 06 385 364 351 340 331 322 322 380 437 480 513 537 555 567 575 578 575 562 531 474 442 422 410 397
04 07 389 368 355 345 336 326 327 385 442 485 517 541 558 571 578 581 578 565 534 478 445 426 413 400
04 08 391 371 357 347 338 328 330 388 445 488 520 544 562 574 581 584 580 568 538 481 448 427 415 402
04 09 393 371 358 349 339 328 332 391 448 492 524 548 566 578 586 589 585 573 542 485 451 430 418 404
04 10 395 374 360 350 341 330 335 395 452 496 528 552 570 580 588 591 587 575 545 488 455 434 421 407
04 11 398 376 362 352 342 331 337 398 454 498 530 553 570 582 589 591 587 575 546 490 457 435 422 408
04 12 399 377 363 353 343 332 339 399 456 499 531 554 572 584 590 593 589 576 548 492 458 437 423 409
04 13 401 379 366 356 346 336 343 403 459 501 533 555 573 585 590 593 588 576 548 494 460 438 424 411
04 14 402 380 367 357 347 337 345 406 460 503 534 556 575 586 592 595 589 577 550 496 462 441 426 413
04 15 405 383 370 359 349 339 348 409 464 505 536 558 576 587 594 597 592 579 552 499 465 445 429 416
04 16 406 385 372 362 352 342 353 413 467 509 539 561 579 590 597 599 594 582 554 502 468 447 431 417
04 17 408 387 373 363 354 344 355 415 470 511 541 564 581 592 598 600 595 583 557 504 470 449 434 420
04 18 410 390 376 365 355 345 358 418 472 512 542 565 582 593 600 602 598 586 561 507 473 452 436 423
04 19 412 392 378 366 356 346 361 421 474 514 544 567 585 595 602 605 601 590 564 511 477 454 438 426
04 20 414 396 380 369 359 349 365 426 478 518 548 571 588 599 605 608 604 593 567 515 480 458 443 430
04 21 418 400 384 373 363 353 370 429 481 520 550 572 589 600 606 608 605 593 569 517 481 459 444 432
04 22 420 401 386 374 363 353 373 432 483 522 551 574 590 600 607 609 605 593 569 518 481 460 445 433
04 23 420 402 387 375 364 355 376 436 486 524 553 575 591 602 608 611 607 595 571 520 483 463 446 435
04 24 422 405 390 377 366 358 380 439 488 525 554 577 593 604 611 614 610 598 574 524 486 465 449 438
04 25 424 407 393 380 368 359 382 441 490 527 556 578 595 606 613 616 613 601 577 528 488 468 452 441
04 26 427 410 396 382 371 362 387 447 495 532 561 584 601 612 620 622 618 607 583 533 493 472 457 446
04 27 432 415 400 387 374 366 392 452 499 535 564 587 604 616 624 627 622 612 588 537 497 476 461 449
04 28 434 418 403 389 376 368 396 456 503 540 568 591 608 620 628 631 627 616 592 540 499 478 464 452
04 29 438 421 404 390 377 369 398 459 507 543 571 594 611 624 632 635 631 620 596 544 502 481 467 454
04 30 440 423 407 392 379 370 401 462 509 545 575 597 614 627 635 638 634 623 599 548 505 483 469 457
05 01 443 426 409 394 380 370 404 464 511 548 578 600 618 630 638 642 638 627 603 551 507 485 471 459
05 02 445 428 410 395 380 371 407 467 514 551 581 604 622 635 642 646 642 631 607 555 510 488 475 461
05 03 447 430 412 397 382 373 410 471 518 554 584 607 625 637 644 648 644 633 608 557 512 490 478 464
05 04 450 432 415 400 385 377 415 475 521 557 587 610 628 641 647 651 646 635 610 560 516 493 481 466
05 05 452 434 417 401 386 378 417 478 524 560 590 613 630 643 650 653 649 638 614 564 519 496 483 468
05 06 453 435 418 402 387 379 420 481 528 564 594 618 635 648 655 659 655 645 620 570 524 501 488 472
05 07 457 439 422 405 391 383 425 485 533 569 600 623 641 654 661 664 660 650 625 575 529 506 492 477
05 08 462 443 426 409 394 386 430 490 537 573 604 627 645 659 665 668 663 653 628 579 533 509 496 480
05 09 464 446 429 412 397 388 433 494 541 577 607 630 648 661 668 669 665 655 630 581 535 511 497 481
05 10 465 449 431 414 399 390 436 497 545 580 610 633 652 665 672 674 669 659 635 586 538 515 500 484
05 11 468 451 433 417 402 393 439 500 548 583 613 636 655 668 674 676 672 662 638 589 541 517 502 486
05 12 467 453 436 419 404 395 443 504 552 588 618 641 659 672 678 680 676 666 641 593 545 520 504 489
05 13 469 456 438 421 407 397 446 508 555 591 621 643 661 674 681 683 677 668 644 596 548 523 506 490
05 14 469 457 440 423 408 399 448 511 558 594 625 647 664 677 683 685 680 671 648 600 550 524 507 492
05 15 470 457 440 424 409 400 451 513 561 598 628 650 667 679 686 688 684 675 652 604 554 527 510 493
05 16 472 459 442 425 411 403 454 517 565 602 631 654 671 684 691 693 689 679 657 609 559 532 514 498
05 17 479 463 446 430 415 408 459 522 571 607 637 658 676 689 697 699 694 684 662 615 564 537 518 503
05 18 484 468 450 433 418 411 463 527 576 613 643 665 683 695 704 705 701 691 669 621 570 542 523 507
05 19 487 471 453 436 421 414 467 532 580 618 648 670 687 700 709 709 704 695 673 626 573 545 526 511
05 20 491 475 457 441 425 418 471 536 584 621 650 672 689 701 710 712 707 697 676 629 576 549 530 515
05 21 496 479 462 445 429 422 475 539 587 624 653 675 692 704 712 713 709 699 677 631 579 551 532 518
05 22 498 482 465 448 431 424 477 541 588 626 655 676 693 705 713 716 712 701 680 634 582 552 533 519
05 23 499 483 465 448 432 425 478 543 591 628 658 680 697 709 717 720 716 706 684 639 586 556 537 523
05 24 504 486 468 452 434 428 482 547 595 633 662 684 700 712 720 724 721 710 688 642 588 559 540 527
05 25 508 489 471 455 437 431 486 551 599 636 666 688 704 716 724 727 724 713 691 646 592 562 544 530
05 26 511 493 474 458 440 434 490 554 601 639 668 691 708 720 728 731 727 716 694 650 596 566 548 533
05 27 517 496 477 461 443 438 493 558 605 642 673 695 712 724 732 735 731 720 699 655 600 571 553 538
05 28 521 499 479 464 446 441 498 561 609 646 676 699 716 728 737 739 736 725 703 659 604 574 557 542
05 29 526 503 483 468 449 444 502 564 611 648 678 701 718 731 739 741 738 726 705 662 607 578 561 545
05 30 530 508 487 471 453 449 505 567 613 650 680 703 719 732 741 742 740 728 706 663 609 580 563 548
05 31 532 511 490 474 456 451 508 569 615 651 681 704 721 733 742 743 740 729 707 665 611 582 564 549
06 01 531 511 490 475 457 453 509 569 615 651 681 703 721 733 742 743 741 729 708 667 612 583 565 549
06 02 531 511 491 476 459 455 511 571 617 652 682 704 722 735 743 745 743 731 710 668 613 584 566 550
06 03 532 513 494 478 461 457 513 573 619 653 684 706 724 737 745 747 745 732 711 670 615 585 567 551
06 04 533 514 494 479 461 458 515 575 620 656 687 709 727 740 749 751 748 735 714 673 618 588 569 553
06 05 536 516 496 481 463 459 518 577 623 658 689 711 729 742 751 753 750 738 717 676 619 589 570 554
06 06 537 516 497 481 464 460 520 579 625 660 692 714 732 746 755 756 754 743 721 680 622 592 574 556
06 07 540 519 500 484 466 463 523 583 627 663 694 716 734 749 758 760 757 746 725 684 625 595 577 558
06 08 542 521 502 485 468 465 525 585 631 666 697 719 738 753 762 764 761 750 729 688 629 598 579 560
06 09 545 523 504 486 469 466 527 587 633 669 700 722 740 756 766 768 765 754 732 691 632 600 581 562
06 10 547 524 505 487 469 467 529 589 635 672 703 725 744 760 770 772 770 759 737 695 635 603 584 565
06 11 551 527 508 489 471 469 531 592 638 675 706 729 747 764 774 776 773 763 741 699 639 605 586 567
06 12 553 530 510 491 472 470 532 595 641 678 710 733 752 769 778 781 779 768 746 704 643 609 590 571
06 13 556 532 513 494 474 472 536 598 646 683 715 738 758 774 785 787 784 774 752 709 647 612 593 575
06 14 560 535 517 497 477 475 539 603 651 689 721 745 765 781 790 793 790 780 758 715 652 615 596 578
06 15 563 538 519 499 478 476 542 607 656 694 727 751 771 788 797 801 798 788 767 722 657 620 602 583
06 16 568 543 523 503 481 479 547 612 662 701 735 760 779 796 806 809 806 796 774 729 663 626 607 590
06 17 574 549 529 507 485 484 551 617 667 706 740 765 785 802 811 815 811 802 780 735 669 631 613 595
06 18 579 553 532 511 489 488 555 621 671 711 745 770 790 807 816 820 817 806 785 740 674 635 616 599
06 19 582 556 536 515 492 490 557 624 675 715 750 775 796 813 822 825 823 812 791 746 679 640 621 604
06 20 585 561 540 519 496 494 561 629 681 722 756 782 803 819 828 832 828 817 797 752 684 646 626 611
06 21 590 567 544 524 500 497 565 634 686 727 762 788 809 825 834 838 833 823 801 756 688 650 630 615
06 22 594 571 549 527 503 500 568 638 691 732 766 792 813 829 839 842 838 826 805 760 692 654 634 619
06 23 597 575 552 531 506 503 570 640 694 735 769 796 817 832 843 846 842 830 809 764 696 658 639 624
06 24 600 579 557 534 510 505 574 644 697 739 773 801 822 837 847 850 846 835 814 769 700 662 642 627
06 25 602 582 559 537 511 507 576 647 701 743 777 805 826 841 850 854 849 838 817 773 704 666 645 629
06 26 604 584 561 538 513 508 578 649 704 745 780 808 829 844 854 858 853 842 821 776 708 670 649 633
06 27 607 587 564 542 516 510 580 652 707 749 783 811 833 847 857 861 857 846 825 780 711 672 651 635
06 28 608 590 567 544 518 512 582 655 710 752 787 816 837 851 861 865 862 851 830 785 715 676 654 638
06 29 610 593 569 546 519 513 584 657 714 756 790 819 841 855 866 870 867 855 833 788 718 680 659 642
06 30 613 597 574 550 524 517 587 661 717 759 793 822 844 858 869 873 869 857 836 791 721 683 662 646
07 01 617 600 578 554 528 520 589 663 718 761 795 824 846 860 871 875 872 860 839 794 724 685 664 647
07 02 619 602 579 556 530 521 590 664 721 764 798 827 849 864 874 878 875 864 843 798 727 688 667 650
07 03 621 605 582 558 532 522 592 667 723 767 802 831 853 868 878 882 880 869 848 802 731 692 671 655
07 04 626 609 586 561 535 524 595 669 726 770 805 834 856 871 881 885 883 872 852 805 733 694 672 656
07 05 627 611 587 563 537 526 596 671 729 772 808 837 860 874 885 889 888 877 856 809 736 696 674 658
07 06 630 613 590 565 539 528 599 674 732 775 811 841 863 878 889 893 892 881 861 813 740 700 678 663
07 07 636 618 594 569 543 530 601 676 735 779 815 845 868 882 892 897 895 885 866 817 742 702 681 666
07 08 638 621 597 572 546 532 604 680 738 783 819 849 872 887 896 901 900 889 870 821 746 705 684 669
07 09 641 622 598 574 548 534 605 682 741 786 822 852 875 890 900 905 903 892 873 823 749 708 687 673
07 10 646 626 602 577 552 536 606 683 743 788 824 854 876 891 901 906 904 893 874 824 750 709 688 675
07 11 647 628 604 579 554 538 608 684 744 789 826 856 878 892 903 907 906 894 874 825 750 709 689 675
07 12 647 629 604 579 556 540 608 685 745 790 827 857 879 895 905 909 908 896 876 826 752 711 692 678
07 13 650 632 607 582 559 541 609 686 746 792 829 859 881 896 907 912 910 898 878 828 753 712 693 678
07 14 650 632 607 584 560 542 609 688 748 794 831 861 883 898 909 913 911 900 879 829 755 713 695 680
07 15 653 635 610 585 563 544 610 689 750 796 833 863 885 900 910 915 912 900 880 829 755 714 695 680
07 16 652 635 611 586 564 545 611 690 751 798 834 864 886 901 911 915 913 901 880 829 756 715 696 681
07 17 654 637 614 588 565 547 611 690 752 798 834 864 887 901 912 916 913 901 880 829 755 715 695 680
07 18 653 637 614 589 566 548 611 691 752 799 835 865 887 902 913 916 912 900 879 828 755 714 695 680
07 19 653 637 615 590 568 549 611 690 753 799 835 865 887 901 912 916 912 899 879 827 753 714 696 679
07 20 652 637 614 589 566 547 609 690 753 799 836 866 888 903 913 917 913 901 879 827 754 715 697 680
07 21 652 638 614 590 566 548 608 689 752 800 837 867 889 903 913 917 914 901 880 826 753 716 697 679
07 22 651 638 613 589 567 549 607 689 754 801 839 868 890 904 915 918 915 902 879 826 754 718 699 680
07 23 653 639 615 591 568 549 606 688 753 801 838 868 890 904 914 917 914 901 878 825 753 717 697 680
07 24 653 639 614 591 569 550 605 687 752 800 837 867 890 903 914 917 914 901 877 823 751 715 696 678
07 25 650 637 614 590 568 550 604 686 751 800 838 868 890 904 914 917 914 901 877 823 750 714 695 678
07 26 651 637 614 590 568 549 602 686 752 800 839 868 891 905 915 918 915 902 878 822 750 715 695 678
07 27 652 639 615 592 569 549 601 685 751 800 839 869 892 904 915 918 914 902 878 821 748 714 694 678
07 28 652 638 615 592 568 548 599 684 751 800 839 869 891 905 915 917 914 902 878 821 748 714 694 678
07 29 654 639 616 592 568 547 598 683 750 800 839 870 892 905 915 918 914 902 878 820 747 714 693 677
07 30 652 636 613 588 564 544 594 679 749 799 839 869 891 905 914 917 914 903 877 819 746 713 693 677
07 31 652 635 611 587 564 544 592 678 748 799 838 868 891 905 914 917 913 902 876 817 744 712 692 676
08 01 652 635 610 585 563 541 589 677 747 798 837 868 890 904 912 916 912 902 875 815 743 711 691 674
08 02 652 633 608 583 559 538 585 674 746 797 837 868 890 904 913 916 912 901 875 814 743 709 690 674
08 03 653 631 606 580 557 536 583 672 745 797 837 868 890 904 913 914 910 900 873 812 742 709 690 673
08 04 652 631 606 580 558 536 581 670 743 795 835 865 887 901 911 912 908 898 871 809 739 706 688 670
08 05 651 628 603 578 556 534 577 667 741 793 833 863 885 900 909 910 906 896 869 805 736 704 686 669
08 06 650 627 602 576 553 532 574 664 738 789 830 861 883 897 907 908 904 894 866 802 733 700 684 667
08 07 648 624 600 573 551 530 571 661 736 788 829 860 882 897 906 907 904 893 865 800 731 699 683 665
08 08 646 623 599 572 550 529 568 659 734 787 827 859 880 895 905 906 902 891 864 797 729 697 681 663
08 09 643 620 597 569 547 526 564 656 732 785 825 856 878 893 903 905 901 890 863 794 726 695 679 661
08 10 640 619 595 567 545 524 562 654 731 785 825 856 878 892 902 903 900 888 861 791 724 694 678 660
08 11 639 616 592 566 543 524 560 651 729 783 823 854 876 891 900 902 899 887 859 789 723 693 678 660
08 12 639 616 591 564 541 522 557 648 725 780 820 851 873 888 898 899 896 884 855 784 720 691 676 658
08 13 636 613 589 563 540 521 554 645 722 777 817 848 870 885 895 896 893 881 852 780 718 688 673 657
08 14 635 612 588 563 541 521 552 643 719 775 815 846 868 883 893 894 891 878 850 777 715 686 671 654
08 15 632 611 587 561 538 518 548 639 716 772 812 844 867 881 891 892 890 877 848 773 713 682 667 651
08 16 628 608 584 560 536 517 545 636 714 769 810 842 864 878 890 890 887 874 844 769 709 680 665 648
08 17 625 607 583 559 535 516 543 632 710 766 806 839 861 875 887 888 886 872 842 765 705 677 662 644
08 18 620 603 580 556 532 512 538 628 706 763 804 837 859 874 886 888 886 872 841 763 703 674 658 643
08 19 617 600 577 554 530 511 534 625 704 761 802 835 858 872 884 886 884 869 838 759 700 671 655 639
08 20 614 597 574 550 527 508 530 621 701 758 799 832 856 870 883 884 882 866 835 755 697 668 651 635
08 21 611 593 570 546 524 504 525 617 698 756 798 831 855 869 882 883 880 865 833 752 694 667 648 632
08 22 607 590 566 543 521 501 521 613 696 754 796 829 853 868 880 882 878 863 831 749 693 664 646 629
08 23 606 588 565 541 519 499 517 610 692 751 794 827 851 866 878 879 876 861 826 745 691 662 644 627
08 24 605 587 564 541 518 497 514 606 689 748 791 824 848 864 875 876 872 857 822 740 688 658 641 624
08 25 604 584 561 539 515 495 510 602 685 744 788 821 844 861 872 873 870 855 819 737 685 656 639 621
08 26 603 582 559 536 513 492 506 599 682 741 785 819 843 858 870 871 867 852 816 732 682 653 635 618
08 27 600 579 556 534 511 491 503 596 680 739 783 817 841 857 869 870 866 850 813 730 679 651 633 616
08 28 597 577 553 530 507 488 499 593 678 737 781 815 839 855 867 868 864 848 810 726 676 648 631 613
08 29 595 574 550 527 504 486 495 589 674 734 778 812 836 853 864 865 861 845 805 721 672 644 627 609
08 30 594 569 546 523 500 482 490 584 670 730 774 808 832 849 861 862 857 841 801 717 668 641 625 606
08 31 591 564 541 518 496 478 485 580 667 727 772 806 830 847 859 861 855 839 798 714 666 639 622 604
09 01 588 560 538 516 493 476 481 576 663 724 769 803 828 845 856 857 852 835 793 710 662 635 618 600
09 02 584 557 535 513 492 476 478 573 659 719 764 798 822 839 850 851 846 829 786 704 656 630 614 595
09 03 581 554 532 510 488 472 473 567 653 714 759 794 817 835 845 846 841 824 780 698 651 625 609 592
09 04 577 550 528 507 484 469 469 562 649 710 754 789 812 830 841 842 837 821 775 693 647 620 605 587
09 05 572 546 525 504 482 467 466 557 644 705 750 785 808 825 836 837 832 815 768 687 641 614 600 583
09 06 568 541 521 499 477 464 462 552 638 700 745 780 802 820 830 831 826 809 761 681 637 610 596 579
09 07 564 537 516 494 472 459 456 547 634 695 741 776 799 816 826 828 824 807 757 677 632 605 593 576
09 08 560 532 512 489 468 456 452 542 630 692 738 773 796 812 823 825 820 803 751 672 628 602 588 571
09 09 555 527 507 485 464 452 448 537 625 688 734 768 791 808 818 820 815 797 744 666 621 596 582 565
09 10 548 521 502 481 460 449 444 531 620 683 729 763 785 802 812 813 809 791 737 660 617 592 578 560
09 11 543 516 498 477 457 445 439 526 614 677 723 757 779 795 806 806 802 784 729 653 611 586 573 555
09 12 538 511 494 474 454 443 435 520 609 671 717 751 773 789 798 799 794 776 720 645 604 579 565 548
09 13 531 506 489 469 450 439 431 514 602 665 710 745 767 783 792 793 789 771 714 638 598 573 559 542
09 14 524 502 485 465 446 434 427 509 597 660 706 740 763 779 788 790 785 767 708 634 594 570 556 539
09 15 520 499 481 461 443 431 424 504 592 654 700 736 758 774 784 785 781 762 702 628 588 565 551 534
09 16 516 495 477 457 439 427 420 499 588 649 696 731 754 770 779 781 776 758 696 622 584 561 547 532
09 17 514 492 474 453 435 424 416 494 584 646 693 729 751 767 777 779 774 755 691 617 580 556 543 527
09 18 510 488 469 450 432 422 414 492 581 643 690 725 749 764 774 776 771 751 685 614 576 554 539 522
09 19 506 483 466 447 430 419 411 487 576 638 686 722 746 761 770 772 767 747 680 609 572 550 535 519
09 20 502 479 461 443 426 416 407 482 572 634 682 718 742 758 767 769 764 744 675 604 568 547 532 516
09 21 499 476 459 441 424 413 403 478 568 631 678 714 740 755 765 767 761 741 670 599 562 542 526 510
09 22 494 472 454 438 421 410 400 473 563 626 674 710 736 751 760 762 756 736 663 594 557 537 521 506
09 23 489 468 451 435 419 407 398 468 559 622 670 707 733 749 758 760 753 732 658 590 554 534 517 503
09 24 485 465 448 433 417 407 397 466 555 619 666 704 730 746 754 757 750 728 655 587 552 531 515 501
09 25 483 464 446 431 416 406 396 463 551 614 661 700 726 742 751 754 746 725 650 583 548 527 510 496
09 26 476 458 441 426 411 401 393 458 547 610 658 696 722 738 747 750 742 720 644 579 544 523 506 491
09 27 472 453 436 422 407 397 389 453 541 605 653 692 718 734 744 746 739 715 639 576 540 520 503 488
09 28 469 450 433 419 404 393 386 448 537 601 650 688 714 731 740 742 735 711 634 572 536 518 501 485
09 29 467 446 430 415 401 391 382 443 533 597 646 684 710 727 736 737 730 706 628 567 532 513 496 481
09 30 464 442 427 412 399 388 379 439 529 594 642 679 705 721 730 732 725 700 621 562 527 509 492 475
10 01 459 436 420 407 394 384 374 433 523 589 637 675 701 717 726 728 721 695 616 557 523 504 488 471
10 02 455 431 416 404 391 380 370 428 518 584 632 670 697 713 722 724 716 689 610 553 519 501 485 468
10 03 451 428 412 400 387 376 367 423 512 579 627 665 691 707 717 718 710 682 604 548 516 498 481 465
10 04 450 427 411 399 386 375 367 420 507 573 620 657 684 699 709 710 701 674 596 542 510 493 477 460
10 05 445 423 406 394 382 371 362 413 500 566 614 651 677 693 702 703 694 666 588 536 505 488 472 455
10 06 440 418 402 391 380 368 359 409 495 561 608 645 670 686 695 696 688 659 581 530 499 481 466 449
10 07 434 412 395 385 373 361 353 401 489 555 602 639 665 681 691 692 684 653 574 525 495 477 461 443
10 08 428 406 391 380 369 358 348 396 484 550 597 634 660 676 685 686 678 647 568 519 490 472 457 439
10 09 424 401 386 376 365 352 343 389 478 544 592 628 654 670 680 681 673 640 560 513 484 466 451 433
10 10 417 395 379 370 358 346 337 382 472 539 588 624 650 666 676 677 669 635 555 509 479 462 447 428
10 11 413 391 376 366 355 343 333 377 467 535 584 621 648 664 674 675 666 631 551 506 476 459 444 425
10 12 409 389 375 364 353 341 331 373 464 532 581 619 645 661 671 672 664 628 546 502 473 455 439 421
10 13 405 385 370 360 349 337 327 368 460 528 578 616 643 659 669 670 661 624 543 498 470 451 436 418
10 14 401 382 367 357 346 334 325 363 455 524 574 612 639 655 665 666 656 618 537 495 466 448 432 414
10 15 396 380 364 353 343 332 323 358 451 521 571 609 636 652 662 663 653 613 534 493 464 446 430 413
10 16 397 380 364 354 344 333 323 357 448 517 566 604 632 648 658 658 647 606 528 488 460 442 425 409
10 17 392 376 361 351 341 330 322 353 443 513 562 600 628 644 653 653 643 601 523 483 456 437 421 404
10 18 386 372 357 347 338 327 318 348 439 509 559 597 625 640 650 650 640 596 518 480 452 434 417 401
10 19 381 369 354 344 336 325 317 344 436 507 557 596 623 639 648 648 638 593 515 477 450 431 414 397
10 20 377 366 352 342 333 324 316 342 433 503 553 592 619 635 645 644 633 588 511 473 447 428 412 394
10 21 375 364 351 341 333 325 317 340 429 499 549 588 615 630 640 639 628 581 507 471 445 428 412 394
10 22 377 365 353 343 336 328 320 340 426 494 543 582 608 623 632 631 620 573 502 467 442 425 410 393
10 23 376 364 352 342 335 328 320 339 422 489 537 575 601 616 625 624 612 565 496 463 438 422 406 389
10 24 372 362 349 340 333 326 319 336 418 484 531 569 596 610 618 617 605 557 491 458 434 419 402 387
10 25 370 360 348 338 332 324 317 332 413 478 525 563 589 603 611 610 598 549 485 452 430 415 398 384
10 26 367 357 345 335 328 321 315 327 407 471 518 555 582 596 604 603 590 541 477 445 423 408 392 378
10 27 361 351 339 329 323 317 310 321 400 465 511 549 576 590 599 597 585 535 472 441 419 403 388 374
10 28 357 347 336 326 321 315 309 318 396 460 506 544 571 585 594 593 580 528 468 438 416 401 385 371
10 29 354 344 334 325 319 312 307 316 392 456 502 539 567 581 590 588 575 523 463 434 412 397 382 367
10 30 350 341 331 323 317 310 305 313 388 451 497 534 561 576 584 583 569 517 458 430 409 394 378 364
10 31 345 338 328 320 314 307 303 310 383 446 492 529 556 571 579 577 563 511 454 428 408 393 378 364
11 01 344 339 328 320 313 306 302 308 379 442 487 524 549 564 571 570 555 503 449 424 404 390 375 361
11 02 342 337 327 319 312 306 302 306 375 436 481 517 542 557 564 563 548 497 444 419 401 388 373 358
11 03 340 334 324 316 309 303 300 304 369 430 474 509 535 549 557 556 541 490 439 415 398 385 371 357
11 04 339 333 324 316 309 303 299 302 365 426 469 505 530 544 552 550 535 484 435 411 395 381 366 353
11 05 334 329 319 312 306 300 296 299 361 421 464 500 525 539 547 545 530 479 431 408 391 377 363 351
11 06 330 327 318 311 304 298 295 297 358 418 461 497 522 536 543 542 526 476 428 405 389 376 362 349
11 07 328 326 316 310 303 296 293 294 354 415 457 493 517 532 539 538 522 470 423 400 385 370 357 344
11 08 323 321 311 305 298 292 288 289 348 409 452 488 513 527 536 534 518 466 420 397 381 367 353 341
11 09 320 319 309 303 296 291 288 288 346 407 450 486 511 525 533 532 515 463 419 396 381 368 354 342
11 10 324 321 312 305 299 294 291 291 346 406 449 484 508 522 530 529 511 459 417 395 381 367 354 342
11 11 324 322 312 306 300 295 292 293 344 403 446 480 504 518 526 524 506 454 413 392 377 364 351 340
11 12 324 321 312 305 300 295 292 293 342 400 442 476 499 512 520 518 500 448 409 388 374 361 348 338
11 13 323 320 311 305 300 295 292 292 339 395 438 472 495 508 515 513 494 444 406 385 371 358 346 336
11 14 323 319 311 305 300 296 292 292 337 391 433 466 489 502 509 506 488 437 401 380 366 354 342 332
11 15 319 314 307 300 296 292 289 288 332 385 427 460 483 496 503 499 481 431 396 375 361 349 337 327
11 16 315 308 303 296 292 288 284 282 326 379 422 455 478 491 498 495 476 425 391 369 355 342 331 321
11 17 313 303 298 292 287 283 279 278 320 374 417 451 474 487 494 491 471 419 386 365 350 338 327 318
11 18 311 301 296 290 284 280 276 274 316 370 413 446 469 482 489 486 466 414 382 360 346 333 322 313
11 19 307 295 291 285 279 274 271 268 311 365 408 440 463 476 483 480 459 407 376 356 341 329 319 309
11 20 304 293 288 282 276 270 268 265 306 359 401 433 456 469 476 472 451 401 371 350 336 324 313 305
11 21 301 288 284 278 273 267 265 263 301 353 395 427 449 463 470 466 445 395 366 346 331 319 309 300
11 22 298 284 280 275 270 264 262 260 297 348 390 422 444 458 464 461 440 391 363 345 329 318 308 299
11 23 298 282 279 274 270 265 262 259 295 345 387 418 440 453 459 456 435 387 361 343 327 317 307 298
11 24 299 281 278 273 269 263 261 259 293 341 382 413 434 448 454 450 429 382 356 338 323 313 303 294
11 25 295 278 274 270 265 260 257 255 288 337 378 409 430 444 450 446 425 378 353 335 319 309 300 291
11 26 293 276 272 268 264 259 256 253 285 334 374 404 426 439 445 441 421 375 349 331 316 307 298 288
11 27 291 274 270 266 261 256 253 249 281 329 369 399 421 435 441 437 416 370 345 327 312 303 293 284
11 28 286 268 265 261 256 251 249 246 277 325 364 394 416 430 436 433 412 367 341 323 309 300 290 281
11 29 284 266 263 259 255 251 248 245 275 323 362 393 414 428 435 431 410 365 340 323 309 299 290 281
11 30 285 266 263 259 255 251 248 245 274 322 361 390 412 425 432 429 408 363 339 321 308 298 289 281
12 01 285 267 262 260 255 252 250 247 275 321 359 389 410 424 431 427 406 363 339 322 309 300 291 283
12 02 286 268 264 261 257 254 251 249 275 320 359 388 409 422 429 426 405 362 338 322 309 300 291 282
12 03 285 267 263 260 257 254 252 250 274 319 357 387 408 422 429 425 404 362 337 321 309 299 291 283
12 04 284 268 263 260 258 255 252 251 274 319 356 386 407 420 428 424 404 362 338 321 310 300 291 284
12 05 285 268 263 260 258 255 252 251 273 318 355 385 406 419 427 423 402 361 337 322 310 301 292 284
12 06 284 268 263 261 259 255 253 251 273 318 355 384 406 418 426 422 402 361 337 321 310 300 291 283
12 07 283 268 263 260 257 254 252 251 272 317 354 383 405 418 425 421 401 360 335 320 310 300 291 284
12 08 284 270 265 261 258 255 253 251 271 315 352 382 403 415 423 418 398 357 332 317 306 296 288 281
12 09 280 267 262 258 255 252 250 249 267 312 348 378 399 412 420 416 395 354 329 313 303 293 284 277
12 10 277 263 258 255 252 249 247 245 263 308 344 374 395 408 416 412 391 350 325 311 300 290 282 274
12 11 273 260 255 252 249 246 244 243 259 304 340 370 392 405 412 408 388 347 323 308 298 288 280 273
12 12 271 258 253 250 248 245 243 242 257 302 337 367 388 402 409 405 385 344 319 306 295 285 277 271
12 13 268 257 252 250 247 244 242 241 255 299 335 365 386 398 405 401 381 341 316 303 292 283 275 268
12 14 264 254 249 246 244 240 238 236 250 294 331 360 381 394 400 396 377 337 312 298 288 279 271 264
12 15 257 250 246 242 239 235 233 232 245 289 325 355 376 389 395 392 373 333 306 293 282 274 266 259
12 16 249 243 240 237 233 229 226 225 238 282 319 349 370 383 389 386 367 327 301 288 276 267 259 252
12 17 241 237 233 230 226 222 220 219 231 276 312 342 363 377 383 380 361 321 296 283 270 261 254 246
12 18 233 232 227 224 220 216 214 213 225 270 307 337 358 372 378 376 357 317 292 279 266 258 249 242
12 19 228 229 225 223 218 215 212 211 222 267 304 334 356 370 376 374 355 315 290 277 264 256 247 239
12 20 225 227 223 221 217 214 211 209 220 265 302 332 354 368 375 372 354 312 287 274 262 253 244 237
12 21 223 225 221 219 214 211 208 206 217 262 300 330 352 366 372 370 352 311 285 272 260 252 243 236
12 22 222 223 220 219 214 212 209 207 217 261 298 329 350 364 371 368 351 310 284 270 258 251 242 234
12 23 219 221 218 217 212 210 207 205 215 259 297 327 349 364 370 368 351 310 284 270 257 249 241 233
12 24 218 220 217 216 211 209 206 204 213 258 296 326 347 362 369 367 350 310 284 270 257 249 240 233
12 25 216 220 217 216 211 208 206 204 214 257 296 326 348 363 369 367 351 311 286 271 259 251 242 235
12 26 218 222 218 217 212 209 207 205 214 257 296 325 347 362 368 366 350 312 287 272 260 252 243 236
12 27 220 222 218 218 212 209 207 206 215 257 296 326 348 363 369 367 351 313 289 274 262 254 245 238
12 28 222 224 220 220 215 212 210 208 217 259 297 327 348 363 370 368 353 315 291 275 264 256 246 239
12 29 224 226 222 221 216 213 211 209 218 259 297 327 348 363 370 368 353 315 291 276 264 257 247 241
12 30 227 228 224 223 219 216 214 212 220 262 299 328 350 365 372 370 355 318 295 279 268 260 251 245
12 31 232 233 230 228 224 221 220 218 227 267 303 332 354 369 376 374 359 322 299 284 273 266 257 250
