01 01 262 267 262 263 257 258 255 253 256 270 287 306 316 326 329 327 320 308 299 292 289 286 279 276
01 02 265 269 264 264 259 260 257 255 257 272 289 306 316 327 330 329 321 309 300 294 290 288 281 278
01 03 266 271 265 265 259 261 258 254 256 270 287 306 316 325 330 327 321 308 300 292 289 286 280 277
01 04 264 270 263 263 257 259 255 252 254 266 285 303 313 323 328 326 320 308 299 291 287 284 279 277
01 05 264 270 264 263 257 259 255 252 254 266 285 302 312 323 328 326 320 308 300 291 288 284 279 276
01 06 263 269 264 262 256 258 254 250 251 264 283 300 311 320 326 324 318 306 298 290 286 282 278 274
01 07 262 268 262 260 255 256 252 250 250 262 282 298 307 316 321 320 313 301 293 285 280 276 272 268
01 08 258 262 258 255 249 250 246 244 245 257 277 294 303 312 318 317 311 299 291 282 277 274 270 266
01 09 256 260 257 254 248 248 244 242 243 256 276 293 303 311 317 317 311 298 291 281 276 274 270 265
01 10 -9999 259 256 252 246 246 242 240 241 254 272 288 298 307 314 314 308 295 288 280 272 269 267 263
01 11 -9999 256 253 249 243 244 240 237 241 252 270 285 296 304 310 311 305 292 284 276 269 265 263 258
01 12 -9999 251 248 242 238 237 234 231 237 248 265 281 293 300 308 310 304 290 282 275 269 263 262 257
01 13 245 251 247 242 237 236 232 231 235 246 263 278 291 297 306 307 302 288 279 272 266 260 258 252
01 14 -9999 247 244 239 234 233 229 228 234 244 261 275 289 296 305 305 301 287 278 271 265 259 257 253
01 15 -9999 248 245 239 235 234 230 229 235 246 263 276 290 297 307 307 303 289 281 274 267 263 261 256
01 16 -9999 250 248 242 238 236 234 232 238 249 265 277 291 298 308 307 303 290 282 274 268 263 261 256
01 17 248 251 249 242 237 236 233 231 238 249 264 277 291 299 309 307 304 291 282 274 267 262 261 256
01 18 249 251 248 243 238 235 232 231 239 250 265 277 291 301 308 307 304 291 281 274 268 263 261 256
01 19 249 249 246 241 236 233 230 229 236 248 263 276 290 300 306 306 304 291 280 273 265 261 258 253
01 20 246 245 243 239 233 231 228 227 233 246 261 275 289 300 306 305 303 289 278 271 262 258 255 251
01 21 244 242 240 237 230 228 226 225 232 246 261 276 290 301 308 307 305 291 279 272 264 260 256 252
01 22 245 243 243 239 231 230 227 225 233 247 261 277 291 304 311 310 308 294 282 273 266 262 259 255
01 23 248 245 244 240 233 232 229 227 235 248 263 278 293 305 313 311 308 295 283 275 267 263 258 256
01 24 249 246 244 240 233 232 229 227 236 249 264 280 294 306 314 312 310 297 284 276 269 265 260 257
01 25 251 246 246 242 235 234 231 228 238 251 267 284 298 309 317 315 314 300 288 278 272 268 262 258
01 26 253 248 247 243 237 235 232 230 239 253 270 286 301 311 320 319 317 304 291 281 275 272 264 262
01 27 258 252 250 247 242 238 235 234 241 256 273 289 304 315 323 322 320 306 292 283 276 273 266 263
01 28 260 253 250 247 243 238 236 234 242 256 275 291 305 317 325 325 322 309 294 285 277 274 267 264
01 29 260 253 250 247 243 237 235 233 242 256 275 291 304 317 324 324 321 309 293 284 277 273 266 262
01 30 258 251 248 245 240 235 233 232 239 255 274 291 304 316 324 323 321 308 292 282 276 271 264 260
01 31 256 249 246 243 238 233 231 230 237 254 272 289 304 315 323 324 321 307 291 282 275 270 263 259
02 01 254 248 245 244 239 234 232 230 238 254 273 290 305 316 325 325 323 309 293 283 277 271 265 261
02 02 255 250 247 245 240 236 234 232 240 256 276 293 309 319 328 329 327 313 296 285 279 273 267 263
02 03 258 254 251 249 243 239 237 235 244 261 280 298 313 323 332 332 329 315 298 287 281 274 269 264
02 04 260 256 252 250 244 240 237 235 244 260 281 297 312 322 330 331 329 315 298 287 281 274 269 264
02 05 260 256 252 251 246 241 238 237 245 261 281 298 312 322 329 330 329 315 297 287 281 274 269 264
02 06 260 256 250 250 244 240 237 235 244 261 281 299 313 323 331 332 331 318 299 289 283 276 270 265
02 07 261 257 252 251 246 241 239 238 246 265 285 303 318 328 336 337 335 322 303 293 287 280 275 269
02 08 265 261 255 255 250 245 242 241 248 268 288 305 320 330 337 338 336 324 303 293 287 280 274 269
02 09 265 261 255 254 249 244 243 241 248 268 289 305 320 331 338 339 338 325 305 294 288 281 276 271
02 10 267 263 257 256 251 247 245 243 251 270 291 308 323 334 341 342 340 328 308 296 290 283 278 273
02 11 269 264 260 259 252 249 247 245 254 273 295 311 327 338 346 347 345 333 312 301 294 288 283 278
02 12 277 269 265 264 257 255 251 250 259 279 301 317 335 344 352 353 352 340 319 307 301 294 290 285
02 13 285 276 272 272 265 262 259 257 266 286 308 325 343 352 360 361 360 347 326 314 306 301 296 290
02 14 293 282 277 277 270 267 264 261 272 291 314 331 349 359 365 367 365 354 332 320 312 307 301 296
02 15 300 289 283 282 276 273 270 268 279 298 321 338 357 366 372 374 372 360 338 326 317 312 307 301
02 16 306 294 288 287 281 278 274 273 284 303 327 344 362 371 376 379 376 364 343 330 320 315 309 303
02 17 308 296 290 289 283 280 276 275 287 306 330 345 365 375 379 382 378 367 346 334 323 318 312 305
02 18 310 300 293 291 286 283 278 276 289 307 332 347 367 377 382 386 381 370 349 337 327 321 315 310
02 19 314 303 296 295 290 287 283 280 294 312 337 352 372 382 388 391 387 376 354 342 332 326 320 315
02 20 319 307 302 298 295 291 287 283 299 317 342 357 377 387 393 395 391 379 358 346 334 328 323 317
02 21 321 310 304 300 297 293 288 286 302 319 346 360 380 390 396 399 394 383 361 349 337 330 325 319
02 22 323 313 307 303 300 296 291 288 305 322 349 364 384 393 400 402 397 386 365 353 340 333 327 322
02 23 326 316 310 306 303 300 294 292 310 326 353 369 389 398 406 407 402 391 370 358 344 336 330 326
02 24 329 319 313 310 306 302 296 295 313 329 357 373 393 403 409 411 405 395 373 361 347 340 333 329
02 25 332 322 316 311 309 304 298 296 315 333 360 376 396 406 413 415 410 399 377 365 351 343 337 332
02 26 -9999 325 318 314 312 307 301 299 319 337 363 380 400 410 415 417 412 401 380 368 354 347 340 334
02 27 -9999 327 320 316 314 309 303 301 322 341 366 384 403 413 419 420 415 404 382 370 356 348 340 336
02 28 -9999 328 322 317 314 310 303 302 323 342 367 384 403 413 419 421 416 405 384 371 358 349 341 337
03 01 -9999 328 322 317 315 310 304 302 325 343 369 386 403 414 421 422 418 406 384 371 358 350 342 338
03 02 -9999 329 322 316 314 310 304 302 325 344 368 386 402 413 421 422 418 407 385 372 359 351 343 339
03 03 331 330 323 317 315 310 305 304 327 346 371 389 405 416 425 425 422 411 388 374 362 353 347 342
03 04 332 332 325 320 316 311 307 307 330 350 375 394 408 419 429 430 427 415 393 377 365 356 350 344
03 05 334 333 327 322 318 312 309 309 333 354 378 397 412 424 434 434 431 420 398 382 370 361 354 348
03 06 336 338 331 326 323 316 314 314 337 360 383 404 419 431 440 441 438 425 404 388 376 366 358 353
03 07 341 343 336 331 327 320 318 319 343 367 390 410 426 437 447 449 445 433 412 395 383 372 364 358
03 08 346 347 341 336 332 325 322 323 348 372 395 415 432 443 453 453 451 438 416 399 387 376 368 362
03 09 349 349 343 337 333 326 324 325 351 376 399 419 436 447 457 458 455 441 419 401 390 378 371 364
03 10 351 351 345 338 335 327 325 327 354 380 404 425 441 453 463 465 462 447 425 406 394 383 375 367
03 11 354 356 349 342 339 332 330 333 361 387 410 431 448 460 470 470 468 453 430 411 399 387 380 371
03 12 357 360 353 346 342 335 333 337 363 389 413 434 451 463 473 473 470 456 434 415 402 390 383 374
03 13 359 363 355 348 344 337 335 339 366 391 415 435 453 465 475 476 473 459 437 416 404 391 384 375
03 14 361 365 357 350 345 338 337 340 368 394 418 437 454 468 479 479 477 463 440 420 406 395 386 378
03 15 363 366 358 351 347 341 339 343 370 397 422 441 458 472 483 483 481 468 445 423 410 398 390 381
03 16 366 370 361 354 350 343 341 347 375 402 427 447 465 478 488 489 487 474 452 429 414 403 395 385
03 17 370 374 365 360 355 348 346 352 381 409 434 455 472 485 496 498 495 482 460 436 420 410 401 391
03 18 377 379 371 366 360 353 351 357 386 415 439 459 477 490 500 502 499 487 465 440 424 414 405 395
03 19 382 383 375 369 364 359 354 361 392 420 445 464 482 496 506 507 505 493 470 446 430 419 409 400
03 20 388 388 380 374 369 363 359 367 397 425 450 470 488 501 510 512 510 498 474 449 432 422 413 403
03 21 393 391 384 378 372 367 363 372 403 430 455 474 492 505 514 517 514 502 479 454 436 426 417 407
03 22 397 394 388 381 376 372 367 376 407 433 458 477 494 507 517 520 516 505 482 457 440 429 419 411
03 23 400 398 391 385 379 376 371 381 412 438 462 482 499 511 520 524 520 509 486 461 443 434 423 417
03 24 404 403 396 391 384 382 377 388 418 445 468 488 503 516 523 527 524 513 491 466 448 438 427 421
03 25 406 407 400 395 388 385 380 392 422 448 472 491 507 520 526 530 527 517 495 469 452 442 430 425
03 26 410 410 404 399 392 389 384 397 427 454 478 498 513 525 533 537 534 523 502 475 458 448 436 431
03 27 416 416 410 404 397 395 389 403 433 460 484 504 519 531 539 543 539 529 507 479 463 452 440 434
03 28 420 419 413 408 400 397 393 407 438 465 488 510 524 537 545 547 544 534 512 484 468 457 444 439
03 29 424 423 417 411 403 400 395 410 442 469 493 515 529 542 548 551 548 538 516 489 472 461 448 444
03 30 429 428 421 415 407 404 400 415 446 474 498 519 533 545 551 555 553 541 519 493 475 464 451 446
03 31 431 430 425 417 411 407 403 419 450 477 502 523 537 549 556 559 556 545 523 497 479 467 454 449
04 01 434 432 426 419 413 409 404 421 452 480 504 524 538 551 558 561 557 547 525 499 480 468 455 449
04 02 435 432 425 419 412 410 405 423 454 482 507 527 541 554 561 563 560 550 529 501 482 470 456 451
04 03 436 433 427 420 413 410 407 427 457 485 510 530 544 557 563 566 563 552 531 504 485 473 459 453
04 04 437 436 429 423 416 413 409 431 462 489 514 534 548 561 567 570 565 555 535 507 488 476 462 456
04 05 440 438 431 424 418 415 411 433 465 493 518 538 551 564 570 571 567 557 536 508 490 478 463 457
04 06 441 440 433 426 420 417 413 435 468 495 521 541 554 568 573 575 571 561 540 512 494 482 467 460
04 07 445 443 437 430 424 420 417 440 472 500 526 545 559 572 579 580 576 564 544 516 498 485 472 463
04 08 450 446 440 433 426 422 419 443 475 503 529 549 562 576 583 583 580 568 549 520 502 489 475 467
04 09 455 450 444 437 430 426 423 448 481 508 534 553 567 580 587 588 584 573 553 525 506 493 480 471
04 10 460 453 447 439 432 428 426 451 483 512 537 555 570 584 590 591 587 576 557 529 508 495 482 473
04 11 462 455 449 441 434 430 429 454 488 518 543 561 576 590 595 597 593 581 563 534 513 500 486 477
04 12 465 458 452 445 439 435 435 461 494 523 548 567 582 594 600 602 599 587 569 540 519 507 493 483
04 13 471 464 458 451 445 442 441 468 501 529 555 571 587 599 604 606 603 591 572 544 523 510 496 486
04 14 473 467 462 455 448 445 444 473 505 533 559 575 592 603 609 610 605 596 577 548 527 514 500 489
04 15 478 471 465 459 452 449 449 477 510 538 563 579 594 606 611 612 608 599 581 552 530 517 504 493
04 16 480 475 469 463 456 453 453 483 515 542 567 583 599 611 615 616 612 603 583 555 535 521 507 498
04 17 483 479 474 468 461 458 459 489 522 548 573 589 605 617 622 623 619 610 590 561 542 528 514 504
04 18 489 486 480 474 468 463 465 495 528 554 577 595 611 622 627 627 624 615 595 566 545 531 517 509
04 19 493 490 484 477 471 467 470 499 532 559 582 600 616 627 633 633 631 621 601 572 552 537 522 513
04 20 499 494 489 482 476 471 475 504 536 563 586 604 620 631 637 638 635 626 607 578 556 541 526 517
04 21 503 499 494 486 480 475 478 508 540 567 589 607 623 634 640 641 638 629 610 581 559 544 529 520
04 22 505 501 496 489 482 477 481 511 543 571 593 610 626 637 643 644 641 633 613 585 563 548 532 522
04 23 507 504 499 492 485 480 484 515 546 574 596 614 631 641 648 648 645 637 617 589 566 552 536 525
04 24 509 508 502 494 488 482 487 518 548 577 599 616 632 643 649 650 647 639 619 591 569 555 539 529
04 25 510 511 504 498 491 485 490 521 552 579 601 619 635 644 651 652 649 640 621 592 571 556 540 530
04 26 510 512 506 499 492 487 492 524 554 581 602 620 635 645 651 651 649 641 621 593 572 557 541 531
04 27 511 513 507 501 494 488 494 526 557 584 605 622 637 647 653 653 650 642 622 595 573 558 543 532
04 28 512 516 509 503 496 490 497 530 560 589 609 627 641 652 659 659 655 647 629 600 577 563 547 536
04 29 517 519 513 507 500 494 502 535 565 593 614 633 647 658 664 664 660 651 633 605 582 567 552 541
04 30 522 524 517 511 504 498 507 540 570 597 619 638 652 663 669 669 665 655 638 609 587 571 556 546
05 01 -9999 528 522 516 508 502 512 544 576 602 625 644 657 668 674 675 671 661 644 616 593 577 561 551
05 02 533 533 526 520 512 507 517 549 581 608 630 649 662 673 678 680 675 666 649 620 596 580 565 555
05 03 538 536 529 523 514 509 520 551 584 612 635 653 666 677 683 684 680 670 653 624 600 584 569 559
05 04 542 539 532 526 518 512 523 555 587 615 637 656 668 679 684 686 681 670 654 626 603 587 573 562
05 05 545 542 534 528 520 515 526 558 591 618 640 659 672 683 688 690 685 674 658 629 606 590 575 565
05 06 549 545 537 531 524 519 531 562 595 623 645 664 676 686 692 694 689 678 662 634 610 594 579 569
05 07 553 548 541 534 527 522 535 566 598 625 647 666 678 689 694 695 690 679 664 636 611 595 581 571
05 08 556 551 543 537 530 525 537 569 601 628 650 668 679 690 695 696 692 681 666 638 612 597 583 573
05 09 560 552 545 538 532 527 540 571 604 631 652 671 682 694 699 701 696 685 670 642 617 601 587 576
05 10 566 555 549 541 536 530 544 575 609 635 657 675 686 699 704 705 700 689 674 647 621 605 592 580
05 11 571 560 552 546 540 534 548 580 613 639 661 679 691 704 709 708 705 693 678 651 625 610 596 585
05 12 577 563 556 549 543 538 552 584 617 642 665 683 695 708 712 713 711 699 683 655 628 612 598 588
05 13 580 566 558 551 546 540 555 586 619 643 666 685 696 709 713 713 711 699 684 657 630 614 600 589
05 14 582 567 559 553 547 541 557 590 623 647 669 687 700 712 716 716 715 703 687 660 632 617 602 590
05 15 584 569 560 554 548 543 559 592 625 651 672 690 701 713 717 718 716 706 690 662 635 619 604 592
05 16 586 571 562 556 551 546 563 595 627 652 674 691 703 714 718 718 717 707 691 664 637 621 606 593
05 17 586 571 563 557 552 547 564 597 630 655 676 694 705 716 720 720 718 707 691 665 638 622 608 595
05 18 587 573 565 558 554 549 567 599 631 655 676 694 705 715 720 720 718 707 692 667 640 624 609 596
05 19 587 575 566 560 555 550 568 600 632 656 677 694 705 715 720 719 718 708 693 668 641 625 610 597
05 20 586 577 568 562 557 553 570 603 634 658 680 696 707 718 722 721 720 710 695 670 644 628 613 599
05 21 588 579 571 564 560 555 573 606 639 662 683 700 711 722 726 725 723 713 698 673 646 629 615 601
05 22 590 582 573 566 562 557 576 610 642 666 688 704 717 727 731 730 728 719 703 677 651 634 619 605
05 23 593 586 577 570 566 561 581 615 647 672 693 710 723 733 736 736 733 724 708 682 656 639 624 610
05 24 597 590 581 575 570 566 586 619 651 677 697 714 727 736 740 740 737 727 712 686 659 641 626 613
05 25 599 594 584 578 572 568 589 622 654 680 701 718 730 739 744 743 741 732 716 690 663 645 630 617
05 26 603 599 589 582 577 572 594 626 657 683 704 721 733 742 747 747 742 734 717 692 665 648 633 620
05 27 604 601 592 585 580 575 596 628 658 685 705 722 734 742 748 748 743 734 717 693 667 649 634 621
05 28 604 602 593 586 581 577 598 628 659 686 706 723 735 743 749 749 744 736 719 695 669 652 637 624
05 29 607 605 596 589 584 580 601 630 661 687 708 725 737 745 751 752 746 738 721 698 673 654 641 627
05 30 609 608 600 592 588 583 605 634 664 690 711 728 739 748 754 755 748 740 724 700 676 658 644 631
05 31 612 612 604 596 591 587 608 638 668 694 715 732 743 752 760 761 755 746 730 706 681 664 649 636
06 01 618 617 610 602 597 593 614 643 672 697 718 735 746 756 763 764 758 749 734 710 686 668 653 641
06 02 622 621 613 607 601 597 618 647 677 701 722 740 751 761 768 769 764 754 739 715 690 672 657 644
06 03 627 624 617 611 605 602 623 651 681 706 726 744 755 766 774 776 769 760 744 720 695 677 662 649
06 04 632 628 620 615 609 606 627 656 686 711 730 747 759 769 777 778 772 763 748 724 698 680 665 653
06 05 636 632 624 619 613 610 632 660 690 714 734 751 763 773 781 782 777 767 752 728 702 685 669 656
06 06 641 636 629 624 617 614 637 665 694 718 738 755 767 777 785 786 780 770 755 732 706 688 673 660
06 07 645 641 633 628 621 618 641 668 698 721 742 758 770 780 788 788 783 773 759 735 708 690 675 662
06 08 648 643 635 630 623 620 643 671 701 724 745 760 772 783 791 790 785 774 761 737 711 693 677 664
06 09 651 646 638 633 626 624 647 674 703 726 747 762 775 785 793 793 787 777 763 739 712 694 678 666
06 10 652 647 640 634 627 625 648 678 707 731 752 768 780 790 797 798 793 781 769 744 717 698 682 670
06 11 655 651 644 638 631 629 652 682 713 736 758 774 786 797 804 804 799 788 775 750 722 703 688 675
06 12 661 656 649 642 635 633 657 688 719 742 764 780 792 803 810 809 805 793 780 755 726 707 692 679
06 13 664 659 653 646 639 637 660 692 723 745 768 784 797 808 814 813 810 797 783 758 729 710 694 682
06 14 667 662 657 649 643 641 663 694 725 748 771 788 801 812 818 817 814 801 787 762 732 714 697 685
06 15 670 666 659 652 646 643 666 697 728 751 773 790 802 813 819 818 816 802 788 763 733 713 698 686
06 16 672 666 660 652 646 644 668 698 730 754 776 793 805 816 821 821 819 806 792 765 735 715 700 688
06 17 675 669 662 654 648 646 670 701 733 757 781 797 809 819 824 824 821 808 794 767 737 716 702 690
06 18 677 671 665 656 650 648 673 704 736 761 784 800 812 822 827 828 824 811 797 770 740 718 704 693
06 19 679 674 667 659 652 650 675 706 738 763 787 804 814 825 830 831 828 815 801 772 741 720 705 694
06 20 680 675 668 659 653 651 676 707 739 764 789 805 816 826 831 833 829 816 802 773 743 721 706 696
06 21 681 676 669 661 654 652 677 708 739 764 789 804 815 826 831 833 829 816 802 774 743 721 706 695
06 22 -9999 676 668 661 654 652 676 707 738 764 788 804 815 826 830 833 829 816 802 773 742 721 706 695
06 23 682 676 669 661 655 652 676 708 739 764 787 804 815 825 830 833 830 817 803 774 743 721 706 695
06 24 682 676 669 662 655 652 676 708 739 766 788 804 816 825 830 833 829 818 803 774 743 721 706 695
06 25 682 675 668 661 655 653 677 709 740 766 788 804 816 825 830 834 829 818 803 774 742 721 706 694
06 26 684 676 668 662 656 654 678 710 740 767 789 804 816 825 830 834 829 818 803 775 743 722 707 696
06 27 686 678 670 665 659 657 680 711 742 768 789 805 817 826 830 834 829 819 805 776 745 723 709 698
06 28 688 680 672 666 661 659 681 713 743 769 791 806 818 827 831 835 829 820 805 777 745 723 710 698
06 29 689 681 672 666 661 659 681 714 745 771 792 806 819 828 832 836 830 821 805 776 744 723 709 698
06 30 690 681 672 666 661 659 680 714 745 772 793 808 820 829 834 838 831 822 807 777 745 725 710 700
07 01 690 682 674 668 662 661 682 716 746 773 794 809 822 831 836 839 832 823 808 779 747 727 712 701
07 02 692 683 676 671 664 662 683 717 747 774 795 810 823 833 838 841 835 826 810 781 749 729 714 703
07 03 694 685 678 673 666 664 685 719 748 775 795 811 824 833 838 841 835 826 810 781 748 729 714 702
07 04 694 685 678 671 666 664 684 718 748 775 795 811 824 834 838 840 834 825 809 780 748 729 715 703
07 05 695 687 679 673 667 666 685 718 749 776 795 812 825 834 839 840 834 826 810 781 749 730 716 703
07 06 696 687 680 674 668 666 685 719 750 777 797 814 827 836 840 842 836 827 811 781 750 731 717 705
07 07 697 689 682 675 670 668 687 720 751 779 798 816 829 837 842 843 837 828 812 783 751 733 719 707
07 08 -9999 690 683 677 672 670 689 721 752 780 800 817 830 839 844 845 839 830 814 785 753 735 720 709
07 09 -9999 693 685 678 674 671 690 723 755 782 803 820 832 841 846 847 841 832 816 787 756 737 723 712
07 10 -9999 696 689 682 677 674 692 725 756 784 805 822 834 844 848 849 844 835 818 789 758 740 726 715
07 11 -9999 699 691 684 679 676 693 726 758 784 806 823 836 845 849 850 844 835 819 790 758 740 726 715
07 12 -9999 700 692 685 679 676 693 727 759 786 807 824 837 846 850 852 846 837 820 790 759 741 727 716
07 13 -9999 701 693 686 681 677 694 727 758 785 805 824 836 846 850 852 846 837 820 791 760 743 729 717
07 14 -9999 703 695 688 683 679 696 728 758 785 805 824 836 846 850 851 846 836 820 791 760 743 730 718
07 15 -9999 703 696 689 683 680 696 727 757 784 804 822 835 844 848 849 844 834 819 790 759 741 729 716
07 16 -9999 702 694 688 682 679 695 725 756 783 802 821 834 843 846 848 843 834 817 788 757 739 726 714
07 17 -9999 700 692 685 680 677 692 723 754 781 801 820 833 841 844 846 840 831 815 786 756 737 724 713
07 18 -9999 699 690 684 679 676 691 723 753 781 801 819 832 841 844 846 840 831 815 785 756 737 724 714
07 19 -9999 699 691 686 680 677 692 723 754 781 801 820 832 841 845 847 841 831 815 785 756 736 724 714
07 20 -9999 698 691 685 679 676 690 722 753 781 801 820 833 841 845 847 841 833 815 786 756 737 725 714
07 21 -9999 698 691 685 679 676 691 723 753 781 801 819 831 840 844 847 840 832 815 786 756 737 724 714
07 22 -9999 697 690 684 678 675 690 722 753 780 800 818 831 840 844 847 840 832 814 785 754 736 722 712
07 23 -9999 696 689 683 677 673 688 721 752 779 799 817 830 839 843 846 839 831 813 783 753 734 721 711
07 24 -9999 694 687 682 675 672 686 719 751 778 798 817 829 839 842 845 839 830 812 781 751 732 720 710
07 25 -9999 692 685 680 673 670 684 718 749 778 798 817 829 838 841 844 838 829 811 780 750 731 718 707
07 26 -9999 690 683 678 671 668 682 716 749 778 798 817 829 838 841 844 839 829 810 779 748 730 716 706
07 27 -9999 688 682 676 670 667 681 715 749 778 799 817 828 838 842 844 839 829 811 779 748 730 716 706
07 28 -9999 688 682 676 670 666 680 715 750 779 799 818 829 837 842 844 838 828 810 777 746 728 714 704
07 29 -9999 686 681 675 669 665 678 713 748 777 799 816 827 835 840 842 836 827 808 775 744 726 713 703
07 30 -9999 685 679 673 667 664 677 712 747 776 798 815 826 835 840 842 836 826 807 774 742 725 711 702
07 31 -9999 683 678 671 666 662 675 711 747 775 798 814 825 834 839 841 835 825 806 773 742 725 711 702
08 01 -9999 683 678 671 667 662 675 711 747 775 798 814 825 833 840 841 835 825 807 773 741 725 710 701
08 02 -9999 683 678 670 666 661 674 710 746 775 798 815 825 833 840 840 836 825 806 772 740 724 709 699
08 03 -9999 682 677 669 665 660 672 709 745 774 798 814 824 833 839 839 835 825 805 771 740 723 709 699
08 04 -9999 682 677 669 665 659 671 707 744 773 797 813 822 831 838 838 834 823 803 768 737 720 706 697
08 05 -9999 679 674 666 662 656 668 704 742 771 796 812 822 831 837 837 833 823 802 766 735 719 704 696
08 06 679 679 673 665 660 655 666 702 740 770 795 811 822 830 836 836 832 821 799 764 734 718 703 695
08 07 678 677 672 664 659 654 665 701 739 770 795 810 821 829 836 836 831 821 799 763 733 717 702 694
08 08 677 677 671 664 660 654 665 701 738 769 794 809 820 828 834 835 830 820 798 762 732 717 702 694
08 09 677 677 671 664 660 654 664 700 738 767 792 808 819 827 834 834 828 819 797 760 731 716 701 693
08 10 677 676 671 664 659 654 663 698 735 765 791 806 817 827 833 833 828 818 796 759 730 715 701 693
08 11 677 676 671 663 659 653 662 696 733 762 788 804 816 825 831 830 826 816 793 756 727 713 698 690
08 12 674 672 667 660 656 650 659 693 729 759 786 802 814 823 830 828 823 814 791 754 725 710 696 688
08 13 673 671 666 659 654 649 657 691 727 758 784 801 814 824 830 829 823 814 791 753 725 709 695 687
08 14 671 669 665 657 652 646 654 689 726 758 784 802 815 824 830 829 823 814 791 753 725 710 696 688
08 15 672 670 665 658 653 647 655 689 725 756 783 801 815 824 829 830 823 814 790 753 725 709 696 687
08 16 672 669 664 658 652 646 654 688 723 755 781 800 814 823 828 828 822 812 789 750 722 707 694 686
08 17 671 668 662 656 651 646 651 686 721 753 779 798 812 821 827 827 819 810 786 748 721 705 693 685
08 18 671 667 661 655 650 645 650 684 719 752 778 798 812 821 826 828 819 810 786 747 720 705 693 685
08 19 671 667 661 655 650 646 650 684 719 752 778 798 813 822 827 828 820 810 786 748 720 706 694 685
08 20 -9999 667 662 656 651 647 650 685 720 752 777 798 812 821 827 827 820 809 785 747 721 705 694 685
08 21 673 668 661 656 652 647 650 684 719 752 777 797 811 821 826 827 821 810 785 747 721 705 694 684
08 22 -9999 667 661 656 652 647 650 684 718 751 777 797 812 821 827 828 821 810 785 746 720 704 693 683
08 23 -9999 666 660 655 651 646 648 682 716 750 775 795 811 819 826 826 819 808 782 743 718 702 690 681
08 24 -9999 664 658 652 649 644 646 679 713 747 773 793 809 818 824 824 817 805 780 740 714 698 688 678
08 25 -9999 661 655 649 646 641 642 675 711 745 771 792 808 816 822 823 815 804 777 737 712 696 685 676
08 26 -9999 658 653 647 643 639 639 674 710 745 771 791 808 815 821 822 814 803 775 735 709 694 683 673
08 27 -9999 657 651 644 642 637 637 671 709 744 770 790 806 815 820 821 815 802 773 732 708 693 681 671
08 28 660 654 648 641 638 633 633 668 707 743 769 789 805 814 819 820 814 801 771 729 705 690 678 668
08 29 658 652 645 639 635 631 630 665 705 741 768 788 804 813 819 820 813 800 769 726 702 688 676 666
08 30 655 649 643 636 633 628 627 662 703 739 767 787 803 813 818 818 812 798 766 724 701 686 673 664
08 31 654 647 641 634 632 627 624 660 701 739 767 787 803 812 817 817 810 797 764 723 699 684 671 662
09 01 652 646 640 632 630 624 622 658 699 737 765 785 800 811 815 815 808 794 761 719 696 682 668 659
09 02 -9999 643 637 630 628 622 620 656 697 734 763 784 799 809 814 813 807 793 759 717 694 679 665 656
09 03 -9999 639 633 626 624 619 616 652 693 732 761 782 797 808 812 812 805 792 757 714 691 676 662 653
09 04 643 635 630 622 619 615 612 647 690 730 759 780 795 807 810 810 804 790 755 712 688 674 659 650
09 05 639 632 627 618 615 612 608 644 687 727 757 778 794 806 809 808 802 787 753 710 686 672 657 648
09 06 637 629 623 616 612 608 604 641 684 725 756 776 792 804 808 806 800 786 750 709 684 670 656 647
09 07 636 628 621 614 610 606 603 638 681 723 753 773 789 802 805 803 797 783 747 706 681 667 653 644
09 08 633 625 619 611 607 603 600 635 677 718 749 769 785 798 802 800 794 780 744 703 679 665 650 641
09 09 630 622 616 609 605 601 598 632 673 714 744 764 781 794 798 796 789 775 739 699 675 661 645 635
09 10 626 618 611 604 599 595 593 626 668 709 740 761 777 790 795 793 787 772 735 695 672 657 643 633
09 11 622 615 608 601 596 592 590 624 664 706 737 759 775 788 792 791 784 770 732 693 669 654 640 631
09 12 619 613 607 599 595 590 588 622 661 703 734 756 773 786 790 789 781 766 729 691 668 652 639 631
09 13 619 613 606 600 595 589 586 619 658 699 729 752 768 781 785 784 775 761 724 687 664 648 636 627
09 14 -9999 609 602 596 591 585 582 614 653 695 724 747 764 777 781 780 771 757 720 683 660 645 632 622
09 15 -9999 605 598 592 588 581 579 610 648 688 719 741 759 771 775 775 766 751 715 679 656 641 628 617
09 16 -9999 601 593 589 583 577 574 605 643 683 714 735 752 765 770 770 762 746 710 674 651 636 623 613
09 17 598 595 588 583 578 572 569 598 637 677 707 729 746 759 764 764 757 740 704 668 646 633 619 608
09 18 592 591 585 580 574 568 566 594 633 671 701 723 740 753 758 757 751 733 697 663 641 628 614 604
09 19 -9999 587 580 576 571 564 562 589 628 666 696 717 735 747 752 752 745 728 691 657 636 623 609 598
09 20 -9999 583 576 571 566 559 557 584 623 661 690 712 730 742 747 748 741 724 686 651 631 618 603 593
09 21 -9999 577 572 566 560 554 553 578 617 656 686 708 726 737 742 743 735 718 680 645 624 611 597 586
09 22 -9999 570 565 559 553 547 545 572 612 651 682 704 723 734 740 741 733 714 676 641 621 607 594 583
09 23 -9999 566 561 555 550 543 541 568 609 649 680 704 722 733 739 739 731 712 674 639 618 605 592 580
09 24 -9999 563 558 551 546 539 536 563 606 647 678 703 720 731 737 738 730 710 672 637 616 603 589 578
09 25 -9999 562 556 549 544 537 534 559 603 643 675 699 716 727 733 734 725 705 668 634 613 600 586 575
09 26 -9999 559 553 546 541 534 530 555 599 638 669 694 711 724 729 730 721 700 664 630 610 598 583 572
09 27 -9999 556 550 543 537 531 527 551 594 634 665 690 706 718 724 724 717 697 659 624 606 593 578 566
09 28 -9999 550 544 536 532 526 523 546 590 630 661 686 704 716 722 722 715 695 656 621 602 589 574 563
09 29 -9999 546 540 532 527 522 519 541 586 625 656 682 699 711 718 718 710 690 650 616 597 585 569 558
09 30 -9999 541 534 526 521 515 513 535 581 621 652 678 695 707 715 715 705 685 644 611 594 580 565 555
10 01 -9999 538 531 523 518 512 511 532 578 617 649 676 693 704 713 712 702 682 641 609 592 578 563 553
10 02 -9999 536 529 521 516 509 510 530 576 616 647 673 691 702 710 709 699 679 638 606 590 574 559 550
10 03 -9999 532 525 517 512 506 505 525 571 612 644 670 688 699 706 705 696 674 633 601 585 569 555 545
10 04 -9999 526 519 511 507 501 500 519 566 607 640 667 684 695 704 702 692 670 629 598 582 566 552 542
10 05 -9999 523 516 509 505 500 498 516 564 603 636 664 680 692 700 698 688 665 624 594 578 563 549 539
10 06 -9999 520 513 507 503 497 495 512 559 597 630 658 674 687 694 693 683 659 620 591 575 561 547 537
10 07 -9999 519 511 506 501 496 493 509 555 593 625 653 669 682 689 688 678 654 615 587 571 557 544 535
10 08 -9999 517 509 504 500 494 492 506 552 588 621 648 664 677 684 682 673 649 610 583 568 554 540 533
10 09 -9999 514 506 502 498 492 490 504 548 584 616 642 658 671 677 675 666 642 604 577 562 550 537 529
10 10 -9999 510 502 499 494 489 487 500 543 579 611 636 652 665 671 669 661 636 599 572 557 546 533 525
10 11 -9999 506 498 494 489 485 483 495 538 574 606 631 647 658 665 664 654 629 592 566 551 540 527 519
10 12 -9999 501 493 488 484 479 477 489 532 568 600 625 640 652 658 658 648 622 586 562 547 535 524 515
10 13 -9999 496 488 485 479 475 473 484 526 562 594 618 633 645 652 651 641 615 580 557 542 532 520 512
10 14 -9999 493 486 483 477 473 470 481 521 558 589 613 629 640 647 646 636 609 576 552 538 528 516 509
10 15 -9999 491 484 482 475 471 468 478 518 555 584 608 624 635 642 641 631 604 572 548 534 524 514 506
10 16 -9999 489 482 479 473 468 466 474 515 550 580 604 620 631 637 637 626 599 568 545 530 521 512 503
10 17 -9999 487 480 476 469 465 462 470 510 545 576 599 614 625 631 630 621 593 563 540 526 517 508 499
10 18 -9999 484 477 474 467 463 461 467 506 541 572 596 611 621 628 627 617 590 560 538 525 516 507 498
10 19 -9999 485 477 475 467 464 460 466 503 539 568 591 607 617 622 621 611 585 555 534 521 513 504 496
10 20 -9999 483 475 472 464 461 458 463 499 534 563 586 602 612 616 617 606 580 551 530 518 509 501 493
10 21 -9999 480 473 469 462 458 455 459 495 530 559 582 598 607 613 613 601 576 548 526 515 507 498 490
10 22 -9999 477 470 466 460 455 452 456 491 526 556 579 595 604 609 609 598 572 544 524 512 504 495 487
10 23 -9999 474 468 463 457 452 449 453 488 523 552 575 591 600 606 606 594 569 540 522 509 502 493 485
10 24 478 473 468 462 456 451 448 452 485 520 549 572 589 598 603 605 591 567 539 520 508 500 492 484
10 25 479 473 468 462 456 451 447 452 484 519 548 570 586 596 601 602 589 565 536 519 507 500 490 483
10 26 479 472 467 462 454 449 446 450 481 514 542 564 580 591 596 596 584 559 532 514 503 496 488 479
10 27 475 469 464 460 451 447 442 447 477 511 540 561 576 587 592 592 580 555 529 511 501 494 485 478
10 28 475 469 463 459 451 446 441 445 475 507 535 556 573 582 588 587 575 550 525 508 497 489 482 473
10 29 471 466 459 455 447 443 438 441 471 502 529 550 567 575 581 580 568 544 521 504 493 485 478 469
10 30 465 461 455 451 443 439 434 437 465 496 523 545 561 569 575 573 563 538 516 499 488 480 474 465
10 31 461 456 450 446 438 434 429 432 460 490 518 539 556 564 570 568 558 533 511 495 483 476 469 461
11 01 456 452 446 443 435 430 425 428 456 487 514 536 553 561 566 565 554 529 507 493 481 475 468 459
11 02 454 450 445 441 434 429 424 427 453 483 509 532 549 557 562 561 550 524 503 490 478 471 464 456
11 03 452 446 441 437 429 424 422 424 448 478 505 527 545 551 558 557 545 519 498 485 473 466 459 451
11 04 445 441 437 431 425 420 417 419 443 472 498 520 537 544 550 551 538 511 492 479 468 461 454 447
11 05 440 436 432 427 420 416 413 415 438 466 493 514 531 538 544 545 532 505 486 474 463 457 450 442
11 06 433 431 428 423 416 412 409 410 432 461 486 508 524 533 539 539 526 499 481 470 459 452 445 438
11 07 428 428 423 420 412 410 405 407 427 455 480 501 517 526 533 532 519 493 475 464 453 446 440 433
11 08 -9999 423 417 414 407 405 401 402 422 449 474 495 510 519 526 523 511 485 468 459 447 440 434 427
11 09 415 417 412 409 402 400 396 396 415 442 465 486 501 510 518 515 504 478 461 452 440 433 427 419
11 10 -9999 410 405 401 397 394 389 390 409 436 460 482 498 506 513 511 500 474 457 448 437 430 424 417
11 11 -9999 408 403 399 395 393 389 389 407 433 457 478 494 503 509 508 497 471 455 446 435 428 423 414
11 12 -9999 405 401 397 393 392 388 389 406 432 456 478 492 502 507 507 495 470 454 445 434 428 422 414
11 13 -9999 403 399 396 391 390 387 387 403 429 453 475 490 500 505 505 493 467 452 442 433 425 420 412
11 14 -9999 402 397 394 389 387 385 384 400 426 449 471 486 496 501 502 489 462 448 438 430 422 416 409
11 15 -9999 397 393 391 386 385 383 381 397 423 446 467 484 492 498 498 485 460 445 436 427 419 413 406
11 16 -9999 395 391 387 384 383 381 379 393 419 441 462 478 488 492 493 480 454 440 430 421 414 409 401
11 17 -9999 389 384 382 378 376 373 372 387 413 434 455 471 481 485 485 473 448 434 424 415 409 404 396
11 18 -9999 385 381 378 374 373 369 368 382 408 429 451 465 476 479 480 469 443 431 420 412 406 402 395
11 19 -9999 384 380 377 374 373 369 367 382 407 429 450 464 476 479 479 467 443 430 420 412 406 402 395
11 20 -9999 384 380 378 375 373 370 367 381 407 427 448 462 472 475 476 465 441 429 418 410 404 400 393
11 21 -9999 383 378 376 373 371 369 366 379 403 422 444 458 468 469 471 460 437 425 414 407 401 397 391
11 22 -9999 380 376 373 370 367 365 362 375 399 418 439 453 463 463 466 456 432 421 410 404 398 395 388
11 23 -9999 377 375 371 369 365 362 359 371 394 413 433 448 457 459 460 451 428 416 405 398 393 389 384
11 24 -9999 373 370 367 364 361 358 355 367 390 410 429 444 453 454 456 446 423 413 401 394 390 386 382
11 25 -9999 370 368 365 362 360 358 353 365 388 406 426 440 450 450 451 442 420 409 398 391 386 383 380
11 26 -9999 367 364 363 360 357 354 349 362 383 401 420 434 443 444 444 435 414 403 392 385 380 377 374
11 27 -9999 362 358 358 354 350 347 342 354 376 394 412 426 434 436 435 427 406 395 385 378 373 371 368
11 28 -9999 356 352 352 349 345 342 338 349 371 389 406 420 429 430 429 421 400 389 380 373 368 365 364
11 29 -9999 352 348 347 345 341 337 334 344 366 384 400 414 423 424 423 416 396 384 375 368 363 361 360
11 30 -9999 350 345 342 341 336 332 329 339 360 378 394 407 416 418 415 409 389 377 369 362 359 356 355
12 01 -9999 345 340 337 335 331 327 323 334 353 373 389 400 410 413 411 404 384 373 365 358 355 351 351
12 02 -9999 342 336 334 332 328 324 320 330 350 369 385 396 406 409 406 400 381 370 361 355 352 348 348
12 03 -9999 339 333 332 329 325 321 317 326 345 365 381 392 401 404 402 395 376 365 357 350 347 344 343
12 04 -9999 334 328 327 323 319 315 312 320 339 358 375 386 394 396 396 389 369 357 350 343 340 336 336
12 05 -9999 327 320 319 316 313 308 305 313 332 353 367 379 388 391 390 382 363 351 343 336 333 329 329
12 06 -9999 321 315 313 311 307 302 300 308 327 348 362 373 382 387 384 376 357 346 339 332 329 324 324
12 07 -9999 317 311 309 307 303 299 297 304 322 344 358 368 377 382 379 371 352 341 334 327 324 319 319
12 08 318 313 306 305 302 298 296 293 300 319 341 355 365 375 380 375 368 348 339 330 325 321 317 315
12 09 316 309 302 301 299 295 293 290 296 315 337 352 360 371 377 372 363 346 336 327 322 317 314 313
12 10 313 307 300 298 296 291 289 286 291 310 332 346 354 364 370 365 357 340 330 322 316 312 308 307
12 11 306 301 296 291 289 286 282 280 284 304 325 340 349 359 366 361 353 336 325 317 311 307 305 303
12 12 300 296 291 287 284 280 277 275 279 298 320 335 344 354 360 355 347 330 319 311 305 302 299 297
12 13 295 291 287 282 279 277 272 271 273 293 315 330 339 350 357 351 342 326 317 309 303 299 297 294
12 14 291 288 285 281 276 275 270 269 271 290 313 328 338 347 354 349 340 323 314 306 300 298 294 292
12 15 288 285 282 278 274 273 269 269 270 288 310 324 334 344 349 345 336 321 311 303 298 295 292 290
12 16 285 283 280 277 272 270 266 268 268 285 306 320 331 340 344 340 331 318 308 300 295 293 289 287
12 17 -9999 281 278 274 270 267 264 266 265 280 301 314 324 333 338 334 325 312 302 294 289 287 282 280
12 18 274 274 272 267 264 261 257 259 260 274 294 308 319 327 334 328 321 307 297 290 285 282 277 275
12 19 269 269 268 262 260 257 254 255 257 270 290 305 314 323 329 325 317 304 295 289 283 281 276 274
12 20 267 269 267 263 259 256 254 255 256 270 289 305 313 323 328 323 315 304 295 289 286 282 277 274
12 21 268 269 266 262 260 257 255 256 256 271 289 304 314 323 328 322 315 304 294 289 285 282 277 273
12 22 267 267 265 261 258 255 252 254 255 268 287 302 312 321 326 321 314 303 292 286 283 280 275 271
12 23 -9999 264 263 259 256 253 249 252 254 267 285 300 312 321 325 321 315 304 293 287 284 282 276 272
12 24 -9999 267 264 260 257 254 250 253 255 267 286 300 312 321 324 320 315 303 291 287 283 281 275 271
12 25 262 265 261 258 255 253 249 252 254 265 284 298 311 321 323 320 314 302 292 288 285 281 276 272
12 26 263 266 261 260 257 255 252 254 256 267 286 301 314 323 324 322 315 303 294 289 287 284 275 273
12 27 266 268 263 262 259 256 254 256 258 270 287 302 315 324 326 324 317 305 296 291 289 286 278 275
12 28 266 270 265 266 261 258 257 258 260 271 288 303 316 325 325 322 317 306 295 289 287 286 277 274
12 29 264 268 264 264 259 258 256 257 258 271 286 303 313 324 325 322 316 306 296 290 287 284 278 276
12 30 265 270 265 265 260 259 256 256 258 271 287 304 314 325 326 324 317 307 297 291 287 285 278 275
12 31 263 268 264 264 258 259 256 254 257 270 286 304 313 323 326 323 317 305 295 289 285 283 276 273
