01 01 701 701 697 692 689 687 685 684 701 738 765 780 787 790 790 787 779 767 748 736 729 722 716 710
01 02 701 699 696 691 688 685 683 683 700 737 765 780 787 790 790 787 779 767 747 736 728 721 715 709
01 03 700 698 695 690 687 684 683 682 699 737 765 780 787 790 791 787 779 767 747 735 728 721 715 708
01 04 699 698 694 690 686 684 682 682 698 736 764 779 787 790 791 787 779 767 747 735 727 720 714 708
01 05 699 697 693 690 686 683 682 681 697 736 764 779 787 790 791 787 779 767 747 734 727 720 713 707
01 06 698 696 693 689 684 682 681 680 696 736 764 779 787 791 791 787 779 767 747 734 727 720 713 706
01 07 698 696 692 688 684 682 680 680 695 735 763 779 787 790 791 787 779 766 747 733 726 719 712 705
01 08 697 696 692 688 684 681 681 680 695 735 763 779 787 791 791 788 779 767 747 733 726 719 712 705
01 09 697 695 691 688 683 681 680 680 695 735 763 779 788 791 791 788 780 767 747 733 726 719 712 705
01 10 697 695 692 688 684 682 681 681 696 735 763 779 788 791 791 788 780 767 746 733 725 719 712 705
01 11 697 695 691 688 684 682 681 681 695 734 763 778 788 791 791 787 779 767 746 733 725 719 712 706
01 12 698 695 691 688 684 682 681 681 695 734 762 777 787 790 790 787 779 766 746 732 725 718 712 705
01 13 698 695 691 688 684 681 681 681 695 733 761 777 786 790 790 786 779 766 746 732 725 718 711 705
01 14 698 695 690 687 683 681 681 681 694 733 761 776 786 790 790 786 779 767 746 732 725 718 712 706
01 15 699 695 691 688 684 682 681 682 695 734 761 776 786 790 790 786 779 767 746 732 725 718 712 706
01 16 699 696 691 689 685 682 682 684 696 734 761 776 786 790 789 786 779 767 746 732 725 718 712 706
01 17 700 696 692 689 685 683 683 684 696 733 760 775 785 789 789 785 778 766 746 732 725 718 712 706
01 18 699 697 692 689 685 683 682 683 696 733 759 775 784 788 788 785 777 766 745 731 724 717 711 706
01 19 699 697 692 689 685 683 682 683 696 733 759 774 783 788 788 784 777 766 745 731 724 717 711 706
01 20 699 697 692 689 685 683 683 684 697 733 758 774 783 787 788 784 777 765 745 731 724 718 712 707
01 21 700 698 693 690 687 684 684 685 698 733 759 773 783 787 788 784 777 766 745 731 724 718 712 707
01 22 700 698 693 689 686 684 684 685 698 734 759 773 782 787 788 783 777 766 745 731 724 717 712 707
01 23 700 697 693 689 686 683 682 683 697 733 759 773 782 787 788 783 777 766 745 731 723 717 711 706
01 24 700 697 692 688 685 682 682 682 697 733 758 773 782 787 788 784 777 766 746 731 723 717 711 706
01 25 699 697 692 688 685 682 681 682 697 733 759 773 783 788 788 784 777 766 746 731 723 717 711 705
01 26 698 696 692 688 684 682 681 682 696 733 758 773 782 787 788 784 777 766 746 731 722 716 709 704
01 27 697 695 690 686 683 680 679 679 695 732 758 772 782 787 788 783 776 765 745 730 722 715 708 703
01 28 695 693 689 685 682 679 678 678 694 732 757 772 781 786 787 783 775 765 745 729 722 714 708 702
01 29 696 693 690 685 682 679 678 678 694 731 757 771 780 786 787 783 775 764 745 729 721 714 707 702
01 30 694 692 688 684 681 678 677 677 693 731 757 771 780 786 787 783 775 764 745 728 720 713 706 701
01 31 693 691 687 683 680 677 675 676 692 731 757 772 780 786 787 783 775 764 745 728 720 712 706 700
02 01 692 690 686 682 679 676 675 675 692 731 757 771 780 786 786 783 775 764 745 728 720 713 706 700
02 02 691 690 686 682 679 676 675 675 692 731 757 772 781 786 787 784 776 764 745 728 720 713 706 700
02 03 691 689 685 681 678 675 674 674 692 731 757 772 781 786 788 784 776 765 746 728 720 713 706 700
02 04 692 689 686 681 678 675 674 674 692 731 757 772 781 786 787 784 776 764 745 728 719 712 706 699
02 05 691 689 685 681 677 674 673 673 691 730 756 771 780 785 786 783 775 764 745 728 719 712 706 699
02 06 691 689 685 681 677 674 672 673 691 730 756 771 780 785 786 783 775 764 745 728 719 712 705 699
02 07 691 689 685 681 677 675 673 674 692 730 756 771 780 785 785 783 775 763 745 728 719 712 706 700
02 08 692 689 685 681 678 675 673 674 692 730 757 772 780 785 786 783 775 764 745 728 720 713 706 701
02 09 692 690 685 682 678 676 674 675 693 731 757 772 780 786 786 783 776 764 746 728 720 713 707 702
02 10 694 691 686 683 679 676 675 675 694 732 758 773 781 786 787 784 776 765 747 729 721 715 709 703
02 11 695 692 688 685 681 678 677 677 697 734 759 774 782 788 788 785 778 766 748 730 722 716 710 705
02 12 697 694 690 686 682 680 678 678 698 735 760 776 784 789 789 787 779 767 749 731 723 717 711 705
02 13 697 695 690 686 682 680 678 678 698 736 761 777 785 790 790 788 779 768 749 731 724 718 712 706
02 14 699 696 691 687 684 681 679 679 700 737 761 777 786 790 791 788 780 768 749 732 724 719 713 708
02 15 701 698 693 689 685 683 681 681 701 738 762 778 787 791 792 789 780 769 750 732 725 719 714 709
02 16 702 698 694 689 686 684 682 682 702 739 763 779 788 792 792 789 781 769 751 733 726 720 715 709
02 17 703 699 695 690 687 685 683 683 703 740 764 779 788 792 792 789 781 769 751 733 726 720 715 710
02 18 704 700 695 691 688 685 683 684 704 740 764 779 788 792 792 789 781 769 751 733 726 720 715 710
02 19 704 700 695 691 688 686 684 684 705 741 764 780 788 792 792 789 781 769 751 734 726 721 715 710
02 20 704 700 696 691 688 686 684 684 706 742 765 780 789 792 793 789 781 769 751 733 726 720 714 710
02 21 703 699 695 691 687 685 683 683 705 742 765 781 789 792 793 790 781 769 751 733 726 720 715 710
02 22 704 700 695 691 688 685 684 683 706 742 765 781 790 793 794 790 782 770 751 734 726 720 715 710
02 23 704 700 695 691 688 685 684 684 707 743 766 782 790 793 794 790 782 770 751 734 726 720 715 710
02 24 703 700 695 691 688 685 684 683 707 743 766 782 790 793 794 790 782 770 751 734 726 720 715 710
02 25 703 699 695 690 687 685 683 683 707 743 766 781 790 792 794 789 782 769 751 733 725 720 715 710
02 26 703 699 695 690 687 685 683 683 707 743 765 781 790 792 794 790 782 769 751 733 725 720 714 710
02 27 703 700 695 691 687 685 683 683 708 743 766 781 790 792 793 790 782 769 751 734 726 720 714 709
02 28 703 700 695 691 687 685 684 684 708 744 766 781 790 792 793 789 782 770 751 734 726 720 715 709
03 01 702 699 694 690 687 684 683 683 708 744 767 781 790 792 793 790 783 770 751 734 726 720 714 709
03 02 702 699 694 690 687 684 683 683 709 745 767 781 789 792 793 790 783 770 751 733 726 720 714 709
03 03 701 699 694 690 686 684 683 683 709 745 767 781 790 792 794 791 783 770 752 734 726 720 715 709
03 04 702 700 695 691 687 684 683 683 710 746 768 782 791 794 795 792 784 771 752 734 727 721 715 710
03 05 702 701 695 691 688 684 683 684 711 746 769 782 791 794 795 792 784 771 753 735 727 721 716 711
03 06 703 701 696 692 688 685 684 684 712 747 770 783 791 795 796 793 785 772 754 736 728 723 717 712
03 07 705 702 697 693 689 686 685 686 713 748 770 783 791 795 796 793 785 772 754 736 728 723 717 712
03 08 706 703 698 694 690 687 686 687 714 748 770 783 792 795 796 793 785 772 754 736 729 723 718 713
03 09 706 703 698 694 690 688 687 687 715 749 771 783 792 795 796 793 785 771 755 736 729 723 718 713
03 10 706 704 699 695 690 688 687 687 715 749 771 783 792 795 795 793 785 771 754 736 729 724 718 713
03 11 707 704 699 695 690 688 687 687 716 750 772 783 792 796 795 793 786 771 755 736 728 723 718 713
03 12 706 704 699 695 691 688 688 688 717 750 772 783 792 796 795 793 785 771 754 735 728 723 717 713
03 13 707 704 699 695 691 688 687 688 717 750 772 783 792 796 795 793 786 771 755 736 728 723 718 713
03 14 707 704 699 696 691 689 688 688 717 750 772 783 792 796 796 793 786 772 755 736 728 723 718 714
03 15 707 705 700 696 692 690 689 689 718 750 772 784 793 797 796 794 786 771 755 736 728 723 718 714
03 16 708 705 701 697 693 690 690 690 719 751 772 784 792 797 796 794 786 771 755 735 728 723 719 714
03 17 709 706 701 698 693 691 690 691 720 752 773 784 793 798 797 794 786 772 756 736 728 724 719 715
03 18 710 707 702 699 695 693 692 693 721 752 773 785 793 799 797 794 786 772 756 737 729 724 720 715
03 19 710 707 703 699 695 693 692 693 722 753 773 785 793 798 797 794 786 772 756 736 729 724 720 716
03 20 711 708 703 700 696 694 693 694 723 753 773 785 794 799 798 795 787 773 756 737 729 725 720 716
03 21 711 708 704 701 696 694 694 695 724 753 774 786 795 800 799 796 788 773 757 737 729 725 721 717
03 22 712 709 704 702 697 695 695 696 725 755 775 787 796 801 800 796 789 774 757 737 730 725 721 717
03 23 712 710 705 703 698 696 696 697 726 755 776 788 797 802 801 797 789 775 757 738 730 726 722 718
03 24 713 711 706 703 699 697 696 699 727 756 776 789 797 802 801 798 789 776 758 738 731 726 723 719
03 25 714 712 707 704 700 698 697 700 728 757 777 790 798 803 802 798 790 777 759 739 731 727 723 720
03 26 715 713 708 706 702 699 699 702 729 758 778 790 799 804 803 799 790 777 759 740 732 728 724 721
03 27 716 714 709 706 702 700 699 702 730 759 779 791 800 804 804 800 791 778 759 740 733 729 725 722
03 28 717 715 710 707 703 701 700 703 731 760 780 792 800 805 804 800 790 778 759 740 733 729 726 722
03 29 718 715 710 707 703 701 700 703 732 760 780 792 801 805 805 800 791 778 759 741 734 729 726 722
03 30 718 715 710 707 703 701 700 704 732 761 780 792 801 805 805 800 791 778 760 741 734 729 726 723
03 31 718 715 711 707 703 700 700 704 733 762 781 793 802 806 805 801 792 779 760 742 734 730 727 723
04 01 718 715 710 706 703 700 699 704 734 762 782 793 802 806 805 802 792 779 760 741 734 730 726 722
04 02 718 714 710 706 702 700 699 704 734 762 782 793 802 806 805 801 792 779 760 741 734 729 726 722
04 03 717 714 710 706 702 700 699 704 734 762 782 793 802 806 805 801 792 780 760 741 734 729 727 723
04 04 717 714 710 706 702 700 700 704 735 764 783 794 802 806 806 802 793 780 761 742 734 730 727 723
04 05 718 714 710 706 703 700 700 705 736 764 783 794 802 807 806 802 793 780 761 742 735 730 727 723
04 06 718 715 710 706 703 701 699 705 736 765 784 795 803 807 806 803 794 781 762 743 735 731 728 724
04 07 718 715 711 706 703 701 700 706 737 766 785 796 804 809 808 804 795 783 763 744 736 731 728 724
04 08 719 715 711 707 704 702 700 707 739 767 786 797 805 810 808 805 796 783 764 744 736 732 729 724
04 09 719 716 711 707 704 702 701 707 740 767 785 796 805 810 809 806 796 783 764 744 737 732 729 725
04 10 719 716 712 708 705 702 701 708 740 767 786 797 806 811 810 807 798 784 765 745 737 733 729 725
04 11 720 717 712 708 706 703 702 709 742 768 786 798 807 812 811 808 799 786 766 746 738 734 730 726
04 12 721 718 713 709 707 704 703 710 743 769 788 799 808 813 813 809 800 787 767 746 739 734 731 727
04 13 721 719 714 710 708 706 704 712 744 770 788 800 809 814 814 810 801 788 768 747 740 735 732 728
04 14 722 720 715 711 709 707 705 713 745 770 789 802 810 815 815 811 802 788 768 747 740 735 732 728
04 15 722 720 715 712 710 708 706 715 746 771 790 803 811 816 816 812 803 789 769 748 740 736 732 729
04 16 723 721 717 714 711 709 707 716 747 772 791 804 813 817 818 813 803 789 769 748 741 736 733 729
04 17 725 722 718 714 712 710 708 717 748 773 792 805 814 819 819 814 805 790 770 749 741 737 734 730
04 18 725 723 718 715 712 710 709 718 749 774 792 806 815 820 820 815 806 791 771 750 742 737 734 731
04 19 726 723 718 715 712 710 708 718 750 774 793 806 815 820 820 815 806 791 771 750 742 737 734 731
04 20 726 723 718 715 712 709 708 718 750 774 793 806 816 821 820 816 806 792 772 750 742 738 734 731
04 21 726 723 718 716 712 709 708 718 750 774 793 807 816 821 820 815 806 792 771 750 742 738 734 731
04 22 725 723 718 715 712 709 708 719 750 774 793 806 815 821 820 815 805 791 771 750 742 738 734 731
04 23 725 722 718 715 712 709 708 719 750 774 793 807 815 820 820 815 805 791 772 750 742 738 734 731
04 24 725 722 718 715 712 709 708 719 751 775 794 808 816 821 820 815 806 792 772 751 742 738 734 731
04 25 725 722 718 715 712 709 708 720 751 776 795 809 816 821 821 815 806 792 773 751 743 739 734 731
04 26 725 723 718 715 712 708 708 720 752 776 795 809 817 821 821 815 806 792 773 752 743 739 735 731
04 27 725 723 718 715 711 708 708 720 752 776 795 809 817 821 820 815 806 792 773 752 743 739 735 731
04 28 724 722 718 715 711 708 708 721 753 777 796 809 817 821 820 815 806 792 773 752 743 739 735 731
04 29 725 723 718 715 711 708 708 721 753 778 796 809 816 820 820 814 806 792 774 753 744 740 735 732
04 30 725 723 719 715 712 708 708 721 753 777 795 808 815 820 820 814 806 793 774 754 744 740 736 732
05 01 725 724 719 716 712 709 709 722 753 778 796 808 815 820 820 815 806 793 775 754 745 741 736 733
05 02 725 724 719 716 713 709 709 723 754 779 796 809 815 820 820 815 807 794 776 755 745 741 737 733
05 03 725 724 720 716 713 710 709 724 755 779 797 810 817 821 821 816 807 795 776 755 746 742 737 734
05 04 725 725 721 717 714 711 711 725 756 780 798 810 817 821 822 817 808 795 777 756 747 743 738 734
05 05 726 726 722 718 715 712 711 726 757 781 799 812 819 823 823 818 809 797 778 757 747 743 739 735
05 06 727 727 723 719 716 713 712 728 758 782 800 812 820 823 824 819 810 798 779 758 748 744 740 736
05 07 728 728 724 720 717 714 713 729 759 783 801 814 821 824 825 821 811 799 780 759 749 745 741 737
05 08 729 729 725 721 717 715 714 730 760 783 802 814 822 825 826 822 812 800 781 760 750 746 742 738
05 09 730 730 726 721 718 716 715 731 761 785 803 815 822 826 827 822 813 800 782 761 751 747 743 739
05 10 731 731 726 722 719 717 715 732 761 785 803 815 823 827 828 823 814 801 783 762 751 747 743 739
05 11 732 732 727 723 720 718 716 733 762 785 803 815 823 827 829 824 815 801 783 762 752 748 744 740
05 12 732 732 728 724 720 718 717 734 763 786 804 816 824 828 830 825 816 802 784 763 753 748 744 740
05 13 733 732 728 724 721 719 717 734 764 788 805 817 825 829 831 825 816 803 785 764 753 749 745 741
05 14 733 732 728 724 721 719 717 735 765 788 806 819 827 830 832 827 817 804 786 765 754 750 745 741
05 15 734 733 728 724 721 719 717 736 767 790 808 820 828 831 832 827 818 805 787 766 755 750 746 742
05 16 734 733 729 725 721 719 718 737 767 791 808 821 829 831 833 828 818 805 788 767 756 751 747 743
05 17 735 734 729 725 722 720 719 738 768 791 809 821 829 832 834 828 819 806 788 768 756 752 747 744
05 18 736 735 730 726 723 720 719 739 768 792 809 821 830 832 834 829 819 806 789 768 757 752 748 744
05 19 737 736 731 727 724 721 720 739 770 793 810 822 831 833 834 829 820 807 790 769 758 753 749 745
05 20 737 736 732 728 724 722 721 740 770 793 811 823 831 834 835 830 821 807 790 770 759 754 749 746
05 21 738 737 732 728 725 722 721 740 771 794 811 824 832 835 836 831 822 808 791 771 759 754 750 746
05 22 739 737 733 729 725 723 721 741 772 795 812 824 833 836 837 832 823 809 792 772 760 755 751 747
05 23 739 738 734 730 726 723 722 743 774 796 813 826 834 838 838 834 824 811 793 773 761 756 752 748
05 24 740 739 735 731 728 725 724 744 775 797 814 827 836 839 840 836 826 812 795 774 762 757 753 749
05 25 741 740 736 732 728 726 724 745 776 798 816 828 837 840 841 837 827 813 796 775 763 758 754 750
05 26 742 741 737 733 729 726 724 746 777 800 817 829 838 842 842 838 828 815 797 776 764 759 755 751
05 27 743 742 738 734 730 727 725 747 778 801 818 831 839 843 843 840 830 816 798 777 765 760 756 753
05 28 744 743 739 735 731 728 727 748 779 802 819 832 841 844 845 841 831 817 800 778 766 761 757 754
05 29 746 745 741 737 733 730 729 749 780 802 820 833 842 846 846 842 832 819 801 779 767 762 759 755
05 30 747 746 742 738 734 732 730 751 781 803 821 834 843 847 848 844 834 820 802 780 768 763 760 756
05 31 748 748 743 739 736 733 732 752 782 804 822 835 844 849 849 845 835 821 803 780 769 764 760 757
06 01 749 749 744 740 737 735 733 753 783 805 824 836 845 850 850 846 836 822 804 782 770 765 761 758
06 02 751 750 745 742 738 736 734 754 784 806 825 838 846 851 852 848 837 824 805 782 771 766 762 759
06 03 752 751 746 743 739 737 736 755 785 807 826 838 847 852 853 849 839 825 806 783 771 766 763 760
06 04 753 752 748 744 741 738 737 756 786 808 827 839 848 853 854 850 839 826 807 784 772 767 764 761
06 05 754 753 749 745 742 739 738 758 787 809 828 840 849 854 855 851 840 826 807 785 773 768 764 761
06 06 754 754 750 746 742 740 739 758 788 810 828 840 849 854 855 851 841 827 808 786 773 768 765 762
06 07 755 754 750 746 743 741 740 759 788 810 829 840 850 855 856 852 842 828 809 786 774 769 765 762
06 08 755 755 750 747 744 741 740 759 788 811 829 841 850 855 856 851 841 828 809 786 774 769 766 763
06 09 756 756 751 748 744 742 741 760 789 811 829 841 851 856 856 852 842 828 810 787 775 769 766 763
06 10 756 756 751 748 745 743 742 761 789 811 829 842 851 856 856 852 842 828 810 787 775 770 767 764
06 11 757 757 752 749 746 744 743 761 789 811 829 841 851 856 857 852 842 828 810 787 775 770 767 764
06 12 757 757 752 749 747 744 744 761 789 811 830 841 851 857 857 853 843 829 810 787 775 770 767 764
06 13 757 757 752 749 747 744 744 761 789 811 830 841 851 856 857 853 843 829 810 788 775 770 767 764
06 14 758 758 753 750 747 745 744 761 789 812 830 842 851 857 857 853 843 829 810 788 775 770 767 764
06 15 758 758 753 750 747 745 744 761 789 812 830 842 851 857 857 853 843 829 811 788 775 770 767 764
06 16 758 758 753 750 747 745 744 761 789 811 830 842 851 856 857 852 842 829 810 788 775 770 766 763
06 17 757 757 752 749 747 744 744 761 789 811 830 841 851 856 857 852 843 829 810 788 775 770 766 763
06 18 758 757 752 749 747 744 744 760 789 811 829 840 850 856 857 852 843 829 810 788 775 770 767 764
06 19 758 757 752 749 746 744 744 760 789 811 829 840 850 856 856 852 842 829 810 788 775 770 767 764
06 20 758 757 752 749 746 744 744 760 789 811 829 841 850 856 857 852 843 830 811 788 775 771 767 764
06 21 758 757 752 750 747 745 744 761 789 811 829 841 850 856 857 852 843 830 811 788 776 771 767 764
06 22 759 758 753 750 747 745 745 761 789 811 829 842 851 856 857 852 843 830 811 789 776 771 768 764
06 23 759 758 753 751 747 746 745 761 789 811 829 842 851 857 858 853 843 830 811 789 776 771 768 765
06 24 760 758 753 751 748 746 746 761 789 811 830 842 851 857 858 853 843 830 811 789 776 772 768 765
06 25 760 758 754 751 748 746 746 761 789 812 830 843 852 857 859 854 844 831 811 790 777 772 768 765
06 26 760 759 754 752 748 747 746 761 789 812 830 843 852 857 859 854 844 831 812 790 777 772 769 765
06 27 760 759 754 752 749 747 746 762 789 812 831 843 853 858 860 854 845 832 812 790 778 773 769 766
06 28 761 759 755 752 749 747 747 762 790 813 831 843 853 859 860 855 846 832 813 791 778 773 770 766
06 29 761 759 755 752 749 747 746 762 790 813 831 844 853 859 861 856 846 833 814 791 778 774 770 767
06 30 761 760 756 753 750 748 747 763 790 813 831 844 853 860 861 856 847 833 814 792 779 774 770 767
07 01 761 760 756 753 750 748 747 763 790 813 831 844 854 860 862 857 848 834 814 792 779 775 771 768
07 02 762 761 757 754 751 749 748 763 790 813 831 845 855 861 862 858 848 834 815 793 780 775 772 768
07 03 763 761 758 755 751 750 749 763 790 813 831 845 855 861 863 858 849 834 815 793 780 775 772 769
07 04 763 762 758 755 752 750 749 764 790 813 832 845 856 862 864 859 849 835 816 793 780 776 773 769
07 05 763 762 759 756 753 751 750 764 790 813 832 845 856 862 864 859 849 835 816 794 781 776 773 770
07 06 764 762 759 756 753 751 750 764 790 813 832 845 857 862 864 859 850 835 816 794 781 776 773 770
07 07 764 762 759 756 753 751 750 764 790 813 832 845 856 862 864 859 850 835 817 794 781 776 773 770
07 08 764 762 759 756 753 751 750 764 790 813 832 844 856 862 864 860 850 836 817 795 781 777 773 770
07 09 764 763 760 756 753 751 751 764 790 813 832 844 856 863 864 861 851 837 818 795 782 777 774 771
07 10 765 763 760 757 753 752 751 764 790 813 832 845 856 863 864 861 851 837 818 795 782 777 774 771
07 11 765 764 761 757 754 752 752 765 790 813 832 845 857 864 865 861 851 837 818 796 782 778 775 772
07 12 765 764 761 758 754 753 752 764 790 813 832 845 857 864 865 861 852 837 818 796 782 778 775 772
07 13 766 764 761 758 755 753 752 765 790 813 833 845 857 864 865 861 852 837 818 796 783 778 775 772
07 14 766 765 761 758 755 753 752 765 790 814 833 845 857 864 865 861 852 837 818 796 783 779 775 772
07 15 767 765 762 759 755 754 752 765 791 814 833 846 858 863 864 862 852 837 819 797 784 779 776 773
07 16 768 766 762 759 756 754 753 766 791 815 834 846 858 863 864 861 852 838 819 797 784 780 776 774
07 17 768 767 763 760 757 755 754 766 792 815 834 846 858 864 865 862 853 838 819 797 784 780 777 774
07 18 768 767 763 760 757 755 754 767 793 816 835 847 859 864 865 862 853 838 820 798 785 781 777 775
07 19 769 767 764 761 758 756 755 767 794 816 835 848 859 864 865 863 853 839 820 798 785 781 778 775
07 20 769 768 765 761 758 756 755 768 794 816 835 848 859 865 866 864 854 839 820 799 786 782 778 775
07 21 770 768 765 762 759 756 756 768 794 816 836 848 859 865 866 864 854 839 820 799 786 782 779 776
07 22 770 769 766 762 759 757 756 769 795 817 836 848 860 866 867 864 854 840 821 799 787 783 779 776
07 23 771 770 767 763 760 758 757 769 795 818 837 850 861 867 868 865 855 840 821 800 787 783 780 777
07 24 772 770 767 764 761 759 758 770 795 818 837 850 861 867 868 865 855 840 822 800 788 784 781 777
07 25 772 771 768 764 762 759 758 770 796 819 837 851 862 867 868 865 855 841 822 800 788 784 781 778
07 26 773 771 768 765 762 760 759 770 797 820 838 851 862 868 869 866 856 841 823 800 788 784 781 778
07 27 773 772 769 765 763 760 760 771 798 820 838 852 863 868 869 866 856 841 823 801 789 785 782 779
07 28 774 773 769 766 764 761 760 771 797 820 839 853 863 868 869 866 857 842 823 801 789 785 782 779
07 29 774 773 770 766 764 762 761 771 798 821 839 854 863 869 870 866 857 842 824 801 789 785 782 780
07 30 775 773 770 767 765 762 761 772 798 821 839 854 864 870 870 866 857 843 824 801 789 786 783 780
07 31 775 774 771 767 765 762 762 772 799 821 840 854 864 870 871 867 858 843 824 801 790 786 783 780
08 01 776 774 771 767 765 762 762 772 799 822 840 855 865 871 871 867 858 844 825 802 790 786 784 781
08 02 776 774 771 768 766 763 762 772 799 822 841 856 866 871 872 868 859 844 825 802 790 786 784 781
08 03 776 775 771 768 766 763 762 772 799 823 842 856 866 872 873 868 859 844 825 802 790 787 784 781
08 04 777 775 772 768 766 763 762 771 799 823 842 856 866 872 873 867 859 844 825 802 791 787 784 781
08 05 777 775 772 768 766 763 762 771 799 823 842 857 866 872 873 868 859 845 825 802 791 787 784 782
08 06 777 775 772 768 766 764 763 772 799 823 843 857 866 872 873 868 859 845 825 802 791 787 784 782
08 07 777 775 772 769 766 763 762 771 799 823 843 857 866 873 873 868 859 845 825 802 791 787 785 782
08 08 778 775 772 768 766 763 762 771 799 824 843 857 866 873 873 868 859 845 825 802 791 787 785 782
08 09 778 775 772 769 766 764 762 771 799 823 843 857 867 873 874 868 860 845 825 802 791 787 785 782
08 10 778 775 772 769 766 763 762 771 799 823 842 856 866 873 874 868 860 845 825 802 792 788 785 782
08 11 778 775 772 768 766 763 762 770 800 824 843 857 866 873 874 868 860 845 825 802 792 788 785 782
08 12 778 775 771 768 765 763 762 770 800 824 844 857 867 873 875 869 860 846 826 803 792 788 785 783
08 13 778 775 772 768 766 763 762 770 800 823 844 857 867 874 875 869 861 846 826 803 793 789 786 783
08 14 778 776 772 768 766 763 762 770 800 824 844 858 868 874 875 870 861 846 827 803 793 789 786 783
08 15 778 776 772 768 765 763 762 770 800 824 844 858 868 874 875 870 861 846 826 803 793 789 786 783
08 16 779 776 772 768 765 763 762 770 800 824 844 858 868 875 875 870 861 846 826 803 793 789 786 783
08 17 779 776 771 768 765 763 761 770 800 824 844 858 867 875 875 869 861 846 826 803 793 789 786 783
08 18 779 775 771 768 765 763 761 770 800 824 844 858 867 874 875 869 860 845 826 803 793 789 786 783
08 19 779 775 771 768 765 763 761 770 800 824 845 858 868 875 875 870 861 845 826 802 793 789 786 783
08 20 778 775 771 768 765 762 761 770 800 824 845 858 868 875 875 870 861 845 826 802 793 789 786 783
08 21 778 775 771 767 764 762 761 769 800 825 845 858 869 876 875 870 861 845 826 802 793 789 786 783
08 22 778 775 771 767 764 761 760 769 800 825 845 859 869 876 875 870 861 845 825 802 793 789 785 783
08 23 778 774 770 767 763 760 759 769 800 825 845 858 869 876 875 870 861 846 825 802 793 789 785 782
08 24 778 774 770 766 763 760 759 768 800 826 845 859 870 877 875 870 861 845 825 802 793 789 785 782
08 25 777 774 770 766 763 760 759 768 800 826 846 859 870 877 876 870 861 846 825 802 793 789 785 782
08 26 777 774 770 766 763 760 759 768 799 826 845 859 871 877 876 870 861 845 825 802 793 789 786 782
08 27 778 775 770 767 763 760 759 768 800 826 845 859 871 877 876 870 861 845 825 801 793 789 786 782
08 28 778 774 770 767 763 760 759 768 800 826 845 859 871 877 876 870 861 845 824 801 793 789 785 782
08 29 777 774 770 766 762 760 759 767 799 826 845 859 871 877 876 870 861 845 824 801 793 789 785 782
08 30 777 773 769 766 762 760 758 767 799 826 845 859 870 876 876 870 861 845 824 801 793 788 785 781
08 31 777 773 769 765 762 759 758 766 799 826 845 859 870 876 876 871 861 845 823 801 792 788 785 781
09 01 776 773 769 765 761 759 758 766 799 826 845 859 871 876 876 871 861 845 823 800 792 788 785 781
09 02 776 773 769 765 761 759 757 765 799 826 845 859 871 876 876 871 861 845 823 800 792 788 785 781
09 03 777 773 769 765 761 759 757 765 799 827 845 859 871 876 876 871 860 845 823 800 792 788 785 781
09 04 776 772 768 765 761 758 757 765 799 826 845 859 870 875 875 870 860 844 822 800 792 788 784 780
09 05 776 772 768 764 760 758 757 764 798 826 845 859 870 875 875 870 859 844 822 799 792 788 784 780
09 06 776 772 768 764 760 758 757 764 798 826 845 858 869 874 874 870 859 843 821 799 791 788 784 780
09 07 776 772 768 764 760 758 757 764 798 825 845 858 869 874 874 870 858 843 821 799 792 788 784 780
09 08 776 771 767 764 760 758 757 763 798 826 845 859 868 874 874 869 858 843 821 799 792 788 784 780
09 09 776 771 767 764 760 757 757 763 798 825 845 859 868 874 873 869 858 842 821 799 792 788 784 780
09 10 777 772 768 764 760 758 757 763 798 826 845 858 868 873 873 869 857 842 820 799 792 788 784 780
09 11 776 771 768 764 760 758 757 763 798 825 845 858 867 873 873 869 857 841 820 799 791 788 784 780
09 12 776 771 767 763 760 758 757 762 798 825 844 858 867 873 873 868 856 840 819 798 791 788 784 780
09 13 776 771 767 763 760 757 756 762 798 825 844 858 867 872 872 868 856 840 818 798 791 787 784 779
09 14 775 770 766 763 759 756 756 761 797 824 844 858 867 872 871 867 855 839 818 797 791 787 784 779
09 15 775 770 766 762 759 756 755 760 796 824 844 858 866 871 871 866 854 838 817 797 790 787 783 779
09 16 774 770 766 761 758 755 754 760 796 823 843 857 865 870 870 865 853 838 817 797 790 786 783 778
09 17 774 769 765 761 757 755 754 759 795 823 842 856 865 870 870 865 853 837 816 796 790 786 783 778
09 18 774 769 765 760 757 754 754 759 795 823 842 857 865 870 869 864 852 836 815 796 790 786 783 779
09 19 774 769 765 761 757 755 754 759 795 823 842 856 865 871 870 865 853 836 815 796 790 786 783 779
09 20 774 769 765 761 757 754 753 759 795 823 842 856 865 870 870 865 853 836 815 796 790 786 783 778
09 21 773 769 765 760 757 754 753 759 795 823 842 856 864 870 870 864 853 835 815 796 790 786 782 778
09 22 773 769 765 760 757 754 753 759 795 823 842 856 864 869 869 863 852 834 814 796 790 786 782 778
09 23 773 769 764 760 757 754 753 758 794 822 841 855 863 869 868 862 851 833 813 795 789 785 782 778
09 24 773 769 764 760 757 754 752 758 793 822 841 855 863 868 868 862 850 833 813 795 789 785 781 777
09 25 772 768 764 759 756 753 751 757 793 822 841 855 863 868 868 861 850 832 812 795 789 785 781 777
09 26 772 768 763 759 755 752 751 756 792 821 841 854 862 867 867 860 849 831 811 794 788 784 781 776
09 27 771 767 763 759 755 752 750 756 792 821 841 854 862 867 866 860 849 831 811 794 788 784 780 776
09 28 771 767 763 758 755 752 750 756 791 821 840 853 862 866 866 859 849 830 811 794 788 784 780 776
09 29 772 767 763 759 755 753 751 756 792 821 840 853 862 866 866 859 849 830 810 794 788 784 781 776
09 30 772 767 763 759 755 753 751 757 792 822 840 853 862 866 865 859 849 830 810 794 788 784 781 776
10 01 772 768 763 759 756 753 751 757 792 822 841 854 862 867 865 859 849 829 810 794 789 784 781 777
10 02 772 768 764 759 756 753 752 757 792 822 841 854 863 866 865 859 848 829 809 794 788 784 781 776
10 03 772 768 764 759 756 753 752 757 792 821 841 854 862 865 864 858 847 828 809 793 788 784 781 776
10 04 772 767 764 759 755 753 751 757 792 820 839 853 861 864 863 857 846 827 807 793 787 783 780 776
10 05 771 767 763 759 755 753 751 756 791 820 839 852 860 863 862 856 845 827 807 792 787 783 780 775
10 06 771 766 763 758 755 752 751 756 791 819 839 852 860 863 862 856 844 826 806 792 787 783 779 775
10 07 770 766 762 757 754 752 750 755 790 819 838 852 860 862 861 855 844 826 805 792 786 783 779 774
10 08 770 766 762 757 754 751 750 755 790 818 838 851 859 861 860 855 844 826 805 791 786 782 779 774
10 09 769 765 761 756 753 751 749 754 790 818 837 851 859 861 860 854 843 825 804 791 786 782 778 774
10 10 768 764 761 756 753 750 749 754 789 817 836 850 858 860 859 853 842 824 803 790 785 781 777 773
10 11 767 764 760 755 752 749 748 753 788 816 836 850 858 859 859 853 842 824 802 790 785 781 777 772
10 12 767 763 759 755 751 749 748 752 788 815 835 848 857 858 857 851 840 822 801 789 784 780 776 771
10 13 766 762 758 754 750 748 747 752 787 815 834 847 856 857 856 850 839 822 800 788 783 779 776 771
10 14 765 762 757 753 750 747 746 751 786 814 833 846 855 856 855 849 838 821 799 788 783 779 775 770
10 15 765 761 757 753 749 747 746 750 785 814 833 846 854 855 854 847 837 820 799 787 782 778 775 770
10 16 764 761 757 752 749 746 745 750 785 813 832 845 853 854 853 846 836 819 798 787 782 778 774 769
10 17 763 760 756 752 748 746 745 749 784 812 832 844 851 853 852 846 836 819 797 786 782 777 773 768
10 18 763 759 755 751 747 745 744 748 783 812 830 842 850 852 851 845 834 818 796 785 781 777 772 768
10 19 762 759 755 750 747 744 744 748 782 811 830 842 850 851 850 844 834 817 796 785 780 776 772 767
10 20 761 758 754 750 746 744 743 748 782 810 829 841 848 849 848 842 832 816 794 784 779 775 771 766
10 21 760 757 753 749 745 743 742 747 780 809 828 840 847 849 848 841 831 815 793 783 778 774 770 766
10 22 760 757 752 748 745 743 742 746 780 808 827 839 846 847 846 840 830 814 792 782 778 773 770 765
10 23 759 756 752 748 744 742 741 746 779 808 826 838 845 847 846 840 830 813 792 781 777 773 769 764
10 24 758 755 752 747 744 742 741 745 778 807 825 838 844 846 845 838 828 812 790 780 776 772 768 763
10 25 757 754 751 746 743 741 740 744 777 806 824 836 843 845 844 837 827 811 790 780 775 771 767 763
10 26 757 754 750 746 743 740 739 744 777 805 823 836 842 844 843 836 826 810 789 779 774 771 767 762
10 27 757 754 749 745 743 740 739 743 776 805 822 834 840 843 842 836 826 810 789 779 774 770 766 762
10 28 757 753 749 745 742 740 738 743 776 804 821 833 839 842 842 835 825 809 788 778 773 770 766 761
10 29 756 752 749 745 742 740 738 743 775 803 820 832 838 841 840 834 824 808 787 777 772 768 764 760
10 30 755 752 748 744 742 739 738 742 774 802 820 832 838 841 840 834 823 807 787 777 772 768 764 760
10 31 755 751 748 744 742 739 738 741 773 801 819 831 837 840 839 833 823 806 786 777 771 768 764 760
11 01 755 751 748 744 741 739 737 741 772 800 818 831 836 839 838 832 822 805 785 776 771 767 763 759
11 02 754 751 747 744 741 739 737 740 772 799 817 831 836 839 838 831 822 805 785 776 771 767 763 759
11 03 754 750 747 743 741 738 736 739 771 799 817 830 836 839 838 831 821 805 784 775 770 766 762 758
11 04 753 750 746 743 741 738 736 738 770 798 816 829 836 838 838 831 821 804 784 775 770 766 762 758
11 05 753 750 746 743 740 738 736 738 770 798 816 828 834 837 837 830 820 803 784 774 769 765 762 758
11 06 753 749 746 742 740 737 736 738 769 797 815 826 833 836 836 829 819 803 783 774 769 765 761 757
11 07 753 749 746 742 740 737 735 737 768 796 814 825 832 835 834 827 817 801 782 773 768 764 761 757
11 08 753 748 745 741 739 736 735 736 767 794 813 824 831 834 833 827 817 800 781 772 767 763 760 756
11 09 752 748 744 741 738 735 734 735 765 793 812 824 830 833 832 826 815 799 780 771 766 762 759 755
11 10 750 747 743 740 737 734 733 734 764 792 810 822 829 832 831 825 814 798 779 770 765 762 758 754
11 11 749 746 743 739 736 734 733 733 763 791 810 821 829 831 830 824 813 796 778 770 764 761 757 754
11 12 748 745 742 738 736 733 732 732 762 790 809 821 828 830 829 823 812 795 776 769 763 760 756 753
11 13 747 744 741 738 735 732 731 731 761 789 807 820 827 829 828 822 811 795 776 768 763 760 756 752
11 14 746 743 740 737 734 731 730 731 759 787 806 818 825 828 826 821 810 794 775 767 762 758 754 750
11 15 745 742 739 735 732 729 729 729 758 786 805 817 824 827 825 819 809 793 773 765 761 757 754 750
11 16 744 741 738 734 732 729 728 728 756 785 803 815 823 826 824 818 808 792 772 765 760 757 753 749
11 17 744 740 737 733 731 728 727 727 755 784 802 814 822 825 823 817 807 791 771 764 759 756 752 747
11 18 742 739 736 732 730 727 726 726 753 782 801 813 821 823 821 816 805 790 771 763 758 755 751 747
11 19 742 738 735 732 729 726 725 725 752 781 800 812 820 822 820 815 804 789 770 762 758 754 750 746
11 20 740 737 734 731 728 725 724 724 751 780 799 812 819 822 819 814 803 787 769 761 757 753 749 745
11 21 739 736 733 730 727 724 723 723 750 779 798 811 818 821 819 813 803 787 768 761 756 752 748 744
11 22 738 735 732 729 726 723 722 723 749 778 798 810 817 820 818 812 802 786 767 760 755 751 747 743
11 23 738 734 732 728 725 723 722 722 748 777 797 809 816 818 816 811 801 785 767 759 755 751 747 742
11 24 737 734 731 727 724 723 722 722 747 775 796 808 815 817 816 810 800 785 767 759 754 750 746 742
11 25 737 733 730 727 724 722 722 722 746 775 795 808 814 816 815 810 800 785 766 758 754 750 746 741
11 26 737 733 730 727 724 722 722 721 745 774 795 807 814 817 815 810 800 785 766 758 753 749 746 741
11 27 737 732 730 726 723 721 721 721 744 773 794 807 814 816 814 809 799 785 765 757 753 748 744 740
11 28 735 731 728 725 721 720 720 720 743 772 794 806 813 816 814 809 799 784 765 757 752 748 744 739
11 29 735 730 727 723 720 719 719 719 742 771 793 805 812 815 812 808 798 783 764 756 751 746 742 738
11 30 733 729 726 722 719 718 718 718 740 770 791 804 811 814 811 807 797 782 763 754 750 745 741 736
12 01 731 728 724 721 717 716 716 716 738 769 790 803 809 812 810 806 796 781 761 753 748 743 739 735
12 02 730 726 723 720 716 715 715 715 737 767 789 802 808 811 809 805 795 780 761 752 747 742 738 734
12 03 730 726 723 719 716 715 715 715 736 766 788 801 807 810 808 804 794 779 760 751 747 741 738 734
12 04 729 725 722 718 715 714 715 714 735 765 787 799 806 809 807 803 793 778 759 751 746 741 737 733
12 05 728 725 721 718 715 714 714 713 734 764 785 798 805 808 806 803 793 778 758 750 745 740 736 732
12 06 727 723 720 717 714 712 712 712 732 763 784 797 804 806 805 801 792 777 757 749 744 739 735 731
12 07 727 723 719 716 713 711 711 711 731 761 783 796 803 806 805 801 791 776 757 748 743 738 734 730
12 08 725 721 718 714 711 710 709 709 729 760 783 796 803 806 804 800 791 776 756 747 743 737 733 729
12 09 723 719 716 713 710 708 708 707 727 759 781 794 802 805 804 799 790 776 756 746 741 735 731 727
12 10 721 718 715 711 708 706 705 705 725 758 780 793 801 804 803 798 789 775 754 745 740 734 730 726
12 11 719 717 713 709 706 704 703 704 723 756 779 792 799 803 802 797 788 774 754 744 739 733 729 725
12 12 719 716 712 708 705 703 702 702 722 755 778 790 798 801 800 796 787 773 753 743 739 733 728 724
12 13 718 715 712 708 705 702 702 702 721 754 777 790 797 800 799 795 786 772 752 743 738 732 727 724
12 14 718 715 711 707 704 701 701 701 720 753 776 789 797 799 799 794 785 772 752 742 737 731 727 723
12 15 717 714 710 706 703 700 699 699 718 753 776 789 797 799 799 794 786 772 753 742 737 731 726 722
12 16 717 714 710 706 703 700 699 699 717 752 775 788 796 798 799 794 786 772 753 743 737 731 726 722
12 17 717 714 710 705 703 699 698 699 717 752 776 789 796 798 798 794 786 772 753 742 737 731 726 721
12 18 716 713 709 704 701 699 697 697 716 751 775 788 795 798 798 793 785 772 753 742 737 730 725 720
12 19 715 712 708 703 701 698 696 696 715 750 774 787 795 797 797 792 784 772 752 742 736 730 724 719
12 20 714 710 707 702 699 696 695 695 714 749 774 787 794 797 797 792 784 772 752 742 736 729 724 719
12 21 713 710 706 701 698 695 694 694 712 748 774 786 794 797 797 792 784 771 752 741 735 728 723 718
12 22 711 708 704 700 697 694 693 693 711 747 773 786 793 796 796 792 783 771 751 741 734 728 722 718
12 23 711 708 704 700 697 694 693 693 711 746 772 785 793 795 795 791 783 770 751 741 734 728 722 718
12 24 711 708 704 700 697 694 692 692 710 746 771 785 792 794 794 790 782 770 751 740 734 728 722 717
12 25 710 708 704 699 697 694 692 692 709 745 770 784 790 793 793 789 781 769 750 740 733 727 721 716
12 26 709 706 703 698 696 693 691 691 708 743 769 783 790 792 793 789 781 769 750 739 732 725 720 715
12 27 707 705 702 697 694 692 690 690 707 743 769 782 789 792 792 789 781 769 750 738 732 725 720 714
12 28 706 704 701 696 694 691 689 689 706 742 768 782 789 792 792 789 781 769 749 738 732 724 719 713
12 29 705 704 700 695 693 690 688 688 705 741 768 782 789 792 792 789 781 768 749 738 731 724 718 713
12 30 704 703 700 695 693 690 688 688 705 741 767 781 788 790 791 788 780 767 748 737 730 723 718 712
12 31 703 702 699 694 691 689 687 686 703 740 766 781 788 791 791 788 780 767 748 736 729 723 717 711
