01 01 -9999 286 284 283 282 282 280 279 304 353 392 420 437 450 455 449 424 367 338 324 313 305 302 297
01 02 -9999 289 288 287 286 286 284 282 307 356 395 423 441 454 458 451 426 369 339 325 314 306 302 298
01 03 -9999 289 287 286 285 285 283 282 306 356 396 423 441 455 459 453 429 371 340 326 315 307 303 299
01 04 -9999 290 289 287 285 286 283 282 307 359 399 427 446 459 464 458 434 375 343 329 317 310 305 301
01 05 -9999 292 291 289 286 286 284 283 307 359 399 427 444 457 462 456 432 374 341 327 316 308 304 299
01 06 -9999 292 291 289 286 286 283 281 306 359 399 428 446 460 464 459 434 376 343 328 317 308 304 300
01 07 -9999 292 290 288 285 285 282 280 305 358 398 426 444 459 463 459 435 376 342 327 316 309 305 300
01 08 -9999 293 290 289 286 286 284 282 307 361 402 430 449 463 468 464 440 380 345 330 318 311 306 301
01 09 -9999 293 290 288 285 285 284 282 307 360 400 427 447 460 465 461 438 379 343 328 316 309 304 299
01 10 -9999 291 288 286 284 284 283 281 306 359 400 426 446 460 464 460 437 376 341 325 314 307 301 296
01 11 -9999 289 286 284 282 282 281 279 303 357 397 423 443 457 462 459 437 377 340 324 313 306 300 295
01 12 -9999 288 286 285 283 282 282 280 305 359 400 425 446 459 465 461 440 378 341 325 314 306 301 294
01 13 -9999 287 284 283 281 280 280 278 304 358 399 423 445 458 463 460 439 378 342 325 313 306 301 294
01 14 -9999 287 284 284 281 279 279 277 303 358 399 425 447 460 466 463 442 381 344 327 315 307 302 296
01 15 -9999 290 287 286 283 280 280 278 305 359 400 425 448 460 466 463 442 382 345 327 315 306 301 296
01 16 -9999 289 286 285 281 279 279 277 304 358 400 424 447 459 464 462 443 382 344 326 314 306 300 295
01 17 -9999 287 285 283 280 277 277 276 304 358 400 427 449 460 466 464 446 386 346 329 317 308 303 297
01 18 -9999 289 287 284 282 280 279 276 304 358 400 426 447 459 464 463 447 387 347 328 316 307 302 295
01 19 -9999 288 286 284 281 278 278 275 303 356 398 424 445 457 462 461 445 387 346 327 316 307 301 295
01 20 -9999 287 286 283 281 278 278 274 303 357 398 424 446 459 465 464 448 391 349 331 319 309 304 297
01 21 -9999 291 289 287 284 281 281 278 305 360 400 427 447 459 465 465 449 393 350 331 320 311 305 298
01 22 -9999 291 290 287 285 281 282 278 305 359 399 426 446 458 464 463 447 393 349 330 320 309 303 297
01 23 -9999 289 289 286 284 280 279 276 305 359 398 423 443 455 461 460 445 394 348 329 318 308 301 296
01 24 -9999 288 288 285 284 280 279 275 304 360 400 427 445 458 464 462 448 397 351 331 320 310 303 299
01 25 -9999 291 290 287 285 282 279 275 305 360 399 427 443 456 462 461 447 399 351 332 321 310 304 300
01 26 -9999 291 289 286 283 281 277 274 304 359 399 428 444 456 462 461 448 400 351 331 319 309 302 299
01 27 -9999 288 286 284 280 279 275 272 302 357 396 425 440 452 458 457 444 399 348 329 317 306 299 297
01 28 -9999 286 285 282 278 277 273 270 300 353 393 422 437 449 455 454 442 398 346 328 316 305 298 295
01 29 -9999 285 283 281 277 276 271 269 300 353 392 420 435 447 452 452 440 397 344 326 315 304 296 293
01 30 -9999 282 281 279 276 275 270 268 299 353 391 420 435 447 453 452 440 398 344 326 315 304 297 294
01 31 -9999 282 281 278 275 274 269 267 300 354 390 419 434 447 453 452 441 401 344 326 315 304 296 294
02 01 -9999 284 281 280 276 275 269 268 300 353 389 418 432 445 451 451 439 401 343 324 313 302 294 291
02 02 -9999 282 278 278 274 273 269 268 302 353 389 418 432 445 452 451 439 401 343 324 313 303 295 292
02 03 -9999 283 279 278 275 275 269 269 303 353 388 416 430 442 449 448 437 400 341 321 310 301 292 289
02 04 -9999 280 275 276 272 273 266 266 303 352 388 416 430 441 449 447 436 400 340 320 309 300 291 287
02 05 -9999 277 273 274 270 271 264 264 302 350 386 413 429 441 448 447 437 401 340 320 309 299 292 288
02 06 -9999 278 274 274 270 272 264 265 305 353 391 417 433 445 452 452 442 407 346 324 313 303 296 291
02 07 -9999 282 277 278 274 276 269 270 309 356 394 422 438 450 456 456 446 411 350 328 317 307 300 294
02 08 -9999 284 279 280 275 277 269 271 311 357 394 422 439 451 458 458 448 414 352 330 318 308 301 295
02 09 -9999 285 280 279 275 276 269 271 312 359 397 425 443 455 462 462 453 418 356 334 322 312 305 298
02 10 -9999 288 284 283 280 280 274 276 317 365 403 430 448 459 467 467 457 423 363 339 327 317 310 302
02 11 -9999 292 288 287 284 284 278 281 323 370 409 435 454 466 473 473 463 430 369 345 333 322 315 308
02 12 -9999 297 293 292 289 289 284 286 329 377 416 442 461 473 481 481 472 438 377 351 339 328 320 313
02 13 -9999 303 299 297 295 294 289 291 335 382 422 448 467 480 488 487 479 444 384 358 345 334 326 318
02 14 -9999 308 303 301 298 297 292 296 340 388 427 452 472 484 492 492 483 449 389 362 349 338 330 321
02 15 -9999 311 307 305 302 300 296 301 346 393 433 457 477 489 496 496 487 453 394 366 353 342 333 325
02 16 -9999 314 310 308 305 302 298 303 349 396 436 460 480 493 500 499 491 458 399 371 358 346 337 328
02 17 -9999 318 314 312 308 305 300 306 352 400 440 464 484 497 503 503 495 463 404 376 362 350 341 332
02 18 -9999 322 317 314 310 307 303 309 355 404 444 467 488 502 509 509 501 469 410 381 367 354 345 336
02 19 -9999 326 322 318 313 311 307 314 359 408 447 470 493 506 514 514 507 475 415 386 371 358 348 340
02 20 -9999 329 325 320 316 313 310 316 364 412 451 474 497 510 517 518 510 479 419 388 374 360 350 342
02 21 -9999 332 327 322 318 314 311 318 366 413 452 474 497 510 517 519 510 480 420 389 374 361 351 342
02 22 -9999 332 328 322 318 313 311 319 368 416 454 475 498 511 518 520 512 483 422 390 375 361 351 342
02 23 -9999 332 329 323 319 315 314 321 371 419 457 478 501 514 522 524 515 487 426 393 379 365 355 345
02 24 -9999 335 332 328 324 319 317 325 376 423 461 481 504 517 524 526 517 490 429 396 381 367 357 347
02 25 -9999 336 333 329 325 320 319 327 380 425 462 483 505 519 525 527 519 493 431 397 382 368 357 348
02 26 -9999 338 335 330 326 321 318 328 382 427 464 485 507 521 527 529 522 496 433 399 384 369 359 349
02 27 -9999 339 336 332 327 322 319 330 385 430 465 487 508 521 528 532 523 499 436 401 385 370 360 350
02 28 -9999 340 336 331 326 322 318 330 385 430 465 489 510 522 529 532 524 501 437 401 385 370 361 352
03 01 -9999 339 336 331 326 323 319 332 386 431 467 490 510 523 529 532 524 502 439 402 385 370 361 352
03 02 -9999 341 338 332 327 323 320 333 388 433 470 493 514 526 532 535 528 506 443 406 388 373 363 354
03 03 -9999 343 340 334 329 325 322 337 392 438 474 498 520 530 537 540 532 511 448 409 391 376 366 356
03 04 -9999 345 341 336 331 326 325 340 396 441 475 500 521 532 539 542 534 514 451 411 393 378 368 359
03 05 -9999 347 344 339 334 330 328 345 401 446 480 504 526 536 543 546 538 519 457 415 396 382 372 362
03 06 -9999 349 346 342 337 332 330 349 405 449 482 507 527 538 545 547 539 521 460 417 399 385 376 365
03 07 -9999 353 349 345 340 336 333 352 409 453 485 510 530 540 547 549 542 523 463 420 402 388 378 368
03 08 -9999 355 352 347 342 339 335 356 411 454 486 511 530 541 549 549 542 524 465 422 403 389 379 369
03 09 -9999 356 352 348 342 339 336 359 412 456 487 512 531 542 550 550 544 527 467 424 405 392 381 371
03 10 -9999 359 354 350 344 342 338 363 417 460 491 516 535 546 554 554 548 530 472 428 409 395 384 374
03 11 -9999 361 356 352 345 343 340 366 419 461 492 516 535 545 554 554 547 531 473 429 410 396 385 374
03 12 -9999 362 357 352 345 343 340 366 419 461 491 515 535 545 553 555 548 531 474 430 411 399 387 377
03 13 -9999 364 359 355 348 347 344 370 423 465 495 518 538 548 556 557 550 534 477 432 413 401 389 379
03 14 -9999 366 362 356 351 349 346 373 426 467 498 520 540 550 557 558 551 535 480 434 416 403 391 381
03 15 -9999 368 363 358 353 351 349 377 429 469 500 522 543 553 561 561 556 539 484 438 419 407 394 383
03 16 -9999 371 366 361 356 353 352 381 432 472 502 523 545 556 564 565 559 542 487 441 423 410 398 386
03 17 -9999 373 369 364 360 357 355 386 436 476 504 526 546 557 566 565 560 542 488 442 425 411 399 387
03 18 -9999 373 369 365 360 357 356 387 436 474 503 525 544 556 565 565 560 543 490 443 425 412 399 387
03 19 -9999 374 370 366 362 359 357 389 439 477 506 528 548 560 568 568 562 546 493 445 427 414 400 389
03 20 -9999 374 369 365 361 358 356 389 438 476 505 527 548 559 568 567 563 546 494 447 428 415 401 390
03 21 -9999 375 371 366 363 359 357 391 440 477 507 527 549 560 569 568 564 547 496 450 430 415 403 390
03 22 -9999 377 372 367 364 360 358 393 441 479 507 527 550 561 570 569 563 546 498 451 432 416 403 390
03 23 -9999 377 372 367 365 360 358 393 442 479 508 528 551 563 571 570 565 547 500 453 434 418 405 392
03 24 -9999 378 374 369 367 361 360 396 446 483 512 532 554 565 573 573 568 550 504 456 436 420 407 394
03 25 -9999 380 375 370 369 363 362 398 449 486 515 535 557 569 577 577 572 555 510 460 440 423 410 398
03 26 -9999 384 379 374 372 365 365 402 453 490 520 540 563 574 582 582 577 559 515 465 445 427 414 401
03 27 -9999 388 382 377 375 368 368 407 457 494 523 543 566 578 586 586 580 563 520 468 448 430 417 404
03 28 -9999 389 384 378 377 369 369 410 458 496 525 546 568 580 589 588 582 564 523 471 450 432 419 406
03 29 -9999 390 385 379 376 369 369 410 459 497 525 547 570 582 591 590 585 567 526 473 451 434 421 408
03 30 -9999 392 386 381 377 370 371 412 461 500 528 549 572 584 593 592 587 569 528 475 452 435 422 409
03 31 -9999 394 388 382 379 372 374 415 464 503 531 551 574 586 594 594 589 571 531 477 454 437 425 412
04 01 -9999 396 389 382 379 372 375 416 465 503 530 551 574 587 595 596 590 574 535 481 456 439 427 414
04 02 -9999 399 392 385 381 375 378 420 469 507 534 554 577 591 598 599 593 576 538 483 459 441 430 416
04 03 -9999 400 393 387 382 376 380 423 470 508 534 555 578 591 598 600 593 577 539 485 461 442 430 417
04 04 -9999 402 395 389 385 377 382 426 474 512 538 559 581 594 601 603 596 581 542 487 462 444 432 420
04 05 -9999 404 397 390 386 379 385 429 477 516 541 563 584 598 604 606 599 584 546 491 465 447 435 422
04 06 -9999 406 399 393 389 383 389 434 482 522 547 570 589 602 610 612 607 591 552 496 470 453 441 428
04 07 -9999 411 405 397 392 387 395 440 488 529 555 577 597 610 618 620 614 600 559 503 476 458 446 434
04 08 -9999 416 410 402 397 391 400 446 492 534 559 581 601 614 621 624 618 603 563 506 479 462 449 437
04 09 -9999 420 414 406 400 395 403 450 495 536 562 584 604 617 623 625 619 605 565 507 480 463 451 438
04 10 -9999 421 415 407 402 396 406 453 498 539 563 587 605 619 626 628 622 609 568 510 483 466 454 441
04 11 -9999 424 418 411 405 401 411 458 503 545 570 594 612 625 632 634 628 615 574 516 488 470 458 446
04 12 -9999 429 422 414 408 404 415 462 508 549 574 597 615 627 635 636 631 620 578 519 492 474 462 450
04 13 -9999 433 427 419 413 408 421 468 514 554 579 602 620 632 638 641 635 624 583 524 497 479 465 453
04 14 -9999 437 431 423 417 413 425 475 519 559 584 607 625 636 644 645 640 629 587 528 501 483 470 457
04 15 -9999 440 434 426 421 416 429 478 522 561 586 610 627 638 646 647 641 630 589 530 504 485 472 460
04 16 -9999 442 437 429 425 420 434 483 528 566 591 615 632 643 650 651 645 634 592 533 508 489 476 464
04 17 -9999 447 441 434 429 424 438 487 532 569 595 617 635 644 651 652 647 636 595 537 510 493 479 469
04 18 -9999 451 445 437 432 426 441 490 535 572 598 620 637 647 654 655 651 639 598 540 513 496 483 472
04 19 -9999 454 448 440 434 428 444 493 539 574 601 623 641 651 657 659 654 642 601 543 517 499 486 475
04 20 -9999 456 451 442 436 430 448 497 542 577 604 626 643 654 660 661 656 645 605 546 519 502 488 478
04 21 -9999 459 453 444 438 432 449 498 543 577 604 626 644 655 661 662 657 646 606 549 521 504 490 480
04 22 -9999 462 455 448 442 435 453 500 544 577 604 626 644 655 661 662 657 646 607 549 522 505 491 481
04 23 -9999 463 457 449 444 437 455 502 546 579 605 627 646 657 663 663 658 646 608 551 524 506 492 483
04 24 -9999 464 458 450 445 438 457 502 546 579 605 627 646 657 663 663 658 647 610 553 525 508 493 484
04 25 -9999 466 459 451 445 440 458 504 547 579 605 626 645 656 662 662 657 646 609 554 526 508 494 485
04 26 -9999 466 459 451 446 440 458 504 547 579 604 625 644 656 662 662 657 646 610 554 526 509 495 485
04 27 -9999 467 461 452 447 442 462 509 551 583 608 629 648 661 665 665 660 648 613 558 529 512 498 487
04 28 -9999 470 463 455 450 445 466 511 553 584 611 631 650 662 668 667 662 649 616 561 532 514 500 490
04 29 -9999 471 464 457 452 448 469 513 556 587 614 634 653 666 671 671 665 653 620 565 535 517 503 493
04 30 -9999 474 468 460 454 450 472 516 560 592 618 638 657 670 675 675 670 658 626 570 539 522 507 496
05 01 -9999 478 471 464 458 454 476 521 564 597 623 642 660 674 679 679 674 663 631 574 542 524 509 498
05 02 -9999 479 472 465 459 455 478 523 566 599 625 646 664 678 684 684 678 668 635 578 546 528 512 501
05 03 -9999 481 475 467 462 459 483 528 571 604 630 650 668 683 689 689 682 672 639 582 550 532 516 505
05 04 -9999 484 478 470 465 462 487 532 575 608 635 655 673 689 694 695 688 678 646 589 556 537 522 510
05 05 -9999 489 482 475 470 467 493 537 579 613 640 661 679 694 699 700 693 683 651 593 560 542 526 514
05 06 -9999 493 485 478 473 470 496 541 583 617 644 665 682 698 703 703 696 685 654 596 562 544 528 516
05 07 -9999 494 487 479 474 472 499 544 587 621 648 669 686 701 706 707 700 689 658 600 567 548 532 521
05 08 -9999 499 491 484 479 477 505 550 592 626 654 675 691 706 711 712 705 695 664 605 571 552 537 525
05 09 -9999 503 495 488 483 481 511 556 598 631 659 680 696 711 716 717 710 699 669 611 576 558 543 530
05 10 -9999 508 500 493 488 486 516 561 603 637 665 685 702 717 722 723 715 703 674 616 581 563 548 535
05 11 -9999 512 505 498 493 491 522 567 609 642 670 691 708 722 727 728 720 707 678 621 585 567 552 540
05 12 -9999 516 509 502 497 495 525 570 612 645 674 694 712 726 732 732 723 710 681 625 589 571 555 543
05 13 -9999 519 512 506 500 496 529 574 617 649 676 697 714 728 734 735 725 712 683 627 591 574 558 545
05 14 -9999 523 516 509 503 499 532 577 619 652 679 700 717 731 737 737 728 715 686 631 595 578 562 549
05 15 -9999 527 519 512 506 502 537 581 623 655 682 704 721 735 741 741 732 718 689 635 599 581 565 552
05 16 -9999 530 522 515 509 505 540 584 624 657 684 705 723 736 742 742 733 718 690 637 602 584 568 556
05 17 -9999 534 526 520 513 510 546 589 629 660 687 707 725 738 745 744 735 719 691 639 604 585 570 557
05 18 -9999 536 528 522 516 513 549 591 630 661 687 708 725 737 744 742 734 718 690 639 605 587 571 560
05 19 -9999 539 531 525 519 516 552 593 631 662 689 709 726 738 744 742 733 716 690 639 605 588 573 560
05 20 -9999 541 533 527 522 519 555 596 634 665 691 711 727 738 744 741 732 716 690 640 606 588 574 562
05 21 -9999 543 536 530 524 522 558 600 638 668 695 714 730 742 748 745 736 718 694 644 610 592 578 566
05 22 -9999 548 540 534 527 525 562 604 642 673 698 717 734 746 752 749 740 722 698 648 613 596 581 569
05 23 -9999 551 543 537 529 527 565 606 645 675 699 719 736 747 753 751 742 723 700 650 615 597 583 571
05 24 -9999 552 545 539 532 529 566 607 646 677 702 721 738 750 756 753 745 727 702 652 617 599 584 573
05 25 -9999 555 547 541 534 531 569 610 649 680 705 725 741 754 760 758 749 731 707 657 621 602 588 575
05 26 -9999 558 550 544 537 536 571 612 651 683 707 727 743 756 762 759 750 733 709 658 623 605 590 577
05 27 -9999 561 552 546 539 538 573 613 651 682 707 726 743 755 762 759 751 733 709 659 623 606 591 578
05 28 -9999 563 554 548 541 540 575 615 652 683 709 728 746 758 764 761 753 736 712 661 625 607 592 579
05 29 -9999 564 555 550 543 541 577 616 653 684 710 729 746 758 763 759 751 734 711 661 625 608 592 580
05 30 -9999 565 556 550 544 542 579 618 655 686 711 731 748 760 765 762 753 736 714 664 628 610 596 583
05 31 -9999 568 559 553 547 545 581 621 657 689 715 735 752 764 770 767 759 743 720 669 631 614 599 586
06 01 -9999 571 563 556 550 547 584 624 661 694 719 739 756 768 774 772 764 748 725 673 635 619 604 592
06 02 -9999 576 567 560 554 551 587 627 665 698 724 744 761 774 780 778 770 755 732 678 640 623 608 596
06 03 -9999 580 571 564 557 554 590 630 668 701 727 746 765 778 784 783 774 758 735 682 643 626 611 599
06 04 -9999 583 574 567 560 557 593 634 672 705 731 751 770 784 790 787 778 763 739 686 648 630 615 603
06 05 -9999 587 578 571 564 561 596 636 674 707 734 754 774 787 793 790 781 767 743 689 651 633 618 605
06 06 -9999 589 581 573 567 564 599 639 676 709 736 756 775 789 796 792 783 770 744 692 654 635 619 607
06 07 -9999 590 581 574 568 565 601 640 677 711 738 758 778 792 799 795 786 772 748 695 657 638 622 610
06 08 -9999 593 583 576 569 567 603 644 680 714 741 761 781 795 803 799 790 776 752 699 660 641 625 613
06 09 -9999 594 585 578 571 569 605 646 684 717 744 764 784 797 805 801 792 778 753 701 662 643 627 616
06 10 -9999 595 587 579 573 571 608 650 687 719 747 767 788 801 808 805 797 783 757 705 666 646 630 618
06 11 -9999 597 589 581 575 574 611 654 691 723 752 773 793 806 814 810 802 788 762 710 670 651 634 622
06 12 -9999 601 592 586 579 577 615 658 696 728 757 778 798 812 819 815 807 794 767 716 675 656 639 627
06 13 -9999 606 598 590 583 582 619 663 701 733 762 783 803 818 825 822 814 800 772 720 679 660 643 631
06 14 -9999 610 601 594 586 585 622 666 704 736 765 786 806 820 827 824 817 802 774 722 680 661 645 632
06 15 -9999 611 602 596 588 587 624 668 707 738 767 789 809 823 830 825 817 802 775 722 681 663 646 633
06 16 -9999 612 604 597 590 590 626 670 708 740 770 791 812 826 832 827 819 803 776 725 683 665 649 635
06 17 -9999 614 606 599 593 592 629 674 713 745 774 796 816 830 836 831 822 806 779 729 687 669 652 638
06 18 -9999 617 608 601 594 594 632 677 716 748 778 800 820 833 839 835 826 810 782 732 691 672 655 641
06 19 -9999 619 610 603 597 596 634 679 718 750 779 800 820 833 840 836 828 810 782 734 691 673 656 644
06 20 -9999 622 613 606 600 598 637 681 721 752 781 802 821 835 841 838 828 811 784 735 693 675 658 646
06 21 -9999 623 615 608 602 600 639 684 724 755 784 804 824 838 844 840 831 813 785 737 695 678 661 649
06 22 -9999 627 619 612 605 603 641 687 727 758 788 808 828 842 847 843 833 815 788 740 699 682 665 652
06 23 -9999 630 623 615 609 606 645 690 730 762 792 811 832 844 849 845 834 817 790 742 701 683 668 655
06 24 -9999 634 627 620 613 610 647 693 732 765 795 815 835 847 852 849 838 821 794 746 705 687 671 657
06 25 -9999 637 630 623 616 612 649 695 735 768 798 818 838 850 856 852 841 823 796 748 708 689 673 660
06 26 -9999 639 633 626 618 614 651 698 739 772 801 821 841 853 858 855 843 825 797 750 710 690 675 662
06 27 -9999 641 634 627 620 616 653 699 740 773 802 822 841 853 859 855 843 825 797 750 709 690 675 662
06 28 -9999 641 634 627 621 617 654 700 742 775 804 823 843 855 861 857 844 826 798 752 710 690 675 662
06 29 -9999 642 635 627 621 617 654 701 742 775 805 825 844 856 862 858 845 827 800 754 713 692 676 664
06 30 -9999 645 637 629 623 619 655 702 743 777 807 826 846 858 863 860 847 830 802 757 715 694 679 666
07 01 -9999 646 638 631 624 620 656 703 744 778 808 828 847 859 864 861 848 830 804 757 717 695 680 668
07 02 -9999 647 640 632 625 621 657 704 744 778 808 828 847 859 864 861 848 831 804 757 716 695 680 667
07 03 -9999 649 641 634 627 623 658 705 745 778 808 828 847 859 865 861 848 830 803 756 716 695 680 668
07 04 -9999 649 642 634 628 625 659 706 746 780 810 830 850 862 867 863 850 833 806 759 718 697 682 670
07 05 -9999 650 643 635 629 625 659 707 747 781 811 831 850 863 868 864 852 834 807 759 718 697 683 670
07 06 -9999 651 643 636 629 626 660 707 748 783 812 833 852 863 868 864 851 833 807 759 718 697 682 670
07 07 -9999 651 643 635 630 626 660 708 749 784 813 834 852 864 868 864 851 832 806 759 718 697 682 670
07 08 -9999 651 644 636 630 627 660 708 750 784 813 835 852 865 869 866 852 831 805 759 719 698 683 671
07 09 -9999 652 644 636 630 627 661 709 751 786 814 836 853 865 869 866 851 830 804 759 719 698 683 672
07 10 -9999 653 645 636 630 628 661 708 751 786 815 836 853 865 869 865 851 830 803 758 719 699 684 673
07 11 -9999 654 645 637 631 628 661 708 751 786 815 837 854 865 869 866 852 829 803 758 719 700 686 674
07 12 -9999 655 646 638 632 629 662 709 752 788 817 839 856 867 871 868 853 831 804 759 721 702 687 676
07 13 663 656 647 639 634 630 662 709 752 788 816 839 855 867 870 868 852 831 804 759 722 703 689 678
07 14 664 657 649 641 635 631 662 709 753 788 817 839 856 867 869 867 852 831 804 758 722 703 690 679
07 15 664 658 650 642 635 633 663 709 752 788 816 838 855 866 869 867 851 831 804 758 722 703 690 679
07 16 664 658 650 642 636 632 663 709 753 789 817 839 855 866 869 867 851 831 803 759 722 703 689 678
07 17 663 658 650 643 636 632 662 709 753 789 817 838 856 866 869 868 851 832 804 760 724 705 691 680
07 18 664 659 650 643 636 632 662 709 753 790 818 839 856 867 870 868 853 835 805 760 724 705 691 680
07 19 664 659 651 643 636 632 661 709 753 789 817 838 855 865 868 866 850 833 803 759 724 705 691 680
07 20 664 659 650 643 636 633 661 709 753 788 817 838 855 864 867 866 850 834 804 758 724 705 691 680
07 21 665 660 651 643 636 633 661 710 753 789 818 839 856 865 868 867 851 836 804 758 724 706 692 681
07 22 666 660 651 644 636 633 660 709 752 788 817 838 855 864 868 867 851 836 804 757 723 705 692 681
07 23 666 659 651 643 636 633 660 708 751 787 816 837 854 863 866 865 850 836 804 756 722 705 692 681
07 24 -9999 659 651 644 636 633 659 708 750 786 815 836 854 862 865 864 849 835 803 754 721 704 691 680
07 25 -9999 659 651 644 637 633 659 708 750 785 814 835 853 862 865 863 848 834 802 753 720 703 690 679
07 26 -9999 660 652 644 637 633 658 706 748 783 812 833 851 861 863 861 846 834 801 752 720 703 689 678
07 27 -9999 659 652 644 636 632 657 704 746 782 811 831 849 859 861 859 845 832 800 751 719 701 689 678
07 28 -9999 659 652 644 637 633 657 704 745 780 809 830 847 857 860 857 843 830 798 750 718 701 688 677
07 29 -9999 659 651 644 637 633 656 702 744 778 808 828 846 856 858 855 842 828 796 747 716 699 687 676
07 30 -9999 658 651 643 637 632 655 702 743 778 808 828 845 855 857 854 840 825 794 745 715 699 686 676
07 31 663 658 651 644 637 633 654 700 741 776 806 826 843 853 855 852 838 823 792 743 713 698 686 675
08 01 663 658 651 643 636 632 653 699 740 776 805 826 843 853 855 852 838 823 791 743 713 698 686 675
08 02 663 658 651 644 637 632 653 698 740 776 805 826 843 852 854 851 837 820 790 742 713 697 685 674
08 03 662 657 650 643 636 632 651 696 739 774 804 825 841 852 854 851 838 820 789 741 712 697 684 673
08 04 661 656 650 643 636 631 651 696 738 774 803 824 841 852 854 851 838 819 787 740 712 696 685 674
08 05 660 656 650 643 636 631 650 694 736 772 801 822 839 850 853 849 837 818 787 740 712 696 684 673
08 06 659 657 650 643 637 632 649 693 734 770 799 819 837 848 851 848 836 817 785 738 711 695 682 672
08 07 657 656 649 643 636 631 647 691 732 768 797 817 834 846 849 846 834 815 783 736 709 693 680 670
08 08 656 654 647 641 635 629 645 689 730 766 795 815 832 844 847 844 832 813 781 734 707 692 679 669
08 09 654 653 646 640 633 627 643 688 729 765 793 814 831 843 846 843 832 812 781 734 707 691 679 668
08 10 654 652 645 639 633 627 642 687 728 765 793 813 830 842 845 842 831 811 779 732 705 689 677 667
08 11 653 651 644 638 632 626 642 687 727 764 792 812 829 841 844 842 830 809 778 730 704 688 676 666
08 12 653 649 642 636 631 624 640 684 725 763 791 811 828 840 844 842 830 810 777 729 703 687 675 665
08 13 652 649 642 636 630 624 639 684 725 762 790 811 827 840 845 842 831 811 778 729 704 688 675 665
08 14 652 648 641 635 629 624 638 683 724 761 790 810 827 840 845 843 833 813 778 729 704 687 675 665
08 15 653 648 641 635 629 624 638 684 725 762 790 810 828 841 846 844 834 814 778 729 704 687 674 665
08 16 653 648 640 634 628 623 637 682 724 761 789 809 826 839 844 842 832 812 775 726 702 686 673 663
08 17 652 646 639 633 627 622 635 681 722 759 787 807 824 837 842 841 831 812 774 725 700 685 672 663
08 18 651 646 638 632 627 622 635 681 722 759 787 807 825 837 843 841 830 812 775 724 700 685 672 662
08 19 651 646 637 631 626 621 633 680 722 759 788 808 825 837 842 841 830 813 775 723 699 684 671 662
08 20 651 644 637 631 625 620 632 678 721 758 787 807 823 836 841 841 828 811 772 721 697 682 670 660
08 21 651 643 636 629 624 619 631 678 721 758 787 807 824 836 841 841 829 811 771 720 696 681 669 660
08 22 651 643 636 629 624 619 630 678 721 759 787 808 825 837 842 842 830 812 771 720 696 682 670 660
08 23 652 643 636 629 624 620 630 677 721 758 786 807 825 836 841 841 829 811 768 718 695 681 669 659
08 24 651 642 635 628 623 619 629 675 719 756 784 805 822 834 839 839 826 808 765 715 693 679 667 657
08 25 649 640 633 626 621 618 627 673 717 755 782 804 821 833 838 837 824 807 763 714 692 678 666 656
08 26 648 639 632 625 620 616 626 671 716 753 781 803 820 832 836 836 823 806 761 712 690 677 665 655
08 27 647 638 630 623 618 614 623 669 715 752 780 801 819 831 835 835 822 803 758 709 687 675 663 653
08 28 646 636 628 621 617 612 621 668 713 751 779 801 818 829 833 834 820 802 756 706 684 673 661 651
08 29 644 634 626 619 615 610 618 666 712 749 777 799 816 827 831 831 817 799 752 703 681 670 658 648
08 30 641 632 624 617 613 608 616 663 710 747 774 797 814 824 829 829 814 796 750 701 679 667 656 646
08 31 639 630 623 615 611 606 613 660 707 745 771 794 811 821 827 826 812 793 746 698 676 664 652 643
09 01 635 627 620 612 608 603 609 656 702 740 768 791 808 819 823 823 809 790 743 694 673 661 649 639
09 02 632 624 617 610 605 600 606 653 699 738 766 788 805 816 820 820 807 787 739 692 671 658 646 636
09 03 630 621 614 607 603 598 604 650 696 735 762 785 802 813 817 816 804 783 735 689 668 656 643 633
09 04 627 619 612 605 601 595 601 647 693 732 759 782 799 811 815 813 801 781 733 686 666 653 641 631
09 05 624 616 609 603 599 593 597 643 689 728 755 778 795 807 811 810 798 776 728 682 661 649 638 627
09 06 620 612 605 599 595 589 594 638 685 723 751 774 791 802 806 805 793 772 724 677 657 645 634 623
09 07 616 609 601 596 592 586 589 634 680 718 745 769 786 798 802 801 789 769 720 673 654 641 629 619
09 08 612 605 597 592 588 582 585 630 676 714 742 765 783 793 798 798 786 766 716 670 650 638 626 616
09 09 609 601 594 589 585 579 583 627 674 712 739 761 779 790 795 795 784 763 712 667 647 635 623 613
09 10 606 599 592 587 582 576 579 624 671 709 737 760 778 790 794 793 783 762 709 664 645 632 620 611
09 11 603 596 589 584 580 574 576 620 668 706 734 757 775 786 791 790 779 758 706 660 642 630 618 607
09 12 599 592 586 580 575 570 572 616 664 703 731 753 772 783 788 786 775 754 700 657 639 626 613 603
09 13 594 589 582 577 571 566 568 611 658 697 725 747 766 777 782 780 769 748 694 651 634 621 608 598
09 14 588 584 577 571 566 561 563 605 652 690 718 740 759 771 776 774 765 743 688 646 629 616 603 593
09 15 583 579 573 568 562 557 559 600 647 685 714 735 755 767 771 770 760 738 683 640 623 611 599 589
09 16 578 575 568 563 558 553 555 595 642 681 708 731 750 762 767 766 756 734 677 636 619 607 595 585
09 17 574 571 564 559 554 549 551 591 638 676 704 727 746 758 763 762 753 729 672 631 614 602 590 581
09 18 569 566 560 555 550 545 547 587 634 673 701 724 744 755 761 760 750 726 668 628 610 598 587 576
09 19 565 562 556 551 545 540 543 583 632 671 699 722 742 753 759 758 748 724 664 624 607 595 583 573
09 20 561 559 553 548 542 538 541 582 632 672 701 723 743 754 760 758 749 725 662 623 606 593 582 571
09 21 560 557 551 546 540 535 538 580 630 669 697 720 740 751 756 755 745 721 657 620 603 590 578 568
09 22 555 554 547 542 536 532 534 577 627 668 696 719 739 750 755 754 744 719 655 618 601 588 577 566
09 23 -9999 552 546 541 535 530 532 575 626 667 696 719 739 750 756 754 743 717 652 616 599 586 574 564
09 24 -9999 550 544 539 533 528 529 572 624 665 694 717 737 748 753 752 741 714 648 612 596 583 571 560
09 25 -9999 546 539 535 529 525 525 568 619 660 688 711 731 743 748 746 735 708 641 607 591 577 566 555
09 26 -9999 542 535 531 525 521 521 564 616 657 686 708 728 740 745 745 734 706 639 605 589 574 563 553
09 27 -9999 539 533 529 523 519 519 561 612 653 682 705 725 737 742 741 730 701 634 601 585 570 560 550
09 28 -9999 537 530 526 521 516 517 557 610 651 680 702 722 734 739 738 728 698 631 598 582 568 557 547
09 29 -9999 534 527 524 519 513 513 554 607 648 677 700 720 732 737 736 725 695 627 596 579 564 554 543
09 30 -9999 531 523 520 515 510 509 551 604 645 674 697 717 728 733 733 722 692 624 594 577 563 552 542
10 01 -9999 529 522 518 514 509 508 550 603 643 672 694 714 725 730 728 718 686 618 589 573 559 548 538
10 02 -9999 526 518 514 510 505 504 545 599 638 667 689 709 719 724 723 712 680 612 584 568 554 543 534
10 03 -9999 521 514 511 507 501 500 540 593 632 661 683 703 714 719 718 706 674 607 579 563 550 539 530
10 04 -9999 518 511 508 503 498 498 537 590 629 657 678 699 711 715 714 701 667 602 575 560 547 537 528
10 05 -9999 515 509 505 501 495 493 531 583 622 651 671 693 704 709 707 695 660 596 570 555 543 532 522
10 06 -9999 511 505 501 498 491 491 528 581 620 649 669 691 702 707 705 693 656 593 567 552 540 529 519
10 07 -9999 508 502 498 494 488 487 523 577 616 647 667 688 699 704 701 689 652 588 562 548 535 525 516
10 08 -9999 504 497 494 490 484 483 519 572 612 642 662 684 695 699 697 685 647 583 557 542 530 520 511
10 09 -9999 499 492 488 485 479 478 513 566 606 637 657 678 689 693 691 679 640 577 552 537 525 515 507
10 10 -9999 496 489 485 481 475 474 509 563 603 634 654 675 686 691 688 676 636 574 548 533 522 512 503
10 11 -9999 492 486 481 478 471 471 505 559 599 629 650 671 682 686 683 671 630 567 542 528 517 507 498
10 12 -9999 487 481 476 473 468 466 500 554 594 624 646 666 677 681 679 666 624 562 537 523 513 502 494
10 13 -9999 483 477 472 469 464 462 497 551 591 621 643 663 674 678 676 663 620 558 534 520 509 499 491
10 14 -9999 479 474 469 466 462 460 493 548 587 617 638 658 669 673 671 658 614 554 529 516 506 495 488
10 15 -9999 476 471 466 463 459 458 489 545 586 615 636 656 668 672 669 655 609 550 526 512 501 491 484
10 16 -9999 472 466 461 458 453 452 483 541 582 612 633 654 666 671 667 654 607 547 523 510 499 489 481
10 17 -9999 470 464 460 456 452 451 482 539 581 611 632 652 664 669 665 651 602 544 521 507 497 487 479
10 18 -9999 468 462 457 453 450 449 478 536 578 608 629 649 661 665 661 648 598 540 517 504 494 485 476
10 19 -9999 464 458 453 450 447 445 473 532 574 605 626 645 656 660 657 644 593 535 513 499 489 480 471
10 20 -9999 460 453 449 446 443 441 469 528 571 601 624 642 653 657 654 640 588 531 510 496 485 476 469
10 21 -9999 457 451 446 442 440 437 464 524 567 598 621 638 649 654 650 636 583 527 506 493 482 473 466
10 22 -9999 455 448 444 441 438 436 462 523 565 595 618 635 645 650 646 631 578 522 502 488 478 469 462
10 23 -9999 451 445 441 437 434 431 456 517 559 589 612 628 640 644 641 626 572 517 498 484 474 465 459
10 24 -9999 448 442 437 434 431 429 453 513 555 585 608 624 635 640 637 621 566 513 493 480 470 461 455
10 25 -9999 443 437 434 430 427 426 448 507 549 579 602 617 628 634 630 613 558 507 487 475 465 456 450
10 26 -9999 439 433 430 426 424 421 443 501 543 573 595 611 622 627 624 607 551 501 482 470 460 451 445
10 27 -9999 434 429 427 422 420 418 439 497 539 570 592 608 619 624 620 603 546 497 479 467 457 448 442
10 28 -9999 431 426 424 419 416 414 434 491 534 565 588 603 615 620 616 598 540 492 474 463 453 444 438
10 29 -9999 427 423 421 416 413 410 430 488 532 564 587 603 614 619 614 596 536 489 471 460 450 440 434
10 30 -9999 424 420 418 413 411 406 426 483 528 560 584 600 610 615 611 592 532 486 467 457 447 438 432
10 31 -9999 420 418 416 411 409 404 424 481 526 559 582 599 609 614 609 590 529 483 465 455 445 436 429
11 01 -9999 419 416 414 409 407 401 420 477 523 557 580 597 607 612 608 588 527 481 463 453 442 434 427
11 02 -9999 418 415 412 408 404 399 418 475 521 555 578 595 605 610 606 585 523 478 459 449 438 429 422
11 03 -9999 413 411 409 404 400 395 413 469 515 549 572 590 600 605 600 580 517 474 456 446 435 426 418
11 04 -9999 410 407 406 401 397 393 409 465 511 546 569 587 597 602 597 576 514 472 453 443 433 423 415
11 05 -9999 406 404 402 397 393 390 405 460 506 542 563 582 593 597 593 572 507 467 449 439 429 419 410
11 06 -9999 402 401 399 393 390 386 400 455 503 539 561 579 590 595 590 569 503 465 447 437 427 418 408
11 07 -9999 400 398 395 391 387 384 397 452 499 536 558 576 586 591 586 564 499 461 444 434 423 415 404
11 08 -9999 396 394 391 386 382 378 391 446 494 530 552 571 581 585 580 558 493 457 439 429 419 411 400
11 09 -9999 393 390 387 382 379 374 387 443 492 528 551 570 580 583 578 556 491 455 438 427 417 409 399
11 10 -9999 392 389 386 381 377 373 385 441 491 528 551 569 580 583 577 555 489 454 437 427 417 409 399
11 11 -9999 392 389 385 381 377 372 383 440 490 527 549 568 579 581 576 553 487 452 435 424 414 406 396
11 12 -9999 390 386 383 379 375 371 381 437 488 525 547 566 576 578 573 550 484 448 431 421 411 403 393
11 13 -9999 387 383 380 376 371 369 378 434 485 522 544 562 573 576 571 547 481 445 429 418 409 401 391
11 14 -9999 384 381 376 372 369 367 375 431 482 520 542 560 570 574 569 545 478 443 426 415 406 399 389
11 15 -9999 384 380 374 370 367 364 372 427 477 514 537 555 565 569 564 540 473 439 423 411 402 396 385
11 16 -9999 379 376 370 367 363 360 367 422 472 508 530 548 558 560 555 531 465 432 416 405 396 389 380
11 17 -9999 373 370 365 361 358 355 361 415 466 502 524 542 553 555 551 526 460 428 411 400 392 385 377
11 18 -9999 370 367 361 358 355 352 357 411 463 500 522 540 551 554 549 524 457 424 408 397 389 382 375
11 19 -9999 368 365 359 355 352 349 353 406 459 494 516 534 545 547 543 518 451 419 402 391 384 377 370
11 20 -9999 363 360 353 350 347 344 348 400 452 486 509 528 538 540 535 510 445 413 396 385 377 371 365
11 21 -9999 358 353 347 345 342 339 343 393 445 479 502 521 532 534 529 503 439 407 390 379 371 364 359
11 22 -9999 351 348 342 340 337 335 337 388 439 474 496 514 525 528 522 497 434 402 385 374 367 360 356
11 23 -9999 347 345 339 337 335 333 335 384 437 472 494 512 523 526 520 494 430 398 382 371 364 357 353
11 24 -9999 345 343 337 335 333 331 333 380 433 468 490 508 519 523 516 490 426 395 380 368 361 354 349
11 25 -9999 341 339 334 332 330 328 329 375 428 463 485 503 514 517 511 484 421 390 376 364 356 350 345
11 26 -9999 336 334 330 328 326 325 326 370 421 456 478 496 507 510 504 478 414 384 370 358 351 345 341
11 27 -9999 332 331 326 325 323 320 321 366 418 453 474 492 503 507 500 473 409 381 367 355 349 343 339
11 28 -9999 329 329 324 323 320 317 318 362 413 448 469 488 498 502 494 468 405 377 363 352 345 340 336
11 29 -9999 327 326 321 321 317 315 315 356 408 442 463 482 493 497 489 462 399 372 358 347 340 334 331
11 30 -9999 322 322 318 317 314 312 312 352 404 438 459 477 488 492 484 456 395 367 354 343 336 330 327
12 01 -9999 320 319 316 314 311 310 310 349 401 437 458 477 488 492 483 455 393 366 353 342 334 328 325
12 02 -9999 318 317 314 312 309 308 308 347 399 434 455 474 486 490 481 453 390 364 352 341 334 327 324
12 03 -9999 317 316 313 311 308 308 307 345 397 431 452 471 482 486 477 449 387 361 349 339 331 325 322
12 04 -9999 314 313 311 308 305 305 305 342 393 428 450 468 479 484 474 447 383 358 346 336 329 323 320
12 05 -9999 313 313 311 308 306 306 305 342 393 427 449 467 478 483 473 446 382 358 346 337 329 324 319
12 06 -9999 314 314 312 309 306 305 304 341 392 426 449 467 478 482 473 446 381 358 346 336 329 324 319
12 07 -9999 315 315 313 310 307 305 305 341 391 426 449 467 479 482 474 446 380 357 344 334 327 322 317
12 08 -9999 312 312 310 308 305 303 302 338 388 423 445 464 475 479 471 443 377 354 342 332 325 321 315
12 09 -9999 311 311 309 306 303 301 300 335 385 421 443 461 473 477 469 440 375 352 339 329 322 318 313
12 10 -9999 309 309 307 304 301 298 297 332 382 418 440 459 471 475 466 438 373 350 336 326 318 315 310
12 11 -9999 306 307 304 301 298 294 294 329 379 414 437 456 467 472 462 435 371 348 334 324 317 313 308
12 12 -9999 304 303 302 299 295 292 291 324 373 409 432 451 463 467 459 432 368 345 331 322 314 310 305
12 13 -9999 302 301 299 296 294 291 290 322 371 406 430 449 460 464 456 429 366 342 329 319 311 307 301
12 14 -9999 300 299 297 294 292 289 288 319 368 403 427 445 456 460 451 424 363 340 327 316 308 304 297
12 15 -9999 296 294 293 291 288 285 283 314 362 396 420 439 450 453 445 419 358 336 323 312 305 301 295
12 16 -9999 292 291 290 287 284 280 279 309 356 391 415 432 443 447 440 414 354 331 317 307 299 296 290
12 17 -9999 287 286 285 283 280 275 274 304 350 384 409 426 436 440 433 408 349 325 312 302 294 291 286
12 18 -9999 284 282 280 278 277 271 270 299 346 380 405 422 432 436 430 405 347 322 309 299 291 289 284
12 19 -9999 282 280 279 277 275 270 269 297 344 379 405 421 432 436 429 403 346 322 309 298 291 289 283
12 20 -9999 281 279 278 276 275 270 269 296 342 378 404 421 432 435 429 403 345 321 308 297 289 287 283
12 21 -9999 279 276 276 274 274 269 268 294 339 377 402 419 429 433 426 401 344 319 306 295 287 285 281
12 22 -9999 275 273 272 270 270 266 266 292 338 375 401 417 428 431 424 400 344 318 306 295 288 285 281
12 23 -9999 276 274 274 272 272 268 268 294 340 377 404 420 430 433 426 403 347 320 308 297 288 285 280
12 24 -9999 275 273 272 270 270 267 267 292 337 373 401 418 428 431 424 402 345 319 307 297 289 286 280
12 25 -9999 276 273 273 271 270 268 268 292 338 374 401 418 428 432 425 402 345 319 307 297 289 286 281
12 26 -9999 276 274 273 272 271 269 268 293 339 376 403 421 431 434 428 404 348 322 309 298 291 288 283
12 27 -9999 278 276 274 274 272 271 270 295 341 378 405 423 432 436 429 405 350 324 311 299 292 289 284
12 28 -9999 278 276 275 274 273 270 269 294 339 377 405 421 433 436 430 407 352 324 311 301 293 291 287
12 29 -9999 280 278 277 276 274 272 271 296 342 379 407 424 436 440 434 410 355 326 313 303 295 292 289
12 30 -9999 282 280 278 278 277 274 274 298 345 383 411 427 439 443 436 413 356 327 314 304 296 293 289
12 31 -9999 282 280 278 277 277 275 275 299 347 385 414 430 443 447 441 417 361 331 318 308 301 297 293
