01 01 770 770 -9999 -9999 -9999 -9999 768 770 770 772 781 781 781 781 781 777 775 770 770 770 770 770 770 770
01 02 770 770 -9999 -9999 -9999 -9999 768 770 770 770 777 781 781 781 779 777 775 770 770 770 768 770 770 770
01 03 770 770 -9999 -9999 -9999 -9999 766 770 770 770 775 781 781 781 779 777 774 770 770 770 766 770 768 766
01 04 770 768 -9999 -9999 -9999 -9999 766 770 770 770 775 781 779 781 779 775 775 770 770 770 766 770 768 766
01 05 770 768 -9999 -9999 -9999 -9999 766 770 770 770 775 781 779 781 779 775 772 770 770 770 768 770 768 766
01 06 770 768 -9999 -9999 -9999 -9999 766 768 770 770 774 781 781 781 777 774 772 770 770 768 768 770 768 766
01 07 770 766 -9999 -9999 -9999 -9999 765 768 770 770 774 781 781 781 775 775 770 770 770 768 770 770 770 768
01 08 770 766 -9999 -9999 -9999 -9999 763 768 770 770 774 781 781 781 775 775 770 770 770 770 770 770 768 766
01 09 770 766 -9999 -9999 -9999 -9999 765 768 770 770 774 781 781 781 779 777 772 770 770 770 770 768 768 766
01 10 770 766 -9999 -9999 -9999 -9999 766 768 770 770 774 781 781 781 781 777 772 770 770 770 770 770 768 770
01 11 770 768 -9999 -9999 -9999 -9999 766 768 770 770 774 781 781 781 781 777 772 770 770 770 770 770 770 770
01 12 770 768 -9999 -9999 -9999 -9999 766 766 770 770 774 781 781 781 781 777 774 770 770 770 770 770 770 770
01 13 770 768 -9999 -9999 -9999 -9999 766 766 770 770 774 781 781 781 781 777 774 770 770 770 770 770 770 770
01 14 770 768 -9999 -9999 -9999 -9999 766 766 770 770 774 781 781 781 781 777 772 770 770 770 770 770 770 770
01 15 770 768 -9999 -9999 -9999 -9999 766 768 770 770 774 781 781 781 781 777 772 770 770 770 770 770 770 770
01 16 770 768 -9999 -9999 -9999 -9999 766 768 770 770 772 781 781 781 781 777 772 770 770 770 770 770 770 770
01 17 770 768 -9999 -9999 -9999 -9999 766 766 770 770 774 781 781 781 781 777 772 770 770 770 770 770 770 770
01 18 770 770 -9999 -9999 -9999 -9999 766 766 770 770 772 781 781 781 781 774 772 770 768 770 770 770 770 770
01 19 770 768 -9999 -9999 -9999 -9999 766 765 770 770 772 781 781 781 779 775 770 770 768 770 770 770 770 770
01 20 770 768 -9999 -9999 -9999 -9999 766 763 770 770 772 779 781 781 779 775 770 770 768 770 770 770 770 770
01 21 770 768 -9999 -9999 -9999 -9999 765 763 770 770 772 781 781 781 779 775 770 770 768 770 770 770 768 768
01 22 768 768 -9999 -9999 -9999 -9999 763 763 770 770 770 777 781 781 779 774 770 770 768 770 770 768 766 766
01 23 768 766 -9999 -9999 -9999 -9999 763 763 770 770 770 775 779 781 777 770 770 770 768 770 770 768 766 766
01 24 768 766 -9999 -9999 -9999 -9999 763 763 770 770 770 774 777 781 774 770 770 770 766 770 768 770 766 766
01 25 768 765 -9999 -9999 -9999 -9999 759 761 768 770 770 774 777 775 774 770 770 770 766 768 766 768 766 765
01 26 765 763 -9999 -9999 -9999 -9999 759 761 770 770 770 774 779 775 774 770 770 770 768 768 766 768 766 763
01 27 765 763 -9999 -9999 -9999 -9999 759 761 770 770 770 772 777 774 772 770 770 770 768 766 765 768 766 765
01 28 766 763 -9999 -9999 -9999 -9999 759 761 770 770 770 772 777 774 770 770 770 770 768 766 765 765 763 765
01 29 763 761 -9999 -9999 -9999 -9999 759 759 768 770 770 772 777 774 770 770 770 770 766 766 765 765 761 763
01 30 763 761 -9999 -9999 -9999 -9999 759 759 768 770 770 770 775 772 770 770 770 770 766 766 765 765 761 763
01 31 763 761 -9999 -9999 -9999 -9999 759 759 768 770 770 772 777 774 770 770 770 770 766 766 765 765 761 763
02 01 763 761 -9999 -9999 -9999 -9999 759 759 770 770 770 772 779 775 770 770 770 770 766 766 763 763 761 761
02 02 761 759 -9999 -9999 -9999 -9999 759 759 768 770 770 772 781 779 770 770 770 770 766 766 763 763 761 761
02 03 761 759 -9999 -9999 -9999 -9999 759 759 770 770 770 772 781 779 770 770 770 770 765 766 763 763 761 761
02 04 761 759 -9999 -9999 -9999 -9999 759 759 766 770 770 772 779 779 770 770 770 770 763 766 763 763 761 761
02 05 761 759 -9999 -9999 -9999 -9999 759 761 768 770 770 772 781 779 772 770 770 770 761 766 765 763 761 761
02 06 761 759 -9999 -9999 -9999 -9999 759 761 766 770 770 772 779 777 772 770 770 770 761 765 765 763 761 759
02 07 761 759 -9999 -9999 -9999 -9999 759 759 766 770 770 772 781 779 772 770 770 770 761 763 765 763 761 759
02 08 759 759 -9999 -9999 -9999 -9999 759 761 768 770 770 772 781 779 772 770 770 770 761 763 765 761 761 759
02 09 759 759 -9999 -9999 -9999 -9999 759 759 768 770 770 772 781 779 770 770 770 770 759 761 765 759 761 759
02 10 759 759 -9999 -9999 -9999 -9999 759 759 766 770 770 770 779 779 770 770 768 770 759 759 763 759 759 759
02 11 759 759 -9999 -9999 -9999 -9999 759 759 765 770 770 770 779 775 770 770 768 766 759 759 761 759 759 759
02 12 759 759 -9999 -9999 -9999 -9999 759 759 763 770 770 770 775 775 770 770 768 765 759 759 759 759 759 759
02 13 759 759 -9999 -9999 -9999 -9999 759 759 763 770 770 770 777 775 770 770 768 765 759 759 759 759 759 759
02 14 759 759 -9999 -9999 -9999 -9999 759 759 763 770 770 770 777 775 770 770 768 763 759 759 759 759 759 759
02 15 759 759 -9999 -9999 -9999 -9999 759 759 763 770 772 770 772 775 770 770 768 763 759 759 759 759 759 759
02 16 759 759 -9999 -9999 -9999 -9999 759 759 763 770 770 770 770 774 770 770 766 765 759 759 759 759 759 759
02 17 759 759 -9999 -9999 -9999 -9999 759 759 763 770 770 770 772 774 770 770 768 765 759 759 759 759 759 759
02 18 759 759 -9999 -9999 -9999 -9999 759 759 763 770 770 770 770 770 770 770 768 763 759 759 759 759 759 759
02 19 759 759 -9999 -9999 -9999 -9999 759 759 763 770 770 770 770 774 770 770 768 763 759 759 759 759 759 759
02 20 759 759 -9999 -9999 -9999 -9999 757 759 763 770 770 770 770 774 770 770 768 763 759 759 759 759 759 759
02 21 759 759 -9999 -9999 -9999 -9999 759 759 765 770 770 772 770 777 770 770 770 766 761 761 761 761 761 761
02 22 761 759 -9999 -9999 -9999 -9999 759 759 766 770 772 774 772 775 772 770 770 766 761 761 759 763 761 761
02 23 761 759 -9999 -9999 -9999 -9999 759 759 768 770 772 774 774 775 772 770 770 768 761 763 759 765 761 763
02 24 761 759 -9999 -9999 -9999 -9999 759 759 766 770 772 775 774 775 772 770 770 770 763 763 761 766 765 766
02 25 763 761 -9999 -9999 -9999 -9999 757 759 768 770 772 777 774 777 772 770 770 770 763 763 761 766 765 766
02 26 763 761 -9999 -9999 -9999 -9999 759 759 768 770 772 777 775 779 772 770 770 770 763 763 759 766 765 766
02 27 763 761 -9999 -9999 -9999 -9999 759 759 770 770 772 781 781 779 772 770 770 770 763 763 763 768 765 766
02 28 765 761 -9999 -9999 -9999 -9999 759 759 770 770 772 779 777 777 774 770 770 770 765 763 763 768 765 766
03 01 763 761 -9999 -9999 -9999 -9999 759 759 770 770 772 781 779 777 774 772 770 770 766 763 763 768 765 766
03 02 766 763 -9999 -9999 -9999 -9999 759 759 770 770 770 781 779 777 774 772 770 770 766 766 763 770 766 768
03 03 766 763 -9999 -9999 -9999 -9999 759 761 770 770 772 781 781 779 774 774 770 770 768 765 763 768 766 768
03 04 766 763 -9999 -9999 -9999 -9999 759 761 770 770 772 781 781 779 774 774 770 770 770 765 766 770 766 768
03 05 766 765 -9999 -9999 -9999 -9999 759 761 770 770 772 781 781 779 774 774 770 770 770 765 766 770 766 768
03 06 768 765 -9999 -9999 -9999 -9999 759 761 770 770 774 781 781 779 774 774 772 770 770 765 770 768 766 770
03 07 766 765 -9999 -9999 -9999 -9999 759 759 770 770 774 781 781 779 774 775 770 770 770 765 770 768 766 768
03 08 766 765 -9999 -9999 -9999 -9999 759 759 770 770 774 781 781 781 774 779 770 770 770 765 766 766 766 768
03 09 766 765 -9999 -9999 -9999 -9999 759 759 770 770 774 781 781 781 774 779 770 770 770 765 768 766 766 768
03 10 765 765 -9999 -9999 -9999 -9999 759 759 770 770 774 781 781 781 775 779 770 770 770 765 766 765 766 766
03 11 761 765 -9999 -9999 -9999 -9999 759 761 770 770 775 781 781 781 774 779 770 770 768 763 766 765 766 766
03 12 761 763 -9999 -9999 -9999 -9999 759 761 770 770 775 781 781 781 774 779 772 770 770 765 768 765 766 766
03 13 761 763 -9999 -9999 -9999 -9999 759 761 770 770 775 781 781 781 775 779 770 770 768 766 770 766 766 766
03 14 761 763 -9999 -9999 -9999 -9999 759 765 770 770 775 781 781 781 777 781 770 770 768 768 770 766 766 766
03 15 761 763 -9999 -9999 -9999 -9999 759 766 770 770 775 781 781 781 779 781 770 770 768 768 770 766 766 766
03 16 761 765 -9999 -9999 -9999 -9999 759 766 770 770 775 781 781 781 779 779 770 770 766 768 768 766 766 766
03 17 759 765 -9999 -9999 -9999 -9999 759 765 770 770 777 781 781 781 781 779 770 770 765 766 766 765 766 766
03 18 759 765 -9999 -9999 -9999 -9999 759 765 770 770 777 781 781 781 781 777 770 770 766 766 768 766 766 766
03 19 759 765 -9999 -9999 -9999 -9999 759 765 770 770 775 779 781 781 781 779 770 770 766 768 768 766 766 766
03 20 759 765 -9999 -9999 -9999 -9999 759 765 770 770 775 781 781 781 781 779 770 770 766 768 768 768 766 766
03 21 759 765 -9999 -9999 -9999 -9999 759 766 770 770 775 777 781 781 781 779 770 770 766 768 768 768 766 766
03 22 759 763 -9999 -9999 -9999 -9999 759 768 770 770 777 781 781 781 781 779 770 770 768 768 768 768 766 766
03 23 761 763 -9999 -9999 -9999 -9999 759 768 770 770 777 781 781 781 781 779 770 770 766 768 768 768 766 766
03 24 761 765 -9999 -9999 -9999 -9999 761 768 770 770 777 781 781 781 781 781 770 770 768 768 768 768 766 768
03 25 766 765 -9999 -9999 -9999 -9999 761 768 770 770 779 781 783 781 781 781 770 770 768 770 770 768 766 768
03 26 766 765 -9999 -9999 -9999 -9999 763 768 770 772 779 781 783 781 781 781 770 770 770 770 770 768 766 770
03 27 768 766 -9999 -9999 -9999 -9999 763 768 770 772 779 781 783 781 783 781 772 770 770 770 770 768 766 770
03 28 768 766 -9999 -9999 -9999 -9999 763 770 770 775 781 781 783 781 781 781 772 770 770 770 770 770 766 770
03 29 768 766 -9999 -9999 -9999 -9999 763 768 770 775 781 781 783 781 781 781 772 770 770 770 770 770 766 770
03 30 768 766 -9999 -9999 -9999 -9999 765 770 770 775 781 781 783 781 781 781 774 770 770 770 770 770 766 770
03 31 768 766 -9999 -9999 -9999 -9999 765 770 770 775 781 781 781 781 781 781 775 770 770 770 770 770 766 770
04 01 770 766 -9999 -9999 -9999 -9999 765 770 770 777 781 781 781 781 781 781 775 770 770 770 770 770 768 770
04 02 770 766 -9999 -9999 -9999 -9999 765 770 770 779 781 781 781 781 781 781 775 770 770 770 770 770 770 770
04 03 770 768 -9999 -9999 -9999 -9999 766 770 770 781 781 781 783 781 781 781 775 772 770 770 770 770 768 770
04 04 770 768 -9999 -9999 -9999 -9999 766 770 772 781 781 783 784 781 781 781 779 772 770 770 770 770 768 770
04 05 770 770 -9999 -9999 -9999 -9999 766 770 770 781 781 783 784 781 781 781 777 772 770 770 770 770 770 770
04 06 770 770 -9999 -9999 -9999 -9999 766 770 770 781 781 781 783 781 781 781 777 772 770 770 770 770 770 770
04 07 770 770 -9999 -9999 -9999 -9999 768 770 770 781 781 783 784 781 781 781 777 774 770 770 770 770 770 770
04 08 770 770 -9999 -9999 -9999 -9999 768 770 770 781 781 783 784 781 781 781 779 777 770 770 770 770 770 770
04 09 770 770 -9999 -9999 -9999 -9999 768 770 770 781 781 781 784 781 783 781 779 777 770 770 770 770 770 770
04 10 770 770 -9999 -9999 -9999 -9999 770 770 772 781 781 783 784 781 783 781 779 777 770 770 770 770 770 770
04 11 770 770 -9999 -9999 -9999 -9999 768 770 772 781 781 783 786 783 783 781 781 779 770 770 770 770 770 770
04 12 770 770 -9999 -9999 -9999 -9999 770 770 772 781 781 784 788 783 784 781 781 779 770 770 770 770 770 770
04 13 770 770 -9999 -9999 -9999 -9999 770 770 772 781 783 784 788 784 784 781 779 781 770 770 770 770 770 770
04 14 770 770 -9999 -9999 -9999 -9999 770 770 772 781 783 784 788 784 784 783 781 779 770 770 770 770 770 770
04 15 770 770 -9999 -9999 -9999 -9999 770 770 772 781 783 786 788 786 784 783 781 779 770 770 770 770 770 770
04 16 770 770 -9999 -9999 -9999 -9999 770 770 774 781 783 788 788 786 784 783 781 781 770 770 770 770 770 770
04 17 770 770 -9999 -9999 -9999 -9999 770 770 774 781 783 788 788 788 784 784 781 779 770 770 770 770 770 770
04 18 770 770 -9999 -9999 -9999 -9999 770 770 775 781 783 788 788 788 784 784 781 777 770 770 770 770 770 770
04 19 770 770 -9999 -9999 -9999 -9999 770 770 775 781 783 788 788 788 784 784 781 779 770 770 770 770 770 770
04 20 770 770 -9999 -9999 -9999 -9999 770 770 775 781 784 788 788 788 784 784 781 779 770 770 770 770 770 770
04 21 770 770 -9999 -9999 -9999 -9999 770 770 777 781 784 788 788 788 786 786 781 779 770 770 770 770 770 770
04 22 770 770 -9999 -9999 -9999 -9999 770 770 777 781 784 788 788 788 786 786 781 779 770 770 770 770 770 770
04 23 770 770 -9999 -9999 -9999 -9999 770 770 777 781 784 788 790 788 788 788 781 777 770 770 770 770 770 770
04 24 770 770 -9999 -9999 -9999 -9999 770 770 777 781 784 788 790 788 788 788 781 777 772 770 770 770 770 770
04 25 770 770 -9999 -9999 -9999 -9999 770 772 777 781 784 788 790 788 788 788 781 777 774 770 770 770 770 770
04 26 770 770 -9999 -9999 -9999 -9999 770 774 777 783 786 788 790 788 788 788 781 777 774 770 770 770 770 770
04 27 770 770 -9999 -9999 -9999 -9999 770 774 781 783 786 788 790 788 788 788 781 777 777 770 770 770 772 770
04 28 770 770 -9999 -9999 -9999 -9999 770 774 781 783 786 788 790 788 788 788 781 777 777 774 770 772 772 770
04 29 770 770 -9999 -9999 -9999 -9999 770 775 781 786 786 788 790 788 788 788 781 779 779 774 770 772 772 770
04 30 770 770 -9999 -9999 -9999 -9999 770 775 781 786 786 788 790 788 788 788 781 779 779 774 774 772 774 770
05 01 770 770 -9999 -9999 -9999 -9999 770 777 781 788 786 788 790 788 788 788 781 777 779 774 772 772 774 772
05 02 772 770 -9999 -9999 -9999 -9999 770 777 781 788 788 788 790 788 788 788 781 779 779 774 772 772 774 770
05 03 774 770 -9999 -9999 -9999 -9999 770 777 781 786 788 788 790 788 788 788 781 779 779 774 772 772 772 770
05 04 774 770 -9999 -9999 -9999 -9999 770 779 781 786 790 788 790 788 788 788 781 777 779 774 774 772 774 772
05 05 774 770 -9999 -9999 -9999 -9999 770 781 781 788 788 790 790 788 788 788 781 779 779 774 774 772 774 772
05 06 774 770 -9999 -9999 -9999 -9999 770 781 781 788 788 790 790 788 788 788 781 779 779 772 774 774 774 772
05 07 774 770 -9999 -9999 -9999 -9999 770 781 781 788 788 788 790 788 788 788 781 781 779 772 774 774 774 770
05 08 774 770 -9999 -9999 -9999 -9999 770 779 781 788 788 788 790 788 788 788 781 781 779 772 774 775 775 770
05 09 774 770 -9999 -9999 -9999 -9999 770 779 783 786 790 788 790 788 788 788 781 781 777 772 774 777 775 770
05 10 774 770 -9999 -9999 -9999 -9999 770 779 783 786 788 788 790 788 788 788 781 781 777 772 774 777 775 772
05 11 774 770 -9999 -9999 -9999 -9999 770 779 783 788 788 788 790 788 788 788 781 781 777 772 774 777 775 772
05 12 774 770 -9999 -9999 -9999 -9999 770 779 783 788 786 790 790 788 788 788 781 781 777 772 774 777 775 772
05 13 774 770 -9999 -9999 -9999 -9999 770 779 783 786 786 790 790 788 788 788 781 781 777 774 775 777 775 772
05 14 774 770 -9999 -9999 -9999 -9999 770 779 783 786 786 790 790 788 788 788 781 781 777 774 775 777 775 772
05 15 774 770 -9999 -9999 -9999 -9999 770 779 783 786 786 790 790 788 788 788 781 781 777 774 775 775 775 772
05 16 774 770 -9999 -9999 -9999 -9999 770 779 783 786 786 790 790 788 788 788 781 781 775 774 775 774 775 770
05 17 770 770 -9999 -9999 -9999 -9999 770 779 783 786 786 790 790 790 788 788 781 781 775 774 775 774 775 770
05 18 770 770 -9999 -9999 -9999 -9999 770 777 783 786 784 790 790 790 788 788 783 781 777 774 775 775 775 772
05 19 770 770 -9999 -9999 -9999 -9999 770 775 783 786 784 790 790 790 788 788 783 781 777 774 775 774 775 770
05 20 770 770 -9999 -9999 -9999 -9999 770 775 783 786 784 790 790 790 788 788 783 781 775 774 775 774 775 770
05 21 770 770 -9999 -9999 -9999 -9999 770 775 783 784 784 790 790 790 788 788 783 779 775 774 775 774 775 772
05 22 770 770 -9999 -9999 -9999 -9999 770 775 781 786 784 790 790 790 790 788 783 781 775 775 775 772 775 772
05 23 770 770 -9999 -9999 -9999 -9999 770 775 783 786 784 790 790 790 790 788 781 779 775 775 775 772 774 772
05 24 770 770 -9999 -9999 -9999 -9999 770 775 781 786 784 790 790 790 788 788 781 781 775 774 772 770 774 772
05 25 770 770 -9999 -9999 -9999 -9999 770 775 783 784 784 790 790 790 788 788 781 781 775 774 770 770 772 770
05 26 770 770 -9999 -9999 -9999 -9999 770 775 781 784 784 790 790 790 790 788 781 781 774 774 770 770 772 770
05 27 770 770 -9999 -9999 -9999 -9999 770 774 783 786 784 790 790 790 790 788 783 781 775 774 772 770 772 770
05 28 770 770 -9999 -9999 -9999 -9999 770 774 781 784 784 790 790 790 790 788 781 781 775 770 770 770 772 770
05 29 770 770 -9999 -9999 -9999 -9999 770 775 783 784 786 790 790 790 788 788 781 781 775 770 770 770 772 770
05 30 770 770 -9999 -9999 -9999 -9999 770 774 781 786 786 790 790 790 788 788 781 781 775 770 772 772 774 772
05 31 770 770 -9999 -9999 -9999 -9999 770 774 781 786 786 788 788 788 788 788 781 781 775 770 770 772 774 772
06 01 770 770 -9999 -9999 -9999 -9999 770 774 781 786 784 788 788 788 788 786 781 781 775 770 770 774 775 772
06 02 770 770 -9999 -9999 -9999 -9999 770 775 783 788 784 788 788 788 788 786 781 781 775 770 770 774 775 772
06 03 770 770 -9999 -9999 -9999 -9999 770 774 783 788 786 788 788 788 788 788 781 781 775 770 770 774 775 774
06 04 770 770 -9999 -9999 -9999 -9999 770 774 783 788 786 788 788 788 788 788 783 781 777 770 770 774 775 774
06 05 770 770 -9999 -9999 -9999 -9999 770 774 783 788 786 790 788 788 788 786 781 781 777 770 772 774 775 772
06 06 770 770 -9999 -9999 -9999 -9999 770 774 783 788 786 788 788 788 788 786 781 781 775 770 770 774 774 770
06 07 770 770 -9999 -9999 -9999 -9999 770 775 783 788 784 788 788 788 788 784 781 781 774 770 770 772 774 770
06 08 770 770 -9999 -9999 -9999 -9999 770 772 781 788 784 788 788 788 788 784 781 781 774 770 770 774 774 770
06 09 770 770 -9999 -9999 -9999 -9999 770 774 781 788 784 788 788 788 788 786 783 781 775 770 770 772 775 770
06 10 770 770 -9999 -9999 -9999 -9999 770 774 781 788 786 788 788 788 788 786 781 781 775 770 770 770 774 770
06 11 770 770 -9999 -9999 -9999 -9999 770 772 781 786 786 788 788 788 788 783 781 781 774 770 770 770 772 770
06 12 770 770 -9999 -9999 -9999 -9999 770 770 781 788 786 788 788 788 788 783 781 781 774 770 770 770 772 770
06 13 770 770 -9999 -9999 -9999 -9999 770 770 781 788 786 788 788 788 788 783 781 781 774 770 770 770 772 770
06 14 770 770 -9999 -9999 -9999 -9999 770 770 781 784 786 788 788 788 788 783 781 781 772 770 770 770 772 770
06 15 770 770 -9999 -9999 -9999 -9999 770 772 781 784 784 788 788 788 788 783 781 781 772 770 770 770 772 770
06 16 770 770 -9999 -9999 -9999 -9999 770 770 781 783 784 788 788 788 786 783 781 781 774 770 770 770 770 770
06 17 770 770 -9999 -9999 -9999 -9999 770 770 781 783 784 788 788 788 786 783 781 781 772 770 770 770 770 770
06 18 770 770 -9999 -9999 -9999 -9999 770 770 781 781 784 788 788 788 786 783 781 781 770 770 770 770 770 770
06 19 770 770 -9999 -9999 -9999 -9999 770 770 781 781 784 788 788 788 788 783 781 781 770 770 770 770 770 770
06 20 770 770 -9999 -9999 -9999 -9999 770 770 781 781 784 788 788 788 788 783 781 781 770 770 770 770 770 770
06 21 770 770 -9999 -9999 -9999 -9999 770 770 781 781 784 788 788 788 788 781 781 779 770 770 770 770 770 770
06 22 770 770 -9999 -9999 -9999 -9999 770 770 781 783 784 788 788 788 788 783 781 779 770 770 770 770 770 770
06 23 770 770 -9999 -9999 -9999 -9999 770 770 781 783 784 788 788 788 788 784 781 781 770 770 770 770 770 770
06 24 770 770 -9999 -9999 -9999 -9999 770 770 781 784 784 788 788 788 788 783 781 779 770 770 770 770 770 770
06 25 770 770 -9999 -9999 -9999 -9999 770 770 781 783 783 788 788 788 788 783 781 777 770 770 770 770 770 770
06 26 770 770 -9999 -9999 -9999 -9999 770 770 781 781 783 788 788 788 788 784 781 777 772 770 770 770 770 770
06 27 770 770 -9999 -9999 -9999 -9999 770 772 779 781 783 788 788 788 788 783 781 775 772 770 770 770 770 770
06 28 770 770 -9999 -9999 -9999 -9999 770 770 779 781 783 788 788 788 788 783 781 775 772 770 770 770 770 770
06 29 770 770 -9999 -9999 -9999 -9999 770 770 779 781 781 786 788 788 788 783 781 775 772 770 770 770 770 770
06 30 770 770 -9999 -9999 -9999 -9999 770 770 779 781 783 786 788 788 788 784 781 775 772 770 770 770 770 770
07 01 770 770 -9999 -9999 -9999 -9999 770 770 777 781 783 786 788 788 788 783 781 774 770 770 770 770 770 770
07 02 770 770 -9999 -9999 -9999 -9999 770 770 779 781 783 786 788 788 788 783 781 774 772 770 770 770 770 770
07 03 770 770 -9999 -9999 -9999 -9999 768 770 779 781 783 786 788 788 788 783 781 774 772 770 770 770 770 770
07 04 770 770 -9999 -9999 -9999 -9999 770 770 779 783 783 786 788 788 788 783 781 774 772 770 770 770 770 770
07 05 770 770 -9999 -9999 -9999 -9999 770 770 779 783 783 786 788 788 788 783 781 774 772 770 770 770 770 770
07 06 770 770 -9999 -9999 -9999 -9999 770 770 777 783 784 786 788 788 788 783 781 774 772 770 770 770 770 770
07 07 770 770 -9999 -9999 -9999 -9999 770 770 777 783 784 786 788 788 788 783 781 774 772 770 770 770 770 770
07 08 770 770 -9999 -9999 -9999 -9999 770 770 777 783 784 786 786 788 784 781 781 774 772 770 770 770 770 770
07 09 770 770 -9999 -9999 -9999 -9999 768 770 777 783 784 786 788 788 784 781 781 775 770 770 770 770 770 770
07 10 770 770 -9999 -9999 -9999 -9999 770 770 777 783 783 788 788 788 784 781 781 775 770 770 770 770 770 770
07 11 770 770 -9999 -9999 -9999 -9999 770 770 777 783 783 788 788 788 784 781 781 774 770 770 770 770 770 770
07 12 770 770 -9999 -9999 -9999 -9999 770 770 779 783 783 788 784 786 784 781 779 775 770 770 770 770 770 770
07 13 770 770 -9999 -9999 -9999 -9999 770 770 777 781 783 788 786 786 784 781 779 775 770 770 770 770 770 770
07 14 770 770 -9999 -9999 -9999 -9999 770 770 777 781 783 788 786 786 784 781 779 775 770 770 770 770 770 770
07 15 770 770 -9999 -9999 -9999 -9999 770 770 777 781 781 788 786 784 784 781 779 775 770 770 770 770 770 770
07 16 770 770 -9999 -9999 -9999 -9999 770 770 777 781 781 788 784 784 784 781 779 779 770 770 770 770 770 770
07 17 770 770 -9999 -9999 -9999 -9999 770 770 777 781 781 788 784 784 784 781 779 777 770 770 770 770 770 770
07 18 770 770 -9999 -9999 -9999 -9999 770 770 777 781 781 788 784 784 784 781 781 779 770 770 770 770 770 770
07 19 770 770 -9999 -9999 -9999 -9999 770 770 779 781 781 788 786 784 784 781 781 779 770 770 770 770 770 770
07 20 770 770 -9999 -9999 -9999 -9999 770 770 779 781 781 788 786 786 784 781 781 779 770 770 770 770 770 770
07 21 770 770 -9999 -9999 -9999 -9999 770 770 779 781 781 788 786 784 784 781 779 779 770 770 770 770 770 770
07 22 770 770 -9999 -9999 -9999 -9999 770 770 777 781 781 788 786 784 784 781 779 777 770 770 770 770 770 770
07 23 770 770 -9999 -9999 -9999 -9999 770 770 775 781 781 788 786 786 786 781 779 777 770 770 770 770 770 770
07 24 770 770 -9999 -9999 -9999 -9999 770 770 775 781 781 788 788 788 786 781 781 775 770 770 770 770 770 770
07 25 770 770 -9999 -9999 -9999 -9999 770 770 775 781 781 788 786 788 786 781 781 775 770 770 770 770 770 770
07 26 770 770 -9999 -9999 -9999 -9999 770 770 775 781 783 788 788 788 786 781 781 775 770 770 770 770 770 770
07 27 770 770 -9999 -9999 -9999 -9999 770 770 775 781 783 788 788 788 786 781 781 774 770 770 770 770 770 770
07 28 770 770 -9999 -9999 -9999 -9999 768 770 775 781 781 788 786 788 786 781 781 775 770 770 770 770 770 770
07 29 770 770 -9999 -9999 -9999 -9999 770 770 775 781 783 786 788 788 786 781 781 775 770 770 770 770 770 770
07 30 770 770 -9999 -9999 -9999 -9999 766 770 775 781 783 786 788 788 786 781 781 777 770 770 770 770 770 770
07 31 770 770 -9999 -9999 -9999 -9999 766 770 775 781 783 786 788 788 786 781 781 775 770 770 770 770 770 770
08 01 770 770 -9999 -9999 -9999 -9999 768 770 775 781 783 786 788 788 786 781 781 777 770 770 770 770 770 770
08 02 770 770 -9999 -9999 -9999 -9999 766 770 774 781 781 786 788 788 786 781 781 777 770 770 770 770 770 770
08 03 770 770 -9999 -9999 -9999 -9999 766 770 774 781 781 786 788 788 786 781 781 775 770 770 770 770 770 770
08 04 770 770 -9999 -9999 -9999 -9999 766 770 774 781 781 783 788 788 784 781 781 774 770 770 770 770 770 770
08 05 770 770 -9999 -9999 -9999 -9999 766 770 774 781 781 783 788 788 786 781 781 775 770 770 770 770 770 770
08 06 770 770 -9999 -9999 -9999 -9999 766 770 774 781 781 781 786 788 784 781 781 775 770 770 770 770 770 770
08 07 770 770 -9999 -9999 -9999 -9999 766 770 774 781 781 781 786 788 784 781 781 774 770 770 770 770 770 770
08 08 770 770 -9999 -9999 -9999 -9999 768 770 772 781 781 781 784 786 784 781 779 774 770 770 770 770 770 770
08 09 770 770 -9999 -9999 -9999 -9999 770 770 772 781 781 781 784 786 784 781 781 775 770 770 770 770 770 770
08 10 770 770 -9999 -9999 -9999 -9999 770 770 774 781 781 781 786 786 786 781 781 775 770 770 770 770 770 770
08 11 770 770 -9999 -9999 -9999 -9999 770 770 774 781 781 781 786 786 786 781 781 777 770 770 770 770 770 770
08 12 770 770 -9999 -9999 -9999 -9999 770 770 774 781 781 783 788 788 786 781 781 779 772 770 770 770 770 770
08 13 770 770 -9999 -9999 -9999 -9999 770 770 774 781 781 783 788 786 786 781 781 779 772 770 770 770 770 770
08 14 770 770 -9999 -9999 -9999 -9999 770 770 775 781 781 783 788 784 786 781 781 779 770 770 770 770 770 770
08 15 770 770 -9999 -9999 -9999 -9999 770 770 777 781 781 783 788 786 786 781 781 779 770 770 770 770 770 770
08 16 770 770 -9999 -9999 -9999 -9999 770 770 775 781 781 783 786 784 784 781 781 781 770 770 770 770 770 770
08 17 770 770 -9999 -9999 -9999 -9999 770 770 777 781 781 784 786 784 784 781 781 779 772 770 770 770 770 770
08 18 770 770 -9999 -9999 -9999 -9999 770 770 777 781 781 784 788 784 784 781 781 779 772 770 770 770 770 770
08 19 770 770 -9999 -9999 -9999 -9999 770 770 777 781 781 784 788 786 786 781 781 779 772 770 770 770 770 770
08 20 770 770 -9999 -9999 -9999 -9999 770 770 779 781 781 788 788 788 786 781 781 779 772 770 770 770 770 770
08 21 770 770 -9999 -9999 -9999 -9999 770 770 779 781 781 788 788 788 788 781 781 781 772 770 770 770 770 770
08 22 770 770 -9999 -9999 -9999 -9999 770 770 779 781 781 788 788 788 788 783 781 781 770 770 770 770 770 770
08 23 770 770 -9999 -9999 -9999 -9999 770 770 779 783 781 788 788 788 788 783 781 781 772 770 770 770 772 770
08 24 770 770 -9999 -9999 -9999 -9999 770 770 781 783 783 788 788 788 788 783 781 781 772 770 770 770 772 770
08 25 770 770 -9999 -9999 -9999 -9999 770 770 779 783 783 788 788 788 788 784 781 781 772 770 770 770 772 770
08 26 770 770 -9999 -9999 -9999 -9999 770 770 779 783 783 788 788 788 788 784 781 779 772 770 770 770 770 770
08 27 770 770 -9999 -9999 -9999 -9999 770 770 779 783 783 788 788 788 788 783 781 775 772 770 770 770 770 770
08 28 770 770 -9999 -9999 -9999 -9999 770 770 779 783 783 788 788 788 788 783 781 775 772 770 770 770 770 770
08 29 770 770 -9999 -9999 -9999 -9999 770 770 779 783 783 788 788 788 788 783 781 775 772 770 770 770 770 770
08 30 770 770 -9999 -9999 -9999 -9999 770 770 777 783 783 788 788 788 788 783 781 774 772 770 770 770 770 770
08 31 770 770 -9999 -9999 -9999 -9999 770 770 777 781 784 788 788 788 788 781 781 775 772 770 770 770 770 770
09 01 770 770 -9999 -9999 -9999 -9999 770 770 775 781 784 788 788 788 788 781 781 775 770 770 770 770 770 770
09 02 770 770 -9999 -9999 -9999 -9999 770 770 775 783 784 788 788 788 788 781 781 775 770 770 770 770 770 770
09 03 770 770 -9999 -9999 -9999 -9999 770 770 777 783 784 788 788 788 788 781 781 775 770 770 770 770 770 770
09 04 770 770 -9999 -9999 -9999 -9999 770 770 777 783 784 788 788 788 788 781 781 779 772 770 770 770 770 770
09 05 770 770 -9999 -9999 -9999 -9999 770 770 775 781 784 788 788 788 784 781 779 775 772 770 770 770 770 770
09 06 770 770 -9999 -9999 -9999 -9999 770 770 779 781 784 788 788 788 786 781 781 775 774 770 770 770 770 770
09 07 770 770 -9999 -9999 -9999 -9999 770 770 779 781 784 788 788 788 786 781 779 775 772 770 770 770 770 770
09 08 770 770 -9999 -9999 -9999 -9999 770 770 779 781 784 788 788 788 784 781 779 774 770 770 770 770 770 770
09 09 770 770 -9999 -9999 -9999 -9999 770 770 775 781 783 788 788 788 783 781 777 774 770 770 770 770 770 770
09 10 770 770 -9999 -9999 -9999 -9999 770 770 777 781 783 788 788 786 783 781 775 774 770 770 770 770 770 770
09 11 770 770 -9999 -9999 -9999 -9999 770 770 775 781 783 788 788 788 784 781 775 774 770 770 770 770 770 770
09 12 770 770 -9999 -9999 -9999 -9999 770 770 775 781 783 788 788 788 783 781 775 775 770 770 770 770 770 770
09 13 770 770 -9999 -9999 -9999 -9999 770 770 775 781 781 788 788 788 783 781 779 775 770 770 770 770 770 770
09 14 770 770 -9999 -9999 -9999 -9999 770 770 779 781 781 786 788 786 781 781 779 775 770 770 770 770 770 770
09 15 770 770 -9999 -9999 -9999 -9999 770 770 779 781 781 786 788 788 781 781 781 775 770 770 770 770 770 770
09 16 770 770 -9999 -9999 -9999 -9999 770 770 781 781 781 786 788 788 781 781 779 775 770 770 770 770 770 770
09 17 770 770 -9999 -9999 -9999 -9999 770 770 781 781 781 784 788 788 781 781 781 775 770 770 770 770 770 770
09 18 770 770 -9999 -9999 -9999 -9999 770 770 781 781 781 784 788 788 783 781 781 775 770 770 770 770 770 770
09 19 770 770 -9999 -9999 -9999 -9999 770 770 781 779 781 784 788 788 784 781 781 775 770 770 770 770 770 770
09 20 770 770 -9999 -9999 -9999 -9999 770 770 781 781 781 784 788 788 784 781 781 775 770 770 770 770 770 770
09 21 770 770 -9999 -9999 -9999 -9999 770 770 781 781 783 788 788 788 784 781 781 775 770 770 770 770 770 770
09 22 770 770 -9999 -9999 -9999 -9999 770 770 781 781 783 788 788 788 784 783 781 775 770 770 770 770 770 770
09 23 770 770 -9999 -9999 -9999 -9999 770 772 781 781 783 788 788 790 784 784 781 779 770 770 770 770 770 770
09 24 770 770 -9999 -9999 -9999 -9999 770 772 781 781 783 788 788 788 786 784 781 781 770 770 770 770 770 770
09 25 770 770 -9999 -9999 -9999 -9999 770 774 781 781 783 788 788 788 786 784 781 781 770 770 770 770 770 770
09 26 770 770 -9999 -9999 -9999 -9999 770 774 781 781 784 788 788 788 786 786 781 781 770 770 770 770 770 770
09 27 770 770 -9999 -9999 -9999 -9999 770 775 781 781 786 788 788 788 788 786 781 779 770 770 770 770 770 770
09 28 770 770 -9999 -9999 -9999 -9999 770 777 781 781 786 788 788 788 788 786 781 781 770 770 770 770 770 770
09 29 770 770 -9999 -9999 -9999 -9999 770 777 781 781 786 788 788 788 788 788 781 779 770 770 770 772 772 772
09 30 770 770 -9999 -9999 -9999 -9999 770 777 781 781 786 788 788 788 788 786 781 775 770 770 770 770 772 770
10 01 770 770 -9999 -9999 -9999 -9999 770 777 781 781 784 788 788 788 788 786 781 775 770 770 770 770 770 770
10 02 770 770 -9999 -9999 -9999 -9999 770 775 781 781 784 788 788 788 788 786 781 775 770 770 770 770 770 770
10 03 770 770 -9999 -9999 -9999 -9999 770 777 781 783 784 788 790 788 788 786 781 775 770 770 770 772 770 770
10 04 770 770 -9999 -9999 -9999 -9999 770 777 781 783 784 788 788 788 788 786 781 775 770 770 770 770 770 770
10 05 770 770 -9999 -9999 -9999 -9999 770 777 781 783 784 788 788 788 788 784 781 775 770 770 770 770 770 770
10 06 770 770 -9999 -9999 -9999 -9999 770 777 781 783 783 788 788 788 788 784 781 775 770 770 770 770 770 770
10 07 770 770 -9999 -9999 -9999 -9999 770 775 781 783 784 788 788 788 788 784 781 775 770 770 770 770 770 770
10 08 770 770 -9999 -9999 -9999 -9999 770 775 781 784 784 788 788 788 788 783 781 777 770 770 770 772 770 770
10 09 770 770 -9999 -9999 -9999 -9999 770 777 781 786 784 788 788 788 786 783 781 777 770 770 770 770 770 770
10 10 770 770 -9999 -9999 -9999 -9999 770 777 781 786 784 788 788 788 786 783 781 779 772 770 770 770 772 770
10 11 770 770 -9999 -9999 -9999 -9999 770 779 781 784 784 788 788 788 786 784 781 779 772 772 770 770 770 770
10 12 770 770 -9999 -9999 -9999 -9999 770 777 781 784 784 788 788 788 784 783 781 779 772 770 770 770 770 770
10 13 770 770 -9999 -9999 -9999 -9999 770 777 781 784 784 788 788 788 786 783 781 779 772 772 770 770 770 770
10 14 770 770 -9999 -9999 -9999 770 770 777 781 784 784 788 788 790 784 784 781 781 774 772 770 770 770 770
10 15 770 770 -9999 -9999 -9999 770 770 779 781 784 786 788 788 788 786 784 781 781 774 774 770 770 770 770
10 16 770 770 -9999 -9999 -9999 770 770 777 781 784 786 788 788 790 786 784 781 781 775 774 772 770 770 770
10 17 772 770 -9999 -9999 -9999 770 770 779 781 784 786 788 788 790 786 783 781 781 774 772 772 770 772 770
10 18 772 770 -9999 -9999 -9999 770 770 779 781 784 788 788 788 790 786 784 781 781 774 772 772 770 772 770
10 19 772 770 -9999 -9999 -9999 770 770 779 781 784 788 788 790 790 788 784 781 781 774 772 772 770 772 770
10 20 772 770 -9999 -9999 -9999 770 770 777 781 784 788 788 790 790 788 784 781 781 774 772 772 770 772 770
10 21 772 770 -9999 -9999 -9999 770 770 777 781 783 788 788 790 790 788 784 781 781 774 772 772 770 772 770
10 22 772 770 -9999 -9999 -9999 -9999 770 777 781 784 788 788 790 790 788 783 781 781 774 770 772 770 770 770
10 23 770 770 -9999 -9999 -9999 -9999 770 777 781 783 786 788 788 790 788 783 781 781 774 770 772 770 770 770
10 24 770 770 -9999 -9999 -9999 -9999 770 775 781 783 786 788 788 788 788 783 781 781 774 770 772 770 770 770
10 25 770 770 -9999 -9999 -9999 -9999 770 775 781 783 786 788 788 788 786 783 781 781 774 770 770 770 770 770
10 26 770 770 -9999 -9999 -9999 -9999 770 775 781 783 786 788 788 788 788 781 781 781 774 770 772 770 770 770
10 27 770 770 -9999 -9999 -9999 -9999 770 775 781 783 786 788 788 788 788 783 781 781 775 770 772 770 770 770
10 28 770 770 -9999 -9999 -9999 -9999 770 775 781 783 784 788 788 788 788 781 781 781 774 770 772 770 770 770
10 29 770 770 -9999 -9999 -9999 -9999 770 775 781 784 786 788 788 788 788 781 781 779 774 770 772 770 770 770
10 30 770 770 -9999 -9999 -9999 -9999 770 775 781 784 786 788 788 788 788 781 781 779 774 770 772 770 770 770
10 31 770 770 -9999 -9999 -9999 -9999 770 775 781 784 786 788 788 788 786 781 781 779 774 770 772 770 770 770
11 01 770 770 -9999 -9999 -9999 -9999 770 775 781 784 786 788 788 788 786 783 781 781 774 770 772 772 770 770
11 02 770 770 -9999 -9999 -9999 -9999 770 775 781 784 786 788 788 788 786 781 781 779 774 770 772 770 770 770
11 03 770 770 -9999 -9999 -9999 -9999 770 775 781 784 784 788 788 788 784 781 781 779 774 770 772 770 770 770
11 04 770 770 -9999 -9999 -9999 -9999 770 775 781 784 784 788 788 788 784 781 781 779 774 770 772 770 770 770
11 05 770 770 -9999 -9999 -9999 -9999 770 775 781 783 784 788 788 786 784 781 781 779 774 770 772 770 770 770
11 06 770 770 -9999 -9999 -9999 -9999 770 775 781 783 786 788 788 786 783 781 781 775 774 770 772 770 770 770
11 07 770 770 -9999 -9999 -9999 -9999 770 775 781 783 784 788 788 788 783 781 781 777 774 770 772 770 770 770
11 08 770 770 -9999 -9999 -9999 -9999 770 775 781 784 784 788 788 788 784 781 781 775 772 770 772 770 772 772
11 09 770 770 -9999 -9999 -9999 -9999 770 775 781 784 784 788 788 788 784 781 781 775 772 770 770 770 772 772
11 10 770 770 -9999 -9999 -9999 -9999 770 775 781 783 786 788 788 788 784 781 781 779 772 770 770 770 772 772
11 11 770 770 -9999 -9999 -9999 -9999 770 777 781 783 786 790 788 788 784 783 781 781 772 770 770 770 772 772
11 12 770 770 -9999 -9999 -9999 -9999 770 777 781 783 786 790 788 788 784 784 781 781 774 772 770 770 774 772
11 13 770 770 -9999 -9999 -9999 -9999 770 777 781 783 784 788 788 788 784 783 781 781 772 772 770 770 774 772
11 14 770 770 -9999 -9999 -9999 -9999 770 775 781 781 784 788 788 788 784 783 781 781 772 770 770 770 774 772
11 15 770 770 -9999 -9999 -9999 -9999 770 777 781 781 784 788 788 788 784 781 781 781 772 772 772 770 774 772
11 16 770 770 -9999 -9999 -9999 -9999 770 777 781 781 784 788 788 788 784 781 781 781 772 770 772 770 774 772
11 17 770 770 -9999 -9999 -9999 -9999 770 775 781 781 784 788 788 788 786 781 781 781 772 772 772 770 774 772
11 18 770 770 -9999 -9999 -9999 -9999 770 775 781 781 783 786 788 788 786 781 781 781 772 772 772 770 774 772
11 19 770 770 -9999 -9999 -9999 -9999 770 775 781 781 784 788 788 788 786 781 781 781 772 772 772 772 774 772
11 20 770 770 -9999 -9999 -9999 -9999 770 775 781 781 783 788 788 788 786 781 781 781 772 772 772 774 774 772
11 21 770 770 -9999 -9999 -9999 -9999 770 775 781 781 783 788 788 788 786 781 781 781 772 772 774 774 774 772
11 22 770 770 -9999 -9999 -9999 -9999 770 775 781 781 783 788 788 788 786 781 781 781 774 774 772 772 774 772
11 23 772 770 -9999 -9999 -9999 -9999 770 775 781 781 783 788 788 788 786 781 781 781 772 772 772 772 775 772
11 24 772 770 -9999 -9999 -9999 -9999 770 775 781 781 783 788 788 788 786 781 781 781 774 774 774 774 775 772
11 25 774 770 -9999 -9999 -9999 -9999 770 775 781 781 783 788 788 788 786 781 781 781 772 774 774 774 775 772
11 26 774 770 -9999 -9999 -9999 -9999 770 774 781 781 784 788 788 788 786 781 781 781 772 772 774 774 775 772
11 27 774 770 -9999 -9999 -9999 -9999 770 774 781 781 784 788 788 786 784 781 781 781 772 772 772 774 775 770
11 28 774 770 -9999 -9999 -9999 -9999 770 772 781 781 783 788 788 786 784 781 781 781 772 774 774 774 775 772
11 29 774 770 -9999 -9999 -9999 -9999 770 772 781 781 784 788 788 786 784 781 781 781 772 772 774 774 775 772
11 30 775 770 -9999 -9999 -9999 -9999 770 770 781 781 783 788 788 786 784 781 781 781 772 774 772 774 774 772
12 01 774 770 -9999 -9999 -9999 -9999 770 770 781 781 783 788 788 786 784 781 781 781 774 774 772 775 774 772
12 02 774 770 -9999 -9999 -9999 -9999 770 770 781 781 783 788 788 788 784 783 781 781 774 772 772 775 774 772
12 03 774 770 -9999 -9999 -9999 -9999 770 770 781 781 783 788 786 788 783 783 781 781 774 772 772 775 775 775
12 04 774 770 -9999 -9999 -9999 -9999 770 770 781 783 783 788 788 788 783 781 781 779 774 772 772 775 774 775
12 05 774 770 -9999 -9999 -9999 -9999 770 772 781 783 783 788 784 786 783 781 781 779 774 772 772 775 774 775
12 06 774 770 -9999 -9999 -9999 -9999 770 774 781 781 784 788 783 788 783 781 781 779 774 772 772 775 774 774
12 07 774 770 -9999 -9999 -9999 -9999 770 774 781 783 784 788 783 788 783 781 781 779 774 770 772 775 774 775
12 08 774 770 -9999 -9999 -9999 -9999 770 772 781 783 784 788 784 788 783 781 781 779 774 770 772 774 774 775
12 09 774 770 -9999 -9999 -9999 -9999 770 772 781 783 784 788 784 788 784 781 781 777 774 770 772 774 772 774
12 10 774 770 -9999 -9999 -9999 -9999 770 772 781 781 783 788 784 786 784 781 781 775 774 772 772 774 772 772
12 11 772 770 -9999 -9999 -9999 -9999 770 770 779 781 781 788 784 786 784 781 781 775 772 772 772 774 772 772
12 12 770 770 -9999 -9999 -9999 -9999 770 772 779 781 781 788 783 784 784 781 781 777 774 772 772 772 770 772
12 13 770 770 -9999 -9999 -9999 -9999 770 772 777 781 781 788 783 783 784 781 781 775 774 772 772 772 770 770
12 14 770 770 -9999 -9999 -9999 -9999 770 772 777 781 781 786 783 783 783 781 779 775 772 772 770 772 770 770
12 15 770 770 -9999 -9999 -9999 -9999 770 774 777 781 781 788 786 783 784 781 777 775 772 770 770 772 770 770
12 16 770 770 -9999 -9999 -9999 -9999 770 774 777 781 781 788 786 784 784 781 777 775 772 770 770 770 770 770
12 17 770 770 -9999 -9999 -9999 -9999 770 774 775 781 781 788 784 783 783 781 779 775 772 772 770 770 770 770
12 18 770 770 -9999 -9999 -9999 -9999 770 772 775 781 781 788 786 784 783 781 779 775 772 772 770 770 770 770
12 19 770 770 -9999 -9999 -9999 -9999 770 770 774 781 781 788 784 784 784 781 781 775 772 770 770 770 770 770
12 20 770 770 -9999 -9999 -9999 -9999 770 770 774 781 781 786 786 783 784 781 779 774 772 770 770 770 770 770
12 21 770 770 -9999 -9999 -9999 -9999 770 770 774 781 781 786 786 784 783 781 779 774 772 770 770 770 770 770
12 22 770 770 -9999 -9999 -9999 -9999 770 770 774 781 781 786 784 784 783 781 779 774 772 770 770 770 770 770
12 23 770 770 -9999 -9999 -9999 -9999 770 770 772 779 781 786 784 783 783 781 779 774 772 770 770 770 770 770
12 24 770 770 -9999 -9999 -9999 -9999 770 770 772 779 781 784 784 783 783 781 779 772 772 770 770 770 770 770
12 25 770 770 -9999 -9999 -9999 -9999 770 770 772 777 783 784 783 783 781 781 779 774 770 770 770 770 770 770
12 26 770 770 -9999 -9999 -9999 -9999 770 770 770 775 781 784 783 783 781 781 775 772 770 770 770 770 770 770
12 27 770 770 -9999 -9999 -9999 -9999 770 770 770 775 781 784 783 781 781 781 775 772 770 770 770 770 770 770
12 28 770 770 -9999 -9999 -9999 -9999 770 770 770 777 781 784 783 781 781 781 775 772 770 770 770 770 770 770
12 29 770 770 -9999 -9999 -9999 -9999 770 770 770 775 781 783 781 781 781 781 775 770 770 770 770 770 770 770
12 30 770 770 -9999 -9999 -9999 -9999 770 770 770 774 781 783 781 781 781 781 775 770 770 770 770 770 770 770
12 31 770 770 -9999 -9999 -9999 -9999 770 770 770 774 781 781 781 781 781 781 775 770 770 770 770 770 770 770
