01 01 570 559 559 559 559 559 559 559 559 570 579 579 579 590 590 590 579 590 579 579 572 570 570 559
01 02 559 559 559 550 550 550 559 559 559 570 579 579 579 579 579 579 579 590 579 579 572 570 570 559
01 03 559 559 559 550 550 550 559 559 559 559 570 570 579 579 579 579 579 579 579 579 570 570 570 559
01 04 559 559 559 550 550 550 550 550 554 559 570 570 579 579 579 579 579 579 579 570 570 559 559 559
01 05 550 550 550 550 550 550 540 540 550 554 559 559 570 570 570 570 579 572 570 570 570 559 559 559
01 06 550 550 550 550 550 550 550 550 550 554 559 570 579 570 579 579 579 579 570 570 570 559 559 559
01 07 540 550 550 550 550 550 540 540 550 554 559 570 570 570 570 579 572 570 570 570 559 559 559 550
01 08 540 550 550 540 540 540 540 540 540 550 559 559 570 570 570 570 570 570 570 570 559 559 550 550
01 09 531 550 540 540 540 540 540 540 540 550 554 559 570 570 559 570 570 570 559 559 559 559 550 550
01 10 531 550 540 540 540 540 531 536 540 540 550 559 559 570 559 559 559 559 559 559 559 550 550 550
01 11 531 550 540 540 540 540 540 536 540 540 550 559 559 559 559 570 559 559 559 559 559 550 550 550
01 12 531 540 540 540 540 540 540 540 540 550 550 559 559 559 559 559 559 559 550 559 559 550 550 540
01 13 531 540 540 531 540 540 531 531 531 540 550 550 559 559 559 559 559 559 550 550 550 550 540 540
01 14 531 531 531 531 536 540 531 531 531 540 550 550 550 559 559 559 559 559 550 550 550 540 540 540
01 15 520 531 531 531 531 531 531 531 531 540 540 550 550 550 559 559 550 550 540 550 540 540 540 531
01 16 520 531 531 520 531 531 531 531 531 540 540 540 550 550 559 559 550 550 540 550 550 540 540 540
01 17 531 531 531 531 531 531 531 531 531 540 540 540 550 550 559 559 550 550 550 550 550 540 540 540
01 18 531 531 531 531 531 531 531 531 531 540 540 550 550 550 559 559 550 550 550 550 550 540 540 540
01 19 531 531 531 520 531 531 531 531 531 540 540 540 550 550 559 559 550 550 540 540 540 540 540 531
01 20 531 531 520 520 531 531 531 531 531 536 540 540 550 550 559 559 550 540 540 540 540 540 540 531
01 21 531 531 531 520 531 531 531 531 531 531 540 540 540 550 550 550 550 540 540 540 540 540 540 531
01 22 531 531 531 520 531 531 531 531 531 536 540 540 550 550 559 559 550 540 550 550 550 540 540 540
01 23 531 531 531 531 531 531 531 531 531 540 540 550 550 559 559 559 550 540 550 550 550 540 540 540
01 24 531 531 531 531 531 531 531 531 531 540 550 559 559 559 559 559 550 550 550 550 550 540 540 540
01 25 531 531 531 531 531 540 531 531 540 550 550 559 559 559 559 559 559 559 550 559 550 550 540 540
01 26 540 531 531 540 531 540 531 531 540 550 550 559 559 559 559 559 550 550 550 550 550 540 540 540
01 27 540 540 531 540 536 531 531 531 531 540 550 559 559 550 559 559 559 550 550 550 550 550 540 540
01 28 540 540 540 540 550 540 531 531 531 540 550 559 559 559 559 559 550 550 550 550 550 550 540 540
01 29 540 540 540 540 540 540 531 531 531 540 550 559 559 550 559 550 550 550 550 550 550 550 540 540
01 30 540 540 540 540 550 540 540 540 531 540 550 559 559 559 559 550 550 550 550 550 550 550 540 540
01 31 540 540 540 540 540 540 531 531 531 540 550 550 550 550 550 550 550 540 550 550 540 540 540 540
02 01 540 540 540 540 540 540 531 531 531 536 550 550 550 550 550 550 540 540 540 550 540 540 540 540
02 02 540 540 540 540 540 540 540 540 531 540 550 559 559 550 554 550 550 550 550 550 550 550 540 540
02 03 550 540 540 540 550 540 540 540 540 540 559 559 570 559 559 559 559 559 559 559 559 559 554 550
02 04 559 550 550 540 550 550 550 550 540 550 559 559 570 570 570 570 570 559 559 559 559 559 559 550
02 05 559 550 540 540 540 540 540 540 540 540 559 559 559 559 570 570 570 559 559 559 559 559 559 550
02 06 559 550 550 540 540 540 540 550 540 540 559 559 559 559 559 570 570 559 559 559 559 559 559 550
02 07 559 550 540 540 540 540 540 540 540 540 550 559 559 559 554 559 559 559 559 559 559 559 559 550
02 08 559 550 550 540 540 540 540 540 540 540 550 559 570 570 570 570 570 570 559 570 570 559 559 559
02 09 570 559 550 540 550 540 550 550 550 550 559 559 570 570 579 579 579 570 570 570 570 570 570 559
02 10 570 559 550 550 550 550 550 550 550 550 559 559 570 570 579 579 579 572 570 570 570 570 570 559
02 11 570 559 550 550 550 540 540 540 540 540 550 559 570 570 579 590 579 572 570 570 570 570 570 559
02 12 570 559 550 550 540 540 540 550 540 540 559 559 570 570 579 590 579 579 579 579 579 570 570 559
02 13 570 559 550 550 540 540 540 540 540 550 559 559 570 570 579 590 590 579 579 579 579 572 570 570
02 14 570 559 559 550 550 550 550 550 550 559 570 570 579 579 579 590 590 590 579 590 579 579 579 579
02 15 579 570 559 559 559 559 559 559 559 570 570 579 590 590 590 590 590 590 590 590 590 590 579 579
02 16 579 579 570 559 559 559 570 559 559 570 579 579 590 590 590 590 590 601 590 590 590 590 579 579
02 17 579 579 570 570 559 559 570 559 559 570 570 579 590 590 590 590 590 590 590 590 590 590 579 579
02 18 579 572 570 570 559 559 570 570 559 570 570 579 590 590 590 590 590 590 590 590 590 590 579 579
02 19 579 570 570 570 559 570 570 570 559 570 570 579 590 590 590 590 590 590 590 590 590 590 579 579
02 20 590 579 579 579 570 570 572 570 570 570 579 579 590 590 590 590 590 590 590 590 590 590 579 579
02 21 590 579 579 579 570 579 579 570 570 570 579 590 590 590 590 590 590 590 590 590 590 590 579 579
02 22 590 579 579 579 570 579 579 570 570 570 579 590 590 590 590 590 590 590 590 590 590 590 590 590
02 23 601 579 579 579 579 579 579 579 570 570 579 590 590 590 601 590 590 590 590 590 590 590 590 579
02 24 601 579 579 579 570 579 572 570 559 570 570 579 590 590 590 590 590 590 590 590 579 590 579 579
02 25 590 570 572 579 570 570 570 570 559 559 570 579 590 590 590 579 579 579 579 579 579 579 579 579
02 26 590 579 579 579 570 570 570 570 570 570 579 579 590 590 590 579 579 579 579 579 579 579 579 579
02 27 590 579 579 579 570 570 572 570 570 570 579 579 590 601 601 579 590 579 579 579 590 590 590 579
02 28 601 590 579 579 579 590 579 579 570 579 579 590 590 601 601 590 590 590 590 590 590 590 590 579
03 01 601 590 579 579 590 590 579 579 570 570 579 579 590 590 590 579 579 579 579 579 579 579 579 579
03 02 590 579 579 579 559 570 570 570 570 570 572 579 590 590 579 579 579 579 579 579 579 579 579 579
03 03 590 579 579 570 559 570 570 570 570 570 579 579 590 590 579 579 579 579 579 590 579 579 590 579
03 04 590 579 579 570 570 570 570 570 570 570 579 590 590 590 590 579 579 579 579 590 590 590 590 579
03 05 590 579 579 570 559 570 559 559 570 579 579 590 590 590 579 579 579 579 579 590 590 590 590 579
03 06 590 579 579 570 570 570 559 559 570 579 590 590 590 590 590 590 579 579 579 590 590 590 590 579
03 07 590 579 579 579 579 579 570 570 570 579 590 590 601 590 590 590 590 590 590 590 590 590 590 590
03 08 590 590 579 579 579 579 570 570 570 590 590 590 601 590 590 590 590 590 590 601 590 601 590 601
03 09 601 590 590 590 579 579 579 579 579 590 601 601 601 601 601 590 590 590 590 601 601 601 601 601
03 10 601 601 590 590 579 579 579 590 579 590 601 601 601 601 601 590 590 590 590 601 601 601 601 601
03 11 601 601 590 590 579 579 579 590 579 590 601 601 610 601 601 601 590 590 601 601 601 601 601 601
03 12 601 601 590 590 579 590 590 590 590 601 601 610 610 601 601 601 601 601 601 601 610 601 601 601
03 13 601 601 601 590 590 590 590 590 590 601 601 601 610 601 601 601 601 601 590 601 601 601 601 601
03 14 601 601 590 590 579 579 579 579 579 601 601 601 601 601 601 601 590 601 590 601 601 601 601 601
03 15 601 590 590 579 579 579 579 579 579 601 601 601 601 601 601 601 601 601 590 601 601 601 601 601
03 16 601 590 590 590 579 579 579 579 579 601 601 601 610 601 601 601 601 601 601 601 601 601 601 601
03 17 601 601 590 590 579 579 579 579 579 601 601 601 610 601 601 601 601 601 590 601 601 601 601 601
03 18 601 601 590 590 579 579 579 579 590 601 601 601 610 601 601 601 601 601 590 601 601 601 601 601
03 19 601 601 590 590 579 579 579 579 590 601 601 610 610 601 601 601 590 590 590 601 601 601 601 601
03 20 601 601 590 590 590 590 590 590 590 601 601 610 610 610 601 601 601 601 601 601 601 601 601 601
03 21 601 601 601 590 590 590 590 590 590 601 601 610 610 610 601 601 601 601 601 601 601 601 601 601
03 22 610 601 601 590 590 590 590 590 590 601 610 610 610 608 601 601 601 601 601 601 601 601 601 601
03 23 610 601 601 590 590 590 590 590 590 601 610 610 610 608 601 601 601 601 601 601 601 601 601 601
03 24 610 601 601 590 590 590 590 590 590 601 610 610 610 608 601 601 590 601 601 601 601 601 601 601
03 25 601 601 601 590 590 590 590 590 601 601 610 610 610 608 601 601 601 601 601 601 601 601 601 601
03 26 601 601 601 590 601 590 590 601 601 608 610 610 610 610 601 601 601 601 601 601 601 601 601 601
03 27 601 601 601 601 601 601 601 601 601 610 610 610 610 610 601 601 601 601 601 601 601 601 601 601
03 28 601 601 601 601 601 601 601 601 601 610 621 610 610 610 608 601 601 601 601 601 610 610 610 610
03 29 610 610 601 601 601 601 601 601 608 610 621 621 621 610 610 601 601 601 610 610 610 610 610 610
03 30 610 610 601 601 601 601 601 601 610 610 621 621 621 621 610 610 608 608 610 610 610 610 610 610
03 31 610 610 610 601 610 601 601 601 610 621 621 621 621 621 610 610 610 608 610 610 610 621 621 610
04 01 610 610 610 610 610 601 610 610 610 621 630 626 630 621 621 610 610 610 610 610 621 621 621 610
04 02 610 610 610 610 610 610 610 610 621 621 630 630 630 630 621 610 610 610 621 621 621 621 621 621
04 03 621 610 621 621 610 610 610 610 621 626 630 630 630 630 626 621 621 621 621 621 621 621 621 621
04 04 621 621 621 621 610 610 610 610 621 630 630 630 630 630 621 621 621 610 621 621 621 621 621 621
04 05 621 621 621 621 610 610 610 610 621 630 630 630 630 630 630 621 621 610 621 621 621 621 621 621
04 06 621 621 621 621 610 610 610 610 621 630 630 630 630 630 630 621 621 621 621 621 621 630 630 630
04 07 621 621 621 621 621 610 610 621 621 630 630 630 630 630 630 621 621 621 621 621 630 630 630 630
04 08 630 621 621 621 621 610 621 621 630 630 630 630 630 640 640 630 630 626 621 621 630 630 630 630
04 09 630 621 621 621 621 621 621 621 630 630 640 640 630 640 640 630 630 626 630 630 630 630 630 630
04 10 630 621 621 621 621 621 621 621 630 630 640 640 630 640 640 630 630 626 630 630 630 630 630 630
04 11 640 630 630 621 621 621 621 621 630 630 640 640 640 640 640 630 630 630 630 630 630 630 630 630
04 12 640 630 630 630 621 621 621 621 630 640 640 640 640 640 640 640 630 630 630 630 630 630 630 630
04 13 640 630 630 630 621 621 621 630 630 640 640 640 640 640 640 640 630 630 630 630 630 630 630 630
04 14 640 630 630 630 630 630 626 630 640 640 640 640 640 640 640 640 630 630 630 630 630 630 630 630
04 15 640 630 630 630 630 630 626 630 640 640 649 640 640 640 640 640 630 630 630 630 630 640 630 630
04 16 640 630 630 630 630 630 626 630 640 640 644 640 644 640 640 640 630 630 630 630 630 640 630 630
04 17 640 630 630 630 630 630 630 630 640 640 649 640 649 640 640 640 640 630 630 630 630 640 640 630
04 18 640 630 630 630 630 630 630 630 640 640 649 649 649 640 640 640 640 630 630 630 640 640 640 640
04 19 640 630 630 630 630 630 626 630 640 640 649 649 649 640 640 640 640 640 630 640 640 640 640 640
04 20 640 630 630 630 630 630 630 630 640 640 649 649 649 649 640 640 640 640 640 640 640 640 640 640
04 21 640 630 630 630 630 630 630 640 640 649 649 649 649 649 649 640 640 640 640 640 640 640 640 640
04 22 640 640 630 630 630 630 630 640 640 649 649 649 649 649 649 640 640 640 640 640 640 640 640 640
04 23 640 640 640 630 630 630 630 640 640 649 649 649 649 649 649 640 640 640 640 640 640 644 649 640
04 24 649 640 640 640 640 630 640 640 649 649 660 649 649 649 649 649 640 640 644 649 649 649 649 649
04 25 649 640 640 640 640 630 640 640 649 649 660 649 660 649 649 649 640 640 649 649 649 649 649 649
04 26 649 649 640 640 640 640 640 640 649 649 660 660 660 660 649 649 649 649 649 649 649 649 649 649
04 27 649 649 640 640 640 640 640 649 649 649 660 660 660 660 649 649 649 649 649 649 649 649 658 658
04 28 660 649 640 640 640 640 640 649 649 660 660 660 660 660 649 649 649 649 649 649 660 660 660 660
04 29 660 649 640 640 640 640 649 649 649 660 660 660 660 660 649 649 649 649 649 649 660 660 660 660
04 30 660 649 649 649 640 640 649 649 660 660 669 660 660 660 660 649 649 649 649 660 660 660 660 660
05 01 660 649 649 649 649 649 649 649 660 669 669 669 660 660 660 649 660 660 649 660 660 662 660 660
05 02 660 649 649 649 649 649 649 660 660 669 669 669 660 660 660 660 660 660 660 660 660 669 660 660
05 03 660 660 660 649 649 649 649 660 669 669 669 669 669 669 660 660 660 660 660 660 660 669 669 660
05 04 660 660 660 660 660 660 660 660 669 680 680 669 669 669 660 660 660 660 660 660 669 669 669 669
05 05 669 660 660 660 660 660 660 660 669 680 680 669 669 669 660 660 660 660 660 660 669 669 669 669
05 06 669 669 669 660 660 660 660 660 669 680 680 669 669 669 660 660 662 660 660 669 669 669 669 669
05 07 669 669 669 669 660 660 660 660 669 680 680 669 669 669 660 660 669 660 660 669 669 669 669 669
05 08 669 669 669 669 660 660 660 669 669 680 680 669 669 669 669 669 669 660 669 669 669 669 669 669
05 09 669 669 669 669 669 660 660 669 680 680 680 680 669 669 669 669 669 662 669 669 669 680 669 669
05 10 680 669 669 669 669 660 660 669 680 680 680 680 669 669 669 669 669 669 669 669 669 680 680 680
05 11 680 669 669 669 669 660 660 669 680 680 680 680 680 669 669 669 669 669 669 669 680 680 680 680
05 12 680 669 669 669 669 669 662 669 680 680 691 680 680 669 669 669 669 669 669 669 680 680 680 680
05 13 680 680 680 669 669 669 669 669 680 680 691 680 680 669 669 669 669 669 669 669 680 680 680 680
05 14 680 680 680 669 669 669 669 669 680 680 691 691 680 680 669 669 669 669 669 680 680 680 680 680
05 15 680 680 680 669 669 669 669 669 680 680 691 691 680 680 680 669 669 669 669 680 680 680 680 680
05 16 680 680 680 680 680 669 669 680 680 680 691 691 691 680 680 669 680 680 680 680 680 680 680 680
05 17 680 680 680 680 680 669 669 680 680 691 691 691 691 680 680 669 680 680 680 680 680 691 691 680
05 18 680 680 680 680 680 669 669 680 691 691 691 691 691 680 680 680 680 680 680 680 691 691 691 691
05 19 691 680 680 680 680 669 680 680 691 691 691 691 691 680 680 680 680 680 680 680 691 691 691 691
05 20 691 691 691 691 680 680 680 691 691 700 691 700 691 680 680 680 680 680 680 691 691 691 691 691
05 21 700 691 691 691 691 680 680 691 691 700 700 700 691 691 691 691 680 680 691 691 700 700 691 691
05 22 700 691 691 691 691 680 691 691 691 700 700 700 691 691 691 691 691 691 691 691 700 700 700 691
05 23 700 691 691 691 691 691 691 691 700 700 711 700 700 691 691 691 691 691 691 691 700 700 700 700
05 24 700 700 691 691 691 691 691 691 700 700 711 700 700 691 691 691 691 691 691 700 700 700 700 700
05 25 700 700 700 700 700 691 691 691 700 700 711 711 700 700 691 691 691 698 700 700 700 700 700 700
05 26 700 700 700 700 700 691 691 700 700 711 711 711 700 700 698 691 691 700 700 700 700 711 700 700
05 27 711 700 700 700 700 700 700 700 700 711 711 711 700 700 700 700 700 700 700 700 711 711 711 711
05 28 711 700 700 700 700 700 700 700 711 711 711 711 711 711 700 700 700 700 700 711 711 711 711 711
05 29 711 700 711 700 700 700 700 700 711 711 711 711 711 711 700 700 700 700 711 711 711 711 711 711
05 30 711 711 711 700 700 700 711 711 711 711 711 711 711 711 711 700 700 700 711 711 711 711 711 711
05 31 711 711 711 711 700 700 711 711 711 720 720 720 711 711 711 711 700 711 711 711 711 720 720 711
06 01 720 711 711 711 711 711 711 711 711 720 720 720 720 711 711 711 711 711 711 711 720 720 720 720
06 02 720 711 711 711 711 711 711 711 720 720 720 720 720 711 711 711 711 711 711 711 720 720 720 720
06 03 720 720 720 711 711 711 711 711 720 720 720 720 720 720 711 711 711 711 711 720 720 720 720 720
06 04 720 720 720 720 711 711 711 720 720 720 720 720 720 720 711 711 711 711 711 720 720 720 720 720
06 05 720 720 720 720 720 711 711 720 720 720 730 720 720 720 711 711 711 711 711 720 720 720 720 720
06 06 720 720 720 720 720 720 716 720 720 730 730 730 720 720 711 711 711 711 711 720 720 720 720 720
06 07 720 720 720 720 720 720 720 720 730 730 730 730 730 720 711 716 711 711 711 720 720 720 730 720
06 08 730 720 720 720 720 720 720 720 730 730 730 730 730 720 720 720 716 720 720 730 730 720 730 720
06 09 730 720 720 720 720 720 720 720 730 730 730 730 730 720 720 720 720 720 720 730 730 730 730 730
06 10 730 720 720 720 720 720 720 720 730 730 730 730 730 720 720 720 720 720 720 730 730 730 730 730
06 11 730 730 720 720 720 720 720 720 730 730 730 730 730 720 720 720 720 720 720 730 730 730 730 730
06 12 730 730 720 720 720 720 720 720 730 730 730 730 730 720 720 720 720 720 720 730 730 730 730 730
06 13 730 730 720 720 720 720 720 720 730 730 730 730 730 720 720 720 720 720 720 730 730 730 730 730
06 14 730 730 720 720 720 720 720 720 730 730 730 730 730 720 720 720 720 720 720 730 730 730 730 730
06 15 730 730 720 720 720 720 720 730 730 730 730 730 730 720 720 720 720 720 720 730 730 730 730 730
06 16 730 730 730 720 720 720 720 730 730 730 730 730 730 720 720 720 720 720 720 720 730 730 730 730
06 17 730 730 730 720 720 720 720 730 730 730 730 730 730 720 720 720 720 720 720 730 730 730 730 730
06 18 730 730 730 720 720 720 720 730 730 730 730 730 730 720 720 720 720 720 720 730 730 730 730 730
06 19 730 730 720 720 720 720 720 720 730 730 730 730 730 720 720 720 720 720 720 720 730 730 730 730
06 20 730 730 720 720 720 720 720 720 730 730 730 730 730 720 720 720 720 720 720 720 730 730 730 730
06 21 730 730 720 720 720 720 720 720 730 730 730 730 730 720 720 720 720 720 720 720 730 730 730 730
06 22 730 730 720 720 720 720 720 720 730 730 730 730 730 720 720 720 720 720 730 720 730 730 730 730
06 23 730 730 720 720 720 720 720 720 730 730 730 730 730 720 720 720 720 720 730 720 730 730 730 730
06 24 730 730 720 720 720 720 720 720 730 730 730 730 730 730 720 720 720 720 730 720 730 730 730 730
06 25 730 730 720 720 720 720 720 720 730 730 730 730 730 730 720 720 720 720 730 720 730 730 730 730
06 26 730 730 720 720 720 720 720 720 730 730 730 730 730 730 720 720 720 720 730 730 730 730 730 730
06 27 730 730 730 720 720 720 720 730 730 730 730 730 730 730 720 720 720 730 730 730 730 730 730 730
06 28 730 730 730 730 720 720 720 730 730 730 730 730 730 730 720 730 730 730 730 730 730 730 730 730
06 29 730 730 730 730 730 720 720 730 730 730 730 730 730 730 720 730 730 730 730 730 730 730 730 730
06 30 730 730 730 730 730 720 720 730 730 730 730 730 730 730 720 730 730 730 730 730 730 730 730 730
07 01 730 730 730 730 730 720 720 730 730 730 734 730 730 730 720 730 730 730 730 730 730 730 730 730
07 02 730 730 730 730 730 730 720 730 730 730 739 730 730 730 730 730 730 730 730 730 730 739 739 730
07 03 730 730 730 730 730 730 730 730 730 730 739 730 730 730 730 730 730 730 730 730 730 739 739 730
07 04 730 730 730 730 730 730 730 730 739 739 739 739 739 730 730 730 730 730 730 739 739 739 739 730
07 05 739 730 730 730 730 730 730 730 730 739 739 739 739 730 730 730 730 730 730 739 739 739 739 739
07 06 739 730 730 730 730 730 730 730 730 739 739 739 739 730 730 730 730 730 730 739 739 739 739 739
07 07 739 730 730 730 730 730 730 730 739 739 739 739 739 730 730 730 730 730 730 739 739 739 739 739
07 08 739 730 730 730 730 730 730 730 739 739 739 739 739 730 730 730 730 730 739 739 739 739 739 739
07 09 739 739 730 730 730 730 730 730 739 739 739 739 739 734 730 730 730 730 739 739 739 739 739 739
07 10 739 739 730 730 730 730 730 730 739 739 739 739 739 734 730 730 739 730 739 739 739 739 739 739
07 11 739 739 739 730 730 730 730 730 739 739 739 739 739 734 730 730 739 739 739 739 739 739 739 739
07 12 739 739 739 730 730 730 730 730 739 739 739 739 739 739 730 730 739 739 739 739 739 739 739 739
07 13 739 739 739 730 730 730 730 730 739 739 739 739 739 739 739 730 739 739 739 739 739 739 739 739
07 14 739 739 739 730 730 730 730 730 739 739 750 739 739 739 739 730 739 739 739 739 739 739 739 739
07 15 739 739 739 739 739 730 730 730 739 739 750 750 739 739 739 739 739 739 739 739 739 739 739 739
07 16 739 739 739 739 739 730 730 730 739 739 750 750 739 739 739 739 739 739 739 739 739 739 739 739
07 17 739 739 739 739 739 730 730 739 739 739 750 750 739 739 739 739 739 739 739 739 739 739 739 739
07 18 739 739 739 739 739 739 730 739 739 739 750 750 739 739 739 739 739 739 739 739 739 739 739 739
07 19 739 739 739 739 739 739 739 739 739 750 750 750 739 739 739 739 739 739 739 739 739 750 750 750
07 20 750 739 739 739 739 739 739 739 739 750 750 750 739 739 739 739 739 739 739 739 739 750 750 750
07 21 750 739 739 739 739 739 739 739 739 750 750 750 739 739 739 730 739 739 739 739 739 750 750 750
07 22 750 739 739 739 739 739 739 739 739 750 750 750 739 739 739 739 739 739 739 739 739 750 750 750
07 23 750 739 739 739 739 739 739 739 739 750 750 750 750 739 739 739 739 739 739 739 739 750 750 750
07 24 750 739 739 739 739 739 739 739 739 750 750 750 750 739 739 739 739 739 739 739 739 750 750 750
07 25 750 739 739 739 739 739 739 739 739 750 750 750 750 739 739 739 739 739 739 739 739 750 750 750
07 26 750 739 739 739 739 739 739 739 739 750 750 750 750 739 739 739 739 739 739 739 750 750 750 750
07 27 739 739 739 739 739 739 739 739 739 750 750 750 739 739 739 739 739 739 739 739 750 750 750 750
07 28 750 739 739 739 739 739 739 739 739 750 750 750 739 739 739 730 739 739 739 739 750 750 750 750
07 29 739 739 739 739 739 739 739 739 739 739 750 750 739 739 739 730 739 739 739 739 750 750 750 750
07 30 750 739 739 739 739 739 739 739 739 739 750 739 739 739 739 730 739 739 739 739 750 750 750 739
07 31 739 739 739 739 739 739 734 739 739 739 750 739 739 739 739 730 739 739 739 739 739 750 739 739
08 01 739 739 739 739 739 739 734 739 739 739 750 739 739 739 739 730 739 739 739 739 739 750 739 739
08 02 739 739 739 739 739 739 730 739 739 739 750 739 739 739 739 730 739 739 739 739 739 750 739 739
08 03 739 739 739 739 739 739 730 739 739 739 739 739 739 739 739 730 739 739 734 739 739 739 739 739
08 04 739 739 739 739 739 730 730 734 739 739 739 739 739 739 739 739 739 739 730 739 739 739 739 739
08 05 739 739 739 739 739 730 730 730 739 739 739 739 739 739 739 739 739 739 730 739 739 739 739 739
08 06 739 739 739 739 730 730 730 730 739 739 739 739 739 739 739 739 739 739 730 739 739 739 739 739
08 07 739 739 739 739 739 730 730 730 739 739 739 739 739 739 730 730 730 739 730 739 739 739 739 739
08 08 739 739 739 739 730 730 730 730 739 739 739 739 739 739 730 730 739 739 730 739 739 739 739 739
08 09 739 739 739 739 730 730 730 730 739 739 739 739 739 739 730 730 739 739 730 739 739 739 739 739
08 10 739 739 739 739 739 730 730 730 739 739 750 739 739 739 739 730 739 739 730 739 739 739 739 739
08 11 739 739 739 739 739 739 734 734 739 739 750 739 739 739 739 739 739 739 739 739 739 739 739 739
08 12 739 739 739 739 739 739 739 739 739 739 750 739 739 739 739 739 739 739 739 739 739 739 739 739
08 13 739 739 739 739 739 739 739 739 739 739 750 739 739 739 739 739 739 739 739 739 739 739 739 739
08 14 739 739 739 739 739 739 734 739 739 739 750 739 739 739 739 739 739 739 730 739 739 739 739 739
08 15 739 739 739 739 739 730 734 739 739 739 750 739 739 739 730 734 739 739 730 739 739 739 739 739
08 16 739 739 739 739 739 730 730 739 739 739 739 739 739 734 730 730 734 734 730 739 739 739 739 739
08 17 739 739 739 739 739 730 730 734 739 739 739 739 739 739 730 730 739 730 730 739 739 739 739 739
08 18 739 739 739 739 739 730 730 730 739 739 739 739 739 730 730 730 730 730 730 739 739 739 739 739
08 19 739 739 739 739 734 730 730 730 739 739 739 739 739 730 730 730 730 730 730 739 739 739 739 739
08 20 739 739 739 739 730 730 730 730 739 739 739 739 739 730 730 730 730 730 730 739 739 739 739 739
08 21 739 739 739 739 734 730 730 730 739 739 739 739 739 730 730 730 730 730 730 739 739 739 739 739
08 22 739 739 739 739 730 730 730 730 739 739 739 739 739 730 730 730 730 730 730 739 739 739 739 739
08 23 739 739 739 739 730 730 730 730 739 739 739 739 730 730 730 730 730 730 730 739 739 739 739 739
08 24 739 739 739 739 730 730 730 730 739 739 739 739 730 730 730 730 730 730 730 730 739 739 739 739
08 25 739 739 730 730 730 730 730 730 739 739 739 739 730 730 730 730 730 730 730 730 730 739 739 739
08 26 730 734 730 730 730 730 730 730 730 739 739 739 730 730 730 730 730 730 730 730 730 739 739 739
08 27 730 730 730 730 730 730 730 730 730 739 739 739 730 730 730 730 730 730 730 730 730 739 739 739
08 28 730 730 730 730 730 730 730 730 730 739 739 739 730 730 730 730 730 730 730 730 730 739 739 734
08 29 730 730 730 730 730 730 730 730 730 730 739 739 730 730 730 730 730 730 730 730 730 739 739 730
08 30 730 730 730 730 730 720 730 730 730 730 739 739 730 730 720 730 730 730 730 730 730 730 734 730
08 31 730 730 730 730 720 720 720 730 730 730 739 739 730 730 720 720 730 730 730 730 730 730 730 730
09 01 730 730 730 730 720 720 720 720 730 730 730 730 730 730 720 720 720 730 730 730 730 730 730 730
09 02 730 730 730 720 720 720 720 720 730 730 730 730 730 720 720 720 720 720 730 730 730 730 730 730
09 03 730 730 730 720 720 720 720 720 730 730 730 730 730 720 720 720 720 720 730 730 730 730 730 730
09 04 730 730 720 720 720 720 720 720 730 730 730 730 730 720 720 720 720 720 730 730 730 730 730 730
09 05 730 730 720 720 720 720 720 720 720 730 730 730 720 720 720 720 720 720 720 730 730 730 730 730
09 06 730 730 720 720 720 720 720 720 720 730 730 730 720 720 720 720 720 720 720 730 730 730 730 730
09 07 730 720 720 720 720 720 720 720 720 730 730 730 720 720 720 720 720 720 720 730 730 730 730 720
09 08 730 720 720 720 720 720 720 720 720 730 730 730 720 720 720 720 720 720 720 720 730 730 730 720
09 09 730 720 720 720 720 720 711 720 720 720 730 730 720 720 716 711 720 720 720 720 730 730 730 720
09 10 730 720 720 720 720 711 711 711 720 720 730 730 720 720 711 711 720 720 720 720 730 730 730 720
09 11 730 720 720 720 720 711 711 711 720 720 730 720 720 720 711 711 711 720 720 720 730 730 720 720
09 12 730 720 720 720 711 711 711 711 720 720 720 720 716 716 711 711 711 720 720 720 730 720 720 720
09 13 720 720 720 720 711 711 711 711 720 720 720 720 716 711 711 711 711 720 720 720 720 730 720 720
09 14 720 720 720 720 716 711 711 711 720 720 720 720 720 716 711 711 711 720 720 720 730 730 720 720
09 15 720 720 720 720 720 711 711 711 720 720 720 720 720 720 711 711 711 720 720 720 720 720 720 720
09 16 720 720 711 711 711 711 711 711 720 720 720 720 720 716 711 711 711 720 720 720 720 720 720 720
09 17 720 720 711 711 711 711 711 711 720 720 720 720 720 720 711 711 711 720 720 720 720 720 720 720
09 18 720 720 711 711 711 711 711 711 720 720 720 720 720 720 711 711 711 720 720 720 720 720 720 720
09 19 720 720 711 711 711 711 711 711 720 720 720 720 716 720 711 711 711 720 720 720 720 720 720 720
09 20 720 711 711 711 711 711 711 711 716 720 720 720 716 720 711 711 711 720 720 720 720 720 720 720
09 21 720 711 711 711 711 711 711 711 711 720 720 720 711 716 711 711 711 720 720 720 720 720 720 720
09 22 720 711 711 711 711 711 711 711 711 720 720 720 711 716 711 711 711 720 711 720 720 720 711 711
09 23 711 711 711 711 711 711 711 711 711 711 720 720 711 711 711 711 711 711 711 720 720 720 711 711
09 24 711 711 711 711 700 700 711 711 711 711 720 720 711 711 711 711 711 711 711 711 720 720 711 711
09 25 711 711 700 700 700 700 700 700 700 711 716 711 711 711 711 700 700 711 711 711 720 711 711 711
09 26 711 700 700 700 700 700 700 700 700 711 711 711 711 711 711 700 700 700 711 711 711 711 711 711
09 27 700 700 700 700 700 700 698 700 700 711 711 711 711 700 700 700 700 700 700 711 711 711 711 711
09 28 700 700 700 700 700 700 698 700 700 711 711 711 711 700 700 700 700 700 700 711 711 700 700 700
09 29 700 700 700 700 691 691 691 691 700 700 711 711 700 700 700 700 700 700 700 700 700 700 700 700
09 30 700 700 691 691 691 691 691 691 700 700 711 711 700 700 700 700 691 700 700 700 700 700 700 700
10 01 700 691 691 691 691 691 691 691 700 700 711 711 700 700 700 691 691 691 700 700 700 700 700 700
10 02 700 691 691 691 691 691 691 691 700 700 711 711 700 700 700 691 691 691 700 700 700 700 700 691
10 03 691 691 691 691 691 691 691 691 691 700 700 700 700 700 700 691 691 691 691 700 700 700 700 691
10 04 691 691 691 691 691 691 691 691 691 700 700 700 691 700 691 691 691 691 691 700 700 700 691 691
10 05 691 691 691 691 691 691 691 691 691 700 700 700 691 691 691 691 691 691 691 700 700 700 691 691
10 06 691 691 691 691 691 691 680 691 691 698 700 700 691 691 691 691 691 691 691 700 700 700 691 691
10 07 691 691 691 691 680 680 680 680 691 691 700 700 691 691 691 680 680 691 691 691 691 691 691 691
10 08 691 691 680 680 680 680 680 680 680 691 691 691 691 680 691 680 680 680 691 691 691 691 691 680
10 09 691 691 680 680 680 680 680 680 680 691 691 691 680 680 680 680 680 680 691 691 691 691 691 691
10 10 691 691 680 680 680 680 680 680 680 691 691 691 680 680 680 680 680 680 691 691 691 691 691 680
10 11 691 680 680 680 680 680 680 680 680 680 691 691 680 680 680 680 680 680 691 691 691 691 680 669
10 12 680 669 669 680 669 669 669 669 669 680 680 680 680 680 669 680 680 680 680 680 680 680 669 669
10 13 669 669 669 669 669 669 669 669 669 669 680 680 680 669 669 669 680 680 680 680 680 669 669 669
10 14 669 669 660 660 660 660 660 660 660 669 680 680 680 669 669 669 669 669 669 669 680 669 669 669
10 15 662 660 660 660 660 660 660 660 660 669 680 669 669 669 669 669 669 669 669 669 669 669 669 662
10 16 660 660 660 660 660 660 660 660 660 669 680 669 669 669 669 669 669 669 669 669 669 662 660 660
10 17 660 660 660 660 649 649 660 649 660 669 669 669 669 669 660 660 660 660 660 669 660 660 660 660
10 18 660 649 649 649 649 649 649 649 660 660 669 669 669 669 660 660 660 660 660 660 660 660 660 660
10 19 660 649 649 649 649 649 649 649 660 660 669 669 669 669 660 660 660 660 660 662 660 660 660 660
10 20 649 649 649 649 649 649 649 649 649 660 669 669 669 669 660 660 660 660 660 662 660 660 660 660
10 21 649 649 649 649 649 640 640 644 649 660 669 669 669 669 660 660 660 660 660 662 660 660 660 660
10 22 649 649 649 649 649 640 640 640 649 660 669 669 669 669 660 660 660 660 660 669 660 660 660 660
10 23 649 649 649 649 649 640 640 644 649 660 669 669 669 669 660 660 660 660 660 669 660 660 660 649
10 24 649 649 640 640 649 640 640 644 649 660 669 669 669 669 660 660 660 660 660 660 660 660 660 649
10 25 649 649 640 640 640 640 640 640 649 660 669 669 669 660 660 660 660 660 660 660 660 660 649 649
10 26 649 649 640 640 640 640 640 640 640 649 660 662 669 660 660 660 660 660 660 660 660 660 649 649
10 27 649 640 640 640 640 640 640 640 640 649 660 660 660 660 660 660 660 660 660 660 649 649 649 649
10 28 649 649 640 640 640 640 640 640 640 649 660 660 660 660 649 649 660 649 649 649 649 649 649 649
10 29 649 640 640 640 640 640 640 640 640 649 660 660 660 660 649 649 660 660 660 649 649 649 649 649
10 30 649 640 640 640 640 640 640 640 640 649 649 660 660 660 649 649 649 649 649 649 649 649 649 649
10 31 649 640 640 640 640 640 640 640 640 649 649 660 660 649 649 649 649 649 649 649 649 649 649 649
11 01 649 640 640 640 640 640 640 640 640 649 649 660 660 649 649 649 649 660 660 649 649 649 649 640
11 02 649 640 640 640 640 640 640 640 640 640 649 660 660 649 649 649 660 649 660 649 649 649 640 640
11 03 649 640 640 640 640 640 640 640 640 640 649 649 649 649 649 649 649 649 649 649 649 640 640 640
11 04 649 640 630 630 630 630 630 630 630 640 649 649 649 640 649 649 644 640 649 640 649 640 640 630
11 05 649 630 630 621 621 621 621 621 630 630 640 640 649 640 644 640 640 640 640 640 640 630 630 630
11 06 630 630 621 621 621 621 621 621 630 630 640 640 640 640 640 640 640 640 640 640 630 630 630 621
11 07 630 621 621 621 621 621 610 610 621 630 640 640 640 640 640 640 640 630 640 640 630 630 621 621
11 08 630 621 621 610 610 610 610 610 621 630 640 640 640 640 640 640 630 630 630 640 630 630 630 621
11 09 630 621 621 621 621 610 610 610 621 630 640 640 640 640 640 630 630 630 630 630 630 630 630 621
11 10 630 621 621 610 610 610 610 610 621 621 630 640 640 630 630 630 630 630 630 630 630 630 621 621
11 11 621 610 610 610 610 610 610 608 610 621 630 630 640 630 630 630 630 630 630 630 630 630 621 621
11 12 621 610 610 610 610 610 608 601 610 621 630 630 630 630 630 630 630 630 630 630 630 630 621 621
11 13 621 610 610 610 610 610 601 601 610 621 630 630 630 630 630 630 621 630 630 630 621 630 621 621
11 14 621 610 610 610 610 608 601 601 610 621 630 630 630 630 630 630 630 630 630 630 630 630 621 621
11 15 621 610 610 610 610 610 601 601 610 621 630 630 630 630 630 630 630 630 630 630 630 621 621 621
11 16 621 610 610 610 610 601 601 601 601 610 621 630 630 630 630 630 621 630 630 630 630 621 621 621
11 17 621 610 610 610 610 608 601 601 601 610 621 621 626 630 621 621 621 621 630 630 621 621 621 621
11 18 621 610 610 610 610 610 601 601 601 610 621 626 630 630 621 621 621 621 630 630 621 621 621 621
11 19 621 610 610 610 610 610 601 601 601 610 621 621 626 630 621 621 621 621 630 630 621 621 621 621
11 20 621 610 610 610 610 610 601 601 610 610 621 621 621 630 621 621 621 630 630 630 630 621 621 621
11 21 621 621 621 621 621 621 610 610 621 621 621 630 630 630 630 626 621 630 630 630 630 621 621 621
11 22 630 621 621 621 621 621 610 610 621 621 621 626 630 630 630 626 621 630 630 630 630 621 621 621
11 23 630 621 621 621 621 621 610 610 621 621 621 621 626 630 630 621 621 626 630 630 630 621 621 621
11 24 621 621 621 621 621 621 621 610 621 621 621 621 621 630 630 621 621 621 630 630 621 621 621 621
11 25 621 621 621 621 621 621 610 610 610 621 621 621 621 621 621 621 621 621 630 630 621 621 621 621
11 26 621 621 621 621 621 621 610 610 610 610 621 621 621 621 621 621 621 621 630 630 621 621 621 621
11 27 621 621 621 621 621 621 610 610 610 610 621 621 621 621 621 621 621 621 621 630 621 621 621 621
11 28 621 621 621 621 621 610 610 610 610 610 621 610 621 621 621 621 621 621 621 621 621 621 621 610
11 29 621 621 621 621 621 610 610 610 608 610 610 610 610 621 621 610 610 610 610 610 610 610 610 610
11 30 610 610 621 610 621 610 610 601 601 610 610 610 610 610 610 610 610 610 610 610 610 610 610 610
12 01 610 610 621 610 621 610 610 601 601 610 610 610 610 610 610 610 610 610 610 610 610 610 610 610
12 02 610 610 610 610 610 601 601 601 601 608 610 610 610 610 610 610 610 610 601 610 610 610 610 610
12 03 610 610 610 601 601 601 601 601 601 601 610 610 610 610 610 601 601 610 601 610 610 610 610 601
12 04 610 610 601 601 601 601 590 601 590 601 601 608 601 610 601 601 601 601 601 601 601 601 601 601
12 05 601 601 601 590 601 590 590 590 590 590 601 601 601 601 590 590 590 590 590 590 590 590 590 590
12 06 590 590 579 579 579 579 590 590 590 590 590 601 601 590 590 579 579 590 590 590 590 590 590 579
12 07 590 579 579 579 579 579 590 590 590 590 590 601 601 590 579 579 579 590 590 590 590 590 590 579
12 08 590 579 572 570 570 579 579 579 579 579 579 590 590 590 579 579 579 579 590 590 579 579 579 579
12 09 570 570 570 570 570 570 570 570 570 572 579 590 590 579 579 579 579 590 590 590 590 579 579 579
12 10 570 570 570 570 570 570 570 570 579 572 579 590 579 579 579 579 579 590 590 590 590 579 579 579
12 11 570 570 570 570 559 570 559 570 570 570 579 590 579 579 579 579 579 579 590 590 579 579 579 570
12 12 559 559 559 559 559 559 559 559 570 559 570 579 579 570 570 579 579 579 579 579 579 579 579 570
12 13 559 559 559 559 559 559 550 554 559 559 570 579 579 570 570 579 579 579 579 579 579 572 579 570
12 14 550 559 554 559 559 559 550 550 550 559 570 579 579 570 570 579 579 579 579 579 579 572 570 559
12 15 550 559 559 559 559 559 550 559 559 559 570 572 570 570 570 579 579 579 579 579 579 572 570 559
12 16 559 559 559 559 559 559 559 559 570 559 572 579 579 570 579 579 579 579 579 579 579 570 570 559
12 17 559 559 550 559 559 559 554 554 550 559 570 570 570 570 579 579 579 579 579 590 579 579 570 559
12 18 559 559 550 550 550 559 550 550 550 550 559 570 570 570 579 579 579 579 579 590 579 579 579 559
12 19 559 559 554 559 550 559 550 554 550 550 559 570 570 570 579 579 579 579 590 590 579 579 579 570
12 20 559 559 554 559 550 559 554 554 550 559 559 570 570 570 579 579 590 579 590 590 579 579 579 570
12 21 550 559 554 559 550 559 559 554 550 559 559 570 570 579 579 579 590 590 590 590 579 579 570 559
12 22 550 559 550 550 550 550 559 550 550 550 559 559 559 570 579 579 579 579 579 579 579 579 570 559
12 23 550 559 550 550 540 550 550 550 550 550 559 559 559 570 579 579 579 579 579 579 579 579 570 559
12 24 559 559 550 550 540 550 559 550 554 559 570 570 559 570 579 579 579 579 579 579 579 579 570 559
12 25 559 559 550 550 540 550 550 550 554 559 570 559 559 570 579 579 579 579 579 579 579 579 570 559
12 26 559 559 550 550 550 559 559 550 559 559 570 570 570 579 579 579 579 579 579 579 579 579 570 559
12 27 559 559 550 550 540 559 559 559 559 559 570 579 579 579 579 579 579 579 579 579 579 579 570 559
12 28 559 559 550 550 550 550 559 559 559 559 570 570 579 579 579 579 579 579 579 579 579 579 570 559
12 29 559 559 559 550 550 559 559 559 559 559 579 579 579 579 579 579 579 590 579 579 579 579 570 570
12 30 559 559 559 550 550 550 559 559 559 559 579 579 579 579 579 590 579 590 590 579 579 579 570 570
12 31 559 559 559 550 550 550 559 559 559 570 579 579 579 579 579 590 590 590 590 590 590 579 579 570
