01 01 630 630 640 640 640 630 630 630 630 640 649 660 660 660 660 660 649 649 640 640 640 640 630 630
01 02 630 630 630 640 630 630 630 630 630 640 649 660 649 660 660 660 649 649 640 640 640 640 630 630
01 03 630 630 630 640 630 630 630 630 630 640 649 660 649 660 649 649 649 649 640 640 640 640 630 630
01 04 630 630 630 630 630 630 630 630 630 640 649 660 649 660 649 649 649 649 640 640 640 640 630 630
01 05 630 630 630 630 630 630 630 630 630 640 649 660 649 649 649 649 649 640 640 640 640 640 630 630
01 06 630 630 630 630 630 630 630 630 630 640 649 649 649 649 649 640 649 640 640 630 630 630 630 630
01 07 630 630 630 630 630 630 630 630 630 640 649 649 649 649 649 640 640 640 640 630 630 630 630 630
01 08 630 630 630 621 621 621 621 621 621 630 640 644 640 649 649 640 640 640 630 630 626 630 630 630
01 09 621 630 630 621 621 621 621 610 621 630 640 640 640 640 640 630 640 630 630 621 621 621 621 621
01 10 621 621 621 621 610 621 610 610 621 630 640 640 640 640 640 630 630 630 621 621 621 621 621 621
01 11 610 621 621 610 610 610 601 601 610 621 630 640 640 630 630 630 630 630 621 621 621 621 621 610
01 12 610 610 621 610 610 610 601 601 610 621 630 640 630 630 630 630 630 630 621 621 621 621 621 610
01 13 610 610 621 610 610 610 601 601 610 621 630 640 630 630 630 630 630 630 621 621 621 621 621 621
01 14 621 610 621 610 610 610 601 601 610 621 630 640 630 630 630 621 630 630 621 610 610 621 621 610
01 15 610 610 621 610 610 601 601 601 610 621 630 640 630 630 630 630 630 630 621 610 621 621 621 610
01 16 610 610 621 610 610 610 601 601 610 621 640 640 630 630 630 630 630 630 626 621 621 621 621 621
01 17 621 621 621 610 610 610 610 610 610 630 640 640 640 630 640 630 630 630 630 621 621 621 621 621
01 18 621 621 621 610 610 610 601 601 610 630 640 640 630 630 630 630 630 630 626 621 621 621 621 621
01 19 621 621 621 610 610 610 610 610 610 630 640 640 630 630 630 630 630 630 621 610 621 621 621 621
01 20 621 621 621 610 610 610 610 610 610 630 640 640 630 630 630 630 630 630 621 610 621 621 621 610
01 21 610 610 610 610 610 610 601 601 610 621 640 630 630 630 630 630 630 630 621 621 621 621 621 621
01 22 621 621 621 610 610 610 610 610 610 630 640 640 640 640 640 640 640 630 630 621 630 621 621 621
01 23 621 621 621 621 610 621 610 610 621 630 640 640 640 640 640 640 640 640 640 630 630 630 630 630
01 24 621 630 621 621 621 621 610 610 621 630 640 640 640 640 640 640 640 640 640 630 630 630 630 630
01 25 621 621 621 621 621 621 621 610 621 630 640 649 640 640 640 640 640 640 640 630 630 630 630 630
01 26 621 630 621 621 621 621 621 621 621 630 640 649 640 640 640 640 649 640 640 630 630 630 630 630
01 27 621 621 621 621 621 621 621 621 621 630 649 649 644 640 649 649 649 649 640 630 630 630 630 630
01 28 621 630 630 621 621 621 621 621 621 630 640 644 644 640 649 640 649 640 640 630 630 630 630 630
01 29 621 630 630 626 621 621 621 621 621 630 640 640 640 640 649 640 649 640 640 630 630 630 630 630
01 30 621 621 621 621 621 621 621 621 621 630 640 640 640 640 640 640 640 640 640 630 630 630 630 621
01 31 621 621 621 621 610 621 621 621 621 630 640 640 640 640 640 640 640 640 630 630 630 630 630 621
02 01 621 621 621 621 610 621 621 621 621 630 640 640 640 640 640 640 640 640 630 630 630 630 630 630
02 02 621 621 630 621 621 621 621 621 621 630 640 640 640 640 649 640 649 640 640 630 630 640 630 630
02 03 621 630 630 630 621 621 621 621 621 630 649 644 644 649 649 649 649 649 640 640 640 640 640 630
02 04 630 630 630 630 621 621 621 621 621 630 640 640 640 640 649 649 649 640 640 630 630 640 640 630
02 05 630 630 630 630 621 621 621 621 621 630 640 640 640 640 649 640 649 640 640 630 630 640 640 630
02 06 630 630 630 626 621 621 621 621 621 630 640 640 640 640 649 640 640 640 640 630 630 640 630 630
02 07 630 630 630 630 630 630 630 630 630 630 640 640 640 649 649 640 649 640 640 630 630 640 640 630
02 08 630 640 640 640 630 630 640 630 630 640 649 649 649 649 649 649 649 649 640 640 640 649 649 640
02 09 640 640 640 640 630 630 640 630 640 640 649 644 649 649 649 649 649 649 640 640 640 640 640 640
02 10 640 640 640 640 630 630 630 630 630 630 640 640 640 649 649 649 649 649 640 640 640 640 640 640
02 11 640 640 640 640 630 630 630 630 630 630 640 640 649 649 649 649 649 649 640 640 640 640 640 630
02 12 630 640 640 640 630 630 630 630 630 640 640 649 649 649 649 649 649 649 640 640 640 640 640 630
02 13 630 640 630 630 630 630 630 630 630 640 640 649 649 649 649 649 649 649 649 640 640 640 640 630
02 14 640 640 640 630 630 630 630 630 640 649 649 649 649 660 660 649 649 649 649 649 640 640 644 640
02 15 640 640 640 640 640 640 640 630 640 649 649 649 649 660 660 649 649 649 649 649 640 649 649 640
02 16 640 640 640 640 640 640 640 630 640 649 649 649 649 660 649 649 649 649 649 640 640 640 640 640
02 17 640 640 640 640 640 640 640 630 640 649 649 649 649 649 649 649 649 649 649 640 640 640 640 640
02 18 640 640 640 640 630 630 630 630 640 649 649 649 649 649 649 649 649 649 649 640 640 640 640 640
02 19 640 640 640 640 640 640 640 630 640 649 649 649 649 649 649 649 649 649 649 649 640 640 640 640
02 20 640 640 640 640 640 640 640 640 640 649 649 649 649 660 660 660 660 660 649 649 649 649 649 649
02 21 640 640 640 640 640 640 640 640 640 649 649 660 649 660 660 660 660 660 649 649 649 649 644 649
02 22 640 640 640 640 640 640 640 640 640 649 649 649 649 649 649 649 649 649 649 649 649 640 640 640
02 23 640 640 640 630 640 640 630 640 640 649 649 649 649 649 649 649 649 649 649 649 640 640 640 640
02 24 640 640 630 630 630 640 630 630 640 649 649 649 649 649 649 649 649 649 649 649 640 640 640 640
02 25 640 640 640 630 640 640 640 640 640 649 660 649 649 649 649 649 649 649 649 649 640 640 640 640
02 26 640 640 640 630 640 640 640 640 640 649 660 660 649 649 649 660 649 649 649 649 640 640 640 649
02 27 640 640 640 640 640 640 640 644 649 660 660 660 660 660 660 660 660 660 649 649 649 649 640 649
02 28 649 649 640 640 640 640 640 649 649 660 662 660 660 660 660 660 660 649 649 649 649 649 640 649
03 01 649 649 644 640 649 649 649 649 649 660 669 669 660 660 669 669 660 660 660 660 649 649 649 649
03 02 649 649 649 649 649 649 649 649 660 660 669 669 660 669 669 669 660 660 660 660 649 649 649 649
03 03 649 660 649 649 649 649 649 649 660 669 669 669 660 669 669 669 669 660 660 660 660 649 649 660
03 04 660 660 660 660 649 649 649 649 660 669 669 669 669 669 669 669 669 669 669 660 660 660 649 660
03 05 660 660 660 660 660 660 660 660 660 669 669 669 669 669 669 669 669 669 669 669 660 660 660 660
03 06 660 660 660 660 660 660 660 660 662 669 680 669 669 669 669 669 669 669 669 669 660 660 660 660
03 07 660 660 660 660 660 660 660 660 660 669 669 669 669 669 669 669 669 669 669 669 660 660 660 660
03 08 660 660 660 660 660 660 660 660 662 669 669 669 669 669 669 669 669 669 669 669 660 660 660 660
03 09 660 660 660 660 660 660 660 660 662 669 669 669 669 669 669 669 680 669 669 669 660 660 660 660
03 10 660 660 660 660 660 660 660 660 669 669 680 669 669 669 680 680 680 669 669 669 660 660 660 660
03 11 660 669 660 660 660 660 660 660 669 669 680 680 680 680 680 680 680 669 669 669 660 660 660 669
03 12 669 669 669 669 660 660 660 660 669 669 680 680 680 680 680 680 680 669 669 669 660 660 660 669
03 13 669 669 669 660 660 660 660 660 669 669 680 680 680 680 680 680 680 669 669 669 660 660 660 660
03 14 669 669 669 660 660 660 660 660 669 669 680 680 680 680 680 669 669 669 669 669 660 660 660 660
03 15 662 660 669 660 660 660 660 660 669 669 680 680 680 680 680 669 669 669 669 669 660 660 660 660
03 16 669 669 669 669 660 660 660 660 669 669 680 669 680 669 669 669 669 669 669 662 660 660 660 660
03 17 660 660 669 660 660 660 660 660 669 669 680 669 669 669 669 669 669 669 669 662 660 660 660 660
03 18 660 660 669 660 660 660 660 660 669 669 680 669 680 680 680 669 669 669 669 669 669 660 660 660
03 19 660 660 669 669 660 660 660 660 669 669 680 669 680 669 680 669 669 669 669 669 669 669 660 660
03 20 660 660 669 669 660 660 660 660 669 680 680 680 680 669 680 669 669 669 669 669 669 669 660 660
03 21 660 660 669 669 669 660 662 669 669 680 680 680 680 680 680 680 680 680 680 669 669 669 669 669
03 22 669 669 669 669 669 669 669 669 669 680 680 680 680 680 680 680 680 680 680 680 669 669 669 669
03 23 669 669 669 669 669 669 669 669 680 680 680 680 680 680 680 680 680 680 680 680 680 669 680 669
03 24 669 669 669 669 669 669 669 669 680 680 680 680 680 680 680 680 680 680 680 680 680 669 680 669
03 25 669 669 680 669 680 669 669 669 680 680 680 680 680 680 680 680 680 680 680 680 680 680 680 680
03 26 680 669 680 669 669 669 669 669 680 680 680 680 680 680 680 691 680 680 680 680 680 680 680 680
03 27 680 680 680 680 680 669 669 669 680 680 680 691 691 691 691 691 691 680 680 680 680 680 680 680
03 28 680 680 680 680 680 680 669 680 680 691 691 691 691 691 691 691 691 691 691 691 680 691 680 680
03 29 680 680 680 680 680 680 680 680 691 691 691 691 691 691 691 691 691 691 691 691 691 691 691 691
03 30 691 691 680 680 680 680 680 680 691 691 691 691 691 691 691 691 691 691 691 691 691 691 691 691
03 31 691 691 680 680 680 680 680 680 691 691 691 691 691 691 691 691 691 691 691 691 691 691 691 691
04 01 691 691 691 680 680 680 680 680 691 700 700 691 700 698 691 691 691 691 691 691 691 691 691 691
04 02 691 691 691 691 680 680 680 691 691 700 700 698 700 700 700 691 698 700 691 691 691 691 691 691
04 03 691 691 691 691 691 691 680 691 691 700 700 700 700 700 700 700 700 700 691 691 691 691 691 691
04 04 691 691 691 691 691 691 691 691 691 700 700 698 700 700 700 700 700 700 700 691 691 691 691 691
04 05 691 691 691 691 691 691 680 691 691 700 700 700 700 700 700 691 698 700 691 691 691 691 691 691
04 06 691 691 691 691 680 680 680 691 700 700 700 700 700 700 700 691 700 700 691 691 691 691 691 691
04 07 691 691 691 680 680 691 680 691 700 700 700 700 700 700 700 700 700 700 700 691 691 691 691 691
04 08 691 691 691 691 691 691 691 691 700 700 700 700 700 700 700 700 700 700 700 700 700 691 691 700
04 09 691 691 691 691 691 691 691 691 700 700 700 700 700 700 700 700 700 700 700 700 700 691 700 700
04 10 691 691 691 691 691 691 691 691 700 700 700 700 711 700 700 700 700 700 700 700 700 691 700 700
04 11 691 691 691 691 691 691 691 691 700 700 700 700 700 700 700 700 700 700 700 700 700 691 700 700
04 12 700 691 691 691 691 691 691 700 700 700 700 711 711 700 700 700 700 700 700 700 700 700 700 700
04 13 700 691 691 691 691 691 691 700 700 700 700 700 711 700 700 700 700 700 700 700 700 700 700 700
04 14 700 691 691 691 691 691 691 700 700 711 700 711 711 700 700 700 700 700 700 700 700 700 700 700
04 15 700 700 700 700 691 691 691 700 711 711 711 711 711 711 711 711 711 711 711 711 700 700 700 711
04 16 711 700 700 700 700 700 700 700 711 711 711 711 711 711 711 711 711 711 711 711 711 711 711 711
04 17 711 700 700 700 700 700 700 700 711 711 711 711 711 711 711 711 711 711 711 711 711 711 711 711
04 18 711 700 711 700 700 700 700 711 711 711 711 711 711 711 711 711 711 711 711 711 711 711 711 711
04 19 711 711 711 711 700 700 700 711 711 711 711 711 711 716 720 711 711 711 711 711 711 711 711 711
04 20 711 711 711 711 711 700 700 711 720 711 720 720 720 720 720 720 720 711 711 711 711 711 711 711
04 21 711 711 711 711 711 711 711 711 720 711 720 720 720 720 720 720 720 720 720 711 711 720 720 720
04 22 711 711 711 711 711 711 711 720 720 720 720 720 720 720 720 720 720 720 720 720 720 720 720 720
04 23 720 711 711 711 711 711 711 720 730 720 720 720 720 720 720 720 720 720 720 720 720 720 720 720
04 24 720 711 711 711 711 711 711 720 730 720 720 720 720 720 720 720 720 720 720 720 720 720 720 720
04 25 720 720 720 711 711 711 711 720 730 720 730 720 720 730 720 730 730 720 720 720 720 720 720 720
04 26 720 720 720 720 720 711 711 720 730 730 730 720 730 730 720 730 730 720 720 720 720 720 720 720
04 27 720 720 720 720 720 720 720 730 730 730 730 720 730 730 730 730 730 720 720 720 730 730 730 730
04 28 730 720 720 720 720 720 720 730 730 730 730 730 730 730 730 730 730 730 720 730 730 730 730 730
04 29 730 720 720 720 720 720 720 730 730 730 730 730 730 730 730 730 730 730 730 730 730 730 730 730
04 30 730 730 720 720 720 720 720 730 730 730 730 730 730 730 730 730 730 730 730 730 730 730 730 730
05 01 730 730 720 730 720 720 720 730 739 739 739 730 730 730 739 739 730 730 730 730 730 730 730 730
05 02 730 730 730 730 720 720 720 730 739 739 739 734 739 730 739 739 739 739 730 730 730 730 730 730
05 03 730 730 730 730 730 730 730 739 739 739 739 739 739 739 739 739 739 739 739 730 730 739 730 730
05 04 730 730 730 730 730 730 730 739 739 739 739 739 739 739 739 739 739 739 739 730 730 739 730 730
05 05 730 730 730 730 730 730 730 739 739 739 739 739 739 739 739 739 739 739 739 739 739 739 730 734
05 06 730 730 730 730 730 730 730 739 739 739 739 739 739 739 739 739 739 739 739 739 739 739 730 730
05 07 730 730 730 730 730 730 730 739 739 739 739 739 739 739 739 739 739 739 739 739 739 739 730 730
05 08 730 730 730 730 730 730 730 739 739 739 739 739 739 739 739 739 739 739 739 739 739 739 730 730
05 09 730 739 739 739 730 730 730 739 739 739 739 739 739 739 739 750 739 739 739 739 739 739 739 739
05 10 739 739 739 739 730 730 730 739 739 739 739 739 739 739 739 750 750 750 739 739 739 739 739 739
05 11 739 739 739 739 730 730 730 739 739 739 739 739 739 750 750 750 750 750 739 739 739 739 739 739
05 12 739 739 739 739 730 730 730 739 739 739 739 739 739 750 750 750 750 750 739 739 739 739 739 739
05 13 739 739 739 739 730 730 730 739 739 739 739 739 739 750 750 750 750 750 739 739 739 739 739 739
05 14 739 739 739 739 730 730 739 739 739 739 739 739 739 750 750 750 750 750 739 739 739 739 739 739
05 15 739 739 730 730 730 730 730 739 739 739 739 739 739 739 739 739 739 739 739 739 739 739 739 739
05 16 739 739 730 730 730 730 730 739 739 739 739 739 739 739 739 739 739 739 739 739 739 739 739 739
05 17 739 739 739 730 730 730 730 739 750 739 739 739 739 739 739 739 739 739 739 739 739 739 739 739
05 18 739 739 739 739 730 730 739 750 750 739 739 739 739 739 739 739 739 739 739 739 739 739 739 739
05 19 739 739 739 739 730 739 739 750 750 739 739 739 739 750 739 750 750 750 739 739 739 739 739 739
05 20 739 739 739 739 739 739 739 750 750 739 739 739 739 750 739 750 750 750 739 739 739 739 739 739
05 21 739 739 739 739 739 739 739 750 750 750 739 739 739 750 750 750 750 750 739 739 739 739 739 739
05 22 739 739 739 739 739 739 739 750 750 750 739 739 739 750 750 750 750 750 739 739 739 739 739 739
05 23 739 739 739 739 739 739 739 750 750 750 750 750 750 750 750 750 750 750 750 750 750 739 750 750
05 24 739 739 739 739 739 739 739 759 750 750 750 750 750 750 750 750 750 750 750 750 750 750 750 750
05 25 750 739 739 739 739 739 739 759 759 750 750 750 750 750 750 750 750 750 750 750 750 750 750 750
05 26 750 739 750 739 739 739 739 759 759 750 750 750 750 750 750 750 750 750 750 750 750 750 750 750
05 27 750 750 750 750 739 750 750 759 759 759 750 750 750 750 759 759 759 750 750 750 750 750 750 750
05 28 750 750 750 750 750 750 750 759 759 759 759 759 759 750 759 759 759 750 750 750 750 750 750 750
05 29 750 750 750 750 750 750 750 759 759 759 759 759 759 759 759 759 759 759 750 759 759 759 759 759
05 30 759 750 750 750 750 750 750 770 770 770 759 759 759 759 759 759 759 759 759 759 759 759 759 759
05 31 759 759 750 750 750 750 759 770 770 770 759 759 759 759 770 770 759 759 759 759 759 759 759 759
06 01 759 759 759 759 750 750 759 770 770 770 759 759 759 759 770 770 759 759 759 759 759 759 759 759
06 02 759 759 759 759 759 759 759 770 770 770 770 759 770 759 770 770 770 759 759 759 759 770 770 759
06 03 759 759 759 759 759 759 759 770 770 770 770 759 770 770 770 770 770 770 759 759 770 770 770 770
06 04 770 759 759 759 759 759 759 770 770 770 770 770 770 770 770 770 770 770 759 759 770 770 770 770
06 05 770 759 759 759 759 759 759 770 770 770 770 770 770 770 770 770 770 770 759 759 770 770 770 770
06 06 770 759 770 770 759 759 759 770 770 770 770 770 770 770 770 770 770 770 770 770 770 770 770 770
06 07 770 770 770 770 759 759 759 770 770 770 770 770 770 770 770 770 770 770 770 770 770 770 770 770
06 08 770 770 770 770 759 759 759 781 781 770 770 770 770 770 770 770 770 770 770 770 770 770 770 770
06 09 770 770 770 770 759 759 759 781 781 770 770 770 770 770 770 770 770 770 770 770 770 770 770 770
06 10 770 770 770 770 759 759 759 781 781 770 770 770 770 770 770 770 770 770 770 770 770 770 770 770
06 11 770 770 770 770 759 759 759 781 781 770 770 770 770 770 770 770 770 770 770 770 770 770 770 770
06 12 770 770 770 770 759 759 759 781 781 781 770 770 770 770 770 770 770 770 770 770 770 770 770 770
06 13 770 770 770 770 759 759 770 781 781 781 770 770 770 770 770 770 770 770 770 770 770 770 770 770
06 14 770 770 770 770 759 759 770 781 781 781 770 770 770 770 770 770 770 770 770 770 770 770 770 770
06 15 770 770 770 770 759 759 770 781 781 781 770 770 770 770 770 770 770 770 770 770 770 770 770 770
06 16 770 770 770 759 759 759 759 781 781 781 770 770 770 770 770 770 770 770 770 770 770 770 770 770
06 17 770 770 770 759 759 759 759 781 781 781 770 770 770 770 770 770 770 770 770 770 770 770 770 770
06 18 770 770 770 759 759 759 759 781 781 781 770 770 770 770 770 770 770 770 770 770 770 770 770 770
06 19 770 770 770 759 759 759 759 781 781 781 781 770 770 770 770 781 770 770 770 770 770 770 770 770
06 20 770 770 770 759 759 759 770 781 781 781 781 770 770 770 770 781 770 770 770 770 770 770 770 770
06 21 770 770 770 759 770 759 770 781 781 781 781 770 770 770 770 781 770 770 770 770 770 770 770 770
06 22 770 770 770 770 770 759 770 781 790 781 781 781 770 770 781 781 781 770 770 770 770 770 770 770
06 23 770 770 770 770 770 770 770 781 790 781 781 781 770 770 781 781 770 770 770 770 770 770 770 770
06 24 770 770 770 770 770 770 770 781 790 781 781 781 770 781 781 781 781 770 770 770 770 770 770 770
06 25 770 770 770 770 770 770 770 781 790 781 781 781 781 781 781 781 781 770 770 770 770 770 770 770
06 26 770 770 770 770 770 770 770 781 790 781 781 781 781 781 781 781 781 770 781 770 770 770 770 770
06 27 770 770 770 770 770 770 770 781 790 781 781 781 781 781 781 781 781 781 781 770 770 770 770 770
06 28 770 770 770 770 770 770 770 781 790 781 781 781 781 781 781 781 781 781 781 770 770 770 770 770
06 29 770 770 770 770 770 770 770 781 790 790 781 781 781 781 781 781 781 781 781 770 770 770 770 770
06 30 770 770 770 770 770 770 770 781 790 790 781 781 781 781 781 781 781 781 781 770 770 770 770 770
07 01 770 770 770 770 770 770 770 790 790 790 781 781 781 781 781 781 781 781 781 781 770 770 770 770
07 02 770 770 770 770 770 770 770 790 790 790 781 781 781 781 781 781 781 781 781 781 770 770 770 770
07 03 770 770 770 770 770 770 770 790 790 790 781 781 781 781 781 781 781 781 781 781 770 770 770 770
07 04 770 770 770 770 770 770 770 790 790 790 781 781 781 781 781 781 781 781 781 770 770 770 770 770
07 05 770 770 770 770 770 770 770 790 790 790 781 781 781 781 781 781 781 781 781 770 770 770 770 770
07 06 770 770 770 770 770 770 770 788 790 790 781 781 781 781 781 781 781 781 781 770 770 770 770 770
07 07 770 770 770 770 770 770 770 788 790 790 781 781 781 781 781 781 781 781 781 770 770 770 770 770
07 08 770 770 770 770 770 770 770 781 790 790 781 781 781 781 781 781 781 781 781 770 770 770 770 770
07 09 770 770 770 770 770 770 770 781 790 790 781 781 781 781 781 781 781 781 781 781 770 770 770 770
07 10 770 770 770 770 770 770 770 781 790 790 781 781 781 781 781 781 781 781 781 781 770 770 770 770
07 11 770 770 770 770 770 770 770 781 790 790 781 781 781 781 781 781 781 781 781 781 770 770 770 770
07 12 770 770 770 770 770 770 770 781 790 781 781 781 781 781 781 781 781 781 781 781 770 770 770 770
07 13 770 770 770 770 770 759 770 781 790 790 781 781 781 781 781 781 781 781 781 781 770 770 770 770
07 14 770 770 770 770 770 759 770 781 790 790 781 781 781 781 781 781 781 781 781 781 770 770 770 770
07 15 770 770 770 770 770 759 770 781 790 790 781 781 781 781 781 781 781 781 781 781 770 770 770 770
07 16 770 770 770 770 770 770 770 781 790 790 781 781 781 781 781 781 781 781 781 781 770 770 770 770
07 17 770 770 770 770 770 759 770 781 790 790 781 781 781 781 781 781 781 781 781 781 770 770 770 770
07 18 770 770 770 770 770 759 770 781 790 790 781 781 781 781 781 781 781 781 781 781 770 770 770 770
07 19 770 770 770 770 770 759 770 781 790 790 781 781 781 781 781 781 781 781 781 781 781 770 770 770
07 20 770 770 770 770 770 770 770 781 790 790 781 781 781 781 781 781 781 781 781 781 781 770 770 770
07 21 770 770 770 770 770 770 770 781 790 790 781 781 781 781 781 781 781 781 781 781 781 770 770 770
07 22 770 770 770 770 770 770 770 781 790 790 781 781 781 781 781 781 781 781 781 781 781 770 770 770
07 23 770 770 770 770 770 759 770 781 790 790 781 781 781 781 781 781 781 781 781 781 781 770 770 770
07 24 770 770 770 770 770 759 770 781 790 790 781 781 781 781 781 781 781 781 781 781 781 781 770 770
07 25 770 770 770 770 770 759 770 781 790 790 781 781 781 781 781 781 781 781 781 781 781 781 770 770
07 26 770 770 770 770 770 759 770 781 790 790 781 781 781 781 781 781 781 781 781 781 781 781 781 770
07 27 770 770 770 770 770 759 770 781 790 790 781 781 781 781 781 781 781 781 781 781 781 781 781 770
07 28 770 770 770 770 770 759 770 781 790 790 781 781 781 781 781 781 781 781 781 781 781 781 781 770
07 29 770 770 770 770 770 759 770 781 790 790 781 781 781 781 781 781 781 781 781 781 781 781 781 770
07 30 770 770 770 770 770 759 770 781 790 790 781 781 781 781 781 781 781 781 781 781 781 781 770 770
07 31 770 770 770 770 770 759 770 781 790 790 781 781 781 781 781 781 781 781 781 781 781 781 770 770
08 01 770 770 770 770 770 759 770 781 790 790 781 781 781 781 781 781 781 781 781 781 781 781 781 770
08 02 770 770 770 770 770 770 770 781 790 790 781 781 781 781 781 781 781 781 781 781 781 781 781 770
08 03 770 770 770 770 770 770 770 781 790 790 781 781 781 781 781 781 781 781 781 781 781 781 781 770
08 04 770 770 770 770 770 770 770 781 790 790 781 781 781 781 781 781 781 781 781 781 781 781 781 770
08 05 770 770 770 770 770 770 770 781 790 790 781 781 781 781 781 781 781 781 781 781 781 781 781 770
08 06 770 770 770 770 770 770 770 781 790 790 781 781 770 781 781 781 781 781 781 781 781 781 781 770
08 07 770 770 770 770 770 770 770 781 790 790 781 781 781 781 781 781 781 781 781 781 781 781 781 770
08 08 770 770 770 770 770 770 770 781 790 790 781 781 781 781 781 781 781 781 781 781 781 781 781 770
08 09 770 770 770 770 770 770 770 781 790 790 781 781 781 781 781 781 781 781 781 781 781 781 781 770
08 10 770 770 770 770 770 770 770 781 790 790 781 781 781 781 781 781 781 781 781 781 781 781 781 770
08 11 770 770 770 770 770 770 770 781 790 790 781 781 781 781 781 781 781 781 781 781 781 781 781 781
08 12 770 770 770 770 770 770 770 781 790 790 781 781 781 781 781 781 781 781 781 781 781 781 781 781
08 13 770 770 770 770 770 770 770 781 790 790 781 781 781 781 781 781 781 781 781 781 781 781 781 781
08 14 781 770 770 770 770 770 770 781 790 790 781 781 781 781 781 781 781 781 781 781 781 781 781 781
08 15 781 770 770 770 770 770 770 781 790 790 781 781 781 781 781 781 781 781 781 781 781 781 781 781
08 16 781 770 770 770 770 770 770 781 790 790 781 781 781 781 781 781 781 781 781 781 781 781 781 781
08 17 781 770 770 770 770 770 770 781 790 790 781 781 781 781 781 781 781 781 781 781 781 781 781 781
08 18 781 770 770 770 770 770 770 781 790 790 781 781 781 781 781 781 781 781 781 781 781 781 781 781
08 19 770 770 770 770 770 770 770 781 790 790 788 781 781 781 781 781 781 781 781 781 781 781 781 781
08 20 770 770 770 770 770 770 770 781 790 790 788 781 781 781 781 781 781 781 781 781 781 781 781 781
08 21 770 770 770 770 770 770 770 781 790 790 790 781 781 781 781 781 781 781 781 781 781 781 781 781
08 22 770 770 770 770 770 770 770 781 790 790 781 781 781 781 781 781 781 781 781 781 781 781 781 781
08 23 770 770 770 770 770 770 770 781 790 790 781 781 781 770 781 781 781 781 781 781 781 781 781 781
08 24 770 770 770 770 770 770 770 781 790 790 781 781 781 770 781 781 781 781 781 781 781 781 781 781
08 25 770 770 770 770 770 770 770 781 790 790 781 781 781 770 781 781 781 781 781 781 781 781 781 781
08 26 770 770 770 770 770 770 759 781 790 790 781 781 770 770 770 770 781 781 781 781 781 781 781 781
08 27 770 770 770 770 770 770 759 781 790 790 781 770 770 770 770 770 770 770 781 781 781 781 770 770
08 28 770 770 770 770 770 759 759 781 790 781 781 770 770 770 770 770 770 770 781 781 781 781 770 770
08 29 770 770 770 770 770 759 759 781 781 781 781 770 770 770 770 770 770 770 781 781 781 781 770 770
08 30 770 770 770 770 770 759 759 770 781 781 781 770 770 770 770 770 770 770 770 781 770 770 770 770
08 31 770 770 770 770 770 759 759 770 781 781 781 770 770 770 770 770 770 770 770 770 770 770 770 770
09 01 770 770 770 770 770 759 759 770 781 781 770 770 770 770 770 770 770 770 770 770 770 770 770 770
09 02 770 770 770 770 770 770 759 770 781 781 770 770 770 770 770 759 770 770 770 770 770 770 770 770
09 03 770 770 770 770 759 759 759 770 781 781 770 770 759 770 770 759 770 770 770 770 770 770 770 770
09 04 770 770 770 759 759 759 759 770 781 781 770 770 759 770 759 759 759 770 770 770 770 770 770 770
09 05 770 770 770 759 759 759 759 770 781 781 770 770 759 770 770 759 759 770 770 770 770 770 770 770
09 06 770 770 770 759 759 759 759 770 781 781 770 770 759 770 770 770 770 770 770 770 770 770 770 770
09 07 770 770 770 759 759 759 759 770 781 781 770 770 770 770 770 759 759 770 759 770 770 770 770 770
09 08 770 770 759 759 759 759 759 770 781 781 770 770 770 770 759 759 759 770 759 770 770 770 770 770
09 09 770 759 759 759 759 759 759 770 781 781 770 770 770 770 770 759 759 770 759 770 770 770 770 770
09 10 770 759 759 759 759 759 759 770 781 781 770 770 770 770 770 759 759 759 759 770 770 759 759 770
09 11 770 759 759 759 759 759 759 770 781 781 770 770 770 770 759 759 759 759 759 770 770 770 770 770
09 12 770 759 759 759 759 759 759 770 781 781 770 770 770 770 759 759 759 759 759 770 770 770 770 770
09 13 770 759 759 759 759 759 759 770 781 781 770 770 770 770 759 759 759 759 759 770 770 770 770 770
09 14 759 759 759 759 759 759 759 770 781 781 770 770 770 759 759 759 759 759 759 770 770 770 770 770
09 15 759 759 759 759 759 759 759 770 781 781 770 770 770 759 759 759 759 759 759 770 770 770 770 770
09 16 759 759 759 759 759 759 759 770 781 781 770 770 770 759 759 759 759 759 770 770 770 770 770 770
09 17 759 759 759 759 759 759 759 770 781 781 770 770 770 759 759 759 759 759 759 770 770 770 770 770
09 18 759 759 759 759 759 759 759 770 781 781 770 770 770 759 759 759 759 759 759 770 770 770 770 770
09 19 759 759 759 759 759 759 759 770 781 781 770 770 770 759 759 759 759 759 759 770 770 770 770 759
09 20 759 759 759 759 759 759 759 770 781 770 770 770 770 759 759 759 759 759 759 759 759 770 759 759
09 21 759 759 759 759 759 759 759 770 781 770 770 770 759 759 759 759 759 759 759 759 759 759 759 759
09 22 759 759 759 759 759 759 759 770 781 770 770 770 759 759 759 759 759 759 759 759 759 759 759 759
09 23 759 759 759 759 759 759 759 759 770 770 770 759 759 759 759 759 750 759 759 759 759 759 759 759
09 24 759 759 759 759 759 759 759 759 770 770 759 759 759 759 750 750 750 759 759 759 759 759 759 759
09 25 759 759 759 759 750 750 750 759 770 770 759 759 750 750 750 750 750 750 750 759 759 759 759 759
09 26 759 759 759 750 750 750 750 759 770 770 759 759 750 750 750 750 750 750 750 759 750 759 759 759
09 27 750 750 750 750 750 750 750 752 770 770 759 759 750 750 750 750 750 750 750 750 750 759 750 750
09 28 750 750 750 750 750 750 750 750 759 770 759 750 750 750 750 739 739 750 750 750 750 750 750 750
09 29 750 750 750 750 750 750 750 750 759 770 759 750 750 750 739 739 739 750 750 750 750 750 750 750
09 30 750 750 750 750 750 750 739 750 759 759 750 750 750 739 739 739 739 750 750 750 750 750 750 750
10 01 750 750 750 750 750 739 739 750 759 759 750 750 739 739 739 739 739 750 750 750 750 750 750 750
10 02 750 750 750 750 750 739 739 750 759 759 750 750 750 739 739 739 739 739 750 750 750 750 750 750
10 03 750 750 750 750 739 739 739 750 759 759 750 750 750 739 739 739 739 739 739 750 750 750 750 739
10 04 750 750 750 739 739 739 739 750 759 759 750 750 739 739 739 739 739 739 739 739 750 739 739 739
10 05 739 739 739 739 739 739 739 750 750 752 750 750 739 739 739 739 739 739 739 739 750 739 739 739
10 06 739 739 739 739 739 739 739 739 750 750 750 739 739 739 739 739 739 739 739 739 750 739 739 739
10 07 739 739 739 739 739 739 739 739 752 750 750 750 739 739 739 739 739 739 739 739 750 739 739 739
10 08 739 739 739 739 739 739 739 739 759 750 750 750 739 739 739 739 739 739 739 750 750 739 750 739
10 09 739 750 739 739 739 739 739 750 759 750 750 750 750 739 739 739 739 739 739 739 750 739 739 739
10 10 739 739 739 739 739 739 739 739 750 750 750 750 750 739 739 739 739 750 739 750 750 739 750 739
10 11 739 750 739 739 739 739 739 750 759 759 750 750 750 739 739 739 739 750 739 739 750 739 750 739
10 12 739 739 739 739 739 739 739 750 759 750 750 750 750 739 739 739 739 750 739 739 739 739 739 739
10 13 739 739 739 739 739 739 739 739 750 750 750 750 750 739 739 739 739 739 739 739 739 739 739 739
10 14 739 739 739 739 739 739 739 739 750 750 750 750 750 739 739 739 739 739 739 739 739 739 739 739
10 15 739 739 739 739 739 739 730 739 750 750 750 739 739 739 739 739 739 739 739 739 739 739 739 739
10 16 739 730 734 739 739 730 730 739 750 750 739 739 739 739 739 739 739 739 730 739 739 739 739 734
10 17 730 730 730 730 730 730 730 730 750 739 739 739 739 739 730 739 739 730 730 739 739 739 739 730
10 18 730 730 730 730 730 730 730 730 750 739 739 739 730 730 730 734 730 730 730 739 739 739 739 730
10 19 730 730 730 730 730 730 730 730 750 739 739 739 739 734 730 734 730 730 730 739 739 739 739 730
10 20 730 730 730 730 730 730 730 730 750 739 739 730 730 734 730 730 730 730 730 739 739 739 739 730
10 21 730 730 730 730 730 730 730 730 739 739 739 730 730 730 730 730 730 730 730 739 730 739 730 730
10 22 730 730 730 730 730 730 720 730 739 739 739 730 730 730 730 730 730 730 730 730 730 739 730 730
10 23 730 730 730 730 730 730 720 720 739 739 739 730 730 730 730 730 730 730 730 730 730 730 730 730
10 24 730 730 730 730 720 720 720 720 739 739 730 730 730 730 730 730 730 730 730 730 730 730 720 730
10 25 730 730 720 720 720 720 720 720 730 739 730 730 720 720 720 720 720 720 720 720 720 720 720 720
10 26 720 720 720 720 711 711 711 720 730 730 730 730 720 720 720 720 720 720 720 720 720 720 720 720
10 27 720 711 720 720 711 711 711 711 730 730 730 720 720 720 711 720 720 720 720 711 720 720 720 711
10 28 711 711 711 711 711 711 711 711 730 730 730 720 720 711 711 720 720 720 716 711 720 720 720 711
10 29 711 711 711 711 711 711 711 711 720 730 720 720 720 711 711 711 720 720 711 711 711 711 711 711
10 30 711 711 711 711 711 711 700 700 720 720 720 720 711 711 711 711 711 720 711 711 711 711 711 711
10 31 711 711 711 711 700 711 700 700 720 720 720 720 711 711 711 711 711 711 711 711 711 711 711 711
11 01 711 711 711 711 700 700 700 700 720 720 720 720 711 711 711 711 711 711 711 711 711 711 711 711
11 02 711 711 711 700 700 700 700 700 720 720 720 720 711 711 700 700 711 711 711 711 711 711 711 711
11 03 711 700 711 700 700 700 700 700 711 720 720 711 711 711 700 700 711 711 711 711 711 711 711 700
11 04 700 700 700 700 700 700 700 700 711 720 716 711 711 700 700 700 711 700 711 700 711 711 700 700
11 05 700 700 700 700 700 700 700 700 711 720 711 711 700 700 700 700 700 700 700 700 700 700 700 700
11 06 700 700 700 700 700 700 691 691 711 716 711 711 700 700 700 700 700 700 700 700 700 700 700 700
11 07 700 700 700 700 700 691 700 700 711 716 711 711 700 700 700 700 700 700 700 700 700 700 700 700
11 08 700 700 700 700 700 700 700 691 711 711 711 711 700 700 700 700 700 700 691 700 700 700 691 691
11 09 691 691 691 691 691 691 691 691 700 711 711 711 700 700 691 700 700 691 691 691 691 691 691 691
11 10 691 691 691 691 691 691 691 680 700 711 711 700 700 700 691 700 700 691 691 691 691 691 691 691
11 11 691 691 691 691 691 691 691 680 700 711 711 700 700 700 691 700 700 691 691 691 691 691 691 691
11 12 691 691 691 691 691 691 691 680 700 711 711 700 700 700 691 700 700 691 691 691 691 691 691 691
11 13 691 691 691 691 691 691 691 680 700 711 711 700 700 700 691 700 700 691 691 691 691 691 691 691
11 14 691 691 691 691 691 691 691 680 700 711 700 700 700 691 691 691 700 691 691 691 691 691 691 691
11 15 691 691 691 691 691 691 691 691 700 711 711 700 700 691 691 691 700 691 691 691 691 691 691 691
11 16 691 691 691 691 691 691 691 680 700 711 700 700 700 698 691 698 700 691 691 691 691 691 691 691
11 17 691 691 691 691 691 691 680 680 691 700 700 700 700 691 691 691 700 691 691 691 691 691 691 691
11 18 691 691 691 680 680 680 680 680 691 700 700 700 700 691 691 691 691 691 691 691 691 691 691 680
11 19 691 691 680 680 691 680 680 680 691 700 700 700 700 691 691 691 700 691 691 691 691 691 691 691
11 20 691 691 691 691 691 680 680 680 691 711 711 700 700 698 691 700 700 691 691 691 691 691 691 691
11 21 691 691 680 691 691 680 680 680 691 700 711 700 700 691 691 698 700 691 691 691 691 691 691 691
11 22 691 691 680 680 680 680 680 680 691 700 700 700 700 691 691 691 691 691 691 691 691 691 691 691
11 23 691 680 680 680 680 680 680 680 691 700 700 700 700 691 691 691 691 691 691 691 691 691 680 691
11 24 691 680 680 680 680 680 680 680 691 700 700 700 700 691 691 691 691 691 691 691 691 680 680 680
11 25 691 680 680 680 680 680 669 680 691 700 700 700 700 691 691 691 691 691 691 691 691 680 680 680
11 26 680 680 680 680 680 680 669 680 691 700 700 700 691 691 691 691 691 691 691 691 691 680 680 680
11 27 680 680 680 680 669 669 669 669 680 691 698 691 691 691 691 680 691 691 691 680 680 680 680 680
11 28 680 680 680 680 669 669 669 669 680 691 691 691 691 691 691 691 691 691 691 680 680 680 680 680
11 29 680 680 680 680 669 669 669 669 680 691 698 691 691 691 691 691 691 691 691 691 691 680 680 680
11 30 680 680 669 680 669 669 669 669 680 691 691 691 691 691 691 691 691 691 691 680 680 680 680 680
12 01 680 669 669 669 669 669 669 669 669 691 691 680 691 691 680 680 680 680 680 680 680 680 680 669
12 02 669 669 669 669 669 669 669 669 669 691 691 691 691 691 680 680 691 680 680 680 680 680 680 669
12 03 669 669 669 669 669 669 669 669 669 680 691 691 691 691 680 680 680 680 680 680 680 680 669 669
12 04 669 669 669 660 660 660 660 669 669 680 691 680 680 680 680 680 680 680 669 669 669 669 669 669
12 05 662 660 660 660 660 660 660 669 669 680 680 680 680 669 680 669 680 680 669 669 669 660 669 669
12 06 660 660 660 660 660 660 660 660 669 680 680 680 680 680 680 680 669 669 669 660 660 660 660 669
12 07 662 660 660 660 669 660 660 669 669 680 680 680 680 669 669 669 669 669 669 660 660 660 660 660
12 08 660 660 660 660 660 660 660 660 660 669 680 680 680 669 669 669 669 669 669 660 660 660 660 660
12 09 660 660 660 660 660 660 660 660 669 669 680 680 680 669 669 669 669 669 669 660 660 660 660 660
12 10 660 660 660 660 660 660 660 660 660 669 680 680 680 669 669 669 669 669 669 660 660 660 660 660
12 11 660 660 660 660 660 649 660 660 660 669 680 680 680 669 669 669 669 669 660 660 660 660 660 660
12 12 649 649 660 660 649 649 660 649 660 669 680 680 680 669 669 669 669 662 660 660 660 660 660 660
12 13 649 649 660 649 649 649 649 649 660 669 680 680 680 669 669 669 660 660 660 660 660 660 660 660
12 14 649 660 660 649 649 649 649 649 649 669 669 680 680 669 669 660 660 660 660 660 660 649 649 649
12 15 649 649 649 649 649 649 649 649 649 660 669 669 680 669 669 660 660 660 660 649 649 649 649 649
12 16 649 649 649 649 649 649 649 640 649 660 669 669 669 669 669 660 660 660 660 649 649 649 649 649
12 17 649 649 649 649 649 649 649 640 649 660 669 669 669 669 660 660 660 660 649 649 649 649 649 649
12 18 649 649 649 649 649 649 649 640 649 660 669 669 669 669 660 660 660 660 649 649 649 649 649 649
12 19 649 649 649 640 649 640 640 640 649 660 660 669 669 669 660 660 660 649 649 649 649 649 649 649
12 20 640 640 640 640 644 640 640 640 640 649 660 669 669 669 660 660 660 649 649 644 649 649 649 649
12 21 640 640 640 640 644 640 640 640 640 649 660 660 669 669 669 660 660 660 649 649 649 649 649 649
12 22 640 640 640 640 649 640 640 640 640 649 660 660 669 669 669 669 660 660 649 649 649 649 649 649
12 23 640 649 649 640 640 640 640 630 640 640 660 660 660 669 660 660 660 649 649 640 649 649 649 640
12 24 640 640 640 640 640 640 640 630 640 640 660 660 660 660 660 660 660 649 644 640 649 649 640 640
12 25 640 640 640 640 640 640 630 630 640 640 649 660 660 660 660 660 660 649 649 640 649 649 640 640
12 26 640 640 640 640 640 640 630 630 640 640 649 660 660 669 669 669 660 660 649 649 649 649 649 640
12 27 640 649 640 649 640 640 640 640 640 649 660 660 669 669 669 669 660 660 649 649 649 649 649 640
12 28 640 649 649 649 640 640 640 640 640 649 660 660 669 669 669 669 660 660 649 649 649 649 649 640
12 29 640 640 640 640 640 640 640 630 640 649 660 660 660 662 660 660 660 649 649 649 649 649 640 640
12 30 640 640 640 640 640 640 640 630 640 640 649 660 660 662 660 660 660 649 649 649 649 649 640 640
12 31 640 640 640 640 640 640 640 630 640 640 649 660 660 660 660 660 660 649 640 640 640 640 640 630
