01 01 -9999 610 610 610 610 610 610 610 610 610 626 626 626 626 621 621 610 610 626 610 608 610 621 621
01 02 -9999 610 610 610 610 610 610 610 610 610 626 626 626 626 621 621 610 610 626 610 608 610 621 621
01 03 -9999 610 610 610 610 610 610 610 610 610 626 626 626 626 621 610 610 610 621 610 608 610 621 626
01 04 -9999 610 610 610 621 610 610 610 610 610 626 621 626 626 621 610 610 610 626 610 610 621 621 626
01 05 -9999 621 610 610 621 621 621 610 610 621 626 626 626 626 621 608 610 608 610 610 610 621 621 626
01 06 -9999 621 610 610 621 610 621 610 610 621 626 621 621 610 608 601 601 601 608 608 608 610 610 621
01 07 -9999 610 610 610 610 608 610 608 608 610 610 610 608 608 601 601 590 590 590 590 590 590 590 608
01 08 -9999 601 601 601 601 601 590 590 590 601 608 601 601 601 601 590 590 590 590 590 590 590 590 601
01 09 -9999 601 601 601 601 590 590 590 590 601 608 601 601 601 601 590 590 590 590 579 590 590 590 601
01 10 -9999 590 601 601 590 579 590 590 590 601 601 601 601 590 590 590 590 590 579 579 579 579 590 590
01 11 -9999 590 572 572 572 570 572 572 572 590 601 601 601 590 590 579 579 579 579 572 579 579 572 572
01 12 -9999 559 559 559 559 550 559 570 570 579 590 590 601 590 579 579 579 579 579 572 579 579 572 572
01 13 -9999 570 570 559 570 550 570 570 570 579 590 590 601 590 590 590 579 579 579 572 579 579 572 572
01 14 -9999 570 570 572 572 559 570 570 570 579 590 590 601 590 590 590 590 590 590 579 579 579 572 572
01 15 -9999 572 572 572 572 559 559 570 570 579 590 590 601 590 590 590 590 590 590 579 579 579 572 572
01 16 -9999 570 572 570 570 559 559 559 570 579 590 601 601 590 590 590 590 590 590 590 590 579 572 572
01 17 -9999 572 572 572 572 570 572 570 572 590 601 601 601 601 590 590 601 601 590 590 590 579 572 572
01 18 -9999 570 572 570 570 554 570 570 572 590 601 601 601 601 590 590 601 590 590 590 590 579 572 572
01 19 -9999 570 572 570 570 554 570 570 572 590 601 601 601 590 590 590 601 590 590 579 579 579 572 572
01 20 -9999 570 572 570 570 554 570 570 572 590 601 601 601 590 590 590 590 590 579 572 579 572 570 570
01 21 -9999 554 570 570 559 554 559 570 570 579 590 601 601 601 601 590 601 590 590 579 579 579 579 572
01 22 -9999 570 572 572 572 559 579 572 579 590 601 601 608 601 601 601 601 601 601 590 590 579 579 579
01 23 -9999 579 579 579 572 570 579 572 579 590 601 608 608 608 608 608 601 601 601 590 590 579 579 579
01 24 -9999 590 579 579 572 570 579 572 579 590 601 601 608 601 601 601 601 601 590 590 590 579 579 572
01 25 -9999 572 572 572 572 559 579 572 579 590 601 601 601 601 601 601 601 601 601 590 590 590 579 572
01 26 -9999 572 572 572 572 559 579 579 579 590 601 601 608 608 601 601 601 601 601 590 590 590 590 572
01 27 -9999 579 579 579 572 572 579 590 590 601 601 608 608 608 601 608 601 601 601 601 590 590 590 572
01 28 -9999 590 579 579 572 570 579 590 590 601 601 601 601 601 601 601 601 601 590 590 590 590 590 572
01 29 -9999 579 579 572 570 559 579 579 590 590 601 601 601 601 590 601 601 590 590 590 590 579 579 559
01 30 -9999 559 559 559 559 559 579 579 579 590 601 590 601 601 590 590 590 590 590 590 579 579 579 559
01 31 -9999 559 559 559 559 559 579 570 579 579 590 590 590 590 590 579 590 579 579 579 579 579 579 559
02 01 -9999 570 579 570 570 570 579 579 590 601 601 601 601 590 590 590 590 579 579 579 579 579 579 570
02 02 -9999 590 590 590 579 579 590 590 590 601 608 601 601 601 590 590 590 590 590 590 579 579 590 579
02 03 -9999 590 590 590 590 590 590 590 601 601 610 608 601 601 590 590 590 590 590 590 590 590 590 579
02 04 -9999 590 590 590 579 579 590 590 601 601 608 601 601 601 601 590 590 590 590 590 590 590 590 579
02 05 -9999 590 590 590 579 579 579 590 590 601 601 601 601 601 590 590 590 590 590 590 590 579 579 570
02 06 -9999 579 590 579 579 579 590 590 590 601 601 601 601 601 590 590 590 590 590 590 590 590 579 572
02 07 -9999 579 590 590 579 579 590 590 601 601 610 608 601 601 601 590 590 590 601 590 590 590 601 579
02 08 -9999 590 590 590 590 590 601 601 601 610 610 610 610 610 601 601 601 601 608 601 601 601 601 590
02 09 -9999 601 601 608 601 601 590 601 601 608 610 610 610 608 601 601 601 601 601 601 601 608 608 601
02 10 -9999 601 601 608 601 601 590 601 601 608 610 610 608 608 601 601 601 601 601 601 601 601 601 601
02 11 -9999 601 601 608 601 601 590 601 601 608 610 608 601 601 601 590 601 601 601 590 590 601 601 601
02 12 -9999 601 601 601 601 601 590 601 601 610 610 610 608 608 601 601 601 601 601 601 601 601 601 601
02 13 -9999 601 601 601 601 601 590 610 608 610 610 610 610 610 601 601 601 608 610 601 601 608 610 610
02 14 -9999 608 601 608 601 601 601 610 610 610 621 610 621 610 608 610 610 610 610 610 610 610 610 610
02 15 -9999 610 601 610 608 610 601 610 610 610 621 621 621 621 610 621 610 610 610 610 610 610 610 610
02 16 -9999 610 608 610 608 610 601 610 621 610 621 610 621 610 608 610 610 610 610 610 608 608 610 610
02 17 -9999 610 601 608 601 608 601 610 610 610 621 610 621 610 610 608 610 610 610 608 601 608 601 601
02 18 -9999 601 601 601 601 601 601 610 610 610 610 610 621 610 610 608 610 610 610 608 608 608 608 608
02 19 -9999 608 601 601 601 601 601 610 610 610 610 610 621 621 610 610 610 610 610 610 608 610 610 610
02 20 -9999 610 610 610 610 610 610 621 621 621 621 621 621 621 621 621 610 610 610 621 610 610 610 610
02 21 -9999 610 610 610 608 610 608 610 610 621 621 610 621 621 610 610 610 610 610 621 610 610 610 610
02 22 -9999 610 610 610 608 608 601 610 610 610 610 610 610 610 610 608 610 610 610 610 608 608 608 610
02 23 -9999 610 601 601 601 601 601 601 601 610 601 608 610 610 601 601 601 608 601 601 601 601 590 601
02 24 -9999 601 590 601 601 601 601 601 601 601 601 608 610 610 601 601 601 608 601 601 601 601 601 601
02 25 -9999 608 601 601 608 608 608 601 601 610 601 608 610 610 601 601 601 601 601 601 601 601 601 601
02 26 -9999 608 601 608 610 610 608 601 601 610 608 608 610 610 608 601 608 610 601 608 608 601 601 608
02 27 -9999 608 610 608 610 610 608 601 601 610 610 608 610 610 610 601 608 610 608 610 608 601 601 608
02 28 -9999 610 610 610 610 610 610 610 610 610 610 608 610 610 610 601 601 608 601 608 608 601 601 608
03 01 -9999 610 610 610 610 610 610 610 610 621 610 608 621 610 610 608 601 608 608 608 608 601 608 610
03 02 -9999 610 610 621 621 621 610 610 610 621 621 610 621 610 610 601 601 601 601 601 608 601 610 621
03 03 -9999 621 610 621 621 621 621 610 621 621 621 610 621 621 610 608 601 610 608 610 608 610 610 621
03 04 -9999 621 621 621 621 621 621 610 621 621 626 610 621 626 610 608 608 610 610 610 610 621 621 621
03 05 -9999 621 621 621 621 621 621 621 621 621 630 621 626 626 621 610 610 610 610 621 621 621 621 621
03 06 -9999 621 621 626 621 621 621 621 621 621 630 621 626 626 621 610 610 610 621 621 621 621 621 621
03 07 -9999 621 621 626 621 621 621 621 621 621 626 621 626 626 621 610 610 610 621 621 621 621 626 621
03 08 -9999 626 626 626 621 621 621 621 626 626 630 626 626 626 621 621 610 610 621 626 621 621 626 621
03 09 -9999 626 626 626 621 621 621 621 626 630 630 626 630 626 621 626 610 621 621 626 621 626 626 626
03 10 -9999 626 626 626 621 621 621 621 626 630 630 630 630 630 626 626 626 621 626 630 626 630 630 630
03 11 -9999 630 626 630 626 626 626 630 630 630 640 640 640 630 630 626 626 621 626 630 630 640 630 630
03 12 -9999 630 630 630 630 630 626 630 630 640 640 640 640 630 630 626 626 621 626 630 630 640 640 640
03 13 -9999 630 630 630 630 630 626 630 630 630 640 640 640 630 630 630 626 621 626 630 640 640 640 640
03 14 -9999 630 630 630 630 630 630 640 640 630 640 640 640 630 626 626 626 626 630 630 640 640 640 640
03 15 -9999 630 630 630 630 630 630 640 640 630 640 640 640 630 630 626 626 626 630 630 640 640 630 640
03 16 -9999 630 630 630 630 630 626 640 640 630 630 630 630 630 626 626 626 621 630 630 640 630 630 630
03 17 -9999 630 630 630 630 630 630 640 640 640 640 640 640 630 630 630 626 626 630 630 640 640 640 640
03 18 -9999 630 630 630 630 630 630 640 640 644 640 640 640 630 630 630 626 626 630 640 640 640 640 640
03 19 -9999 630 630 630 630 630 630 640 640 640 640 640 640 640 630 640 630 630 630 640 640 640 640 630
03 20 -9999 630 630 630 630 630 630 640 640 649 644 640 640 640 630 630 630 630 630 640 640 640 640 640
03 21 -9999 630 630 630 640 640 640 640 644 649 649 640 644 640 630 640 640 630 640 640 640 640 640 640
03 22 -9999 640 640 640 640 640 640 640 649 649 649 649 649 640 640 640 640 640 640 640 640 640 640 640
03 23 -9999 640 640 640 640 640 640 640 649 649 649 649 649 640 640 640 640 640 640 640 640 644 640 640
03 24 -9999 640 640 640 640 640 640 640 649 649 649 649 649 640 640 640 640 640 644 644 640 644 640 640
03 25 -9999 644 640 640 640 640 644 644 649 649 649 649 649 640 644 644 640 640 644 644 644 644 644 644
03 26 -9999 644 640 640 640 640 640 640 649 649 649 649 649 644 644 644 644 644 644 649 649 649 644 644
03 27 -9999 649 644 644 644 644 644 644 649 649 649 649 649 649 649 649 644 649 649 649 649 649 644 644
03 28 -9999 649 644 649 644 649 649 649 649 660 660 660 660 649 649 649 649 649 649 660 649 649 649 649
03 29 -9999 649 649 649 649 649 649 649 660 660 660 660 660 649 660 649 660 649 649 660 660 649 649 649
03 30 -9999 649 649 649 649 649 649 649 660 660 660 660 660 660 660 649 660 660 660 660 660 660 660 660
03 31 -9999 649 649 649 660 660 660 660 660 662 660 660 660 660 660 649 660 660 660 660 660 660 660 660
04 01 -9999 660 649 660 660 660 660 660 660 662 660 660 660 660 660 660 660 660 660 660 660 660 660 660
04 02 -9999 660 660 660 660 660 660 660 662 662 662 660 660 660 660 649 660 660 660 660 660 660 660 660
04 03 -9999 660 660 660 660 660 660 660 662 662 662 660 660 660 660 649 660 660 660 660 660 662 660 660
04 04 -9999 660 660 660 660 660 660 660 662 662 662 662 660 660 660 649 660 660 660 662 660 662 660 660
04 05 -9999 660 660 660 660 660 660 660 662 669 662 662 660 660 660 660 662 660 660 669 660 662 660 660
04 06 -9999 660 660 660 660 649 660 660 662 669 669 662 660 660 660 660 662 660 662 669 660 662 660 660
04 07 -9999 660 660 660 660 660 660 660 662 669 669 662 660 660 660 660 662 662 662 669 660 662 662 662
04 08 -9999 660 660 660 660 660 660 660 669 669 669 669 669 669 662 660 669 669 669 669 662 669 669 669
04 09 -9999 662 662 660 660 660 660 660 669 669 669 669 669 669 669 662 669 669 669 669 662 669 669 669
04 10 -9999 669 662 662 662 660 660 660 669 669 669 669 669 669 669 662 669 669 662 669 669 669 669 669
04 11 -9999 662 669 662 662 662 660 660 669 669 669 669 669 669 669 660 669 669 662 669 669 669 669 669
04 12 -9999 662 669 669 662 662 660 662 669 669 669 669 669 680 669 662 669 669 662 669 669 669 669 669
04 13 -9999 669 669 669 669 662 662 662 669 669 669 669 669 669 669 669 669 669 669 669 669 669 669 669
04 14 -9999 669 669 669 669 669 662 669 669 669 669 669 669 669 669 669 669 669 669 669 669 669 669 669
04 15 -9999 669 680 680 669 669 669 669 680 669 669 680 669 680 680 669 669 669 669 669 669 669 669 669
04 16 -9999 680 680 680 669 669 669 669 680 680 680 680 680 680 680 680 680 669 680 669 680 669 669 680
04 17 -9999 680 680 680 680 680 680 680 680 680 680 680 680 680 680 680 680 680 680 680 680 669 680 680
04 18 -9999 680 680 680 680 680 680 680 680 680 680 680 680 680 680 680 680 680 680 680 680 669 680 680
04 19 -9999 680 680 680 680 680 680 680 680 691 680 680 680 680 680 680 680 680 680 680 680 680 680 680
04 20 -9999 680 680 680 680 680 680 680 691 691 680 680 680 680 680 680 680 680 691 680 680 680 680 680
04 21 -9999 680 680 680 680 680 680 691 691 691 691 691 680 680 680 680 680 680 691 680 680 680 680 680
04 22 -9999 680 680 680 680 680 680 691 691 691 691 691 680 680 691 691 691 691 691 691 680 680 680 691
04 23 -9999 691 691 691 691 691 680 691 691 691 691 691 691 691 691 691 691 691 691 691 691 691 691 691
04 24 -9999 691 691 691 691 691 691 691 691 691 691 691 691 691 691 691 691 691 698 691 691 691 691 691
04 25 -9999 691 691 691 691 691 691 691 691 698 698 691 691 691 691 691 691 691 700 700 698 691 691 691
04 26 -9999 691 691 691 698 691 691 698 698 698 700 691 691 691 691 691 691 691 700 700 698 691 698 691
04 27 -9999 691 691 691 698 691 691 698 698 700 700 700 700 698 700 691 691 700 700 700 700 700 700 691
04 28 -9999 691 691 691 698 698 691 698 700 700 700 700 700 700 700 700 700 700 700 700 700 700 700 700
04 29 -9999 700 691 698 700 698 691 700 700 700 711 700 700 700 700 700 700 700 700 711 700 700 700 700
04 30 -9999 700 698 700 700 700 698 700 711 700 711 711 700 711 711 700 711 711 711 711 711 700 711 711
05 01 -9999 700 700 700 700 700 698 700 711 700 711 711 700 711 711 711 711 711 711 711 711 711 711 711
05 02 -9999 700 700 700 700 700 700 700 711 711 711 711 711 711 711 711 711 711 711 711 711 711 711 711
05 03 -9999 711 700 700 700 700 700 711 711 711 711 711 711 711 711 716 711 711 720 716 711 711 716 716
05 04 -9999 711 711 700 711 700 700 711 711 711 711 711 711 711 711 716 711 716 720 720 711 711 716 716
05 05 -9999 711 711 711 711 700 711 711 711 716 711 716 716 716 716 720 716 720 720 720 720 716 720 720
05 06 -9999 711 711 711 711 711 711 711 716 716 711 716 716 716 720 720 720 720 720 720 720 716 720 720
05 07 -9999 711 711 711 711 711 711 711 720 720 716 720 716 720 720 720 720 720 720 720 720 720 720 720
05 08 -9999 711 711 711 711 711 711 720 720 720 720 720 720 720 720 720 720 720 720 720 720 720 720 720
05 09 -9999 716 716 711 716 711 711 720 720 720 720 720 720 720 730 730 720 720 730 720 720 720 720 720
05 10 -9999 716 716 716 716 716 711 720 720 720 720 720 720 720 730 720 720 720 720 720 720 720 720 720
05 11 -9999 716 716 716 716 716 711 720 720 720 720 720 720 720 730 720 720 720 720 720 720 720 720 720
05 12 -9999 716 716 716 720 716 716 720 730 720 720 720 720 720 720 720 720 720 720 720 720 720 720 720
05 13 -9999 716 716 716 716 716 716 720 730 720 720 720 720 720 720 720 720 720 720 720 720 720 720 720
05 14 -9999 716 716 716 716 716 716 720 730 720 720 720 720 720 720 730 720 720 720 730 720 720 720 720
05 15 -9999 716 716 711 711 716 711 720 730 720 720 720 720 720 720 720 720 720 720 720 720 720 720 720
05 16 -9999 716 716 711 711 716 716 720 730 720 720 720 720 720 720 720 720 720 720 730 720 720 720 720
05 17 -9999 716 716 716 716 716 716 720 730 720 720 720 720 720 720 720 720 720 720 730 720 720 720 720
05 18 -9999 716 716 716 716 716 716 720 730 730 720 720 720 720 720 730 720 720 720 730 720 720 720 720
05 19 -9999 716 716 716 716 720 720 720 730 730 720 730 720 720 720 730 720 720 720 730 730 730 720 720
05 20 -9999 720 716 720 716 720 720 730 730 730 720 730 720 720 720 730 720 720 720 730 730 730 720 720
05 21 -9999 716 716 720 716 720 720 730 730 730 730 730 730 720 720 730 720 720 730 734 730 730 720 720
05 22 -9999 720 720 720 716 720 720 730 730 730 730 730 730 720 720 720 720 720 730 734 730 730 720 720
05 23 -9999 720 720 720 716 720 720 730 734 730 730 730 730 730 720 720 720 720 730 734 730 730 720 720
05 24 -9999 720 720 720 720 720 720 730 734 730 730 730 730 730 720 720 720 720 730 734 730 730 720 720
05 25 -9999 720 720 720 720 720 720 734 734 734 730 730 730 730 720 730 720 730 730 734 734 730 720 720
05 26 -9999 720 720 720 720 720 720 734 739 734 734 730 730 730 730 730 720 730 730 739 734 730 720 720
05 27 -9999 720 720 720 720 720 730 734 739 739 734 734 730 730 730 730 720 730 730 739 734 734 730 730
05 28 -9999 720 720 720 720 730 730 734 739 739 734 734 730 730 730 730 730 730 730 739 739 734 730 730
05 29 -9999 730 730 730 730 730 730 739 739 739 734 734 730 730 730 730 730 730 734 739 739 734 730 734
05 30 -9999 730 730 730 730 730 730 739 750 739 734 734 734 730 734 730 730 730 734 739 739 739 734 734
05 31 -9999 730 730 730 730 730 730 739 750 739 739 734 734 734 734 734 734 730 739 739 739 739 734 734
06 01 -9999 730 730 730 730 730 730 739 750 750 739 739 739 734 734 734 734 730 739 750 739 739 734 734
06 02 -9999 734 734 730 734 734 734 739 752 750 750 739 739 734 734 734 734 734 739 750 750 739 739 739
06 03 -9999 734 734 734 734 734 739 750 752 750 750 739 739 739 739 734 734 734 739 750 750 739 739 739
06 04 -9999 734 734 734 739 739 739 750 752 750 750 750 739 739 739 739 739 739 739 750 750 739 739 739
06 05 -9999 739 734 734 734 739 739 750 752 752 750 750 739 739 739 739 739 739 739 750 750 739 739 739
06 06 -9999 739 739 739 739 739 739 750 759 752 750 750 739 739 739 739 739 739 739 750 750 739 739 739
06 07 -9999 739 739 739 739 739 739 750 759 752 750 750 750 739 739 739 739 739 750 750 752 750 739 739
06 08 -9999 739 739 739 739 739 739 750 759 752 750 750 750 739 739 739 739 739 750 752 752 750 750 739
06 09 -9999 739 739 739 739 739 739 752 759 752 752 750 750 750 739 739 739 739 750 752 752 750 750 739
06 10 -9999 739 739 739 739 739 739 752 759 752 752 750 750 750 739 750 739 739 750 752 752 750 750 739
06 11 -9999 739 739 739 739 739 739 752 759 759 752 750 750 750 739 750 739 739 750 752 752 750 750 750
06 12 -9999 739 739 739 739 739 739 752 759 759 752 750 750 750 750 750 739 739 750 752 752 750 750 750
06 13 -9999 739 739 739 739 739 739 752 759 759 752 750 750 750 750 750 739 739 750 752 752 750 750 750
06 14 -9999 739 739 739 739 739 739 752 759 759 752 750 750 750 750 750 750 750 750 752 752 750 750 750
06 15 -9999 739 739 739 739 739 739 752 759 759 752 750 750 750 750 739 750 739 750 752 759 750 750 750
06 16 -9999 739 739 739 739 739 739 752 759 759 752 752 750 750 750 750 750 739 750 752 759 750 750 750
06 17 -9999 739 739 739 739 739 739 752 759 759 752 752 750 750 750 750 739 750 750 752 759 750 750 750
06 18 -9999 739 739 739 739 739 739 752 759 759 752 752 750 750 750 750 750 750 750 752 759 752 750 750
06 19 -9999 739 739 750 739 739 739 752 759 759 752 752 750 750 750 750 750 750 750 759 759 752 750 750
06 20 -9999 739 739 750 739 739 739 752 759 759 759 752 752 750 750 750 750 750 750 759 759 752 750 750
06 21 -9999 750 739 750 739 739 739 752 759 759 759 752 752 750 750 750 750 750 750 759 759 752 752 750
06 22 -9999 750 750 750 739 739 739 752 759 759 759 752 752 750 750 750 750 750 750 759 759 759 752 752
06 23 -9999 750 750 750 739 739 739 752 759 759 759 752 752 750 750 750 750 750 750 759 759 759 752 752
06 24 -9999 750 750 750 739 739 739 752 770 759 759 752 752 752 750 750 752 750 752 759 759 759 752 752
06 25 -9999 750 750 750 739 739 750 752 770 770 759 759 752 752 752 750 752 752 752 759 759 759 752 752
06 26 -9999 752 750 750 750 739 750 759 770 770 759 759 752 752 752 750 752 752 752 759 759 759 752 752
06 27 -9999 752 752 750 750 750 750 759 770 770 759 759 752 752 752 750 752 752 752 759 759 759 752 752
06 28 -9999 752 752 750 750 750 750 759 770 770 759 759 752 752 752 750 752 752 752 759 759 759 752 752
06 29 -9999 752 750 750 750 750 750 759 770 770 759 759 759 752 752 750 752 752 752 759 759 759 752 752
06 30 -9999 752 752 750 750 750 750 759 770 770 759 759 759 752 752 750 752 752 752 759 759 759 752 752
07 01 -9999 752 752 750 750 750 750 759 770 770 759 759 759 752 752 750 752 752 752 759 759 759 752 752
07 02 -9999 752 752 750 750 750 750 759 770 770 759 759 759 752 752 750 752 752 752 759 759 759 752 752
07 03 -9999 752 752 750 750 750 750 759 770 770 759 759 759 752 752 750 752 752 752 759 759 759 752 752
07 04 -9999 752 752 750 750 739 750 759 770 770 759 759 752 752 752 750 752 752 752 759 759 759 752 752
07 05 -9999 752 752 750 750 739 750 759 770 770 759 759 752 752 750 750 752 752 752 759 759 759 752 752
07 06 -9999 752 752 750 750 739 750 759 770 770 759 759 752 752 752 750 752 750 752 759 759 759 752 752
07 07 -9999 752 750 750 750 739 750 759 770 770 759 759 752 752 752 750 752 750 752 759 759 759 752 752
07 08 -9999 752 750 750 750 739 750 759 770 770 759 759 752 752 750 750 752 750 752 759 759 759 752 752
07 09 -9999 750 750 750 750 750 750 759 770 770 759 759 752 750 750 750 750 752 752 759 759 759 752 752
07 10 -9999 750 750 750 750 739 750 759 770 770 759 759 752 750 750 750 750 752 752 759 759 759 752 752
07 11 -9999 750 750 750 739 739 750 759 770 770 759 759 752 750 750 750 750 752 752 759 759 759 752 752
07 12 -9999 750 750 750 739 739 750 759 770 770 759 752 752 750 750 750 752 752 752 759 759 759 752 752
07 13 -9999 750 750 750 739 739 739 759 770 770 759 752 752 750 750 750 752 752 752 759 759 759 752 752
07 14 -9999 750 750 750 739 739 739 759 770 770 759 752 752 750 750 750 750 752 752 759 759 759 752 752
07 15 -9999 750 750 750 739 739 739 759 770 770 759 752 752 750 750 750 750 752 752 759 770 759 752 752
07 16 -9999 752 750 750 739 739 739 759 770 770 759 752 752 750 750 750 750 752 752 759 770 759 752 752
07 17 -9999 750 750 750 739 739 750 759 770 770 759 752 750 750 750 750 750 750 752 759 770 759 752 752
07 18 -9999 752 750 750 739 739 750 759 770 770 759 752 750 750 750 750 750 750 752 770 770 759 759 752
07 19 -9999 752 750 750 739 739 750 759 770 770 759 752 750 750 750 750 750 750 752 759 770 759 759 752
07 20 -9999 752 750 750 750 739 750 759 770 770 759 752 750 750 750 750 750 750 752 759 770 759 759 752
07 21 -9999 752 750 750 750 739 750 759 770 770 759 752 750 750 750 750 750 750 752 770 770 759 759 752
07 22 -9999 752 750 750 750 739 739 759 770 770 759 752 750 750 750 750 750 750 752 770 770 759 759 752
07 23 -9999 752 750 750 750 750 750 759 770 770 759 752 750 750 750 750 750 750 752 770 770 759 759 752
07 24 -9999 752 750 750 750 750 739 759 770 770 759 752 750 750 750 750 750 750 752 770 770 759 759 752
07 25 -9999 752 752 752 750 750 739 759 770 770 759 752 750 750 750 750 750 750 750 759 770 759 759 752
07 26 -9999 752 752 752 750 750 750 759 770 770 759 752 750 750 750 750 750 739 750 759 770 759 759 752
07 27 -9999 752 752 752 750 750 750 759 770 770 759 752 750 750 750 750 750 739 750 759 759 759 759 752
07 28 -9999 752 752 750 750 750 750 759 770 770 759 752 750 750 739 739 750 739 750 759 770 759 759 752
07 29 -9999 752 752 750 750 750 750 759 770 770 759 752 750 750 750 739 750 739 750 759 759 759 759 752
07 30 -9999 752 752 750 750 750 750 759 770 770 759 752 750 750 739 739 739 739 750 759 759 759 759 752
07 31 -9999 752 752 750 750 750 750 759 770 770 759 752 750 750 750 739 739 750 750 759 759 759 759 752
08 01 -9999 752 752 750 750 750 739 759 770 770 759 752 750 750 750 739 739 750 750 759 759 759 752 752
08 02 -9999 752 752 750 750 750 750 759 770 770 759 752 750 750 739 739 750 739 750 759 759 759 752 752
08 03 -9999 752 752 750 750 750 739 759 770 770 759 752 750 750 739 739 750 750 750 759 759 759 752 752
08 04 -9999 752 752 750 750 750 739 759 770 770 759 752 750 750 750 739 750 750 750 759 759 759 752 752
08 05 -9999 752 752 750 750 750 750 759 770 770 759 752 750 750 750 750 750 750 750 759 759 759 752 752
08 06 -9999 752 752 752 750 750 750 752 770 770 759 752 750 750 750 750 750 750 750 759 759 759 752 752
08 07 -9999 752 752 750 750 750 750 752 770 770 759 752 750 750 750 750 750 739 750 759 759 752 752 752
08 08 -9999 752 752 750 750 739 750 752 770 770 759 752 750 750 750 750 750 739 750 759 759 752 752 752
08 09 -9999 752 752 750 750 739 750 752 770 770 759 752 750 750 750 750 750 739 750 759 759 752 752 752
08 10 -9999 752 752 750 750 750 750 752 770 770 759 752 750 750 750 750 750 750 750 759 759 752 752 752
08 11 -9999 752 752 750 750 750 750 759 770 770 759 752 752 750 750 750 750 750 752 759 759 759 752 752
08 12 -9999 752 752 750 750 750 750 759 770 770 759 752 752 750 750 750 750 750 752 759 759 752 752 752
08 13 -9999 752 752 750 750 750 750 752 770 770 759 759 752 752 750 750 750 750 752 759 759 752 752 752
08 14 -9999 752 752 750 750 750 750 759 770 770 759 759 752 752 750 750 750 750 752 759 759 752 752 752
08 15 -9999 752 752 750 750 739 739 752 770 770 759 759 752 750 750 750 750 750 752 759 759 752 752 752
08 16 -9999 752 750 750 750 739 750 752 770 770 759 759 752 752 750 750 750 750 752 759 759 752 752 752
08 17 -9999 752 750 750 750 739 750 752 770 770 759 759 752 752 750 750 750 750 752 759 759 759 752 752
08 18 -9999 752 750 750 750 750 750 752 770 770 759 759 752 750 750 750 750 750 752 759 759 759 752 752
08 19 -9999 752 750 750 750 739 739 752 770 770 759 759 752 750 750 750 750 750 752 759 759 752 752 752
08 20 -9999 752 750 750 750 739 739 752 770 770 759 759 752 750 750 750 750 750 752 759 759 752 752 752
08 21 -9999 752 750 750 750 739 739 752 770 770 759 759 750 750 739 750 750 750 752 759 759 752 752 752
08 22 -9999 750 750 750 739 739 739 752 770 770 759 759 750 750 739 739 750 750 752 759 759 752 752 752
08 23 -9999 750 750 750 739 739 739 752 770 770 759 759 750 750 739 739 750 750 752 759 759 752 752 752
08 24 -9999 750 750 750 739 739 739 752 770 770 759 759 750 750 739 739 750 750 752 759 759 752 752 750
08 25 -9999 750 750 750 739 739 739 750 770 770 759 759 750 750 739 739 750 750 752 759 759 752 750 750
08 26 -9999 750 750 739 739 739 739 750 759 770 759 752 750 750 739 750 750 750 752 759 752 750 750 750
08 27 -9999 739 739 739 739 739 739 750 759 770 759 752 750 750 739 750 750 750 752 759 752 750 750 750
08 28 -9999 739 739 739 739 739 739 750 759 770 759 752 750 739 739 750 750 750 750 759 752 750 750 750
08 29 -9999 739 739 739 739 739 734 750 759 770 759 752 750 739 739 750 750 750 750 759 752 750 750 750
08 30 -9999 739 739 739 739 739 734 750 759 770 759 752 750 739 739 750 750 750 750 759 752 750 750 750
08 31 -9999 739 739 739 739 739 734 750 759 770 759 752 750 739 739 750 750 750 750 759 752 750 750 750
09 01 -9999 739 739 734 739 739 734 739 759 770 759 750 750 739 739 750 750 750 750 752 750 750 750 739
09 02 -9999 739 739 734 739 734 730 739 759 759 759 750 750 739 739 750 750 750 750 752 750 750 750 739
09 03 -9999 739 739 734 734 734 730 739 759 759 759 750 750 739 739 750 750 750 750 752 750 750 739 739
09 04 -9999 739 734 734 734 734 730 739 759 759 759 750 750 739 739 750 739 750 750 750 750 750 739 739
09 05 -9999 734 734 734 734 734 730 739 752 759 759 750 739 739 739 750 750 750 750 750 750 739 739 739
09 06 -9999 739 734 734 734 734 730 739 752 759 759 750 739 739 739 750 750 739 750 750 750 739 739 739
09 07 -9999 739 734 734 734 734 730 739 752 759 759 750 739 739 739 750 739 739 750 750 750 739 739 739
09 08 -9999 734 734 734 734 734 730 739 752 759 759 750 739 739 739 750 739 739 739 750 750 739 739 739
09 09 -9999 734 734 734 734 734 730 739 752 759 759 750 739 739 739 750 739 739 750 750 750 739 739 739
09 10 -9999 734 734 734 734 734 730 739 752 759 759 750 739 739 739 739 739 739 739 750 739 739 739 739
09 11 -9999 734 734 734 734 734 730 739 752 759 752 750 739 739 739 739 739 739 739 739 739 739 739 739
09 12 -9999 734 734 734 730 730 730 739 752 759 752 750 739 739 739 739 739 739 739 739 739 739 739 739
09 13 -9999 734 734 734 734 730 730 739 752 759 752 750 739 739 739 739 739 739 739 739 739 739 734 739
09 14 -9999 734 734 734 734 734 730 739 752 759 752 739 739 739 739 739 734 739 739 739 739 739 734 734
09 15 -9999 734 734 734 730 730 730 739 750 759 752 750 739 739 739 734 734 739 739 739 739 739 734 739
09 16 -9999 734 734 734 730 730 730 739 750 759 752 750 739 734 734 734 734 739 739 739 739 739 734 734
09 17 -9999 734 734 734 730 730 730 739 750 759 752 750 739 734 734 734 734 739 739 739 739 739 734 734
09 18 -9999 734 730 730 730 730 730 739 750 752 752 739 739 739 734 734 734 734 739 739 739 739 730 734
09 19 -9999 730 730 730 730 730 730 734 750 752 752 750 739 739 734 734 734 739 739 739 739 739 730 734
09 20 -9999 730 730 730 730 730 730 734 750 752 750 739 739 739 734 730 734 734 739 739 739 739 730 734
09 21 -9999 730 730 730 730 730 730 734 750 752 750 750 739 734 730 730 730 734 734 739 739 739 730 730
09 22 -9999 730 730 730 730 730 730 734 750 752 750 739 739 734 730 730 730 730 734 734 734 739 730 730
09 23 -9999 730 730 730 720 730 720 730 750 752 750 739 739 730 730 730 730 730 730 734 734 734 730 730
09 24 -9999 730 720 720 720 720 720 730 750 750 750 739 734 730 730 720 730 730 730 730 730 730 730 730
09 25 -9999 730 720 720 720 720 720 730 739 750 750 739 734 730 720 720 730 720 730 730 730 730 730 720
09 26 -9999 730 720 720 716 720 720 730 739 739 739 739 730 730 720 720 730 720 730 730 730 730 721 720
09 27 -9999 720 720 720 716 720 720 730 739 739 739 734 730 730 720 720 720 720 730 730 730 730 720 716
09 28 -9999 720 716 716 711 720 720 730 739 739 739 734 730 720 720 720 720 720 730 730 730 730 720 716
09 29 -9999 720 716 716 716 720 720 730 739 739 739 734 730 720 720 716 720 716 730 730 730 730 720 716
09 30 -9999 720 716 716 711 720 720 720 734 734 734 734 720 720 720 716 716 716 730 730 730 720 716 711
10 01 -9999 716 711 711 711 716 716 720 734 734 734 730 720 720 716 716 716 716 720 730 730 720 716 711
10 02 -9999 711 711 711 711 711 716 716 730 734 734 730 720 716 711 711 711 716 720 730 720 720 716 711
10 03 -9999 711 711 711 711 711 716 716 730 730 734 720 720 716 711 711 711 716 720 720 720 720 716 711
10 04 -9999 711 711 711 711 711 711 716 720 730 730 720 720 716 711 711 711 711 720 716 720 720 716 711
10 05 -9999 711 711 700 700 711 711 711 720 730 730 720 716 716 711 711 711 711 716 716 716 716 711 711
10 06 -9999 711 711 700 700 711 711 711 720 720 720 720 716 711 711 711 711 711 716 716 716 711 711 711
10 07 -9999 711 711 700 700 711 711 711 720 720 720 720 716 711 711 711 711 711 716 716 716 711 711 711
10 08 -9999 711 711 700 711 711 711 711 720 720 720 720 716 711 711 711 711 711 716 711 711 711 711 711
10 09 -9999 711 711 700 711 711 700 711 716 720 720 720 711 711 711 711 711 711 711 711 711 711 711 711
10 10 -9999 711 711 700 711 711 700 711 716 720 720 720 711 711 711 711 711 711 711 711 711 700 700 700
10 11 -9999 711 711 711 711 711 711 711 716 720 720 720 711 711 711 711 711 711 711 700 711 700 700 700
10 12 -9999 711 711 711 711 711 700 711 711 720 720 716 711 711 711 711 711 711 711 700 700 700 700 700
10 13 -9999 711 711 711 711 711 700 711 711 716 720 711 711 711 711 700 711 700 711 700 700 700 700 700
10 14 -9999 711 711 700 711 700 700 700 711 711 711 711 711 700 700 700 700 700 700 700 700 700 700 700
10 15 -9999 700 700 700 700 700 700 700 700 711 711 711 711 700 700 700 700 700 700 698 700 700 700 700
10 16 -9999 700 700 700 700 698 698 700 700 711 711 711 700 700 700 700 691 698 700 691 698 700 698 691
10 17 -9999 700 700 698 700 691 691 700 700 711 711 711 700 700 700 698 691 691 698 691 691 691 691 691
10 18 -9999 700 700 698 700 691 691 700 700 711 711 711 700 700 700 700 691 691 700 691 691 698 691 691
10 19 -9999 698 700 698 698 691 691 700 700 711 711 711 700 700 700 700 700 700 700 691 698 700 698 691
10 20 -9999 700 700 698 700 691 691 700 700 711 716 711 700 700 700 700 698 700 700 691 698 698 698 691
10 21 -9999 700 700 698 698 691 691 700 700 711 711 711 700 700 700 700 698 698 698 691 691 691 691 691
10 22 -9999 698 700 698 698 698 698 700 700 711 711 711 700 700 698 700 698 698 698 691 698 691 691 691
10 23 -9999 691 700 698 698 691 698 698 700 700 711 711 700 700 698 698 691 698 698 691 691 691 691 691
10 24 -9999 691 700 698 698 698 691 691 700 700 711 711 700 700 698 691 691 691 691 691 691 691 691 691
10 25 -9999 691 700 700 700 698 691 691 698 700 700 700 698 698 691 691 691 691 691 691 691 691 691 691
10 26 -9999 691 691 691 698 691 691 691 698 698 700 700 698 691 691 680 680 691 691 680 680 691 680 680
10 27 -9999 680 680 691 691 691 691 691 698 698 700 700 698 691 691 680 680 691 691 680 680 691 680 680
10 28 -9999 680 680 680 691 691 691 680 691 698 700 698 691 691 691 680 680 691 691 680 680 680 680 680
10 29 -9999 680 680 680 691 680 680 680 691 698 700 698 691 691 691 680 680 691 680 680 680 680 680 680
10 30 -9999 680 680 680 680 680 680 680 691 691 698 691 691 691 680 680 680 680 680 680 680 680 680 680
10 31 -9999 680 680 680 680 680 680 680 691 691 698 691 691 680 680 680 680 680 680 680 680 680 680 680
11 01 -9999 680 680 680 680 680 680 680 680 691 698 691 691 680 680 680 680 680 680 680 680 680 680 680
11 02 -9999 669 669 669 669 680 680 680 680 691 691 680 680 680 680 680 680 680 680 680 680 680 680 680
11 03 -9999 669 669 680 669 680 680 669 680 691 691 680 680 680 680 680 680 680 680 680 680 680 680 680
11 04 -9999 669 669 669 669 669 669 669 680 680 691 680 680 680 680 680 680 680 680 680 680 680 669 680
11 05 -9999 669 669 669 669 669 669 669 680 680 680 680 669 669 680 669 669 669 669 669 669 669 669 669
11 06 -9999 669 669 669 669 669 669 669 669 680 680 669 669 669 669 662 669 669 669 669 669 669 669 669
11 07 -9999 669 669 669 669 669 669 669 669 680 680 669 669 669 669 660 660 660 669 669 669 662 669 669
11 08 -9999 660 669 669 669 660 660 662 669 669 680 669 669 662 660 660 660 660 660 669 660 660 660 660
11 09 -9999 660 649 660 649 649 649 649 662 669 669 669 660 660 660 660 660 660 660 662 660 660 660 649
11 10 -9999 649 649 660 649 649 649 649 660 662 669 669 660 660 660 660 660 660 660 660 660 660 660 649
11 11 -9999 660 660 660 649 649 660 649 660 669 669 669 660 660 660 660 660 660 660 660 660 660 660 649
11 12 -9999 660 649 660 649 649 649 649 660 662 669 662 660 660 660 660 660 660 660 660 660 660 660 649
11 13 -9999 649 649 660 649 649 649 649 660 660 669 660 660 660 660 660 660 660 660 660 660 660 660 649
11 14 -9999 649 649 660 649 649 649 649 660 660 669 662 660 660 660 660 660 660 660 660 660 649 660 649
11 15 -9999 649 649 660 649 649 660 660 660 669 669 669 660 660 660 660 660 660 660 649 649 649 660 649
11 16 -9999 649 660 660 649 649 660 660 669 669 669 669 660 660 660 660 660 660 660 649 649 649 649 649
11 17 -9999 660 660 660 649 649 649 660 660 660 669 662 660 660 649 649 649 649 649 649 649 649 649 649
11 18 -9999 649 649 649 649 649 649 649 649 660 660 662 660 660 649 649 649 649 649 649 649 649 649 649
11 19 -9999 649 649 649 649 649 649 660 660 662 669 662 660 660 649 649 649 649 649 649 649 660 649 649
11 20 -9999 649 649 649 649 649 660 660 660 662 669 662 660 660 649 649 649 649 649 649 649 649 649 644
11 21 -9999 644 649 649 649 644 649 660 649 660 662 662 660 660 649 649 649 649 649 649 649 649 649 640
11 22 -9999 644 644 644 644 640 649 649 649 660 660 660 660 660 649 649 649 649 649 649 649 649 644 640
11 23 -9999 640 640 640 644 640 649 649 649 660 660 660 660 649 649 644 644 649 649 644 644 649 644 640
11 24 -9999 640 640 640 644 640 644 649 649 660 660 660 649 649 644 644 644 644 649 644 644 644 640 640
11 25 -9999 640 640 640 644 640 644 644 649 660 660 660 649 649 644 644 644 649 649 644 640 649 644 640
11 26 -9999 644 640 644 644 640 644 644 649 660 660 660 649 649 644 644 644 644 644 640 640 644 644 640
11 27 -9999 644 640 640 640 640 644 644 649 660 660 660 649 649 644 644 640 644 644 640 640 644 644 640
11 28 -9999 644 640 640 640 640 644 644 649 660 660 660 649 649 644 644 640 644 644 640 640 644 644 640
11 29 -9999 644 640 640 644 640 644 644 644 649 660 660 649 644 644 640 640 644 644 640 640 644 644 640
11 30 -9999 644 644 640 644 640 640 640 644 649 649 649 644 644 640 640 640 640 640 640 640 644 644 640
12 01 -9999 644 640 640 640 640 640 640 644 649 649 649 644 644 640 640 640 640 640 640 640 644 640 640
12 02 -9999 644 640 640 640 640 640 640 640 649 649 649 644 640 640 640 640 640 640 630 640 640 640 640
12 03 -9999 640 640 640 640 640 640 630 640 644 644 644 640 640 640 640 640 640 630 630 630 640 640 640
12 04 -9999 640 640 640 640 640 630 626 630 640 640 640 640 630 640 630 630 630 630 626 630 626 630 640
12 05 -9999 640 630 640 640 640 626 626 630 640 640 630 630 630 630 630 630 630 626 626 626 626 630 640
12 06 -9999 640 630 640 630 630 626 621 626 630 630 630 630 630 630 626 630 630 626 626 626 626 630 640
12 07 -9999 644 640 640 640 630 621 621 621 626 621 630 630 626 630 621 626 630 626 626 626 626 630 640
12 08 -9999 640 630 640 630 630 621 610 621 621 621 626 630 626 630 621 621 626 626 626 626 621 630 630
12 09 -9999 640 630 640 630 630 621 610 621 626 621 630 630 630 630 626 626 630 626 626 626 626 630 630
12 10 -9999 640 630 640 630 630 621 610 621 626 621 630 626 626 630 621 621 626 621 621 626 621 626 630
12 11 -9999 630 630 630 621 621 621 610 610 621 621 621 626 621 630 621 626 626 621 621 621 621 621 630
12 12 -9999 630 626 626 610 610 610 610 610 621 621 621 621 621 626 621 626 626 621 621 626 621 621 630
12 13 -9999 630 626 626 610 610 610 608 610 621 621 621 621 621 626 626 626 630 621 621 621 621 621 626
12 14 -9999 626 621 621 610 610 610 610 610 621 621 621 621 621 621 621 621 621 621 621 621 621 621 621
12 15 -9999 621 621 621 610 610 621 610 621 621 621 621 621 621 621 621 621 621 621 621 621 621 610 621
12 16 -9999 621 621 610 610 610 610 610 610 621 621 621 621 621 621 621 621 621 621 621 621 621 610 621
12 17 -9999 621 621 610 610 610 610 610 610 621 621 621 621 621 621 621 621 621 621 621 621 621 610 621
12 18 -9999 621 621 610 610 610 610 610 610 621 621 621 621 621 621 621 621 621 621 621 610 610 610 610
12 19 -9999 610 610 608 610 608 610 610 610 621 621 621 621 621 610 621 610 621 610 610 610 610 610 610
12 20 -9999 608 601 601 608 601 601 601 608 610 610 621 621 621 610 621 610 621 610 610 610 610 610 608
12 21 -9999 601 601 601 608 601 601 601 608 610 610 621 621 621 621 621 610 621 610 621 610 610 610 610
12 22 -9999 608 608 601 608 601 601 601 608 610 610 621 621 621 621 621 621 621 621 621 610 610 610 610
12 23 -9999 608 608 601 608 601 601 608 610 610 621 621 621 626 621 621 621 626 621 621 621 621 621 621
12 24 -9999 610 610 608 610 610 610 610 610 621 621 621 626 626 621 621 621 621 621 621 610 610 610 610
12 25 -9999 601 601 601 608 601 610 610 610 621 621 621 626 626 621 621 621 621 621 621 610 610 610 610
12 26 -9999 601 608 608 610 608 610 610 610 621 626 626 630 626 630 626 626 626 626 621 621 621 621 621
12 27 -9999 610 610 610 621 610 621 621 621 621 626 630 630 630 630 626 626 630 630 626 626 626 621 626
12 28 -9999 621 621 621 621 621 621 621 621 626 630 630 630 630 630 626 626 630 630 626 626 626 621 626
12 29 -9999 610 610 610 621 621 621 621 621 621 626 630 630 630 630 626 630 630 630 626 626 626 621 626
12 30 -9999 610 610 610 621 621 621 610 610 621 626 626 630 626 630 621 626 626 626 621 621 621 621 626
12 31 -9999 610 610 610 610 610 621 610 610 610 626 626 626 626 626 621 621 621 626 610 610 621 621 626
