01 01 550 559 550 550 550 540 540 540 540 550 554 559 570 570 570 570 570 570 570 570 559 559 559 559
01 02 540 550 540 540 540 540 536 540 540 540 550 559 570 559 559 570 570 570 570 559 559 559 559 559
01 03 540 550 540 550 540 540 540 540 540 540 550 559 570 559 559 570 570 570 559 559 559 559 559 559
01 04 531 550 540 550 540 540 540 540 540 550 550 559 570 559 559 570 570 570 570 559 559 559 559 559
01 05 531 540 540 540 540 540 536 540 540 540 550 559 570 559 559 559 570 570 559 559 559 559 559 550
01 06 531 540 540 540 540 540 531 540 540 540 550 559 570 559 559 559 570 570 570 559 559 559 559 559
01 07 531 540 540 540 540 540 536 540 540 540 550 559 570 559 559 559 570 559 559 559 559 559 559 559
01 08 531 550 540 540 540 540 540 540 536 540 550 559 559 559 550 559 559 559 550 550 559 550 550 550
01 09 520 540 540 540 531 540 531 531 531 540 550 559 559 559 550 550 559 559 550 550 554 550 540 540
01 10 500 540 531 540 531 531 531 531 531 540 540 554 559 550 550 550 550 550 550 540 540 550 540 531
01 11 500 520 518 531 520 531 531 520 531 540 550 559 559 550 550 550 550 540 550 540 550 550 540 531
01 12 500 520 518 531 520 531 520 511 520 540 540 550 550 550 540 540 531 540 531 540 540 540 531 520
01 13 500 520 511 511 511 511 511 511 520 531 531 540 540 540 531 520 531 531 531 531 531 531 520 511
01 14 500 500 500 500 511 500 500 500 500 511 531 540 540 540 531 520 520 520 520 520 520 520 511 500
01 15 480 500 500 500 489 489 489 489 500 500 520 531 531 531 520 520 511 511 511 520 511 511 500 500
01 16 480 489 489 489 489 489 489 489 489 500 511 520 520 520 520 511 511 511 511 520 511 511 489 500
01 17 480 489 489 500 489 489 489 489 500 500 520 531 531 531 520 520 511 511 511 520 511 511 489 489
01 18 480 489 489 489 489 489 489 489 500 500 520 531 531 531 520 520 511 511 500 520 511 500 489 489
01 19 480 480 489 489 489 489 489 489 489 500 500 520 531 531 520 511 500 500 500 511 500 500 489 489
01 20 480 500 489 489 489 489 489 489 500 500 500 520 531 531 520 511 500 500 500 500 500 500 489 489
01 21 489 489 489 489 480 489 480 489 489 500 500 511 511 511 511 500 500 500 500 500 500 500 489 480
01 22 489 480 489 489 480 489 480 489 489 500 500 520 520 511 520 500 500 500 500 500 500 500 489 500
01 23 500 500 500 500 489 489 489 489 500 500 500 520 520 511 520 511 511 500 500 500 500 500 489 500
01 24 500 489 489 489 489 489 489 489 500 511 511 520 520 520 520 520 511 511 511 511 511 500 489 500
01 25 500 500 500 500 500 489 489 489 500 511 520 531 531 531 531 520 511 511 520 520 511 500 500 500
01 26 511 500 500 500 500 500 500 500 500 511 520 531 531 531 531 520 520 520 520 520 511 511 500 500
01 27 511 500 500 500 500 500 500 500 500 511 520 520 531 531 531 520 520 520 520 520 511 511 511 511
01 28 511 511 511 511 511 511 511 511 511 520 531 531 531 531 531 531 520 520 511 520 511 511 511 511
01 29 511 511 511 511 500 511 511 511 511 520 531 531 531 531 531 531 520 520 520 520 511 511 511 511
01 30 511 511 511 511 511 511 520 520 520 531 531 540 540 540 531 531 531 520 520 520 511 520 520 520
01 31 520 511 520 511 511 511 520 520 520 531 531 540 540 540 531 531 531 520 520 520 511 520 511 511
02 01 520 511 511 511 500 511 511 511 511 531 531 531 531 531 531 520 520 520 520 520 511 511 511 511
02 02 520 511 511 511 500 511 511 511 511 520 531 531 531 531 531 531 531 531 520 520 520 531 531 520
02 03 520 511 520 511 511 511 520 520 520 531 540 540 531 531 531 531 531 531 520 531 520 531 520 520
02 04 520 511 520 511 511 511 520 520 520 531 540 540 531 540 531 540 540 531 531 531 520 531 531 531
02 05 520 520 520 520 511 520 520 520 520 531 540 540 540 540 531 540 531 531 531 531 520 531 531 531
02 06 520 520 520 520 511 520 531 531 520 531 540 540 531 531 531 531 531 531 531 531 520 531 531 520
02 07 520 511 511 520 511 520 520 520 520 520 540 540 540 531 531 531 531 531 531 531 520 531 531 531
02 08 520 520 520 520 511 520 531 531 520 531 540 540 540 540 531 531 531 531 531 531 531 531 531 540
02 09 531 520 520 520 520 531 531 531 531 540 540 540 540 540 550 540 540 531 540 531 531 531 531 540
02 10 531 520 520 520 520 531 531 531 531 531 540 540 540 540 540 540 531 531 531 531 531 531 531 540
02 11 531 520 520 520 520 531 531 531 531 531 540 540 531 531 531 531 531 531 531 531 531 531 531 540
02 12 520 520 520 520 520 520 520 520 520 531 540 540 540 531 540 531 531 531 540 540 531 531 531 540
02 13 531 520 531 531 520 520 520 520 520 531 540 540 540 531 531 531 531 531 540 540 531 531 531 540
02 14 531 520 531 531 531 531 531 531 531 540 540 540 540 531 540 531 540 531 540 540 540 540 531 540
02 15 540 531 531 531 531 531 531 531 531 540 540 550 540 540 540 540 540 540 540 550 550 550 540 540
02 16 540 531 531 540 531 531 531 540 540 550 559 559 550 550 550 540 540 550 550 559 550 550 550 550
02 17 550 540 540 540 540 540 531 540 540 550 559 550 550 540 550 540 540 540 550 550 550 550 540 550
02 18 540 531 531 540 540 540 531 540 540 550 559 559 550 550 550 550 540 540 550 559 550 550 550 550
02 19 550 540 540 540 540 540 531 540 550 559 559 559 559 550 550 550 540 550 550 559 550 550 550 550
02 20 550 540 540 550 540 540 540 550 550 559 559 559 559 559 550 559 550 559 559 559 550 550 550 550
02 21 559 540 550 550 550 550 540 550 559 570 570 570 559 559 559 559 550 559 559 559 559 559 550 550
02 22 559 540 550 550 550 550 540 550 559 559 559 559 559 559 559 559 559 559 559 559 559 559 559 550
02 23 559 550 550 550 550 550 540 550 550 550 559 559 559 559 550 559 559 559 559 559 559 559 550 550
02 24 559 550 550 550 540 540 540 550 550 550 554 559 559 550 550 559 550 559 550 559 550 550 550 550
02 25 550 540 540 540 540 540 531 540 540 540 554 559 559 559 550 559 550 559 550 559 550 550 550 550
02 26 550 540 540 550 540 540 540 550 550 550 559 570 570 570 559 559 559 559 570 559 559 559 559 550
02 27 559 550 550 550 550 550 540 550 550 550 559 570 570 570 570 570 559 570 570 570 570 570 559 559
02 28 559 559 550 559 559 550 550 550 559 570 570 579 579 570 570 570 570 570 570 570 570 570 559 559
03 01 570 559 559 559 570 559 559 550 559 579 579 579 579 579 579 579 579 570 579 570 570 570 559 559
03 02 559 559 559 559 570 559 550 550 559 570 572 579 579 570 570 570 570 559 570 570 570 570 559 559
03 03 570 559 559 559 570 559 559 550 559 570 572 579 579 570 570 570 570 570 570 570 570 570 570 559
03 04 570 559 559 570 570 559 559 550 559 570 579 579 579 570 570 570 570 570 570 570 570 570 570 559
03 05 570 559 570 570 570 559 559 559 559 570 579 579 579 570 570 579 570 570 570 570 579 579 570 570
03 06 570 570 570 570 570 570 570 559 570 579 579 579 579 570 570 579 570 570 570 579 579 579 579 570
03 07 570 570 570 570 570 570 570 559 570 579 579 579 579 570 570 579 570 559 570 570 579 579 579 570
03 08 570 570 570 570 570 570 570 559 570 579 579 579 579 570 570 579 570 559 570 570 579 579 579 570
03 09 570 570 570 570 570 570 570 570 579 579 590 579 579 579 570 579 570 570 570 570 579 579 579 570
03 10 579 570 570 570 570 570 570 579 579 579 590 590 579 579 572 579 579 570 570 579 579 579 579 570
03 11 579 570 570 570 570 570 570 579 579 579 590 590 579 579 570 579 570 570 570 570 579 579 579 579
03 12 579 570 570 570 579 579 570 579 579 579 590 590 579 579 579 579 579 570 579 579 579 579 579 579
03 13 579 579 570 570 579 579 579 579 579 590 590 590 579 579 570 579 570 570 570 570 579 579 579 579
03 14 579 570 570 570 570 570 570 579 579 579 590 579 579 570 570 570 570 570 570 570 579 579 579 579
03 15 570 570 570 570 570 570 570 570 579 579 579 579 579 570 570 570 559 559 570 570 579 579 579 579
03 16 570 570 570 570 570 570 570 570 579 579 579 579 579 570 570 570 559 559 570 570 579 579 579 579
03 17 570 570 570 570 570 559 570 570 579 579 579 579 570 570 570 570 559 559 570 570 579 570 579 579
03 18 570 559 570 559 559 559 570 559 579 579 579 579 579 570 570 570 570 570 570 570 570 570 570 570
03 19 570 559 570 570 570 570 570 570 579 579 579 579 579 570 570 570 570 570 570 570 570 570 570 570
03 20 570 570 570 570 570 570 570 570 579 579 590 579 579 579 570 570 570 570 570 570 570 579 570 579
03 21 579 570 570 570 570 570 570 570 579 579 590 590 590 579 579 579 579 570 570 570 579 579 579 579
03 22 579 570 570 570 570 570 570 579 579 579 590 590 590 590 579 579 579 570 570 570 579 579 579 579
03 23 579 579 579 579 579 579 579 579 579 590 590 590 590 590 579 579 579 570 579 570 579 579 579 579
03 24 579 579 579 579 579 570 579 579 579 590 590 590 590 590 579 590 579 579 579 579 579 579 579 579
03 25 590 579 579 579 579 570 579 579 579 590 590 590 590 590 590 590 579 579 579 579 590 590 590 590
03 26 590 590 590 590 579 579 579 579 579 590 601 590 590 590 590 601 590 579 579 590 590 590 590 590
03 27 590 590 590 590 590 579 579 579 590 601 601 590 601 590 590 601 590 579 579 590 590 590 590 590
03 28 590 590 590 590 590 590 579 579 590 601 601 590 601 601 590 601 590 579 579 590 590 590 590 590
03 29 590 590 590 590 590 590 579 579 590 601 601 590 601 601 590 601 590 590 590 590 590 590 590 590
03 30 590 590 590 590 590 590 579 579 590 601 601 601 601 601 601 601 590 590 590 601 590 590 601 590
03 31 590 601 590 590 590 590 590 590 601 601 601 601 601 601 601 601 601 590 590 601 601 601 601 590
04 01 590 601 601 601 601 601 590 590 601 610 610 601 601 601 601 601 601 601 590 601 601 601 601 601
04 02 601 601 601 601 601 601 590 601 601 621 621 608 601 601 601 601 601 601 601 601 601 601 601 601
04 03 601 601 601 601 601 601 590 601 610 621 621 610 601 601 601 601 601 601 601 601 601 601 601 601
04 04 601 601 601 601 601 601 601 601 610 621 621 610 601 601 601 601 601 601 601 601 601 601 601 601
04 05 601 601 601 601 601 601 601 601 610 621 621 610 610 601 601 601 601 601 601 601 601 601 601 601
04 06 601 601 601 601 601 601 601 601 610 621 621 610 610 610 610 601 610 610 610 610 601 601 610 601
04 07 610 601 601 601 601 601 601 601 610 621 621 610 610 610 610 610 610 610 610 610 610 610 610 610
04 08 610 610 610 610 601 601 601 610 610 621 621 621 610 610 610 610 610 610 610 610 610 621 610 610
04 09 610 610 610 610 610 601 601 610 621 621 621 621 610 610 610 610 610 610 610 610 610 621 610 610
04 10 621 610 610 610 610 610 610 610 621 621 621 621 610 610 610 610 610 610 610 610 621 621 621 610
04 11 621 610 621 610 610 610 610 610 621 621 621 621 610 610 610 610 610 610 610 621 621 621 621 621
04 12 621 621 621 610 610 610 610 621 621 621 621 621 610 610 610 610 610 610 610 621 621 621 621 621
04 13 630 621 621 610 610 610 610 621 621 630 630 621 610 610 610 610 610 610 621 621 621 621 621 621
04 14 630 621 621 621 610 610 610 621 621 630 630 630 621 610 610 610 610 621 621 621 621 621 621 621
04 15 630 621 621 621 610 610 610 621 630 630 630 630 621 610 610 610 621 621 621 621 621 630 621 621
04 16 630 621 621 621 610 610 610 621 621 630 630 621 621 610 610 610 621 621 621 621 621 630 621 621
04 17 630 621 621 621 610 610 610 621 621 630 630 621 621 610 610 610 621 621 621 621 621 630 621 621
04 18 630 621 621 621 610 610 610 621 621 630 630 630 621 621 610 610 621 621 621 621 621 630 621 621
04 19 621 621 621 621 610 610 610 621 621 630 630 630 621 621 621 610 621 621 621 630 630 630 630 621
04 20 630 621 621 621 610 621 621 621 630 630 630 630 621 621 621 621 621 621 621 630 630 630 630 621
04 21 630 621 621 621 610 621 621 630 630 630 630 630 621 621 621 621 621 621 630 630 630 630 630 630
04 22 630 621 621 621 621 621 621 630 630 630 630 630 621 621 630 621 621 621 630 630 630 630 630 630
04 23 630 621 621 621 621 621 621 630 630 630 630 630 630 621 630 621 621 621 630 630 630 630 630 630
04 24 630 621 621 630 621 621 621 630 640 640 640 630 630 630 630 630 630 630 630 630 630 630 630 630
04 25 640 630 621 630 621 621 621 630 640 640 640 630 630 630 630 630 630 630 630 630 640 630 630 640
04 26 640 630 630 630 630 621 621 630 640 640 640 630 630 630 630 630 630 630 630 630 640 640 630 640
04 27 640 630 630 630 630 621 621 630 640 640 640 640 630 630 630 640 630 640 630 640 640 640 640 640
04 28 640 630 630 630 630 621 630 630 640 640 649 640 640 640 640 640 640 640 640 640 640 640 640 640
04 29 640 630 630 630 630 630 630 640 640 649 649 649 640 640 640 640 640 640 640 649 649 640 640 640
04 30 640 640 640 630 630 630 630 640 649 649 649 649 649 640 640 649 640 640 649 649 649 649 649 640
05 01 640 640 640 640 640 630 640 640 649 660 660 649 649 649 640 649 649 649 649 649 649 649 649 649
05 02 649 640 640 640 640 640 640 640 649 660 660 649 649 649 649 649 649 649 649 649 649 649 649 649
05 03 649 649 640 640 640 640 640 640 660 660 660 660 649 649 649 649 649 649 649 660 649 660 649 649
05 04 649 649 649 640 640 640 640 649 660 660 669 660 660 660 660 660 649 651 649 660 660 660 649 660
05 05 660 649 649 649 649 649 649 660 660 669 669 660 660 660 660 660 649 660 649 660 660 660 660 660
05 06 660 660 649 649 649 649 649 660 660 669 669 660 660 660 660 649 649 660 660 660 660 660 660 660
05 07 660 649 649 649 649 649 649 660 660 669 669 660 660 660 660 649 649 660 649 660 660 660 660 660
05 08 660 660 649 649 649 649 649 660 669 669 669 660 660 660 649 649 660 660 660 660 660 660 660 660
05 09 660 660 649 649 649 649 649 660 669 669 669 669 660 660 660 660 660 660 660 660 660 669 660 660
05 10 660 660 660 649 660 649 649 660 669 669 669 669 660 660 660 660 660 660 660 669 669 669 669 660
05 11 660 660 660 660 660 649 660 660 669 669 669 669 660 660 660 660 660 660 660 669 669 669 669 660
05 12 669 660 660 660 660 660 660 669 669 669 669 669 660 660 660 660 660 660 660 669 669 669 669 669
05 13 669 660 660 660 660 660 660 669 669 669 669 669 662 660 660 649 649 660 660 669 669 669 669 669
05 14 669 660 660 660 660 660 660 669 669 680 669 669 660 660 660 649 660 660 660 669 669 669 669 669
05 15 669 669 669 660 660 660 660 669 669 680 669 669 669 660 660 660 660 660 660 669 680 680 680 669
05 16 669 669 669 660 660 660 660 669 680 680 680 669 669 660 660 660 660 660 660 669 680 680 680 669
05 17 680 669 669 669 669 660 660 669 680 680 680 669 669 660 660 660 660 660 669 669 680 680 680 680
05 18 680 669 669 669 669 669 669 669 680 680 680 669 669 660 660 660 660 669 669 680 680 680 680 680
05 19 680 669 669 669 669 669 669 669 680 680 680 669 669 669 660 660 660 669 669 680 680 680 680 680
05 20 680 680 669 669 669 669 669 680 680 691 680 680 669 669 669 669 669 680 680 680 680 691 691 680
05 21 680 680 680 680 680 669 669 680 691 691 691 680 680 669 669 669 680 680 680 680 691 691 691 680
05 22 680 680 680 680 680 669 680 680 691 691 691 691 680 680 669 680 680 680 680 691 691 691 691 680
05 23 691 680 680 680 680 680 680 680 691 691 691 691 680 680 680 680 680 680 680 691 691 691 691 691
05 24 691 680 680 680 680 680 680 680 691 691 691 691 680 691 680 680 680 691 680 691 691 691 691 691
05 25 691 691 680 680 680 680 680 691 691 700 691 691 691 691 680 680 680 691 680 691 691 691 691 691
05 26 691 691 680 680 680 680 680 691 700 700 700 691 691 691 680 691 691 691 691 691 700 700 700 691
05 27 691 691 691 691 680 680 680 691 700 700 700 700 691 691 691 691 691 691 691 691 700 700 700 700
05 28 700 691 691 691 691 691 691 700 700 700 700 700 691 691 691 691 691 691 691 700 700 700 700 700
05 29 700 700 691 691 691 691 691 700 711 711 711 700 700 700 691 700 700 700 700 700 711 711 711 700
05 30 700 700 700 691 691 691 691 700 711 711 711 700 700 700 700 700 700 700 700 700 711 711 711 700
05 31 700 700 700 700 691 691 700 700 711 711 711 711 700 700 700 700 700 700 700 700 711 711 711 711
06 01 700 700 700 700 700 700 700 700 711 711 711 711 711 700 700 700 700 700 700 711 711 711 711 711
06 02 711 700 700 700 700 700 700 711 711 720 711 711 711 711 700 700 700 700 700 711 711 711 711 711
06 03 711 711 700 700 700 700 700 711 711 720 711 711 711 711 711 711 711 711 700 711 711 711 711 711
06 04 711 711 711 711 700 700 700 711 720 720 720 711 711 711 711 700 711 711 700 711 711 711 711 711
06 05 711 711 711 711 711 700 700 711 720 720 720 711 711 711 711 700 711 711 711 711 720 711 711 711
06 06 711 711 711 711 711 711 711 711 720 720 720 720 711 711 711 700 711 711 711 711 720 711 711 716
06 07 711 711 711 711 711 711 711 711 720 720 720 720 711 711 711 711 711 711 711 711 720 720 720 720
06 08 720 711 711 711 711 711 711 711 720 720 720 720 720 711 711 711 711 711 711 720 720 720 720 720
06 09 720 720 711 711 711 711 711 720 720 720 720 720 720 711 711 711 711 720 720 720 720 720 720 720
06 10 720 720 711 711 711 711 711 720 720 720 720 720 720 720 711 711 711 720 720 720 720 720 720 720
06 11 720 720 711 711 711 711 711 720 720 720 720 720 720 720 720 711 720 720 720 720 720 720 720 720
06 12 720 720 711 711 711 711 711 720 720 720 720 720 720 720 720 711 720 720 720 720 720 720 720 720
06 13 720 720 711 711 711 711 711 720 720 720 720 720 720 720 720 711 720 720 720 720 720 720 720 720
06 14 720 720 720 720 711 711 711 720 720 720 720 720 720 720 720 711 720 720 720 720 730 730 720 720
06 15 720 720 720 720 711 711 711 720 720 720 720 720 720 720 711 711 720 720 720 720 730 730 720 720
06 16 720 720 711 720 711 711 711 720 720 720 720 720 720 720 711 711 711 720 720 720 730 730 720 720
06 17 720 720 711 720 711 711 711 720 720 720 720 720 720 720 711 711 711 720 720 720 730 730 720 720
06 18 720 720 720 711 711 711 711 720 720 720 720 720 720 720 711 711 720 720 720 720 730 730 720 720
06 19 720 720 720 720 711 711 711 720 730 730 720 720 720 720 711 720 720 720 720 720 730 730 720 720
06 20 720 720 720 720 711 711 711 720 730 730 720 720 720 720 711 720 720 720 720 720 730 730 730 720
06 21 720 720 720 720 711 711 711 720 730 730 720 720 720 720 711 720 720 720 720 720 730 730 720 720
06 22 720 720 720 720 711 711 711 720 730 730 730 720 720 720 720 720 720 720 720 720 730 730 730 720
06 23 720 720 720 720 711 711 720 720 730 730 730 720 720 720 720 720 720 720 720 720 730 730 730 730
06 24 720 720 720 720 711 711 720 720 730 730 730 720 720 720 720 720 720 720 720 730 730 730 730 730
06 25 720 720 720 720 720 720 720 720 730 730 730 720 720 720 720 720 720 720 720 730 730 730 730 730
06 26 720 720 720 720 720 720 720 720 730 730 730 720 720 720 720 720 720 720 720 730 730 730 730 730
06 27 720 720 720 720 720 720 720 720 730 730 730 720 720 720 720 720 720 720 720 730 730 730 730 730
06 28 720 720 720 720 720 720 720 720 730 730 730 730 720 720 720 720 720 720 720 730 730 730 730 730
06 29 730 720 720 720 720 720 720 720 730 730 730 730 730 720 720 720 720 720 720 730 730 730 730 730
06 30 730 730 720 720 720 720 720 730 730 730 730 730 730 720 720 720 720 720 720 730 730 730 730 730
07 01 730 730 720 720 720 720 720 730 730 730 730 730 730 720 720 720 720 730 730 730 730 739 730 730
07 02 730 730 730 720 720 720 720 730 730 730 730 730 730 720 720 720 720 730 730 730 730 739 739 730
07 03 730 730 730 730 720 720 720 730 730 730 730 730 730 720 720 720 720 730 730 730 739 739 739 730
07 04 730 730 730 730 730 720 720 730 730 739 730 730 730 720 720 720 720 730 730 730 739 739 739 730
07 05 730 730 730 730 730 720 720 730 730 739 739 730 730 730 720 730 730 730 730 739 739 739 739 730
07 06 730 730 730 730 730 730 720 730 739 739 739 730 730 730 720 730 720 730 730 739 739 739 739 730
07 07 734 730 730 730 730 730 720 730 739 739 739 730 730 730 720 730 730 730 730 739 739 739 739 739
07 08 734 730 730 730 730 730 730 730 739 739 739 739 730 730 720 730 730 730 730 739 739 739 739 739
07 09 739 730 730 730 730 730 730 730 739 739 739 739 730 730 720 730 730 730 730 739 739 739 739 739
07 10 739 730 730 730 730 730 730 730 739 739 739 739 730 730 720 730 730 730 739 739 739 739 739 739
07 11 739 730 730 730 730 730 730 730 739 739 739 739 730 730 720 730 730 730 730 739 739 739 739 739
07 12 739 730 730 730 730 730 730 730 739 739 739 739 730 730 730 730 730 730 739 739 739 739 739 739
07 13 734 730 730 730 730 730 730 730 739 739 739 739 730 730 730 730 730 730 739 739 750 739 739 739
07 14 739 730 730 730 730 730 730 730 739 739 739 739 730 730 730 730 730 739 739 739 750 739 739 739
07 15 739 730 730 730 730 730 730 730 739 739 739 739 739 730 730 730 730 739 739 739 750 750 739 739
07 16 739 739 734 730 730 730 730 730 739 739 739 739 739 730 730 730 730 739 739 739 750 750 739 739
07 17 739 739 739 730 730 730 730 739 739 739 739 739 739 739 730 730 730 739 739 739 750 750 750 739
07 18 739 739 739 730 730 730 730 739 739 739 750 739 739 739 730 739 730 739 739 750 750 750 739 739
07 19 739 739 739 730 730 730 730 739 739 739 750 750 739 739 730 739 739 739 739 750 750 750 750 739
07 20 739 739 739 730 730 730 730 739 739 739 750 739 739 739 739 739 739 739 739 750 750 750 750 739
07 21 739 739 739 730 730 730 730 739 739 739 750 750 739 739 739 739 739 739 739 750 750 750 750 739
07 22 739 739 739 730 730 730 730 739 739 750 750 750 739 739 739 739 739 739 739 750 750 750 750 739
07 23 739 739 739 739 730 730 730 739 739 750 750 750 739 739 739 739 739 739 739 750 750 750 750 739
07 24 739 739 739 730 730 730 730 739 739 750 750 750 739 739 739 739 739 739 739 750 750 750 750 750
07 25 739 739 739 739 730 730 730 739 739 750 750 750 739 739 739 739 739 739 739 750 750 750 750 750
07 26 739 739 739 739 730 730 730 739 739 750 750 750 739 739 739 739 739 739 739 750 750 750 750 750
07 27 739 739 739 739 730 730 730 739 739 750 750 750 739 739 739 739 739 739 739 750 750 750 750 750
07 28 739 739 739 739 730 730 730 739 739 750 750 750 739 739 739 739 739 739 739 750 750 750 750 750
07 29 739 739 739 739 730 730 730 739 739 750 750 750 739 739 739 739 739 739 739 750 750 750 750 750
07 30 739 739 739 739 730 730 730 739 739 750 750 750 739 739 739 739 739 739 739 750 750 750 750 750
07 31 739 739 739 739 730 730 730 739 739 750 750 750 739 739 739 739 739 739 739 750 750 750 750 750
08 01 739 739 739 739 730 730 730 739 739 750 739 750 739 739 739 739 739 739 739 750 750 750 750 739
08 02 739 739 739 739 730 730 730 739 739 750 739 750 739 739 739 739 739 739 739 739 739 750 739 739
08 03 739 739 739 739 730 730 730 739 739 750 739 739 739 739 739 739 739 739 739 739 739 739 739 739
08 04 739 739 739 739 730 730 730 739 739 750 739 739 739 739 739 739 739 739 739 739 739 739 739 739
08 05 739 739 739 730 730 730 730 739 739 750 739 739 739 739 739 739 730 734 739 739 739 739 739 739
08 06 739 739 739 730 730 730 730 739 739 750 739 739 739 739 739 739 730 734 739 739 739 739 739 739
08 07 739 739 739 730 730 730 730 739 739 750 739 739 739 739 739 739 730 739 739 739 739 739 739 739
08 08 739 739 739 739 730 730 730 739 739 750 750 739 739 739 730 739 730 739 739 739 739 739 739 739
08 09 739 739 739 739 739 730 730 739 739 750 750 739 739 739 730 739 730 739 739 739 739 739 739 739
08 10 739 739 739 739 739 730 730 739 739 750 750 739 739 739 730 739 730 739 739 739 739 739 739 739
08 11 739 739 739 739 739 730 730 739 739 750 750 739 739 739 730 739 730 739 739 739 739 739 739 739
08 12 739 739 739 730 739 730 730 739 739 750 750 739 739 739 730 739 730 739 739 739 739 739 739 739
08 13 739 739 739 739 739 739 730 739 739 750 750 739 739 739 730 739 730 734 739 739 739 739 739 739
08 14 739 739 739 739 739 739 730 739 739 750 750 739 739 739 730 730 730 730 739 739 739 739 739 739
08 15 739 739 739 739 739 739 730 739 739 750 750 739 739 739 730 730 730 730 739 739 739 739 739 739
08 16 739 739 739 739 739 739 730 739 739 750 750 739 739 730 730 730 730 730 739 739 739 739 739 739
08 17 739 739 739 739 739 739 730 739 739 750 750 739 739 739 730 730 730 730 739 739 739 739 739 739
08 18 739 739 739 730 738 730 730 739 739 750 750 739 739 730 730 730 730 730 739 739 739 739 739 739
08 19 739 739 739 739 739 730 730 739 739 750 750 739 739 730 730 730 730 730 739 739 739 739 739 739
08 20 739 739 739 739 734 734 730 739 739 750 750 739 739 730 730 730 730 730 739 739 739 750 739 739
08 21 739 739 739 730 730 730 730 739 739 750 750 739 739 730 730 730 730 730 739 739 739 750 739 739
08 22 739 739 739 730 730 730 730 739 739 750 750 739 739 730 730 730 730 730 739 739 739 750 739 739
08 23 739 739 739 730 730 730 730 739 739 739 750 739 739 730 730 730 730 730 739 739 739 739 739 739
08 24 739 739 739 730 730 730 730 739 739 739 739 739 730 730 730 730 730 730 739 739 739 739 739 739
08 25 739 739 739 730 730 730 730 730 739 739 739 739 730 730 730 730 730 730 730 739 739 739 739 739
08 26 739 730 730 730 730 730 730 730 739 739 739 739 730 730 730 730 730 730 730 739 739 739 739 739
08 27 730 730 730 730 730 730 730 730 739 739 739 730 730 730 730 730 730 730 730 730 739 739 739 739
08 28 730 730 730 730 730 730 730 730 739 739 739 730 730 730 730 730 730 730 730 730 739 739 739 739
08 29 730 730 730 730 730 730 730 730 730 739 739 730 730 730 720 730 730 730 730 730 739 739 739 730
08 30 730 730 730 730 730 730 730 730 730 739 739 730 730 730 720 730 730 730 730 730 739 739 739 730
08 31 730 730 730 730 730 730 730 730 730 739 739 730 730 730 720 720 730 730 730 730 739 739 730 730
09 01 730 730 730 730 730 730 720 730 730 739 739 730 730 720 720 720 730 730 730 730 739 739 730 730
09 02 730 730 730 730 730 730 720 730 730 739 730 730 720 720 720 720 720 720 730 730 739 730 730 730
09 03 730 730 730 720 720 720 720 720 730 730 730 730 720 720 720 720 720 720 720 730 730 730 730 730
09 04 730 730 720 720 720 720 720 720 730 730 730 730 720 720 720 720 720 720 720 730 730 730 730 730
09 05 730 723 720 720 720 720 711 720 730 730 730 730 720 720 720 720 720 720 720 730 730 730 730 720
09 06 720 720 720 720 720 711 711 720 720 730 730 720 720 720 720 720 720 720 720 730 730 730 730 720
09 07 720 720 720 720 716 711 711 711 720 730 730 720 720 720 720 711 711 720 720 730 730 730 730 720
09 08 720 720 720 720 711 711 711 711 720 730 730 720 720 711 720 711 711 720 720 730 730 730 730 720
09 09 720 720 720 720 711 711 711 711 720 720 730 720 720 711 720 711 720 720 720 730 730 730 730 720
09 10 720 720 720 720 711 711 711 711 720 720 730 720 720 711 720 711 711 720 720 730 730 730 730 720
09 11 720 720 720 720 711 711 711 711 720 720 720 720 720 711 711 711 711 720 720 730 720 730 730 720
09 12 720 720 720 720 711 711 711 711 720 720 720 720 720 711 720 711 711 711 720 720 720 720 730 720
09 13 720 720 720 711 711 711 711 711 720 720 720 720 711 711 711 711 711 711 720 720 720 720 720 720
09 14 720 720 720 711 711 711 711 711 720 720 720 720 720 711 711 711 711 711 720 720 720 720 720 720
09 15 720 720 720 711 711 711 711 711 720 720 720 720 720 711 711 711 711 711 720 720 720 720 720 720
09 16 720 720 711 711 711 711 711 711 720 720 720 720 711 711 711 700 711 711 720 720 720 720 720 720
09 17 720 720 711 711 711 711 711 711 720 720 720 720 711 711 711 700 711 711 720 720 720 720 720 720
09 18 720 720 711 711 711 711 711 711 711 720 720 720 711 711 711 700 700 711 711 720 720 720 720 720
09 19 720 711 711 711 711 711 711 711 711 720 720 720 711 711 711 700 700 711 711 720 720 720 720 720
09 20 720 711 711 711 711 711 711 700 711 720 720 720 711 711 711 700 700 711 711 720 720 720 720 711
09 21 720 711 711 711 711 711 700 700 711 720 720 720 711 711 711 700 700 711 711 720 720 720 711 711
09 22 720 711 711 711 711 711 700 700 711 711 720 711 711 711 700 700 700 711 711 720 720 720 711 711
09 23 711 711 711 711 711 700 700 700 711 711 711 711 711 700 700 700 700 700 711 720 711 711 711 711
09 24 711 711 700 700 700 700 700 700 711 711 711 711 700 700 700 700 700 700 700 711 711 711 711 711
09 25 711 711 700 700 700 700 700 700 711 711 711 700 700 700 700 700 691 700 700 711 711 711 711 711
09 26 700 700 700 700 700 700 700 700 700 711 711 700 700 700 700 700 691 700 700 711 711 711 711 700
09 27 700 700 700 700 700 700 691 700 700 711 711 700 700 700 700 700 691 700 700 711 711 711 700 700
09 28 700 700 700 691 700 700 691 700 700 711 711 700 700 691 691 691 691 700 700 711 711 711 700 700
09 29 700 691 691 691 691 691 691 691 700 711 700 700 691 691 691 691 691 691 691 700 711 700 700 700
09 30 691 691 691 691 691 691 691 691 700 700 700 691 691 691 691 691 691 691 691 700 700 700 700 700
10 01 691 691 691 691 691 691 691 691 691 700 700 691 691 691 691 691 691 691 691 700 700 700 700 691
10 02 691 680 680 680 680 680 680 680 691 700 700 691 691 691 680 680 691 691 691 691 700 691 700 691
10 03 691 680 680 680 680 680 680 680 691 691 691 691 680 680 680 680 691 680 691 691 691 691 691 691
10 04 691 680 680 680 680 680 680 680 691 691 691 691 680 691 680 680 691 680 691 691 691 691 691 680
10 05 680 680 680 680 669 669 680 669 680 691 691 691 680 680 680 680 680 680 691 691 691 691 680 680
10 06 680 680 680 680 669 669 680 669 680 691 691 691 680 680 680 680 680 680 691 691 691 691 680 680
10 07 680 680 680 680 669 669 680 669 680 691 691 691 680 680 680 680 680 680 691 691 691 680 680 680
10 08 680 680 669 669 669 669 669 669 680 691 691 691 680 680 680 680 680 680 691 691 691 680 680 680
10 09 669 669 669 669 669 669 669 669 680 680 691 691 680 680 680 680 680 680 680 680 680 680 680 669
10 10 669 669 669 669 669 669 669 669 680 680 691 691 680 680 680 680 680 680 680 680 680 680 669 669
10 11 669 669 669 669 669 669 669 669 680 680 691 691 680 680 680 680 680 680 680 680 680 680 669 669
10 12 669 669 669 669 660 660 660 660 669 680 680 680 669 669 669 669 669 669 680 680 680 680 669 669
10 13 669 669 660 660 660 660 660 660 669 680 680 680 669 669 669 669 669 669 669 680 680 669 669 660
10 14 669 660 660 660 660 660 660 660 669 669 680 680 669 669 669 660 669 669 669 680 680 669 669 660
10 15 660 660 660 660 649 649 660 649 660 669 669 669 669 669 660 660 669 669 669 680 669 669 660 660
10 16 660 660 660 660 649 649 660 649 660 669 669 669 669 669 660 660 660 669 669 669 669 669 660 660
10 17 660 660 660 660 649 649 644 649 649 660 669 669 669 660 660 660 660 660 669 669 669 660 660 660
10 18 660 649 649 649 640 640 640 640 649 660 660 669 660 660 660 649 660 660 660 669 660 660 660 660
10 19 660 649 649 640 630 640 640 640 649 660 660 660 660 660 649 649 660 660 660 660 660 660 660 660
10 20 649 649 649 640 630 640 640 640 649 660 660 660 660 649 649 649 649 649 660 660 660 660 649 649
10 21 649 649 649 640 630 630 630 630 640 649 660 660 660 649 649 649 649 649 649 660 660 649 649 649
10 22 649 640 640 640 630 630 630 630 640 649 649 660 649 649 640 640 640 649 649 649 660 649 649 649
10 23 640 640 640 640 630 630 630 630 640 649 660 660 649 649 640 649 649 660 649 660 660 649 649 649
10 24 640 649 640 640 630 630 630 630 640 649 660 660 660 649 649 649 649 660 660 660 660 649 649 649
10 25 640 640 640 640 630 630 630 630 640 649 660 660 649 649 640 640 649 649 649 649 660 649 649 649
10 26 640 640 640 640 630 630 630 630 630 649 649 660 649 649 640 640 649 649 649 649 649 649 649 640
10 27 640 640 640 640 630 630 630 630 630 640 649 649 640 640 640 640 649 649 649 649 649 649 649 640
10 28 640 640 640 640 630 630 630 630 630 640 649 649 640 640 640 640 640 649 649 649 649 649 640 640
10 29 640 640 640 640 630 630 630 630 630 640 649 649 640 640 640 640 640 649 649 649 649 644 640 640
10 30 640 640 640 640 630 630 630 630 630 640 649 649 640 640 640 640 640 649 649 649 649 640 640 640
10 31 640 640 640 640 630 630 630 621 630 640 640 640 640 640 640 640 640 649 649 649 649 640 640 640
11 01 640 640 640 640 630 630 630 630 630 640 640 640 640 640 640 640 640 649 649 649 649 640 640 640
11 02 640 640 640 640 640 630 630 630 630 640 640 640 640 640 640 640 640 649 640 640 640 640 640 640
11 03 640 633 640 640 630 630 630 630 630 630 640 640 640 640 640 640 640 640 640 640 640 640 640 640
11 04 640 630 630 630 630 630 621 621 621 630 630 630 640 640 640 640 640 640 640 640 640 640 640 640
11 05 640 630 630 621 621 621 621 621 621 630 630 630 640 640 640 640 640 640 640 640 640 630 630 630
11 06 640 630 621 621 621 621 621 621 621 630 630 630 640 640 640 640 640 640 640 640 640 630 630 630
11 07 640 621 621 621 621 621 621 610 621 621 630 630 640 630 640 630 630 630 630 630 630 621 621 630
11 08 630 621 621 621 610 610 610 610 621 621 630 630 640 630 630 630 630 630 630 630 630 621 621 621
11 09 621 610 621 610 610 610 610 610 610 621 630 630 630 630 630 630 630 630 630 630 630 621 621 621
11 10 621 610 610 601 601 601 601 601 610 621 630 630 630 621 621 621 621 621 621 621 621 621 610 621
11 11 610 601 601 590 601 601 601 601 601 610 621 626 621 621 621 610 621 621 621 621 621 610 610 610
11 12 610 601 601 590 601 601 601 601 601 610 610 621 610 621 621 610 610 610 621 621 610 610 610 601
11 13 610 601 590 590 601 590 590 590 590 610 610 621 610 621 610 610 610 610 621 621 610 601 601 601
11 14 601 590 590 590 590 590 590 590 590 610 610 621 610 621 621 610 621 621 621 621 621 601 610 601
11 15 601 590 590 590 590 590 590 590 590 610 610 610 610 610 610 610 610 610 621 610 610 601 601 601
11 16 601 590 590 590 590 590 590 590 590 608 610 610 610 610 610 610 610 610 621 610 610 601 601 601
11 17 601 590 590 590 590 590 590 590 590 601 610 610 610 610 610 610 610 610 610 610 610 601 601 601
11 18 601 590 590 590 590 590 590 579 590 601 610 610 610 610 610 610 610 610 621 610 610 610 601 601
11 19 601 590 590 590 590 590 590 590 590 608 610 610 610 621 610 610 621 621 621 621 621 610 610 601
11 20 610 601 590 601 590 601 590 590 590 608 610 610 610 621 610 610 610 621 621 610 621 610 610 601
11 21 610 601 601 601 601 601 601 601 590 610 610 621 610 621 621 610 621 621 621 621 621 610 610 601
11 22 610 601 601 601 601 601 601 601 601 610 621 621 610 621 621 610 610 621 621 610 621 610 610 601
11 23 610 601 601 601 601 601 601 601 601 610 610 621 610 621 621 621 621 621 621 610 610 610 610 601
11 24 610 601 601 601 601 601 601 601 601 610 610 621 610 621 621 610 610 610 610 610 610 610 601 601
11 25 610 601 601 601 601 601 601 601 601 608 610 621 610 610 610 610 610 610 610 610 610 610 601 601
11 26 610 601 601 601 601 601 601 601 601 610 610 621 610 610 610 610 610 610 610 610 610 610 601 601
11 27 610 601 610 601 601 601 601 590 590 610 610 621 610 610 610 610 610 610 610 610 610 610 610 601
11 28 610 601 610 601 601 601 601 601 590 610 610 621 610 610 610 610 610 610 610 610 610 610 601 601
11 29 610 601 601 601 601 601 601 590 590 601 610 621 610 610 610 601 610 601 601 601 610 601 601 601
11 30 610 590 601 601 601 590 590 590 590 601 610 621 610 610 610 601 610 601 601 601 601 601 601 601
12 01 610 590 590 601 601 590 590 590 590 601 610 621 610 610 601 601 601 601 601 601 601 601 601 601
12 02 601 590 590 590 590 590 579 579 590 601 610 610 610 601 601 590 601 590 590 590 590 601 601 601
12 03 601 590 590 590 590 579 579 579 590 601 610 610 610 610 601 590 590 590 590 590 590 590 590 590
12 04 590 590 590 590 590 579 579 579 579 590 590 601 601 601 590 590 590 579 579 579 590 590 590 579
12 05 579 579 590 579 579 570 579 579 579 579 590 601 601 590 590 579 570 570 570 579 579 579 570 570
12 06 570 570 570 570 570 559 550 550 550 570 579 590 601 590 579 579 570 570 570 570 570 570 559 559
12 07 570 559 559 559 559 550 550 540 550 559 570 579 590 590 579 579 570 570 559 570 559 559 559 559
12 08 570 559 550 559 550 540 540 540 540 550 559 570 570 579 570 570 570 559 559 559 550 559 550 550
12 09 559 540 540 540 531 531 540 531 536 550 559 570 570 570 559 559 559 559 559 550 550 550 540 540
12 10 550 540 540 540 531 531 540 531 536 550 559 570 570 579 559 559 559 559 559 550 550 550 540 540
12 11 540 540 531 531 531 531 540 531 531 540 559 570 570 559 559 559 559 550 550 550 540 540 540 540
12 12 531 531 531 531 531 520 531 520 520 540 559 570 570 559 559 559 550 550 550 550 540 540 540 531
12 13 531 531 531 531 531 531 531 531 531 540 559 570 570 559 559 559 550 550 550 550 540 540 536 531
12 14 531 531 531 531 520 531 531 531 531 540 550 559 570 559 559 559 550 550 550 550 540 540 540 531
12 15 531 531 531 531 531 531 531 531 531 540 550 559 570 559 559 559 550 550 550 550 540 540 540 531
12 16 531 540 531 531 531 531 540 531 540 550 559 570 570 570 559 559 550 550 550 550 550 540 540 540
12 17 540 540 540 536 531 531 531 531 540 550 550 559 570 559 550 550 550 550 550 550 550 540 540 540
12 18 540 550 540 531 531 531 531 531 536 540 550 559 559 559 550 550 550 550 550 550 540 540 540 540
12 19 540 540 540 531 531 531 531 531 531 540 550 559 559 559 550 550 550 540 550 550 540 540 536 531
12 20 540 540 536 531 531 531 520 520 531 531 540 550 559 559 550 550 550 550 550 550 540 540 531 531
12 21 531 540 531 531 520 520 520 520 511 520 531 550 559 550 550 550 550 540 550 540 540 531 531 531
12 22 531 540 531 520 520 520 520 520 520 531 540 550 559 559 550 550 550 550 550 550 540 540 540 531
12 23 531 540 531 531 531 531 531 531 531 531 540 550 559 559 550 550 550 550 550 550 540 540 540 531
12 24 531 531 531 520 531 531 520 531 531 531 540 550 559 559 550 550 550 550 550 550 550 550 540 540
12 25 531 540 540 531 531 531 531 531 531 540 540 550 550 550 550 550 550 550 550 550 550 550 550 540
12 26 540 540 540 531 531 531 531 531 531 531 540 550 559 559 550 550 550 550 550 550 550 550 550 550
12 27 540 550 540 531 540 536 531 531 531 531 540 550 559 559 550 550 554 554 550 550 550 550 550 550
12 28 540 550 540 531 540 536 531 531 531 536 540 554 559 559 559 559 559 559 550 550 550 550 550 550
12 29 550 550 540 540 540 540 536 540 531 540 559 570 572 570 559 559 570 559 559 559 559 559 559 550
12 30 550 550 550 550 550 540 540 540 536 540 554 559 570 570 559 559 570 559 559 559 559 559 559 559
12 31 550 550 550 550 550 540 536 540 536 540 550 559 570 559 559 570 570 570 559 559 559 559 559 559
