01 01 570 570 570 570 559 559 570 559 559 570 579 579 590 579 579 572 579 579 579 572 572 572 572 572
01 02 570 570 570 559 559 559 559 554 554 570 572 579 579 572 579 579 579 579 572 572 572 572 572 570
01 03 570 570 570 559 559 559 559 554 554 570 572 579 579 579 579 579 579 579 579 572 572 572 572 572
01 04 570 570 570 559 559 559 570 554 559 570 572 579 579 579 579 579 579 579 579 572 572 572 572 572
01 05 570 572 570 570 559 559 570 559 559 570 572 579 579 572 579 579 579 579 572 572 572 570 570 570
01 06 570 570 559 559 554 559 559 554 554 570 572 579 579 579 579 579 579 579 572 572 572 570 570 570
01 07 570 570 559 559 550 559 559 554 554 559 572 579 579 579 579 579 579 579 572 572 572 570 570 570
01 08 570 570 559 559 554 559 559 554 554 570 572 579 572 572 572 572 572 572 572 570 570 559 559 570
01 09 559 559 559 554 550 554 559 554 554 570 572 579 572 572 572 572 572 572 570 570 570 559 559 559
01 10 559 554 554 554 550 554 559 554 554 570 572 579 572 572 572 572 572 572 570 559 559 559 554 554
01 11 554 550 550 550 540 550 554 554 554 570 572 579 572 572 572 572 572 572 570 570 559 559 554 554
01 12 550 550 550 550 540 550 554 554 554 570 572 579 572 572 572 572 572 570 559 559 559 554 554 550
01 13 540 540 550 540 540 540 550 540 550 559 572 572 572 570 570 570 570 559 554 554 550 550 550 536
01 14 536 536 540 536 536 540 540 540 540 554 572 572 572 572 570 570 570 570 559 554 554 550 550 536
01 15 536 536 540 536 536 531 536 540 540 550 570 572 572 570 559 570 559 554 559 554 554 550 550 536
01 16 531 536 536 536 531 531 531 540 540 550 559 570 572 570 559 570 559 559 559 554 554 550 550 536
01 17 531 531 536 536 536 531 531 540 540 550 570 572 572 570 570 570 570 570 559 554 554 554 554 540
01 18 536 536 540 540 540 540 536 540 540 550 570 570 572 570 570 570 559 570 559 554 554 554 554 540
01 19 536 531 536 540 536 536 531 536 540 550 559 559 559 570 559 559 554 554 554 550 550 550 550 536
01 20 531 531 531 531 531 531 531 531 536 550 559 554 550 570 559 570 554 554 550 550 550 540 540 531
01 21 531 531 531 531 531 531 531 531 536 550 550 550 540 550 550 554 550 550 540 531 540 536 540 531
01 22 520 531 531 531 531 531 520 531 531 540 550 540 540 550 550 554 550 550 540 531 536 531 540 531
01 23 520 531 531 531 531 531 531 531 540 550 550 550 540 559 554 559 550 554 540 536 540 540 540 531
01 24 520 531 520 531 531 531 531 531 540 550 550 550 540 559 559 559 550 554 550 540 550 550 540 536
01 25 531 531 531 531 531 531 531 540 550 554 559 559 554 570 570 570 559 559 550 550 550 554 550 550
01 26 536 531 536 536 536 536 536 540 550 559 559 559 559 570 570 570 559 559 554 550 550 554 550 550
01 27 540 540 540 540 540 540 550 550 550 559 559 570 554 570 570 570 570 570 554 554 554 554 554 550
01 28 550 550 550 550 540 550 550 550 554 559 570 572 579 570 572 570 579 570 559 554 559 554 554 550
01 29 540 540 550 550 540 550 550 554 554 559 570 572 579 570 572 570 572 570 559 559 554 554 550 550
01 30 540 540 540 550 550 550 554 559 559 559 572 579 579 570 579 572 579 570 559 559 559 554 559 550
01 31 550 550 550 554 559 554 559 559 559 570 570 572 559 570 572 570 570 570 554 554 550 550 550 550
02 01 540 540 540 550 550 550 550 550 559 559 559 570 554 559 570 559 554 554 550 550 550 540 540 531
02 02 531 536 536 540 540 540 540 540 550 559 559 570 554 570 570 559 559 554 554 550 550 550 540 540
02 03 540 540 540 550 550 550 550 550 559 559 570 572 559 570 572 570 570 559 559 559 550 550 550 550
02 04 540 540 550 550 554 554 550 550 559 570 570 572 570 570 572 570 570 559 559 559 554 550 554 550
02 05 550 550 550 550 554 554 550 550 559 559 570 572 559 570 570 559 559 554 554 554 554 550 554 550
02 06 540 550 550 550 554 554 550 540 559 559 570 572 559 570 570 559 559 554 554 554 554 550 550 550
02 07 550 550 550 550 550 550 540 540 550 570 570 570 559 570 570 559 559 554 559 559 554 550 550 550
02 08 550 550 550 550 550 550 540 540 550 559 570 570 559 570 570 559 570 559 559 559 554 550 550 559
02 09 550 559 559 559 559 554 550 540 559 570 570 570 559 570 579 570 570 570 559 559 554 554 559 559
02 10 554 559 559 554 554 550 540 540 550 559 559 559 559 570 570 559 559 559 559 559 554 550 540 554
02 11 550 554 559 550 550 550 536 540 550 550 559 559 559 570 570 559 554 554 559 559 540 540 540 550
02 12 550 550 559 550 550 550 540 540 550 554 559 559 559 559 570 559 554 559 559 559 550 550 550 559
02 13 554 559 559 550 550 550 540 540 550 554 559 559 559 570 559 559 559 570 559 559 554 550 559 559
02 14 559 559 559 554 550 550 550 550 550 559 570 559 559 570 559 559 570 570 559 559 554 550 559 559
02 15 559 559 559 550 550 550 550 550 559 559 570 570 570 570 570 570 570 570 570 570 559 559 570 570
02 16 559 559 559 559 559 554 550 554 559 570 579 579 570 572 579 572 570 570 570 570 570 570 570 570
02 17 570 570 570 559 559 559 559 559 570 579 579 579 570 570 579 572 570 570 570 570 559 570 570 570
02 18 559 559 559 559 559 559 559 559 570 579 579 579 570 570 572 572 570 572 570 570 570 570 570 570
02 19 570 559 559 559 559 559 559 559 570 579 579 579 570 579 579 572 572 572 570 570 570 570 570 570
02 20 570 559 559 559 559 559 559 559 570 579 579 579 572 579 579 579 579 579 572 570 570 570 570 570
02 21 570 570 570 559 570 570 559 559 570 579 579 579 579 579 579 579 579 579 579 579 570 570 570 570
02 22 570 570 570 559 570 570 559 559 570 579 579 579 579 579 579 579 579 572 572 579 579 570 570 570
02 23 572 570 570 570 570 570 570 570 570 579 579 579 579 579 579 579 579 572 572 579 570 570 570 570
02 24 570 570 570 570 570 570 570 570 570 579 579 579 579 579 579 579 579 572 570 570 570 570 570 570
02 25 570 570 570 559 570 559 559 559 570 579 579 579 579 579 579 579 579 579 572 579 579 570 570 570
02 26 570 570 570 559 570 570 559 570 570 579 590 590 579 579 579 579 590 579 579 579 579 579 579 570
02 27 579 570 570 570 570 570 570 570 579 590 590 590 590 590 590 590 590 590 579 579 579 579 579 579
02 28 579 570 570 570 570 570 570 579 579 590 590 590 601 590 590 590 590 590 590 590 590 579 579 579
03 01 579 579 570 570 579 579 579 579 590 601 601 601 601 601 601 590 590 601 590 590 590 590 590 579
03 02 590 579 579 579 579 579 579 579 590 601 601 601 601 601 590 590 590 601 590 590 590 590 590 579
03 03 590 579 579 579 579 579 579 579 590 590 601 590 601 601 590 590 590 601 590 590 590 590 590 579
03 04 579 579 579 579 579 579 579 579 590 590 601 601 601 601 590 590 590 601 590 590 590 590 590 579
03 05 590 579 579 579 579 579 590 579 590 590 601 601 601 601 590 601 590 601 590 590 590 590 590 579
03 06 590 590 579 579 590 590 590 579 590 601 610 608 601 601 601 601 590 601 590 590 590 590 590 590
03 07 590 590 579 579 590 590 590 579 590 601 610 608 601 601 601 601 590 601 590 590 590 590 590 590
03 08 590 590 579 579 590 579 590 579 590 608 610 601 601 601 601 601 590 601 601 590 590 590 590 590
03 09 590 590 590 579 590 590 590 590 601 610 610 608 608 608 608 601 601 601 601 601 601 590 590 590
03 10 590 590 590 590 590 590 590 579 601 608 610 608 608 608 608 608 601 601 601 601 601 601 590 590
03 11 590 590 590 579 590 590 590 579 601 608 610 608 608 608 608 608 601 601 601 601 601 601 590 590
03 12 590 590 590 590 590 590 590 590 601 608 610 608 608 610 610 610 601 601 601 601 601 601 590 590
03 13 590 590 590 579 590 579 579 590 601 608 610 608 608 610 610 610 601 601 601 601 601 601 590 590
03 14 590 590 590 579 579 579 579 579 590 601 610 601 601 608 608 601 601 601 601 601 601 590 590 590
03 15 590 590 590 579 579 579 579 579 590 601 608 601 601 601 601 601 590 601 601 601 590 590 590 590
03 16 590 590 590 579 579 579 579 579 590 590 601 601 601 601 590 601 590 601 590 590 590 590 590 590
03 17 590 590 579 579 579 579 579 579 590 590 601 601 601 601 590 601 590 601 601 590 590 590 590 590
03 18 590 590 579 579 579 579 572 572 590 601 601 601 601 601 590 601 590 601 590 590 590 590 590 590
03 19 590 590 579 579 579 579 572 579 590 601 601 601 601 601 601 601 601 601 601 590 590 590 590 590
03 20 590 590 590 579 579 579 579 590 601 601 610 601 601 601 608 608 601 601 601 601 601 590 590 590
03 21 590 590 590 579 590 579 579 590 601 608 610 601 608 608 610 610 610 601 601 601 601 601 601 601
03 22 601 590 590 590 590 590 579 590 601 610 610 610 608 610 610 610 610 608 601 601 608 601 601 601
03 23 601 601 590 590 590 590 590 590 601 610 610 610 610 610 610 610 610 610 601 608 608 601 601 601
03 24 601 601 601 590 590 601 590 590 608 610 610 610 610 610 610 610 610 608 601 601 608 601 608 608
03 25 610 601 601 601 601 601 601 601 610 610 610 610 610 610 610 610 610 610 601 608 610 608 608 610
03 26 610 608 608 608 601 608 601 601 610 610 610 610 610 610 610 610 610 610 601 608 610 610 610 610
03 27 610 610 610 610 608 608 601 610 621 621 621 610 610 610 610 610 610 610 608 610 610 610 610 610
03 28 610 610 621 610 610 610 610 610 621 621 626 621 610 621 610 610 610 610 610 610 610 610 610 610
03 29 610 610 621 610 610 610 608 610 621 626 626 621 610 621 610 621 610 610 610 610 610 610 610 610
03 30 610 610 621 610 610 610 610 610 621 630 630 621 621 621 621 621 621 621 610 610 610 621 610 621
03 31 621 621 621 621 610 610 610 610 621 630 630 626 621 626 621 621 621 621 621 610 621 621 621 621
04 01 621 621 621 621 621 610 610 621 630 630 630 626 621 626 626 626 621 621 621 621 621 621 621 621
04 02 621 621 621 621 621 621 621 626 630 630 630 626 626 630 626 630 626 621 621 621 621 621 621 630
04 03 626 626 626 626 626 621 621 630 630 630 630 626 621 630 626 626 621 621 621 621 621 621 621 626
04 04 626 626 626 626 630 621 621 630 640 640 630 630 626 630 630 630 621 621 621 621 621 621 621 626
04 05 621 621 626 621 626 621 621 626 630 640 630 630 626 630 630 630 621 621 621 621 621 621 621 621
04 06 621 626 626 626 626 621 621 626 630 640 630 630 630 630 630 630 621 621 621 621 621 621 621 621
04 07 621 626 626 621 621 621 621 626 630 630 630 630 630 630 630 630 626 621 626 621 621 621 621 621
04 08 621 621 626 621 621 621 610 626 630 640 630 630 630 640 640 630 630 626 630 626 626 626 621 626
04 09 626 626 626 626 626 621 621 630 640 640 630 630 640 640 640 630 630 621 630 626 626 626 621 626
04 10 626 626 626 626 626 621 621 630 640 640 640 640 640 640 640 630 630 626 630 626 630 626 626 630
04 11 626 630 630 626 630 621 621 630 640 640 640 640 640 640 640 630 630 626 630 630 630 626 626 630
04 12 626 630 630 621 626 621 621 630 640 640 630 640 640 640 630 630 630 626 630 630 630 626 626 630
04 13 626 626 630 621 630 621 621 630 640 640 640 640 640 640 640 630 630 630 630 630 630 630 630 630
04 14 630 630 630 630 630 621 630 630 640 640 640 640 640 644 640 640 640 630 630 630 630 630 630 630
04 15 630 630 630 630 630 630 630 630 640 649 640 640 640 644 640 640 640 630 630 630 630 630 630 630
04 16 630 630 630 630 630 630 630 630 640 644 640 640 640 649 640 640 640 630 630 630 630 630 630 630
04 17 630 630 630 630 630 630 630 630 640 649 640 640 644 649 640 640 640 630 630 630 630 630 630 630
04 18 630 630 630 630 630 630 630 630 640 649 640 640 644 649 640 640 640 640 640 640 640 640 630 630
04 19 630 630 630 630 630 630 630 640 640 649 640 640 640 644 644 640 640 640 640 640 640 640 640 640
04 20 630 630 630 630 630 630 630 640 644 649 640 640 640 644 644 640 640 640 640 640 640 640 640 640
04 21 640 630 630 630 630 630 630 640 644 649 640 640 640 644 649 644 644 640 640 640 640 640 640 640
04 22 640 640 640 630 630 630 630 640 644 649 640 640 640 644 649 644 644 640 640 640 640 640 640 644
04 23 640 640 640 640 640 630 630 644 649 649 644 640 640 640 644 640 644 640 640 640 644 644 644 644
04 24 644 640 640 640 640 630 640 649 649 649 644 640 644 644 649 649 649 644 649 649 649 649 649 649
04 25 649 644 644 649 644 640 644 649 660 649 649 640 644 649 649 649 649 644 649 649 649 649 649 649
04 26 649 644 644 649 644 640 644 649 660 660 649 644 649 649 649 649 649 649 649 649 649 649 649 649
04 27 649 649 649 649 649 644 649 660 660 660 649 644 649 649 649 649 649 649 649 649 649 649 649 649
04 28 649 649 649 649 649 644 649 660 662 660 649 649 649 649 649 649 649 649 649 649 660 660 660 660
04 29 660 649 649 649 649 649 649 662 669 662 649 649 649 649 658 649 649 649 649 660 660 660 660 660
04 30 660 649 649 649 649 649 649 662 669 662 660 660 649 660 660 660 660 660 660 660 660 660 660 662
05 01 660 660 660 660 660 660 660 669 669 669 662 660 662 660 662 662 660 662 662 662 669 669 662 662
05 02 662 660 660 660 660 660 660 669 669 669 669 662 669 662 669 662 662 669 662 662 669 669 669 669
05 03 662 662 662 660 660 660 662 669 680 680 680 669 669 680 669 669 662 669 669 669 669 669 669 669
05 04 662 662 669 662 662 662 669 680 680 680 680 669 680 680 669 669 669 680 669 669 669 669 669 680
05 05 669 669 669 662 669 662 669 680 680 680 680 669 680 680 680 680 669 680 680 669 669 680 680 680
05 06 669 669 669 669 669 669 669 680 680 691 680 680 680 680 680 680 669 680 680 680 680 680 680 680
05 07 680 680 669 669 669 669 669 680 680 691 680 680 680 680 680 680 669 669 680 680 680 680 680 680
05 08 669 669 669 669 669 669 669 680 680 691 680 680 680 680 680 680 669 680 680 680 680 680 680 680
05 09 669 669 669 669 669 669 669 680 680 691 680 680 680 680 669 680 669 680 680 680 680 680 680 680
05 10 669 669 669 669 669 662 669 680 680 691 680 680 680 680 680 680 669 680 680 680 680 680 680 680
05 11 680 680 669 669 669 662 669 680 680 691 680 680 680 680 680 680 669 680 680 680 680 680 680 680
05 12 680 680 669 669 669 662 669 680 680 691 680 680 680 680 680 680 680 680 680 680 680 680 680 680
05 13 680 680 680 669 669 669 669 680 680 691 680 680 680 680 680 680 680 680 680 680 680 680 680 680
05 14 680 680 680 680 669 669 680 680 680 691 680 680 680 680 680 680 680 680 680 680 680 680 680 680
05 15 680 680 680 680 669 669 680 691 691 691 691 680 680 691 691 680 680 691 680 680 691 680 680 680
05 16 680 680 680 680 680 669 680 691 691 691 691 691 691 691 691 691 691 691 680 691 691 691 691 680
05 17 691 680 680 680 680 680 680 691 691 691 691 691 691 691 691 691 691 691 680 691 691 691 691 691
05 18 691 680 680 680 680 680 680 691 691 691 691 691 691 691 691 691 691 691 691 691 691 691 691 691
05 19 691 691 691 691 680 680 691 691 700 698 700 691 691 698 691 698 698 691 691 691 691 700 691 691
05 20 691 691 691 691 691 691 691 700 700 700 700 698 698 700 691 700 700 700 700 700 700 700 700 691
05 21 691 691 691 700 691 691 691 700 700 700 700 700 700 700 700 700 700 700 700 700 700 700 700 700
05 22 698 698 698 700 691 691 698 700 700 700 700 700 700 700 700 700 700 700 700 700 700 700 700 700
05 23 700 700 700 700 698 698 700 700 711 700 700 711 700 700 700 700 700 700 700 711 700 711 711 700
05 24 700 700 700 700 700 700 700 711 711 711 711 711 700 711 700 700 700 711 711 711 711 711 711 711
05 25 700 700 700 700 700 700 700 711 711 711 711 711 711 711 711 700 711 711 711 711 711 711 711 711
05 26 711 711 711 700 700 700 700 711 711 711 711 711 711 711 711 700 711 711 711 711 711 711 720 720
05 27 711 711 711 711 711 700 711 716 720 711 711 711 711 711 711 711 711 711 716 711 711 720 720 720
05 28 720 711 711 711 711 711 711 720 720 720 720 720 711 720 711 711 716 720 720 720 716 720 720 720
05 29 720 720 720 716 716 711 720 720 720 720 720 720 720 720 716 716 720 720 720 720 720 720 720 720
05 30 720 720 720 720 720 711 720 720 730 720 720 720 720 720 716 720 720 720 720 720 720 720 730 730
05 31 720 720 720 720 720 716 720 720 730 730 720 720 720 720 720 720 720 730 720 720 720 730 730 730
06 01 730 720 720 720 720 720 720 730 730 730 720 720 720 720 720 720 720 730 730 730 730 730 730 730
06 02 730 720 720 720 720 720 720 730 730 730 730 730 730 730 720 730 730 730 730 730 730 730 730 730
06 03 730 730 720 730 720 720 720 730 730 730 730 730 730 730 730 730 730 730 730 730 730 730 734 730
06 04 730 730 730 730 730 720 730 730 730 730 730 730 730 730 730 730 730 730 730 730 730 730 734 734
06 05 730 730 730 730 730 720 730 730 730 730 730 730 730 730 730 730 730 730 730 730 730 734 734 734
06 06 730 730 730 730 730 730 730 730 734 734 730 730 730 730 730 730 734 730 730 730 730 734 739 734
06 07 730 730 730 730 730 730 730 734 739 739 730 730 730 730 730 730 734 734 730 730 730 734 739 739
06 08 734 730 730 730 730 730 730 739 739 739 734 734 730 730 734 734 739 734 730 730 734 734 739 739
06 09 734 730 730 730 730 730 730 739 739 739 734 734 730 730 734 739 739 734 730 730 739 739 739 739
06 10 739 739 734 734 734 730 734 739 739 739 734 739 734 730 739 739 739 739 734 734 739 739 739 739
06 11 739 739 739 734 734 730 734 739 739 739 739 739 739 734 739 739 739 739 739 739 739 739 739 739
06 12 739 739 739 739 734 730 739 739 739 739 739 739 739 739 739 739 739 739 739 739 739 739 739 739
06 13 739 739 739 739 734 730 739 739 739 739 739 739 739 739 739 739 739 739 739 739 739 739 739 739
06 14 739 739 739 739 734 734 739 739 739 739 739 739 739 739 739 739 739 739 739 739 739 739 739 739
06 15 739 739 739 739 739 739 739 750 739 739 739 739 739 739 739 739 739 739 739 739 739 739 739 739
06 16 739 739 739 739 739 739 739 750 739 739 739 739 739 739 739 739 739 739 739 739 739 739 739 739
06 17 739 739 739 739 739 739 739 750 739 739 739 739 739 739 739 739 739 739 739 739 739 739 750 739
06 18 739 739 739 739 739 739 739 750 739 739 739 739 739 739 739 739 739 739 739 739 739 739 750 739
06 19 739 739 739 739 739 739 739 750 739 739 739 739 739 739 739 739 739 739 739 739 739 739 750 739
06 20 739 739 739 739 739 739 739 750 739 739 739 739 739 739 739 739 739 739 739 739 739 739 750 739
06 21 750 739 739 739 739 739 739 750 739 739 739 739 739 739 739 739 739 739 739 739 739 739 750 750
06 22 750 739 739 739 739 739 739 750 750 739 739 739 739 739 739 739 739 739 739 739 739 739 750 750
06 23 750 739 739 739 739 739 739 739 750 739 739 739 739 739 739 739 739 739 739 739 739 739 750 750
06 24 750 750 739 739 739 739 739 739 750 750 739 739 739 739 739 739 739 739 739 739 739 739 750 750
06 25 750 750 739 739 739 739 739 739 750 750 739 750 750 739 739 739 739 739 739 739 739 739 750 750
06 26 750 750 739 739 739 739 739 750 750 750 739 739 750 739 739 739 739 739 739 739 739 750 750 750
06 27 750 750 739 739 739 739 739 750 750 750 739 750 750 739 750 739 739 739 739 739 739 750 750 750
06 28 750 750 750 739 739 739 739 750 750 750 750 750 750 750 750 750 750 750 750 739 750 750 750 750
06 29 750 750 750 750 739 739 739 750 750 750 750 750 750 750 750 750 750 750 750 750 750 750 750 750
06 30 750 750 750 750 739 739 739 750 750 750 750 750 750 750 750 750 750 750 750 750 750 750 750 750
07 01 750 750 750 750 739 739 739 750 750 750 750 750 750 750 750 750 750 750 750 750 750 750 750 750
07 02 750 750 750 750 739 739 739 750 750 750 750 750 750 750 750 750 750 750 750 750 750 750 750 750
07 03 750 750 750 750 750 739 750 750 750 750 750 750 750 750 750 750 750 750 759 750 750 750 752 759
07 04 752 752 750 750 750 750 750 752 759 750 750 750 750 750 752 750 759 759 752 759 759 750 759 759
07 05 759 759 759 750 750 750 750 759 759 750 750 750 750 750 752 752 759 759 759 759 759 752 759 759
07 06 759 759 759 759 750 750 750 759 759 750 752 750 750 750 759 752 759 759 759 759 759 759 759 759
07 07 759 759 759 759 750 750 750 759 759 759 759 750 750 750 759 759 759 759 759 759 759 759 759 759
07 08 759 759 759 759 750 750 750 759 759 759 759 759 750 759 759 759 759 759 759 759 759 759 759 759
07 09 759 759 759 759 752 750 752 759 759 759 759 759 750 759 759 759 759 759 759 759 759 759 759 759
07 10 759 759 759 759 752 750 752 759 759 759 759 759 752 759 759 759 759 759 759 759 759 759 759 759
07 11 759 759 759 759 752 750 759 759 759 759 759 759 759 759 759 759 759 759 759 759 759 759 759 759
07 12 759 759 759 759 752 752 759 759 759 759 759 759 759 759 759 759 759 759 759 759 759 759 759 759
07 13 759 759 759 759 752 752 759 759 759 759 759 759 759 759 759 759 759 759 759 759 759 759 759 759
07 14 759 759 759 759 759 759 759 759 770 759 759 759 759 759 759 759 759 759 759 759 759 759 759 759
07 15 759 759 759 759 759 759 759 759 770 759 759 759 759 759 759 770 770 759 759 759 759 770 770 759
07 16 759 759 759 759 759 759 759 759 770 770 759 759 759 759 770 770 770 759 759 759 759 770 770 770
07 17 770 770 759 759 759 759 759 770 770 770 759 759 759 759 770 770 770 770 770 759 770 770 770 759
07 18 759 759 759 759 759 759 759 770 770 770 759 759 759 759 770 770 770 770 770 759 770 770 770 759
07 19 759 759 759 759 759 759 759 770 770 770 759 759 759 759 770 770 770 759 770 759 770 770 770 759
07 20 759 759 759 759 759 759 759 770 770 770 759 759 759 759 770 770 770 770 770 759 770 770 770 759
07 21 759 759 759 759 759 759 759 770 770 770 759 770 759 770 770 770 770 770 770 759 770 770 770 770
07 22 770 770 759 759 759 759 759 770 770 770 770 770 759 770 770 770 770 770 770 770 770 770 770 770
07 23 770 770 759 759 759 759 759 770 770 770 759 770 759 770 770 770 770 770 770 770 770 770 770 770
07 24 770 770 759 759 759 759 759 759 770 770 759 759 759 770 770 770 770 770 770 770 770 770 770 770
07 25 770 770 759 759 759 759 759 759 770 770 770 770 759 770 770 770 770 770 770 770 770 770 770 770
07 26 770 770 759 759 759 759 759 759 770 770 759 759 759 770 770 770 770 770 770 759 770 770 770 770
07 27 770 770 759 759 759 759 759 759 770 770 759 759 759 770 770 770 770 770 770 759 770 770 770 770
07 28 770 770 759 759 759 759 759 759 770 770 759 759 759 770 770 770 770 770 770 759 770 770 770 770
07 29 770 770 759 759 759 752 752 759 770 759 759 759 759 759 770 770 770 770 770 759 770 770 770 770
07 30 770 770 759 759 759 752 752 759 759 759 759 759 759 759 759 759 759 770 759 759 759 770 770 770
07 31 759 770 759 759 759 752 750 759 759 759 759 759 759 759 759 770 759 770 759 759 759 770 770 770
08 01 759 759 759 759 759 752 750 759 759 759 759 759 759 759 759 759 759 759 759 759 759 770 770 770
08 02 770 770 759 759 759 752 750 759 759 759 759 759 759 759 759 759 759 759 759 770 759 770 770 770
08 03 770 770 759 759 759 752 752 759 759 759 759 759 759 759 770 770 759 770 759 770 759 770 770 770
08 04 770 770 759 759 759 752 752 759 759 759 759 759 759 759 770 759 759 770 759 770 759 770 770 770
08 05 770 770 759 759 759 752 750 759 759 759 759 759 759 759 759 759 759 759 759 759 759 759 770 770
08 06 759 759 759 759 752 750 750 759 759 759 759 759 759 759 759 759 759 759 759 759 759 759 759 770
08 07 759 759 759 759 759 750 750 759 759 770 759 759 759 759 759 759 759 759 759 759 759 759 759 770
08 08 759 759 759 759 752 750 750 759 770 770 759 759 759 759 759 759 759 759 759 759 759 759 759 759
08 09 759 759 759 759 752 750 750 759 759 759 759 759 759 759 759 759 759 759 759 759 759 759 759 759
08 10 759 759 759 759 759 750 750 759 770 759 759 759 759 759 759 759 759 759 759 759 759 759 770 759
08 11 759 759 759 759 759 752 750 759 759 759 759 759 759 759 759 759 759 759 759 770 770 770 770 759
08 12 759 759 759 759 759 752 750 759 759 759 759 759 759 759 759 759 759 759 759 759 759 770 770 759
08 13 759 759 759 759 759 752 750 759 759 759 759 759 759 759 759 759 759 759 759 759 759 770 770 759
08 14 759 759 759 759 759 759 750 759 770 770 759 759 759 759 759 759 759 759 759 759 759 759 759 759
08 15 759 759 759 759 759 752 750 759 770 770 759 759 759 759 759 759 759 759 759 759 759 759 759 759
08 16 759 759 759 759 752 750 750 759 759 759 759 759 759 759 759 759 759 759 759 759 759 759 759 759
08 17 759 759 759 759 752 750 750 759 759 759 759 759 759 759 759 759 759 759 759 759 759 759 759 759
08 18 759 759 752 759 750 750 750 759 759 759 759 750 759 752 752 759 759 759 759 759 759 759 759 759
08 19 759 759 750 750 750 750 750 759 759 759 752 750 752 752 752 759 759 759 759 759 759 759 759 759
08 20 759 759 750 750 750 750 750 752 759 759 752 750 752 750 752 759 759 759 759 759 759 759 759 759
08 21 759 759 752 750 750 750 750 752 759 759 752 750 752 750 752 759 759 759 759 759 759 759 759 759
08 22 759 759 752 752 750 750 750 752 759 759 750 750 752 750 752 759 759 759 759 759 759 759 759 759
08 23 759 759 752 752 750 750 750 752 759 759 750 750 752 750 752 759 759 759 759 759 759 759 759 759
08 24 759 759 752 752 750 750 750 752 759 759 750 750 752 750 752 752 759 759 759 759 759 759 759 759
08 25 759 759 752 750 750 750 750 752 759 759 750 750 750 750 752 752 752 759 752 752 759 759 759 759
08 26 752 752 750 750 750 750 750 752 759 759 750 750 750 750 750 750 750 752 750 750 752 759 752 752
08 27 752 750 750 750 750 739 739 752 759 759 750 750 750 750 750 750 750 752 750 750 752 752 752 752
08 28 750 750 750 750 739 739 739 750 759 759 750 750 750 750 750 750 750 750 750 750 752 752 752 752
08 29 750 750 750 739 739 739 734 750 759 752 750 750 750 750 750 750 750 750 750 750 750 750 750 750
08 30 750 750 750 739 739 739 739 739 759 752 750 750 750 750 750 750 750 750 750 750 750 750 750 750
08 31 750 750 750 739 739 739 739 739 752 752 750 750 750 750 750 750 750 750 750 750 752 752 750 750
09 01 750 750 750 750 739 739 739 750 759 752 750 750 750 750 750 750 750 750 750 750 752 752 750 752
09 02 750 750 750 750 739 739 739 750 752 752 750 750 750 750 750 750 750 750 750 750 752 752 752 752
09 03 750 750 750 750 739 739 739 750 752 752 750 750 750 750 750 750 750 750 750 750 750 752 750 752
09 04 750 750 750 739 739 739 739 739 752 752 750 739 750 750 750 739 750 750 750 750 750 752 750 750
09 05 750 750 750 739 739 739 730 739 752 750 750 739 750 739 750 739 750 750 750 750 750 750 750 750
09 06 739 739 739 739 734 730 730 739 750 750 750 739 739 739 750 739 739 739 739 750 750 750 750 739
09 07 739 739 739 739 734 730 730 739 750 750 750 739 739 739 739 739 739 739 739 750 750 750 739 739
09 08 739 739 739 734 730 730 730 739 750 750 739 739 739 739 739 739 739 739 739 739 750 750 739 739
09 09 739 739 739 734 730 730 730 739 750 750 739 739 739 739 750 739 739 739 739 739 739 750 739 739
09 10 739 739 739 739 730 730 730 734 739 739 739 739 739 739 739 739 739 739 739 739 739 739 739 739
09 11 739 739 739 739 730 730 730 734 739 739 739 739 739 739 739 739 739 739 739 739 739 739 739 739
09 12 739 739 739 734 730 730 730 734 739 739 739 739 739 739 739 739 739 739 739 739 739 739 739 739
09 13 739 739 739 734 730 730 730 734 739 739 739 739 739 739 739 739 739 739 739 739 739 739 739 739
09 14 739 739 739 734 730 730 730 734 739 739 739 739 739 739 739 739 739 739 739 739 739 739 739 739
09 15 739 739 734 730 730 730 730 734 739 739 739 739 734 739 739 734 739 739 739 739 739 739 739 739
09 16 739 734 730 730 730 730 720 730 739 739 739 739 730 734 739 730 739 739 739 739 739 739 739 734
09 17 734 730 730 730 730 720 720 730 739 739 739 739 730 730 730 730 730 739 739 739 739 739 734 734
09 18 734 730 730 730 730 720 720 730 739 739 734 734 730 730 730 730 730 734 739 734 739 734 734 734
09 19 734 730 730 730 730 720 720 730 739 739 734 734 730 730 730 730 730 734 739 734 739 734 734 730
09 20 734 730 730 730 720 720 720 730 739 739 734 734 730 730 730 730 730 730 739 734 734 734 739 730
09 21 734 730 730 730 730 720 720 720 734 739 734 730 730 730 730 730 730 730 739 734 734 730 734 730
09 22 730 730 730 730 720 720 720 720 730 739 730 730 730 730 730 730 730 730 730 730 730 730 730 730
09 23 730 730 730 720 720 720 716 720 730 734 730 730 730 730 730 730 730 730 730 730 730 730 730 730
09 24 730 730 720 720 720 720 716 720 730 734 730 730 730 730 730 730 730 730 730 730 730 730 730 730
09 25 730 720 720 720 720 716 716 720 730 730 730 730 720 720 720 720 720 730 730 730 730 730 730 720
09 26 730 720 720 720 720 716 711 720 730 730 730 720 720 720 720 720 720 720 730 730 730 730 720 720
09 27 720 720 720 720 716 716 711 720 730 730 730 720 720 720 720 720 720 720 730 730 730 730 720 720
09 28 720 720 720 720 716 716 711 716 730 730 730 720 720 720 720 720 720 720 730 730 730 730 720 720
09 29 716 720 720 716 716 711 711 716 720 730 730 720 720 716 716 720 720 720 720 720 720 720 720 720
09 30 711 716 716 716 716 711 711 711 720 730 720 720 716 711 711 720 720 720 720 720 720 720 720 720
10 01 711 711 711 711 711 700 700 711 720 730 720 720 716 711 711 720 720 720 720 720 720 720 720 720
10 02 711 711 711 711 711 700 700 711 720 720 720 720 711 711 711 720 716 720 720 720 720 720 720 716
10 03 711 711 711 700 700 698 700 700 716 720 720 720 711 711 711 716 711 711 720 720 720 720 720 711
10 04 711 711 700 700 700 698 698 698 711 720 720 716 711 711 700 711 711 711 716 720 720 720 711 711
10 05 700 700 700 700 698 691 691 691 711 716 716 711 700 700 700 711 711 711 711 716 716 716 711 711
10 06 700 700 698 691 691 691 691 691 700 711 711 711 700 700 700 700 700 711 711 711 716 711 711 711
10 07 700 700 698 691 691 691 691 691 700 711 711 711 700 700 700 700 700 711 711 711 716 711 711 711
10 08 700 700 691 691 691 691 680 691 700 711 711 711 700 700 700 700 700 700 711 711 716 711 711 700
10 09 700 698 691 691 691 691 680 691 700 711 711 711 700 700 698 700 700 700 700 700 711 711 700 700
10 10 698 698 691 691 680 680 680 680 700 700 711 700 698 700 698 700 700 700 700 700 700 700 700 700
10 11 698 698 691 691 680 680 680 680 700 700 700 700 698 700 698 698 700 700 700 700 700 700 700 698
10 12 698 691 691 680 680 680 680 680 698 700 698 698 691 698 698 698 698 698 700 700 700 700 698 691
10 13 691 691 691 680 680 671 669 669 691 691 691 691 691 691 691 691 691 698 700 698 698 691 691 691
10 14 691 680 680 680 680 669 669 669 680 691 691 691 691 691 691 691 691 691 698 691 691 691 680 680
10 15 691 680 680 680 669 669 669 669 680 691 691 691 691 691 691 691 680 691 691 691 691 691 680 680
10 16 680 680 680 669 669 669 669 669 680 691 680 691 680 691 691 691 680 691 691 691 691 680 680 680
10 17 680 680 680 669 669 662 669 669 680 691 680 691 680 680 680 691 680 691 691 691 691 680 680 680
10 18 680 680 673 669 669 660 662 662 680 680 680 680 680 680 680 680 680 680 680 691 680 680 680 680
10 19 669 669 669 662 660 660 660 660 669 680 680 680 680 680 669 680 680 680 680 680 680 680 680 680
10 20 669 669 669 662 660 660 660 662 680 691 680 680 680 680 680 680 680 680 680 680 680 680 680 680
10 21 669 669 669 669 660 660 660 660 680 680 680 680 680 680 669 669 680 680 680 680 680 680 680 669
10 22 669 662 660 660 649 649 649 649 669 680 680 680 680 680 669 669 680 680 680 680 669 669 669 669
10 23 660 660 660 649 649 649 649 649 669 680 680 680 680 680 669 669 680 680 680 680 669 669 669 669
10 24 662 662 660 660 660 649 649 649 669 680 680 680 680 680 669 669 680 680 680 680 669 669 669 669
10 25 662 662 660 660 660 649 649 649 669 680 680 680 680 680 669 669 680 669 669 669 669 669 669 669
10 26 662 662 660 660 660 649 660 649 662 680 680 680 680 680 669 669 680 669 669 669 669 660 669 669
10 27 662 662 660 660 660 649 649 649 660 669 669 680 669 669 669 669 680 669 669 669 662 660 662 669
10 28 660 660 660 649 649 649 649 649 660 669 669 669 669 669 669 669 680 669 669 669 662 660 662 660
10 29 660 660 660 649 649 649 649 649 660 669 669 669 669 669 662 669 680 669 669 669 662 660 662 660
10 30 660 660 660 649 649 649 649 649 660 669 669 669 669 669 669 669 680 669 669 669 662 660 662 660
10 31 660 660 660 649 649 649 649 649 660 669 669 669 669 669 669 669 669 669 669 669 660 660 660 660
11 01 660 660 660 649 649 649 649 649 660 669 669 669 669 669 669 662 669 669 669 660 660 660 660 660
11 02 660 660 660 649 649 649 649 649 660 669 669 669 662 669 662 662 669 669 669 660 660 660 660 660
11 03 660 660 660 649 649 649 649 649 660 660 669 669 660 660 660 660 660 662 660 660 660 660 660 660
11 04 660 649 649 649 649 649 649 644 660 660 662 669 660 660 660 660 660 660 660 660 660 649 649 649
11 05 649 649 649 649 649 649 640 640 649 660 660 669 660 660 660 660 660 660 649 660 660 649 649 649
11 06 644 649 649 649 649 649 644 640 660 660 662 669 660 660 660 660 660 660 660 660 660 649 649 649
11 07 649 649 649 649 649 649 640 640 649 660 660 662 660 660 649 660 649 649 649 660 660 649 649 640
11 08 640 640 644 640 640 644 640 640 644 660 662 669 660 660 649 649 649 649 649 649 649 649 649 640
11 09 640 640 640 640 640 640 640 630 640 660 660 662 660 660 649 649 649 649 649 649 649 649 649 640
11 10 640 640 640 630 630 640 630 626 640 649 660 660 649 649 649 649 649 649 649 649 649 649 644 640
11 11 640 640 630 630 630 630 621 621 630 649 649 649 649 649 649 649 649 649 644 640 640 649 640 630
11 12 640 630 630 630 630 626 621 621 630 644 649 649 649 649 649 644 649 644 640 640 640 640 630 630
11 13 630 630 630 630 630 621 621 621 630 640 640 649 649 649 649 644 649 644 640 640 640 640 630 630
11 14 630 630 630 630 630 621 621 621 626 640 640 649 649 649 649 644 649 644 640 640 640 640 630 630
11 15 630 630 630 630 630 621 621 621 626 640 649 649 649 649 649 640 649 640 640 640 630 630 630 626
11 16 630 630 630 626 626 621 621 610 621 640 640 649 649 644 640 640 644 640 640 630 630 630 630 626
11 17 630 630 630 626 621 621 621 621 621 640 640 649 649 649 640 630 640 640 640 630 630 630 626 621
11 18 621 626 626 621 621 621 621 621 621 630 640 640 640 644 640 630 640 640 640 630 630 630 626 621
11 19 621 621 630 621 621 621 621 621 630 640 640 644 644 644 640 630 640 640 640 630 630 630 630 630
11 20 630 630 630 626 626 621 621 621 630 640 640 649 649 649 640 630 640 640 640 640 640 630 630 630
11 21 630 630 630 630 630 626 621 626 630 640 649 649 649 649 640 640 644 640 640 640 640 630 630 630
11 22 630 630 630 630 630 630 626 630 630 640 649 649 649 649 640 640 644 640 640 640 630 630 630 630
11 23 630 630 630 630 630 626 621 630 630 640 649 649 649 640 640 640 640 640 640 640 630 630 630 630
11 24 630 630 630 630 630 630 626 630 630 640 649 649 644 640 640 640 640 640 640 640 630 630 630 630
11 25 630 630 630 630 630 630 626 626 630 640 649 644 644 640 640 640 640 640 640 640 630 630 630 630
11 26 630 630 630 630 630 630 626 630 630 640 649 640 644 640 640 640 640 640 640 640 630 630 630 630
11 27 630 630 630 630 626 630 630 630 630 640 640 640 640 640 640 640 640 640 640 640 630 630 630 630
11 28 630 630 630 626 626 630 626 630 630 630 640 640 630 640 640 640 640 640 630 630 630 630 630 630
11 29 630 630 630 630 626 630 626 626 630 630 630 630 630 630 630 630 630 630 630 630 621 621 621 621
11 30 630 630 626 621 621 621 621 621 630 630 630 630 630 630 630 630 630 630 630 630 621 621 630 621
12 01 630 630 626 621 621 621 621 621 630 630 630 630 630 630 630 630 630 630 630 626 621 621 621 621
12 02 630 630 626 626 621 621 621 621 630 630 630 630 626 621 626 630 626 630 621 626 621 621 621 621
12 03 630 630 626 621 621 621 621 610 630 630 630 630 630 626 630 630 626 621 621 626 621 621 621 621
12 04 630 630 621 621 621 610 610 610 610 621 630 621 621 621 621 626 621 621 621 621 621 621 621 621
12 05 621 626 621 621 610 610 610 610 610 621 626 621 621 610 621 621 621 621 610 610 610 610 610 610
12 06 610 610 610 610 608 601 601 601 601 610 621 610 610 610 610 610 621 610 610 610 610 601 608 608
12 07 610 608 610 610 608 601 601 601 601 610 621 610 610 610 610 610 610 610 610 610 608 601 601 608
12 08 608 608 610 610 601 601 601 601 601 610 610 608 601 610 608 610 610 608 608 608 608 601 601 590
12 09 590 601 608 608 590 590 590 590 590 610 608 601 601 601 601 608 601 601 601 590 590 590 590 579
12 10 579 579 579 579 579 579 579 579 590 601 601 601 601 601 601 608 601 601 590 590 590 590 579 572
12 11 572 572 572 579 579 579 579 579 579 590 601 601 590 601 601 601 590 601 590 590 590 572 579 570
12 12 570 572 570 579 579 572 572 572 579 590 601 601 590 601 601 601 590 590 590 590 579 572 572 570
12 13 570 572 570 572 579 572 572 572 579 590 601 601 590 601 601 601 590 590 590 579 572 572 570 559
12 14 570 570 570 570 579 572 572 572 579 590 601 601 590 601 601 590 590 590 579 579 572 572 572 570
12 15 570 572 570 572 579 572 572 572 579 590 590 590 590 601 590 590 590 590 579 579 572 572 572 570
12 16 570 572 570 579 579 572 579 579 579 590 601 601 601 601 601 601 590 601 590 590 579 572 572 572
12 17 572 572 579 579 579 579 572 579 579 590 601 601 590 601 601 601 590 601 590 590 579 572 572 570
12 18 570 572 579 579 579 579 579 579 579 590 590 601 590 601 590 590 590 590 579 579 572 572 570 570
12 19 559 570 570 570 579 579 572 579 579 590 590 601 590 590 590 579 590 579 579 579 572 570 559 559
12 20 559 559 559 570 572 570 572 572 572 590 590 590 590 590 590 579 590 579 579 572 570 570 559 559
12 21 559 559 559 559 559 559 570 570 570 590 590 590 590 579 579 572 579 579 572 570 570 559 554 559
12 22 554 559 554 559 559 559 570 570 570 590 590 590 590 579 579 572 579 579 572 570 570 559 554 559
12 23 554 559 559 559 559 559 570 570 570 579 590 590 590 579 579 572 579 579 572 570 570 559 559 559
12 24 559 559 559 559 559 559 570 570 570 579 590 590 590 590 590 579 579 579 579 572 570 570 559 570
12 25 559 570 570 570 570 559 570 570 570 579 590 590 590 579 579 572 579 579 579 572 570 570 559 559
12 26 559 570 559 570 559 559 570 570 559 579 590 590 590 590 579 579 579 579 579 579 572 570 570 570
12 27 570 570 570 570 570 570 570 570 570 570 579 579 579 590 579 572 579 579 579 579 572 570 572 570
12 28 570 570 572 572 572 570 570 570 570 570 579 579 590 590 590 579 579 579 579 579 572 572 572 572
12 29 570 572 579 579 572 572 570 570 570 579 579 590 590 590 590 579 590 590 590 579 590 579 579 579
12 30 570 572 579 572 572 572 570 570 570 579 579 590 590 590 590 579 579 590 579 579 590 579 579 579
12 31 572 572 579 572 572 572 570 570 559 570 579 579 579 579 579 579 579 579 579 572 572 572 572 579
