01 01 482 500 500 489 500 500 500 500 500 511 520 520 520 518 520 518 511 511 500 500 500 500 500 500
01 02 480 500 489 489 500 500 500 500 489 511 520 520 520 518 520 511 511 500 500 489 489 482 482 489
01 03 480 489 489 489 482 489 489 500 489 500 511 518 520 511 518 511 500 500 500 500 500 500 489 500
01 04 480 489 489 489 482 500 500 500 489 511 520 520 520 518 520 511 511 511 500 500 500 500 511 500
01 05 482 489 489 489 482 489 500 500 489 511 520 520 520 511 518 511 500 500 500 500 500 500 500 500
01 06 500 489 489 489 482 489 500 500 489 511 518 520 518 518 520 518 511 511 500 511 500 500 500 500
01 07 489 489 500 489 489 500 500 500 489 511 520 520 518 518 520 511 511 511 500 500 500 500 500 500
01 08 482 500 489 489 489 500 500 500 500 511 520 520 511 511 518 511 511 511 500 500 500 500 500 500
01 09 480 489 489 482 482 489 500 500 500 511 518 518 511 511 518 511 500 500 500 489 500 489 489 489
01 10 469 482 482 482 482 489 500 500 489 511 511 518 511 511 518 511 500 500 500 482 489 482 482 489
01 11 469 482 482 482 482 489 489 500 489 511 500 520 511 511 518 511 500 500 489 480 489 480 480 482
01 12 460 480 482 480 480 480 469 489 480 500 500 511 500 500 489 511 480 482 469 469 469 469 464 469
01 13 450 469 480 469 469 469 469 460 469 489 489 489 489 482 480 480 469 469 464 460 460 460 460 464
01 14 450 464 469 469 469 469 460 460 469 489 489 489 482 480 469 469 469 469 460 460 460 460 460 460
01 15 446 460 469 464 469 469 460 450 460 482 480 482 480 469 469 469 464 469 460 460 450 460 460 450
01 16 450 457 464 464 464 464 460 450 460 482 480 480 482 480 471 482 469 469 464 464 460 460 460 460
01 17 450 457 464 464 460 460 460 450 464 482 480 482 489 482 482 511 480 482 469 480 469 469 460 460
01 18 450 464 464 464 460 460 460 450 464 482 480 482 500 489 489 511 480 482 469 469 469 464 460 460
01 19 450 460 460 460 460 460 460 446 460 480 480 482 482 480 480 489 469 469 469 469 460 460 450 450
01 20 450 450 450 460 460 450 450 446 446 480 469 480 482 480 480 480 464 469 460 469 460 446 441 441
01 21 446 450 450 460 450 446 450 446 441 464 460 469 469 469 464 464 460 460 450 450 446 430 430 430
01 22 441 441 441 441 441 441 441 441 430 460 450 469 469 480 469 469 460 464 450 460 450 430 430 430
01 23 441 441 441 441 441 441 446 441 430 460 450 469 469 480 480 469 460 469 450 460 450 441 430 430
01 24 446 441 441 441 430 441 446 441 430 460 450 469 469 480 480 469 460 464 460 464 460 446 441 430
01 25 446 441 441 450 450 446 450 446 441 469 460 469 480 482 482 469 460 469 460 460 460 446 430 430
01 26 446 441 441 450 450 450 450 450 441 464 460 469 480 482 489 469 469 469 464 464 460 450 441 441
01 27 450 450 450 460 460 450 464 450 460 469 469 480 489 482 489 480 469 469 469 469 464 460 450 450
01 28 469 460 450 464 464 464 469 469 464 482 480 482 500 500 500 489 480 480 469 469 464 460 450 450
01 29 460 460 450 464 464 464 469 469 464 482 480 482 511 500 500 489 480 480 469 469 464 460 460 460
01 30 450 460 450 464 460 464 469 469 480 482 480 489 511 500 500 500 480 480 469 469 464 460 450 450
01 31 446 460 450 460 460 464 464 464 464 480 469 480 489 482 489 469 460 460 450 450 450 450 441 441
02 01 446 446 450 460 460 460 464 450 460 460 460 469 460 460 464 450 450 446 441 441 441 441 441 430
02 02 441 441 446 450 460 450 450 446 441 460 450 469 460 460 460 450 460 450 446 450 446 446 450 441
02 03 441 450 450 460 460 464 464 450 460 469 464 480 480 482 464 460 460 460 450 450 450 450 450 446
02 04 446 450 450 460 464 464 464 460 464 480 469 482 482 480 469 460 460 460 450 450 450 460 450 446
02 05 450 460 460 460 460 450 460 450 460 469 464 480 480 460 460 460 460 460 450 450 450 450 450 446
02 06 441 450 450 460 460 450 460 450 460 469 464 480 480 460 460 450 460 450 446 450 446 446 446 446
02 07 446 460 464 464 464 450 464 450 460 469 464 480 480 460 460 450 460 450 446 450 450 450 450 446
02 08 450 460 464 464 469 464 460 450 464 480 469 480 482 460 469 460 460 460 460 450 460 460 460 460
02 09 469 469 469 469 469 464 464 460 464 480 469 489 482 469 482 480 464 464 464 464 464 464 464 464
02 10 460 469 469 469 464 450 460 450 460 464 469 480 480 464 469 464 460 464 464 460 464 460 460 446
02 11 450 464 469 469 460 450 460 450 450 464 469 480 469 464 469 469 464 469 464 460 450 460 460 460
02 12 450 464 469 464 460 450 460 450 450 464 469 480 480 480 482 480 469 480 469 469 464 464 464 469
02 13 469 469 480 469 464 450 460 460 460 469 469 480 480 489 489 482 469 480 469 469 464 469 469 469
02 14 469 480 480 469 469 464 464 460 469 480 478 489 482 489 500 500 489 489 480 480 478 480 469 480
02 15 480 480 482 469 469 464 469 464 480 480 489 500 500 500 500 500 500 500 480 480 480 482 480 482
02 16 482 482 489 480 469 480 480 480 482 489 500 511 500 511 509 511 511 500 480 480 480 482 480 489
02 17 489 489 489 482 478 480 480 480 489 489 500 511 500 509 500 511 500 500 480 480 480 482 480 482
02 18 482 482 482 480 469 480 480 480 489 489 500 511 500 500 500 511 500 500 480 480 480 482 482 482
02 19 482 482 482 480 469 480 480 480 482 489 500 500 500 500 500 511 489 500 480 480 480 482 480 482
02 20 480 480 482 480 469 480 480 480 482 489 500 500 500 500 500 511 500 500 480 480 482 489 489 489
02 21 489 489 489 489 480 489 480 480 489 500 500 511 500 509 509 511 500 500 482 482 482 489 489 489
02 22 489 482 482 482 478 482 480 480 482 489 500 500 500 509 500 511 500 500 480 480 480 489 489 489
02 23 489 482 482 482 478 489 480 480 489 500 500 511 500 500 500 511 500 500 482 482 482 489 500 489
02 24 489 482 482 482 480 489 480 480 489 500 500 511 500 509 500 511 500 500 482 482 482 489 500 489
02 25 489 482 482 482 478 489 480 480 489 500 500 500 489 500 489 500 500 500 482 482 482 482 489 489
02 26 489 482 482 480 480 489 480 480 489 500 509 511 500 518 511 511 500 500 489 489 489 489 489 489
02 27 500 482 482 482 480 489 482 480 489 511 509 511 500 511 511 518 500 500 489 489 489 489 489 489
02 28 500 489 482 489 482 489 489 482 489 518 511 511 500 511 518 518 500 500 500 500 500 500 511 500
03 01 500 500 500 489 489 500 500 482 500 518 511 518 511 518 518 520 500 511 500 500 500 500 511 500
03 02 500 500 500 489 489 500 500 489 500 518 511 518 511 518 518 520 500 511 511 511 500 500 511 511
03 03 511 511 500 500 500 500 500 489 500 518 511 518 511 520 520 520 500 511 511 511 511 500 511 518
03 04 518 518 500 500 518 511 500 500 500 520 518 520 520 531 520 520 500 518 511 511 511 511 511 518
03 05 520 518 511 518 520 520 518 511 520 531 531 531 536 536 531 531 511 520 511 511 518 511 518 520
03 06 520 520 520 531 531 531 531 531 531 540 531 540 540 540 540 531 520 520 518 511 518 520 518 520
03 07 520 520 518 520 531 531 531 531 531 540 531 550 540 540 550 531 520 531 520 520 520 520 520 520
03 08 520 520 518 531 531 531 536 531 531 540 536 550 540 549 550 536 531 531 531 531 531 531 531 520
03 09 531 531 520 536 531 536 536 531 540 540 540 550 550 550 550 536 540 536 531 531 531 536 531 520
03 10 531 531 520 531 520 531 531 531 531 540 536 550 554 550 550 550 540 536 536 531 531 531 531 520
03 11 531 531 520 531 520 520 531 531 531 540 536 550 554 550 554 550 540 536 536 531 531 531 531 520
03 12 531 531 520 531 520 531 531 531 531 540 536 550 554 550 554 550 540 536 531 531 531 531 531 531
03 13 531 531 520 531 520 531 531 531 531 540 536 554 554 550 554 550 540 536 531 531 531 520 531 520
03 14 531 520 520 531 520 531 531 531 531 540 536 554 554 550 554 540 540 536 531 531 520 531 531 531
03 15 531 520 520 531 520 531 531 531 531 540 536 550 554 550 550 536 540 531 520 520 518 520 520 520
03 16 531 520 520 520 520 520 520 520 520 536 531 550 554 540 540 536 525 520 518 518 518 520 520 520
03 17 520 518 518 520 520 520 518 520 531 536 531 540 554 540 536 536 520 518 511 518 518 520 520 518
03 18 520 518 518 520 518 518 518 520 520 531 531 540 550 540 536 536 520 520 511 518 518 520 520 518
03 19 520 518 518 520 518 518 518 520 536 536 536 540 540 540 536 536 525 520 518 518 518 520 520 520
03 20 520 518 518 518 518 518 518 520 536 536 536 540 550 540 536 536 531 531 520 520 520 520 520 531
03 21 520 520 518 520 520 518 518 520 536 540 549 540 550 536 536 536 531 531 529 531 520 531 531 531
03 22 536 531 520 531 531 529 529 531 549 540 550 550 550 540 540 549 536 536 531 531 520 531 536 536
03 23 536 531 531 531 531 531 531 531 550 540 550 550 550 550 550 550 536 540 531 536 520 531 536 536
03 24 540 531 531 536 536 536 531 540 554 540 550 550 550 540 540 549 531 536 531 531 520 531 536 536
03 25 540 540 531 536 536 540 540 540 554 554 550 554 554 550 550 550 536 540 536 540 536 540 540 550
03 26 550 550 540 550 540 550 550 550 570 554 559 559 554 550 554 550 549 550 540 540 540 540 540 550
03 27 550 550 540 550 540 550 554 559 570 559 559 559 559 554 554 554 559 550 550 550 540 550 550 550
03 28 554 554 540 550 550 554 559 559 570 570 570 570 570 559 559 559 559 554 554 550 550 554 559 554
03 29 559 554 550 554 554 559 559 570 572 570 572 570 570 559 559 559 559 554 554 550 554 559 559 559
03 30 559 554 554 554 554 559 559 570 572 572 579 572 572 570 559 570 570 559 559 554 554 559 559 559
03 31 570 559 559 559 559 570 570 570 579 572 579 579 579 570 559 570 570 559 559 554 559 568 559 570
04 01 570 559 559 559 559 570 570 572 579 579 590 590 579 570 570 570 570 570 570 570 559 570 572 572
04 02 572 570 570 570 570 570 572 572 590 590 590 590 590 570 570 572 570 572 572 570 570 572 572 572
04 03 579 570 570 572 570 572 579 579 590 590 590 590 590 570 570 570 570 570 570 570 559 570 572 572
04 04 579 570 570 572 572 572 579 579 590 590 601 590 590 570 570 570 570 570 570 570 559 570 570 570
04 05 572 570 570 572 570 572 579 579 590 590 590 590 590 570 570 572 570 572 572 570 559 570 572 572
04 06 572 570 570 572 570 570 572 579 590 590 601 590 579 570 570 572 570 572 572 570 559 570 570 572
04 07 570 570 570 572 570 570 570 572 579 590 590 590 579 570 570 570 570 570 570 570 559 570 570 570
04 08 570 559 559 570 570 570 570 579 590 590 601 590 590 572 570 579 572 572 572 570 572 572 579 579
04 09 579 579 572 579 579 572 572 579 590 590 601 590 590 579 572 579 579 572 579 572 572 579 590 590
04 10 579 579 572 579 579 572 572 590 601 601 601 599 590 579 579 579 579 579 579 579 579 590 590 590
04 11 590 579 579 579 579 570 572 579 590 599 601 599 590 579 579 579 579 572 579 579 579 590 590 590
04 12 590 579 579 572 572 570 570 579 590 590 601 590 590 579 572 579 579 579 579 579 579 590 590 590
04 13 579 579 579 572 572 570 570 579 590 590 601 590 590 579 579 579 579 579 590 579 590 590 590 590
04 14 590 590 590 579 579 570 570 579 590 601 608 601 590 590 590 579 590 590 590 590 590 601 599 590
04 15 590 590 590 579 579 572 572 590 601 601 608 601 590 590 590 590 590 590 590 590 590 601 599 590
04 16 590 590 590 579 579 572 572 590 590 601 608 601 590 590 590 590 590 590 590 590 590 601 601 601
04 17 590 590 590 579 579 572 572 590 590 601 608 601 590 590 590 590 590 590 590 590 590 601 601 601
04 18 590 590 590 579 579 579 579 590 601 601 608 601 601 590 590 590 590 590 599 590 599 601 601 601
04 19 601 590 590 579 590 579 590 590 608 608 610 608 608 601 601 601 601 601 601 599 601 601 601 601
04 20 601 590 590 590 590 579 590 601 608 608 610 608 608 601 601 601 601 601 601 599 601 601 601 601
04 21 601 590 590 590 590 590 590 601 608 608 610 610 608 601 601 601 601 601 601 590 601 601 601 601
04 22 601 590 590 590 590 590 590 601 608 608 610 610 608 608 601 601 608 608 608 599 601 601 601 601
04 23 601 590 590 590 590 590 590 601 608 608 610 610 608 608 608 601 608 608 608 601 601 601 601 601
04 24 601 601 590 590 601 590 590 608 608 608 610 610 610 610 608 608 610 608 608 601 608 601 601 601
04 25 601 601 608 601 601 601 601 610 610 610 610 621 621 610 610 608 610 608 608 608 608 608 608 601
04 26 608 610 608 608 608 608 608 610 610 610 621 621 621 621 610 610 610 610 610 608 610 608 610 608
04 27 608 610 610 608 610 608 608 610 610 610 621 626 626 621 621 621 621 610 610 608 610 610 610 608
04 28 608 610 610 610 610 608 608 610 621 621 626 626 626 621 626 626 621 610 621 610 610 621 610 610
04 29 608 610 610 610 610 610 610 621 621 626 630 630 626 621 626 630 630 621 621 621 626 621 621 610
04 30 621 610 621 610 610 610 610 621 626 626 630 630 630 626 630 640 630 630 626 621 630 621 626 621
05 01 621 621 621 610 621 621 621 621 626 630 640 640 630 630 640 640 640 630 626 626 630 626 626 621
05 02 621 621 621 610 621 621 621 626 630 630 640 640 640 630 640 640 640 630 630 630 630 626 630 626
05 03 626 626 621 621 621 621 626 630 630 640 640 640 644 640 644 640 640 640 640 630 630 630 630 626
05 04 630 626 621 621 621 626 626 640 640 644 649 644 649 640 644 649 649 644 640 640 640 640 630 630
05 05 640 630 621 621 626 626 626 640 640 644 649 649 649 640 649 649 649 644 644 640 640 640 630 640
05 06 640 640 626 626 630 630 630 640 640 649 649 649 660 644 660 660 660 649 644 640 644 644 640 640
05 07 644 640 630 630 630 630 630 640 644 649 649 660 660 649 660 660 660 649 644 649 644 644 640 640
05 08 649 640 630 630 630 640 640 644 644 649 649 660 662 649 660 660 660 660 649 649 649 644 640 644
05 09 649 640 640 630 640 640 640 644 644 649 649 660 662 660 660 662 660 660 649 649 649 644 640 640
05 10 649 640 640 630 640 640 640 640 649 660 660 660 662 660 660 662 660 660 649 649 649 644 640 640
05 11 649 644 640 640 640 640 640 649 649 660 660 662 669 662 662 669 669 660 660 660 649 649 649 649
05 12 649 649 644 640 644 644 644 649 660 662 660 662 669 669 669 669 669 660 660 660 649 649 649 649
05 13 649 649 644 640 644 644 649 649 660 662 660 662 669 669 669 669 669 662 660 660 660 649 649 649
05 14 649 649 644 644 649 649 649 649 660 662 662 662 669 669 669 669 669 662 662 660 660 660 649 649
05 15 649 649 644 644 649 649 649 660 660 662 662 662 669 669 669 669 669 662 662 660 660 660 660 649
05 16 649 649 649 644 649 649 649 660 662 669 669 669 669 669 680 680 669 669 662 662 660 660 660 649
05 17 660 649 649 649 649 649 649 660 662 669 669 669 669 669 680 680 669 669 662 662 662 662 660 660
05 18 660 649 649 649 660 660 660 662 669 669 669 669 669 669 680 669 669 669 662 662 662 662 660 662
05 19 662 660 660 660 660 660 662 669 680 669 669 669 669 669 680 669 669 669 662 662 662 662 662 662
05 20 662 660 660 660 660 662 662 669 680 669 680 680 669 669 680 669 680 669 662 662 662 662 662 662
05 21 662 660 660 660 660 660 660 669 680 669 669 680 669 680 680 680 680 669 669 662 662 662 662 662
05 22 662 660 660 660 660 662 662 669 680 680 680 680 669 680 680 680 680 669 669 662 662 669 669 662
05 23 662 662 660 662 662 662 662 669 680 680 680 680 680 680 680 680 680 680 680 669 669 669 669 669
05 24 669 662 662 662 669 669 669 680 680 680 680 691 680 680 680 680 680 680 680 680 680 680 680 680
05 25 680 680 669 680 669 669 680 680 691 691 691 691 691 691 680 691 680 680 680 680 680 691 680 680
05 26 680 680 680 680 680 680 680 680 691 691 691 691 691 691 680 691 680 691 680 680 680 691 691 691
05 27 691 680 680 680 680 680 680 680 691 698 691 691 698 691 680 691 691 691 691 691 691 691 691 691
05 28 691 680 680 680 680 680 680 691 691 698 694 691 698 698 691 691 691 698 691 691 691 698 698 698
05 29 698 691 691 691 680 680 691 691 698 698 698 698 698 698 691 691 691 698 691 691 691 698 698 698
05 30 698 691 691 691 691 691 691 698 698 700 700 698 700 700 691 691 698 698 698 698 698 698 698 698
05 31 698 691 691 691 691 691 691 700 698 700 700 698 700 700 698 698 700 700 700 700 698 700 700 700
06 01 700 691 698 698 691 691 698 700 700 700 700 700 700 700 700 698 700 700 700 700 700 700 700 700
06 02 700 700 700 700 698 698 698 700 700 700 711 711 711 711 700 700 700 711 700 711 700 700 700 700
06 03 700 700 700 700 700 698 700 700 700 700 711 711 711 711 700 700 700 711 700 711 700 700 700 700
06 04 700 700 700 700 700 698 700 711 711 711 711 711 711 711 711 711 711 711 711 711 711 709 711 711
06 05 700 700 700 700 700 700 700 711 711 711 711 711 711 711 711 711 711 716 711 711 711 711 711 711
06 06 711 700 700 700 700 700 711 711 716 716 711 711 716 711 711 716 716 716 711 711 711 711 711 711
06 07 711 711 711 700 700 711 711 711 716 716 711 716 716 716 716 716 716 716 711 711 711 711 711 711
06 08 711 711 711 711 711 711 711 711 720 720 720 716 716 716 716 720 720 720 716 711 711 711 711 716
06 09 716 711 711 711 711 711 716 716 720 720 720 720 720 720 720 720 720 720 716 720 716 716 716 720
06 10 720 716 716 711 711 711 716 720 720 720 730 720 720 720 720 720 720 720 720 720 716 716 716 720
06 11 720 716 716 716 716 716 716 720 720 720 730 730 720 720 720 720 720 720 720 720 720 716 716 720
06 12 720 720 716 716 716 716 720 720 730 730 730 730 730 730 720 729 720 730 720 720 720 720 720 720
06 13 720 720 720 720 720 716 720 720 730 730 730 730 730 730 720 730 730 730 720 720 720 720 720 720
06 14 720 720 720 720 720 720 720 730 730 730 730 734 730 730 730 730 730 730 730 730 730 720 720 730
06 15 730 730 730 720 720 720 730 730 730 730 734 734 734 730 730 730 730 730 730 730 730 730 730 730
06 16 730 730 730 729 720 720 730 730 734 730 734 739 734 730 734 730 730 730 730 730 730 730 730 730
06 17 730 730 730 730 720 720 730 730 734 734 734 739 734 730 734 734 730 730 734 730 730 730 730 730
06 18 730 730 730 730 720 720 730 730 734 734 734 739 734 730 734 734 730 730 734 730 730 730 730 730
06 19 730 730 730 730 730 730 734 730 734 734 734 739 734 730 734 734 734 734 734 730 734 734 730 730
06 20 730 730 734 730 730 730 734 734 734 734 739 739 734 734 734 734 734 734 734 730 734 730 730 730
06 21 730 730 734 730 730 730 734 734 734 734 739 739 734 734 734 734 734 734 734 730 734 734 730 730
06 22 730 730 734 730 730 730 734 734 734 734 739 739 734 730 734 734 734 734 734 730 734 734 730 734
06 23 730 730 734 730 730 730 734 734 734 734 739 739 734 730 734 734 734 734 734 730 734 734 730 730
06 24 730 730 730 730 730 730 734 734 734 734 739 739 734 730 734 734 734 734 734 730 734 734 730 730
06 25 730 730 730 730 730 730 734 734 734 734 739 739 734 730 734 734 734 734 734 730 734 734 730 730
06 26 730 730 730 730 730 730 734 734 734 734 739 739 734 734 734 734 734 734 734 730 734 734 730 730
06 27 730 730 730 730 730 730 734 734 734 734 739 739 739 739 734 734 739 734 739 734 734 734 734 734
06 28 734 734 734 730 730 730 734 739 739 734 739 739 739 739 739 734 739 734 739 739 739 739 739 734
06 29 739 734 734 734 730 734 734 739 739 739 739 739 739 739 739 739 739 739 739 739 739 739 739 739
06 30 739 734 734 734 734 734 739 739 739 739 739 739 739 739 739 739 739 739 739 739 739 739 739 739
07 01 739 739 734 734 734 734 739 739 739 739 739 739 739 739 739 739 739 739 739 739 739 739 739 739
07 02 739 739 739 734 739 734 739 739 739 739 739 739 739 739 739 739 739 739 739 739 739 739 739 739
07 03 739 739 739 739 739 739 739 739 739 750 750 750 750 739 750 739 739 739 739 739 739 739 739 750
07 04 750 739 739 739 739 739 739 739 750 750 750 750 750 739 750 739 739 739 739 739 739 739 750 750
07 05 750 739 739 739 739 739 739 739 750 750 750 750 750 750 750 739 750 739 739 739 750 750 750 750
07 06 750 750 739 739 739 739 739 750 750 750 750 750 750 750 750 739 750 750 750 739 750 750 750 750
07 07 750 750 750 739 739 739 750 750 750 750 750 750 750 750 750 750 750 750 750 750 750 750 750 750
07 08 750 750 750 739 739 739 750 750 750 750 750 750 750 750 752 750 750 750 750 750 750 750 750 750
07 09 750 750 750 750 739 739 750 750 750 752 752 752 752 750 752 750 750 750 750 750 750 750 750 750
07 10 750 750 750 750 750 750 750 750 750 752 752 752 752 750 752 752 752 750 750 750 752 750 750 750
07 11 750 750 750 750 750 750 750 750 750 752 759 752 752 750 752 752 752 750 750 750 750 750 750 750
07 12 750 750 750 750 750 750 750 750 752 752 759 752 752 750 752 752 752 750 750 750 750 750 750 750
07 13 750 750 750 750 750 750 750 750 752 752 759 752 752 750 752 752 752 750 752 750 750 750 750 750
07 14 750 750 750 750 750 750 750 750 752 752 759 752 752 752 752 752 752 750 752 750 752 752 750 750
07 15 750 750 750 750 750 750 750 750 752 752 759 752 752 759 759 752 752 752 752 752 752 752 752 752
07 16 752 750 750 750 750 750 750 752 752 759 759 759 759 759 759 752 752 752 759 752 759 752 752 752
07 17 752 750 750 750 750 750 752 752 759 759 759 759 759 759 759 752 752 752 752 752 759 752 752 752
07 18 752 750 750 750 750 750 752 752 759 759 759 759 759 759 759 752 752 752 752 752 752 752 752 752
07 19 752 752 750 750 750 750 752 752 759 759 759 759 759 759 759 752 752 752 752 752 752 752 752 752
07 20 752 752 752 750 750 750 752 752 759 759 759 759 759 759 759 759 752 752 752 752 752 752 752 752
07 21 752 752 750 750 750 750 752 752 759 759 759 759 759 759 759 759 759 752 759 759 759 752 759 752
07 22 752 752 752 750 750 750 752 752 759 759 759 759 759 759 759 752 759 752 752 759 759 752 752 752
07 23 752 752 752 752 750 750 752 752 759 770 759 759 759 759 759 752 759 752 752 752 752 752 752 752
07 24 752 752 752 752 750 750 752 752 759 759 759 759 759 759 752 752 752 752 752 752 752 752 752 752
07 25 752 752 752 752 750 750 752 752 759 759 759 759 759 759 752 752 752 752 752 752 752 752 752 752
07 26 752 752 752 752 750 750 752 752 759 759 759 759 759 759 752 752 752 752 752 752 752 752 752 752
07 27 752 752 752 752 752 750 752 759 759 759 759 759 759 759 752 752 752 752 752 752 752 752 759 759
07 28 752 752 752 752 750 750 752 759 759 759 759 759 759 759 752 752 752 752 752 752 752 752 752 759
07 29 752 752 752 752 750 750 752 759 759 759 759 759 759 759 752 752 752 750 752 750 752 752 752 752
07 30 752 752 752 750 750 750 752 759 759 759 759 752 759 759 752 752 752 750 750 750 752 752 752 752
07 31 752 750 752 750 750 750 750 752 759 759 759 752 759 752 752 752 750 750 750 750 750 750 750 752
08 01 750 750 750 750 750 750 750 752 759 759 759 752 752 752 750 750 750 750 750 750 750 750 750 752
08 02 750 750 750 750 750 750 750 752 752 759 759 752 752 752 750 750 750 750 750 750 750 750 750 752
08 03 750 750 750 750 739 750 750 752 752 752 759 752 752 752 750 750 750 750 750 750 750 750 750 750
08 04 750 750 750 750 739 739 750 752 752 752 759 752 752 752 750 750 750 750 750 739 750 750 750 750
08 05 739 750 750 750 739 739 750 752 752 752 759 752 752 752 750 750 750 739 750 739 748 750 750 750
08 06 739 750 750 739 739 739 750 752 752 752 759 752 752 752 750 750 750 750 750 739 750 750 750 750
08 07 750 750 750 739 739 739 750 752 752 752 759 752 752 752 750 750 750 739 750 739 750 750 750 750
08 08 739 750 750 739 739 739 750 752 752 752 752 752 752 752 752 750 750 750 750 748 750 750 750 750
08 09 739 750 750 739 739 739 750 752 752 752 752 759 752 752 752 750 750 750 750 750 750 750 750 750
08 10 739 750 750 739 739 739 750 752 752 752 752 759 752 752 752 750 750 739 750 750 750 750 750 750
08 11 739 750 750 739 739 739 750 752 752 752 752 752 752 750 750 750 750 750 750 750 750 750 750 750
08 12 739 739 750 739 739 739 739 750 752 752 752 752 752 750 752 750 750 750 750 750 750 750 750 750
08 13 739 739 750 739 739 739 739 750 752 752 752 752 752 750 752 750 750 750 750 750 750 750 750 750
08 14 750 750 750 739 739 739 739 750 752 752 752 752 752 750 752 750 750 750 750 750 750 750 750 750
08 15 750 750 750 739 739 739 739 750 752 752 752 752 752 750 750 750 750 750 750 750 750 750 750 750
08 16 750 750 750 739 739 739 739 750 750 752 750 752 752 750 750 750 750 750 750 750 750 750 750 750
08 17 750 750 750 739 739 739 739 750 750 750 750 752 750 750 750 750 750 739 750 750 750 750 750 739
08 18 739 750 739 739 739 739 739 750 750 750 750 750 750 750 750 739 739 739 748 750 750 750 750 750
08 19 739 739 739 739 739 739 739 750 750 750 750 750 750 750 750 739 750 739 750 750 750 750 739 750
08 20 739 739 739 739 739 739 739 750 750 750 750 750 750 750 750 739 739 739 739 750 750 739 739 739
08 21 739 739 739 739 739 739 739 750 750 750 750 750 750 750 750 739 739 739 739 750 750 739 739 739
08 22 739 739 739 734 739 739 739 739 750 750 750 750 750 750 750 739 739 739 739 750 750 750 750 739
08 23 739 739 739 739 739 739 739 739 750 750 750 750 750 748 750 739 739 739 739 750 750 739 739 739
08 24 739 739 739 734 739 739 739 739 739 750 750 750 750 739 750 739 739 739 739 739 750 739 739 739
08 25 739 739 739 734 739 739 739 739 739 739 750 750 750 739 739 739 739 739 739 739 739 739 739 739
08 26 739 739 734 734 734 734 734 739 739 739 739 750 748 739 739 739 739 739 734 739 739 739 739 739
08 27 739 739 734 734 734 734 734 739 739 739 739 750 739 739 734 734 734 734 734 734 734 739 739 739
08 28 739 734 734 734 734 734 734 739 739 739 739 739 739 734 734 734 734 734 734 734 734 734 734 734
08 29 734 734 734 734 730 730 734 739 739 739 739 739 739 734 734 734 734 734 734 734 734 739 734 734
08 30 734 734 734 730 730 734 734 739 739 739 739 734 739 734 734 734 734 734 734 734 734 734 734 734
08 31 734 734 734 734 730 730 734 739 739 739 739 739 739 734 734 734 734 734 730 734 734 734 734 734
09 01 734 734 734 734 730 730 734 739 739 739 739 739 739 734 734 734 734 734 734 734 734 734 734 734
09 02 734 734 734 734 730 734 734 739 739 739 739 739 739 734 734 734 734 734 730 734 734 734 734 734
09 03 734 734 734 734 734 734 734 739 739 739 739 739 734 734 734 734 739 734 730 734 734 734 734 734
09 04 734 734 734 730 730 730 734 734 739 739 739 734 734 734 734 734 734 734 730 730 734 734 734 734
09 05 734 734 734 730 730 730 734 734 734 739 739 734 734 734 734 730 734 730 730 730 734 734 734 734
09 06 734 730 730 730 730 730 730 734 734 734 734 734 734 734 730 730 734 730 720 730 730 730 730 730
09 07 730 730 730 730 720 730 730 734 734 734 734 730 730 732 730 720 730 720 720 730 730 730 730 730
09 08 730 730 730 730 720 730 730 730 734 734 734 730 730 732 730 720 730 720 720 720 730 730 730 730
09 09 730 730 730 730 720 730 730 730 734 734 734 734 730 734 730 720 730 720 720 720 730 730 730 730
09 10 730 730 730 730 720 730 730 730 734 734 734 734 730 732 730 730 730 730 720 720 730 730 730 730
09 11 730 730 730 730 720 720 730 730 730 734 730 730 730 732 730 720 730 720 720 720 730 730 730 730
09 12 730 730 730 720 720 720 720 730 730 730 730 730 730 730 730 720 730 720 720 720 720 730 720 720
09 13 730 720 720 720 720 720 720 730 730 730 730 730 730 730 720 720 720 720 720 720 720 720 720 720
09 14 730 720 720 720 720 720 720 730 730 730 730 730 730 730 720 720 720 720 720 720 720 720 720 720
09 15 720 720 720 720 720 720 720 730 730 730 730 730 730 730 720 720 720 720 720 720 720 720 720 720
09 16 720 720 716 716 720 720 716 720 730 720 730 730 720 730 720 720 720 720 716 720 720 720 720 716
09 17 720 720 716 716 716 716 716 720 720 720 720 720 720 720 720 720 720 720 716 720 720 716 716 716
09 18 720 716 716 716 711 716 711 716 720 720 720 720 720 720 720 720 720 716 711 720 716 716 716 716
09 19 720 711 716 716 711 716 711 716 720 720 720 720 720 720 720 720 720 716 711 716 716 716 716 716
09 20 720 711 716 716 711 716 711 716 720 720 720 720 716 720 716 716 716 716 711 711 716 716 716 716
09 21 716 711 711 711 711 711 711 716 720 720 720 720 716 716 716 716 716 716 711 711 716 716 711 716
09 22 716 711 711 711 711 711 700 711 716 720 720 716 711 711 716 716 711 711 711 711 711 711 711 711
09 23 711 700 700 700 700 700 700 711 716 711 716 716 711 711 716 711 711 700 711 711 711 711 711 711
09 24 711 700 700 700 700 700 700 700 711 711 711 711 711 711 711 700 711 700 700 700 711 711 700 700
09 25 700 700 698 698 700 698 698 700 711 700 711 711 700 700 700 700 700 700 700 700 700 700 700 700
09 26 700 698 698 698 698 698 691 698 711 700 711 700 700 700 700 700 700 698 698 698 700 700 700 700
09 27 700 691 698 691 691 698 691 698 700 700 700 700 698 700 698 698 698 698 698 698 700 700 700 700
09 28 700 691 698 691 691 698 691 698 700 700 700 700 698 700 698 698 691 698 698 698 700 700 700 700
09 29 700 691 698 691 691 691 691 698 700 698 700 698 698 698 691 691 691 691 691 691 700 698 700 698
09 30 700 691 691 691 691 691 691 691 700 698 700 698 698 691 691 691 691 691 691 691 698 698 698 698
10 01 698 691 691 691 691 691 691 691 698 698 700 698 698 691 691 691 691 691 691 691 698 691 691 691
10 02 698 691 691 691 680 691 680 691 698 698 698 698 691 691 691 691 691 680 680 691 691 691 691 691
10 03 691 691 691 680 680 680 680 691 698 698 691 691 691 680 680 691 680 680 680 691 691 691 691 691
10 04 680 680 680 680 680 680 680 691 698 691 691 691 680 680 680 680 680 680 680 680 691 680 680 680
10 05 680 680 680 680 680 669 669 680 691 691 680 680 669 680 669 680 669 669 669 680 680 680 680 680
10 06 669 669 669 669 669 669 669 680 680 680 680 680 669 669 669 669 669 669 669 680 680 669 669 669
10 07 669 669 669 669 669 669 669 680 680 691 680 680 669 669 669 680 669 669 669 680 680 680 675 669
10 08 669 669 669 669 669 669 669 680 680 680 680 680 669 669 669 669 669 669 669 680 680 669 669 669
10 09 669 669 669 669 660 662 662 669 680 680 680 680 669 669 669 669 669 669 669 680 680 669 669 669
10 10 669 669 669 669 660 662 662 669 680 680 669 669 669 662 669 669 662 662 662 669 669 669 669 669
10 11 662 660 660 660 660 660 660 660 669 662 669 669 662 660 662 662 662 662 662 669 669 669 669 662
10 12 660 660 660 649 649 649 649 660 669 662 669 662 660 660 662 660 660 660 660 660 662 662 662 662
10 13 649 649 649 649 644 644 644 649 662 662 662 662 660 649 660 649 660 649 649 649 649 660 660 660
10 14 649 649 644 644 644 644 640 640 649 660 660 660 649 644 649 644 649 644 644 649 649 649 649 649
10 15 649 649 644 644 640 640 630 640 649 649 658 660 649 640 644 644 640 644 640 644 644 644 649 644
10 16 644 644 644 644 640 639 630 639 649 649 649 649 649 640 640 644 640 644 640 640 644 644 644 644
10 17 644 644 644 640 640 639 630 630 644 649 649 649 649 640 640 640 630 640 630 630 640 644 640 640
10 18 640 640 640 640 630 630 630 630 644 644 649 644 644 640 640 640 630 630 630 630 630 630 630 630
10 19 630 630 630 630 630 626 626 630 640 640 644 644 644 639 640 640 630 630 630 630 630 630 630 630
10 20 630 630 640 630 630 630 626 630 644 644 644 644 644 640 640 640 630 630 630 630 630 640 630 630
10 21 630 640 640 630 630 630 630 630 644 644 644 644 644 640 640 640 630 630 630 630 630 630 630 630
10 22 626 630 630 630 630 630 626 630 640 640 644 644 640 630 630 630 630 630 626 630 630 630 630 626
10 23 621 626 626 630 630 626 621 630 640 640 640 640 640 630 630 630 630 630 630 630 630 630 630 621
10 24 621 626 626 630 630 626 621 630 630 640 640 640 640 630 639 630 630 630 630 630 630 630 630 621
10 25 621 626 626 626 630 626 621 626 630 640 640 640 640 630 639 630 630 630 630 630 630 626 626 621
10 26 621 621 621 621 621 626 621 626 630 640 640 640 640 639 640 630 630 630 626 630 630 626 626 621
10 27 621 621 621 621 621 626 621 626 630 640 640 640 640 639 640 630 630 630 626 630 630 621 621 621
10 28 621 621 621 621 621 621 621 621 630 640 640 640 640 640 640 630 630 630 630 630 630 621 621 621
10 29 621 621 621 621 621 621 621 621 630 640 640 640 640 640 640 630 630 630 630 630 630 621 621 621
10 30 621 621 621 621 621 621 621 621 630 640 640 630 640 640 640 630 630 630 626 630 630 621 621 621
10 31 621 621 621 621 610 621 621 621 626 630 626 630 630 630 640 630 630 626 621 630 610 621 621 610
11 01 621 610 610 610 610 610 610 621 621 626 621 626 626 630 630 630 630 626 621 626 610 610 610 610
11 02 610 610 610 610 608 610 610 610 621 621 621 621 621 626 626 630 626 621 621 610 608 608 610 608
11 03 610 608 608 610 601 608 608 610 621 621 621 621 621 621 621 626 621 610 608 608 608 601 601 601
11 04 610 601 601 601 590 590 590 601 610 610 610 610 610 610 610 610 621 610 608 601 601 601 601 590
11 05 608 601 590 590 590 590 590 601 601 610 610 608 610 610 610 610 610 610 608 601 601 601 601 601
11 06 610 601 590 601 590 590 590 601 601 610 610 608 610 610 610 610 610 610 608 601 601 601 601 601
11 07 610 601 590 601 590 590 590 590 601 608 610 608 608 610 608 608 610 608 608 601 601 601 601 601
11 08 610 601 590 590 590 590 590 590 601 608 610 608 608 610 608 608 608 608 601 590 601 601 590 590
11 09 601 590 590 590 590 590 590 590 590 610 610 608 608 610 601 608 601 608 601 590 601 601 590 590
11 10 601 590 590 590 590 590 590 590 590 608 608 590 601 601 601 601 601 590 590 590 590 590 590 590
11 11 590 590 579 579 579 579 579 579 590 601 590 590 590 590 590 590 590 590 590 590 590 590 590 590
11 12 590 579 579 579 579 579 579 570 590 601 590 590 590 590 590 590 579 590 590 579 590 590 590 590
11 13 590 579 579 579 579 579 572 570 579 601 590 590 590 590 590 579 579 590 579 579 590 590 590 572
11 14 579 570 570 572 579 579 570 570 579 590 590 590 590 590 579 579 579 579 579 579 590 590 579 572
11 15 579 570 572 572 579 579 579 570 579 601 590 590 590 601 590 590 579 590 579 579 590 579 579 572
11 16 579 570 570 572 579 572 570 570 572 579 590 590 579 590 579 579 572 579 572 579 579 579 572 572
11 17 579 570 572 572 579 572 572 570 572 579 579 590 579 590 579 579 579 579 579 579 590 579 572 572
11 18 579 570 572 572 570 570 570 570 570 579 579 579 579 590 579 572 572 572 572 579 579 579 572 572
11 19 579 570 572 572 570 572 570 570 572 579 579 590 579 590 590 579 572 572 572 579 590 579 579 572
11 20 590 579 579 572 579 572 570 570 572 572 579 579 579 590 590 579 570 572 572 579 579 579 579 579
11 21 590 579 579 579 579 579 572 570 572 590 590 590 590 601 601 590 579 590 579 579 590 590 590 590
11 22 590 590 590 590 579 579 572 572 572 590 590 590 590 601 601 590 579 579 579 579 590 590 579 590
11 23 590 590 579 579 579 572 572 570 572 579 590 590 579 590 590 590 579 579 579 579 590 590 579 590
11 24 590 590 579 579 579 572 572 570 572 572 590 579 579 590 590 572 572 572 579 579 590 579 579 590
11 25 590 590 579 590 579 572 572 570 570 572 590 579 579 590 572 572 570 572 572 579 579 579 572 590
11 26 590 590 579 590 579 572 570 570 570 572 579 579 579 590 572 572 570 572 572 579 579 579 572 590
11 27 590 590 579 590 579 572 570 570 570 572 579 572 579 579 572 572 570 570 572 579 579 579 572 590
11 28 590 590 579 579 579 572 570 570 570 570 579 572 572 579 570 572 570 570 572 579 572 572 572 579
11 29 590 590 579 579 579 572 570 570 570 572 579 572 572 579 570 570 570 570 572 572 572 572 570 572
11 30 590 579 572 572 570 570 570 570 570 570 579 572 572 579 570 570 570 570 570 572 572 572 570 579
12 01 590 579 572 572 570 570 570 559 570 570 579 572 572 572 570 570 570 570 570 572 572 572 570 579
12 02 590 579 572 572 570 559 559 559 559 570 570 570 570 559 559 570 570 570 570 572 572 570 570 572
12 03 590 579 572 572 570 550 559 559 559 570 572 570 570 570 570 570 570 570 570 570 572 570 570 572
12 04 590 570 570 570 559 550 554 550 554 559 559 559 559 559 559 559 559 559 559 559 559 554 559 559
12 05 570 559 559 559 559 540 550 550 554 559 559 559 554 559 559 554 559 554 554 554 554 550 550 554
12 06 550 540 540 540 540 536 540 540 540 540 540 550 550 559 554 554 559 550 550 540 550 550 540 550
12 07 540 540 540 540 540 531 540 536 536 540 540 550 550 550 550 550 550 540 536 540 540 540 540 550
12 08 540 540 536 540 536 531 536 531 531 536 540 550 540 540 550 550 540 536 536 531 536 536 531 536
12 09 520 520 536 540 531 520 536 520 520 520 520 540 540 540 540 536 531 531 531 531 531 531 531 520
12 10 520 520 520 536 531 518 531 520 518 518 520 540 540 540 540 536 531 531 531 531 531 531 531 520
12 11 520 520 520 536 531 518 531 511 500 518 520 540 540 540 540 536 531 531 531 520 531 531 520 518
12 12 520 520 520 536 520 518 518 500 500 511 511 531 536 540 540 531 531 531 531 520 520 531 520 518
12 13 518 520 518 531 520 500 518 500 489 511 511 531 536 540 540 531 531 520 520 520 520 520 520 518
12 14 511 511 518 520 518 518 518 500 489 511 511 518 531 527 536 531 520 520 520 520 520 518 520 511
12 15 511 511 518 518 518 518 518 500 489 511 511 518 520 520 536 531 520 520 520 511 518 518 511 511
12 16 500 511 500 518 518 518 518 500 500 511 520 531 536 531 540 531 531 520 520 520 520 520 520 518
12 17 511 511 518 518 518 518 518 500 500 518 520 536 536 540 540 531 531 536 520 520 520 518 520 518
12 18 500 511 500 511 511 500 511 489 500 511 511 531 531 531 536 531 531 520 520 518 520 518 518 511
12 19 500 511 500 511 511 500 518 500 500 518 518 531 534 531 536 531 520 520 520 511 518 511 511 511
12 20 489 500 500 500 500 480 489 489 489 511 511 511 520 520 520 520 520 520 518 511 518 500 511 500
12 21 482 489 489 500 489 480 489 480 489 500 500 500 520 520 520 520 520 511 511 500 511 500 500 500
12 22 480 489 482 489 482 480 482 482 489 500 500 500 520 520 520 520 520 511 500 500 511 489 500 500
12 23 480 489 489 500 500 480 482 484 500 511 500 511 520 520 520 520 520 511 500 500 500 489 500 500
12 24 480 489 489 489 482 480 480 480 500 511 511 511 520 520 520 520 520 511 500 500 511 500 511 511
12 25 489 500 489 500 489 489 482 484 489 500 511 511 520 520 520 520 520 511 500 500 511 500 511 511
12 26 482 500 489 500 482 482 482 484 489 500 500 511 520 520 520 520 520 511 500 511 518 500 511 511
12 27 489 500 489 500 482 489 500 500 500 511 520 518 520 520 518 520 520 518 500 511 511 500 511 511
12 28 500 500 489 500 500 500 500 500 500 511 520 531 520 520 520 520 520 520 518 518 518 511 518 520
12 29 500 500 500 500 511 500 500 500 511 520 531 540 531 531 531 531 531 531 518 520 518 511 511 520
12 30 500 500 500 500 511 500 500 500 500 520 531 531 531 540 540 531 531 531 518 520 518 511 511 518
12 31 500 500 500 500 500 500 500 500 500 511 518 520 520 520 520 520 518 518 500 511 511 511 511 511
