01 01 500 500 500 500 511 500 511 489 489 500 511 520 531 531 531 531 520 520 520 520 511 511 500 500
01 02 489 500 500 500 500 500 511 489 489 500 511 520 520 531 520 531 531 520 520 520 511 511 500 500
01 03 489 500 500 500 500 500 500 489 489 500 500 520 520 531 531 531 531 520 520 520 511 511 500 500
01 04 489 500 500 500 500 500 500 489 489 500 500 511 520 531 520 520 520 520 520 520 511 511 500 500
01 05 489 500 500 500 500 500 500 480 489 489 500 511 520 520 520 520 520 520 520 520 511 511 500 500
01 06 489 500 500 500 500 500 500 489 489 500 500 511 520 520 520 520 520 520 520 520 511 511 500 500
01 07 489 500 500 500 500 500 500 489 489 500 500 511 511 520 520 520 520 520 520 520 511 511 500 500
01 08 480 500 500 500 500 500 500 489 489 489 500 500 511 511 518 520 520 520 520 511 500 500 489 489
01 09 480 489 489 489 489 489 489 480 480 489 489 500 500 511 511 511 511 511 511 511 500 500 500 489
01 10 480 489 489 489 489 480 480 480 480 480 489 489 500 500 500 500 500 500 500 500 500 500 489 489
01 11 480 489 489 489 489 480 480 480 480 480 489 489 500 500 500 500 500 500 500 500 500 500 489 480
01 12 469 480 480 480 480 480 480 480 480 480 480 480 489 489 489 489 489 489 489 480 480 480 480 480
01 13 469 469 469 469 469 469 469 469 460 469 469 480 480 489 489 489 489 489 480 480 480 480 480 480
01 14 469 469 469 469 469 480 469 469 460 469 469 480 480 489 489 489 489 489 480 480 480 480 480 480
01 15 469 469 469 469 469 469 469 469 460 469 469 469 469 480 480 489 480 480 480 480 480 480 480 480
01 16 469 469 469 469 469 469 460 460 460 469 469 469 480 480 480 489 480 480 480 480 480 480 480 480
01 17 469 469 469 469 464 469 460 469 460 469 469 480 480 489 480 489 489 480 480 480 480 480 480 480
01 18 469 469 469 469 460 469 460 460 460 469 469 469 469 480 480 489 480 480 469 469 469 480 480 480
01 19 469 469 460 460 460 460 460 460 460 469 469 469 469 480 480 480 480 480 469 469 469 469 469 469
01 20 469 460 460 460 460 460 460 460 460 460 469 469 469 480 480 480 480 469 469 469 460 469 469 469
01 21 460 460 460 460 460 460 460 460 460 460 469 460 469 480 480 469 469 469 469 469 460 460 469 469
01 22 460 460 460 460 460 469 460 460 460 460 469 469 469 480 480 469 480 469 469 469 469 469 469 469
01 23 469 460 460 460 469 469 460 460 460 469 469 469 469 480 469 469 480 469 469 469 469 469 469 469
01 24 469 460 460 460 469 469 460 460 460 469 480 480 480 480 480 469 480 469 469 469 460 469 469 469
01 25 469 469 460 469 469 469 460 460 460 469 480 480 480 480 469 469 480 469 469 460 460 469 469 469
01 26 469 469 460 469 469 469 460 460 460 469 480 480 469 480 469 480 480 480 469 469 460 469 469 469
01 27 469 480 469 469 469 469 469 460 460 469 480 480 480 489 480 489 480 489 480 480 480 469 480 480
01 28 489 480 469 469 480 469 469 460 464 469 480 489 489 489 480 489 480 480 480 480 480 469 480 480
01 29 489 480 469 469 469 469 460 460 460 469 480 480 480 480 480 489 480 480 480 480 489 469 480 480
01 30 480 480 469 469 469 469 460 460 460 469 480 480 489 480 480 489 500 489 480 480 480 480 480 480
01 31 489 480 469 469 469 469 460 460 460 469 480 469 480 480 460 489 480 480 480 480 469 469 480 480
02 01 480 480 469 469 469 460 460 460 460 460 469 469 469 469 460 480 480 480 480 480 469 469 469 480
02 02 480 480 469 469 469 469 469 460 460 469 480 480 489 480 480 489 500 489 489 480 480 469 480 480
02 03 480 480 469 469 469 469 469 460 460 469 480 480 489 480 489 489 489 489 489 480 480 469 480 480
02 04 489 480 469 469 480 469 469 469 460 469 489 489 489 500 489 500 500 489 489 489 489 480 480 482
02 05 489 480 469 469 469 469 469 469 460 469 480 480 489 489 489 500 500 489 489 480 480 480 480 480
02 06 489 480 469 469 469 469 460 460 460 469 469 480 489 489 489 500 500 489 480 480 480 469 480 480
02 07 480 480 469 469 469 469 460 460 460 469 469 480 489 500 500 500 500 489 489 480 480 480 480 480
02 08 480 480 480 469 469 469 469 469 469 480 480 489 500 500 511 500 511 500 500 500 489 480 489 489
02 09 489 480 480 480 489 480 480 480 480 480 489 489 500 500 511 511 511 500 500 500 500 489 489 489
02 10 489 480 480 480 480 480 480 480 480 482 489 489 500 500 511 511 511 500 500 500 489 489 489 482
02 11 480 480 480 480 480 480 480 480 480 480 489 489 500 500 511 511 511 511 500 500 500 489 489 482
02 12 480 480 480 480 480 480 480 480 480 482 489 500 500 500 511 511 511 511 500 500 489 489 489 489
02 13 489 480 480 489 489 480 480 480 480 489 500 500 511 511 511 511 511 511 500 500 500 489 500 500
02 14 489 480 489 489 489 489 489 489 489 500 511 511 511 511 518 511 511 511 511 500 500 500 500 500
02 15 489 480 489 489 489 489 489 489 489 500 511 511 511 520 520 520 520 511 511 511 511 500 500 500
02 16 500 489 500 500 489 489 489 489 489 500 511 511 518 520 520 520 520 511 511 511 511 500 500 500
02 17 500 489 489 500 489 489 489 489 489 500 509 511 511 520 520 520 520 511 511 511 511 500 500 500
02 18 500 500 489 500 489 489 489 489 489 500 511 520 520 520 520 520 520 511 511 511 511 500 500 500
02 19 500 489 489 500 489 500 489 489 489 500 511 520 520 520 520 520 520 511 511 511 511 511 500 500
02 20 511 500 500 500 500 500 500 489 489 500 511 520 520 520 520 520 520 520 520 520 511 511 511 511
02 21 520 500 500 500 500 500 500 500 489 500 511 520 520 520 520 520 531 520 520 520 511 511 511 511
02 22 520 500 500 500 500 500 500 489 489 500 511 520 520 520 520 520 520 520 511 511 511 511 511 511
02 23 511 500 500 500 500 500 500 489 489 500 511 520 520 520 520 520 511 511 511 511 511 511 511 511
02 24 511 500 500 500 500 500 500 489 489 500 511 520 520 520 520 511 511 511 511 511 511 511 511 511
02 25 520 500 500 500 500 500 500 489 489 500 511 520 520 520 520 520 520 511 511 511 511 511 511 511
02 26 520 511 500 511 500 500 511 511 511 511 520 520 520 520 520 520 520 511 511 511 511 511 511 511
02 27 520 511 500 511 500 511 511 511 500 511 520 520 520 520 520 520 520 520 520 520 520 520 520 520
02 28 520 511 511 511 511 511 511 511 511 518 520 520 520 520 520 520 531 531 531 520 520 520 520 520
03 01 531 511 511 511 500 511 511 500 500 511 520 520 520 520 520 520 520 520 520 520 520 520 520 520
03 02 531 520 511 511 511 511 511 511 500 511 520 520 520 520 520 520 520 520 520 511 520 520 520 520
03 03 520 520 511 511 511 511 511 511 511 520 531 531 520 520 520 520 531 531 531 520 520 520 520 520
03 04 531 520 520 520 520 520 520 520 518 520 531 531 531 531 531 520 531 531 531 520 520 531 520 520
03 05 531 520 520 520 520 520 520 511 520 531 531 536 531 531 531 531 531 531 531 531 531 531 531 520
03 06 531 531 520 531 531 520 531 531 520 531 536 540 540 531 531 531 531 540 540 531 531 531 531 531
03 07 531 531 520 531 531 520 531 520 520 531 536 540 540 536 531 540 540 540 540 531 531 531 531 531
03 08 531 531 520 531 531 531 531 531 531 540 540 540 550 550 540 540 540 540 540 540 540 540 531 531
03 09 531 531 520 531 531 531 531 531 531 540 540 540 550 550 550 550 540 540 540 540 540 540 531 531
03 10 531 531 520 531 531 531 531 531 531 540 540 540 550 550 550 550 550 550 540 540 540 540 531 531
03 11 531 531 520 531 531 531 531 531 531 540 550 550 550 550 550 559 550 550 550 550 540 540 540 540
03 12 540 531 520 531 531 531 531 531 531 550 550 559 559 559 570 570 559 559 550 550 550 550 540 540
03 13 540 531 523 531 531 531 531 531 531 550 550 559 559 559 570 559 550 559 550 550 550 550 540 540
03 14 540 531 520 531 531 531 531 531 531 550 550 550 559 559 570 559 550 559 550 550 550 540 540 540
03 15 531 531 520 531 531 531 531 531 531 550 550 550 559 559 570 559 559 559 550 550 550 550 540 540
03 16 531 531 520 531 531 531 531 531 531 550 550 550 559 559 570 559 559 559 550 550 550 540 540 540
03 17 531 531 520 531 531 531 531 531 531 550 550 550 559 559 570 559 550 550 550 550 540 540 540 540
03 18 531 531 531 531 531 531 531 531 531 550 550 550 559 559 570 559 559 559 550 550 540 540 540 540
03 19 540 531 531 531 531 531 531 531 540 550 550 550 559 559 570 559 559 559 550 550 540 540 540 540
03 20 540 531 531 531 531 540 531 531 540 550 554 559 559 570 572 570 570 559 559 550 550 540 550 540
03 21 540 540 540 540 540 540 531 531 540 550 559 559 559 570 570 570 570 559 559 550 550 550 550 550
03 22 540 540 540 550 550 540 540 540 550 550 559 559 570 572 579 570 570 570 559 559 559 559 559 559
03 23 550 550 550 550 550 540 550 540 550 559 559 559 570 572 579 570 570 559 559 559 559 559 559 559
03 24 559 550 550 550 550 550 550 540 550 559 559 570 570 572 579 570 570 559 559 559 559 559 559 559
03 25 559 559 559 550 550 550 550 550 559 559 570 579 579 579 579 570 570 559 559 559 559 559 559 559
03 26 550 559 559 550 550 550 550 550 559 559 570 579 579 579 579 570 570 559 559 559 559 559 559 559
03 27 550 559 559 550 550 550 550 550 559 559 570 579 579 579 570 570 570 559 559 570 570 570 559 559
03 28 559 559 559 559 559 559 559 559 559 570 570 579 579 579 570 570 570 559 559 570 570 570 559 559
03 29 559 559 559 559 559 559 559 559 559 570 570 579 579 579 570 570 570 559 570 570 570 570 559 559
03 30 559 559 559 559 559 559 559 559 559 570 579 579 579 579 570 570 570 559 570 570 570 570 570 570
03 31 559 559 559 559 559 559 559 559 570 570 579 579 579 579 579 570 570 570 570 570 570 579 570 570
04 01 570 570 570 570 570 570 570 559 570 579 590 590 590 590 579 579 579 570 570 579 579 579 579 579
04 02 570 570 570 570 570 570 570 570 572 579 590 590 590 590 590 579 579 579 579 579 579 579 579 579
04 03 579 570 570 570 570 570 570 570 579 579 590 590 590 590 590 579 579 579 579 579 579 590 590 579
04 04 579 579 570 570 570 570 579 572 579 590 590 590 590 590 590 579 579 579 579 579 579 590 590 579
04 05 579 579 570 579 570 579 579 579 579 590 590 590 590 590 590 590 579 579 579 579 579 590 590 579
04 06 579 579 570 579 570 579 579 579 579 590 590 590 590 590 590 590 579 579 579 579 590 590 590 590
04 07 579 579 570 579 570 579 579 579 579 590 590 601 601 590 590 590 590 579 579 590 590 590 590 590
04 08 590 579 579 579 579 579 579 579 579 590 590 601 601 590 590 590 590 590 579 590 590 590 590 590
04 09 590 579 579 579 579 579 579 579 590 590 601 601 601 590 590 590 590 590 590 590 590 590 590 590
04 10 590 590 579 579 579 579 579 579 590 590 601 601 601 590 590 590 590 590 590 590 590 590 590 590
04 11 601 590 579 579 579 579 579 579 590 590 601 601 601 590 590 590 590 590 590 590 590 590 590 590
04 12 601 590 579 579 579 579 579 579 601 601 601 610 601 601 601 601 590 590 590 590 601 601 590 601
04 13 601 590 590 590 590 579 579 579 601 608 601 610 601 601 601 601 601 601 601 601 601 601 601 601
04 14 601 590 601 590 590 590 590 590 610 610 610 610 610 601 601 601 601 601 601 601 601 601 601 601
04 15 601 601 601 590 601 590 590 590 601 610 610 610 610 601 610 601 601 601 601 601 601 601 601 601
04 16 601 601 601 601 601 590 590 590 601 610 610 610 610 601 601 601 601 601 601 601 601 601 601 601
04 17 601 601 601 601 601 590 590 590 601 601 610 610 610 601 601 601 601 601 601 601 601 601 601 601
04 18 601 601 601 601 601 590 590 590 601 601 610 610 601 601 601 601 601 601 601 601 601 601 601 601
04 19 601 601 601 601 601 590 590 590 601 601 610 610 601 601 601 601 601 601 601 601 601 601 601 610
04 20 601 601 601 601 601 590 590 590 601 608 610 610 610 608 601 601 601 610 601 601 601 601 610 610
04 21 610 601 601 601 601 601 590 601 610 610 610 610 610 610 610 610 610 610 610 610 610 610 610 610
04 22 610 610 601 601 601 601 590 601 610 621 610 610 610 610 610 610 610 610 610 610 610 621 610 610
04 23 610 610 610 601 610 601 601 601 610 621 621 621 610 610 610 610 610 610 610 610 610 621 610 610
04 24 610 610 610 601 610 601 601 610 610 621 621 621 610 610 610 610 610 610 621 621 621 621 621 610
04 25 610 610 610 610 610 610 601 610 610 621 621 621 621 621 621 621 621 621 621 621 621 621 621 621
04 26 621 610 610 610 610 610 601 610 621 621 621 630 621 621 621 621 621 621 621 630 621 630 621 621
04 27 621 621 610 610 621 610 610 610 621 621 630 630 621 630 621 621 621 621 621 630 630 630 630 630
04 28 621 621 621 610 610 610 610 610 621 621 630 630 630 630 630 621 621 621 630 630 630 630 630 630
04 29 621 621 621 610 610 610 610 621 621 630 630 630 630 630 630 626 630 630 630 630 630 630 630 630
04 30 630 621 621 621 621 610 610 621 621 630 630 640 640 630 630 630 630 630 630 640 640 640 640 630
05 01 630 630 621 621 621 610 610 621 626 630 630 640 640 640 640 630 630 630 640 640 640 640 640 640
05 02 630 630 621 621 621 621 621 621 630 630 640 640 640 640 640 640 640 640 640 640 640 640 640 640
05 03 640 630 630 630 621 621 621 621 630 640 640 640 649 640 640 640 640 640 644 640 640 640 640 640
05 04 640 630 630 630 621 621 621 630 640 640 640 640 649 640 640 640 640 640 649 640 640 649 640 640
05 05 640 630 630 630 621 621 621 630 640 640 640 649 649 649 649 640 640 640 649 640 640 649 649 640
05 06 640 640 630 630 621 630 630 630 640 640 649 649 649 649 649 640 640 640 649 640 649 649 649 649
05 07 640 640 630 630 630 630 630 640 640 649 649 649 649 649 649 649 649 649 649 649 649 649 649 649
05 08 640 640 640 630 630 630 630 640 640 649 649 660 660 660 649 649 649 649 649 660 660 660 660 649
05 09 649 640 640 640 640 640 630 640 649 649 649 660 660 660 653 660 649 660 660 660 660 660 660 660
05 10 649 649 640 640 640 640 640 644 649 660 660 660 660 660 660 660 649 660 660 660 660 660 660 660
05 11 660 649 649 640 640 640 640 649 649 660 660 669 660 660 660 660 660 660 660 660 660 660 660 660
05 12 660 649 649 640 640 640 640 649 660 669 660 669 669 660 660 660 660 660 662 660 669 660 660 660
05 13 660 649 649 649 649 640 640 649 660 669 669 669 669 660 660 660 660 660 669 669 669 669 669 669
05 14 669 660 649 649 649 649 649 649 660 669 669 669 669 669 660 660 660 660 669 669 669 669 669 669
05 15 669 660 649 649 649 649 649 649 660 669 669 669 669 660 660 660 660 669 669 669 669 669 669 669
05 16 669 660 660 649 649 649 649 660 669 669 669 669 669 669 660 660 660 669 669 669 669 669 669 669
05 17 669 660 660 660 649 649 649 660 669 669 669 669 669 669 669 660 660 669 669 669 669 680 680 669
05 18 669 669 660 660 649 649 649 660 669 680 680 669 669 669 669 669 669 669 669 669 680 680 680 669
05 19 669 669 660 660 660 660 649 660 669 680 680 680 680 669 680 676 669 669 680 680 680 680 680 680
05 20 680 669 669 660 660 660 660 669 680 680 680 680 680 680 680 680 669 669 680 680 680 680 680 680
05 21 680 669 669 669 660 660 660 669 680 680 691 680 680 680 680 680 680 680 680 680 680 680 680 680
05 22 680 669 669 669 669 660 660 669 680 680 691 691 680 680 680 680 680 680 680 680 691 691 691 680
05 23 680 680 669 669 669 669 669 669 680 680 691 691 680 680 680 680 680 680 680 680 691 691 691 691
05 24 680 680 680 669 669 669 669 680 680 691 691 691 680 680 680 680 680 680 680 680 691 691 691 691
05 25 680 680 680 669 669 669 669 680 680 691 691 691 680 691 680 691 691 680 691 691 691 691 691 691
05 26 680 680 680 680 669 669 669 680 691 691 691 700 691 691 691 691 691 680 691 691 691 691 691 691
05 27 691 680 680 680 680 669 669 680 691 691 691 700 691 691 691 691 691 691 691 691 700 700 691 691
05 28 691 691 680 680 680 680 669 680 691 698 700 700 691 691 691 691 691 691 691 700 700 700 700 691
05 29 691 691 680 680 680 680 680 680 691 700 700 700 700 691 691 691 691 691 691 700 700 700 700 691
05 30 700 691 691 680 680 680 680 680 691 700 700 700 700 700 691 691 691 691 700 700 700 700 700 700
05 31 700 691 691 680 680 680 680 691 700 700 700 700 700 700 691 698 691 691 700 700 700 700 700 700
06 01 700 691 691 691 691 680 680 691 700 700 700 700 700 700 700 700 691 691 700 700 700 700 700 700
06 02 700 700 700 691 691 680 680 691 700 711 711 711 700 700 700 700 700 700 700 700 700 700 700 700
06 03 700 700 700 691 691 691 691 700 700 711 711 711 711 700 700 700 700 700 700 700 700 700 700 700
06 04 700 700 700 700 691 691 691 700 700 711 711 711 711 700 700 700 700 700 700 700 700 711 711 700
06 05 700 700 700 700 691 691 691 700 711 711 711 711 711 700 700 700 700 700 700 700 700 711 711 700
06 06 700 700 700 700 700 691 691 700 711 711 711 711 711 711 700 700 700 700 700 700 711 711 711 711
06 07 700 700 700 700 700 691 691 700 711 711 711 711 711 711 711 700 700 700 711 711 711 711 711 711
06 08 711 711 700 700 700 698 691 700 711 711 720 711 711 711 711 711 702 711 711 711 711 711 711 711
06 09 711 711 700 700 700 700 700 700 711 711 720 720 711 711 711 711 711 711 711 711 711 711 711 711
06 10 711 711 711 700 700 700 700 711 711 711 720 720 711 711 711 711 711 711 711 711 711 720 711 711
06 11 711 711 711 700 700 700 700 711 711 720 720 720 720 711 711 711 711 711 711 711 711 720 711 711
06 12 711 711 711 711 700 700 700 711 711 720 720 720 711 711 711 711 711 711 711 711 711 720 711 711
06 13 711 711 711 711 700 700 700 711 711 720 720 720 711 711 711 711 711 711 711 711 711 720 720 720
06 14 720 711 711 711 700 700 700 711 711 720 720 720 720 711 711 711 711 711 711 711 711 720 720 720
06 15 720 711 711 711 700 700 700 711 711 720 720 720 720 711 711 711 711 720 711 711 711 720 720 720
06 16 720 711 711 711 700 700 700 711 711 720 720 720 720 711 711 711 711 720 711 711 720 720 720 720
06 17 720 720 711 711 711 700 700 711 711 720 720 720 720 711 711 711 711 720 711 711 720 720 720 720
06 18 720 720 720 711 711 711 711 711 720 720 720 720 720 711 711 711 711 720 711 711 720 720 730 720
06 19 720 720 720 711 711 711 711 711 720 720 720 720 720 711 711 711 711 720 711 711 720 720 730 720
06 20 720 720 720 720 711 711 711 711 720 720 720 720 720 711 711 711 711 720 711 711 720 720 730 720
06 21 720 720 720 720 711 711 711 711 720 720 720 720 720 720 720 711 711 720 711 720 720 720 730 720
06 22 720 720 720 720 711 711 711 711 720 720 720 720 720 720 711 711 711 720 711 720 720 720 730 720
06 23 720 720 720 720 711 711 711 711 720 720 720 720 720 720 716 716 711 720 711 720 720 720 730 720
06 24 720 720 720 720 711 711 711 720 720 720 720 720 720 720 720 720 711 720 720 720 720 730 730 730
06 25 730 720 720 720 720 711 711 720 720 720 720 720 720 720 720 720 711 720 720 720 720 730 730 730
06 26 730 720 720 720 720 711 711 720 720 720 720 720 720 720 720 720 711 720 720 720 720 730 730 730
06 27 730 720 720 720 720 711 711 720 720 720 720 720 720 720 720 720 720 720 720 720 730 730 730 730
06 28 730 720 720 720 720 711 711 720 720 720 720 720 720 720 720 720 720 720 720 720 730 730 730 730
06 29 730 720 720 720 720 711 711 720 720 720 720 730 720 720 720 720 720 720 720 720 730 730 730 730
06 30 730 720 720 720 720 711 711 720 720 720 720 730 720 720 720 720 720 720 720 720 730 730 730 730
07 01 730 730 720 720 720 711 711 720 720 720 730 730 730 720 720 720 720 720 730 727 730 730 730 730
07 02 730 730 720 720 720 720 711 720 720 730 730 730 730 730 720 720 720 730 730 730 730 730 730 730
07 03 730 730 720 720 720 720 711 720 730 730 730 730 730 730 730 720 730 730 730 730 730 730 730 730
07 04 730 730 730 720 720 720 720 720 730 730 730 730 730 730 730 720 730 730 730 730 730 730 730 730
07 05 730 730 720 720 720 720 720 720 730 730 730 730 730 730 730 730 730 730 730 730 730 730 730 730
07 06 730 730 730 720 720 720 720 720 730 730 730 730 730 730 730 730 730 730 730 730 730 730 730 730
07 07 730 730 730 720 720 720 720 720 730 730 730 730 730 730 730 730 730 730 730 730 730 730 730 730
07 08 730 730 730 720 720 720 720 720 730 730 730 730 730 730 730 730 730 730 730 730 730 730 739 730
07 09 730 730 730 720 720 720 720 720 730 730 730 730 730 730 730 730 730 730 730 730 730 730 739 739
07 10 730 730 730 720 720 720 720 720 730 730 730 730 730 730 730 730 730 730 730 730 730 730 734 739
07 11 730 730 730 720 720 720 720 720 730 730 730 730 730 730 730 730 730 730 730 730 730 730 739 739
07 12 730 730 730 720 720 720 720 720 730 730 730 730 730 730 730 730 730 730 730 730 730 730 739 736
07 13 730 730 730 720 720 720 720 720 730 730 730 730 730 730 730 730 730 730 730 730 730 730 739 730
07 14 730 730 730 720 720 720 720 720 730 730 730 730 730 730 730 730 730 730 730 730 730 739 739 739
07 15 730 730 730 730 720 720 720 720 730 730 730 730 730 730 730 730 730 730 730 730 730 739 739 739
07 16 730 730 730 730 720 720 720 730 730 730 730 730 730 730 730 730 730 730 730 730 730 739 739 739
07 17 730 730 730 730 720 720 720 730 730 739 739 730 730 730 730 730 730 730 730 730 730 739 739 739
07 18 730 730 730 730 720 720 720 730 730 734 739 730 730 730 730 730 730 730 730 730 730 739 739 739
07 19 730 730 730 730 720 720 720 730 730 739 739 730 730 730 730 730 730 730 730 730 730 739 739 739
07 20 730 730 730 730 730 730 720 730 730 739 739 730 730 730 730 720 730 730 730 730 730 739 739 739
07 21 739 730 730 730 730 730 720 730 730 739 739 730 730 730 730 720 730 730 730 730 730 739 739 739
07 22 730 730 730 730 730 730 720 730 730 739 739 730 730 730 730 730 730 730 730 730 730 739 739 739
07 23 739 730 730 730 730 730 720 730 730 739 739 730 730 730 730 730 730 730 730 730 730 739 739 739
07 24 730 730 730 730 730 730 720 730 730 739 739 730 730 730 730 730 730 730 730 730 730 739 739 739
07 25 730 730 730 730 730 720 720 730 730 739 739 730 730 730 730 730 730 730 730 730 730 739 739 739
07 26 730 730 730 730 730 730 720 730 730 739 739 730 730 730 730 730 730 730 730 730 730 739 739 739
07 27 730 730 730 730 730 730 720 730 730 739 739 730 730 730 730 720 730 730 730 730 730 739 739 739
07 28 730 730 730 730 730 730 720 730 730 730 730 730 730 730 720 720 730 730 730 730 730 739 739 739
07 29 730 730 730 730 730 720 720 730 730 730 730 730 730 730 720 720 730 730 730 730 730 739 730 739
07 30 730 730 730 730 730 720 720 730 730 730 730 730 730 730 720 720 730 730 730 730 730 739 739 739
07 31 730 730 730 730 730 720 720 720 730 730 730 730 730 730 720 720 730 730 730 730 730 739 739 734
08 01 730 730 730 730 720 720 720 720 730 730 730 730 730 730 720 720 730 730 730 730 730 739 730 739
08 02 730 730 730 730 720 720 720 720 730 730 730 730 730 730 720 720 720 730 730 730 730 739 730 739
08 03 730 730 730 730 720 720 720 720 730 730 730 730 730 730 720 720 730 730 730 730 730 730 730 730
08 04 730 730 730 730 720 720 720 720 730 730 730 730 730 730 720 720 730 730 730 730 730 730 730 730
08 05 730 730 730 730 720 720 720 720 730 730 730 730 730 730 720 720 730 730 720 730 730 730 730 730
08 06 730 730 730 730 720 720 720 720 730 730 730 730 730 730 720 720 730 720 720 730 730 730 730 739
08 07 730 730 730 730 720 720 720 720 730 730 730 730 730 730 720 720 720 720 720 730 730 739 730 739
08 08 730 730 730 730 720 720 720 720 730 730 730 730 730 730 720 720 720 720 720 730 730 730 730 739
08 09 730 730 730 730 730 720 720 720 730 730 730 730 730 730 720 720 720 720 730 730 730 739 739 739
08 10 730 730 730 730 730 720 720 720 730 730 730 730 730 730 720 720 730 720 730 730 730 739 739 739
08 11 730 730 730 730 730 720 720 730 730 730 730 730 730 730 730 720 730 730 730 730 730 739 739 739
08 12 730 730 730 730 730 720 720 730 730 730 730 730 730 730 730 720 730 730 730 730 730 739 739 739
08 13 730 739 730 730 730 720 720 730 730 730 730 730 730 730 730 730 730 730 730 730 730 739 739 739
08 14 730 739 730 730 730 720 720 730 730 730 730 730 730 730 730 720 730 730 730 730 730 739 739 739
08 15 730 730 730 730 730 720 720 730 730 730 730 730 730 730 730 720 720 720 730 730 730 739 730 739
08 16 730 730 730 730 730 720 720 720 730 730 730 730 730 730 730 720 720 720 730 730 730 739 730 739
08 17 730 730 730 730 730 720 720 720 730 730 730 730 730 730 720 720 720 720 730 730 730 730 730 730
08 18 730 730 730 730 720 720 720 720 730 730 730 730 730 730 720 720 720 720 720 730 730 730 730 739
08 19 730 730 730 730 720 720 720 720 730 730 730 730 730 730 730 720 720 720 720 730 730 730 730 730
08 20 730 730 730 730 720 720 720 720 730 730 730 730 730 730 730 720 720 720 720 730 730 730 730 730
08 21 730 730 730 730 720 720 720 720 730 730 730 730 730 730 720 720 720 720 720 730 730 730 730 730
08 22 730 730 730 720 720 720 720 720 730 730 730 730 730 720 720 720 720 720 720 730 730 730 730 730
08 23 730 730 720 720 720 720 711 720 720 730 730 730 730 720 720 720 720 720 720 730 730 730 730 730
08 24 730 730 720 720 720 720 711 720 720 730 730 730 730 720 720 720 720 720 720 730 730 730 730 730
08 25 730 730 720 720 720 720 711 720 720 720 720 730 730 720 720 720 720 720 720 730 730 730 730 730
08 26 720 720 720 720 720 720 711 711 720 720 720 730 730 720 720 720 716 720 720 730 730 730 730 730
08 27 720 720 720 720 720 711 711 711 720 720 720 720 720 720 720 720 711 711 720 720 730 730 730 730
08 28 720 720 711 720 711 711 711 711 720 720 720 720 720 720 720 711 711 711 720 720 720 730 730 720
08 29 720 720 711 711 711 711 711 711 711 720 720 720 720 720 711 711 711 711 720 720 720 720 720 720
08 30 720 711 711 711 711 711 700 700 711 720 720 720 720 720 711 711 711 711 711 720 720 720 720 720
08 31 720 711 711 711 711 711 700 700 711 720 720 720 720 711 711 711 711 711 711 720 720 720 720 720
09 01 720 711 711 711 711 711 700 700 711 711 720 720 720 711 711 711 711 711 711 720 720 720 720 720
09 02 720 711 711 711 700 700 700 700 711 711 720 720 720 711 711 711 711 711 711 720 720 720 720 720
09 03 711 711 711 711 700 700 700 700 711 711 716 720 711 711 711 711 711 711 711 711 720 720 711 720
09 04 711 711 711 700 700 700 700 700 711 711 711 720 711 711 711 711 711 711 711 711 720 720 711 711
09 05 711 711 711 700 700 700 700 700 700 711 711 720 711 711 711 711 711 711 711 711 720 711 711 711
09 06 711 711 700 700 700 700 700 700 700 711 711 711 711 711 711 711 711 700 711 711 711 711 711 711
09 07 711 711 700 700 700 700 700 700 700 711 711 711 711 711 711 700 711 700 711 711 711 711 711 711
09 08 711 700 700 700 700 700 700 691 700 711 711 711 711 711 700 700 700 700 711 711 711 711 711 711
09 09 711 700 700 700 691 691 691 691 700 700 711 711 711 711 700 700 700 700 711 711 711 711 711 711
09 10 700 700 700 700 700 691 691 691 700 700 711 711 711 711 700 700 700 700 700 711 711 711 711 711
09 11 700 700 700 700 691 691 691 691 700 700 711 711 711 700 700 700 700 700 700 711 711 711 711 711
09 12 700 700 700 691 691 691 691 691 700 700 711 711 711 700 700 700 700 700 700 711 711 711 711 711
09 13 700 700 700 700 691 691 691 691 700 700 711 700 711 700 700 700 700 700 700 711 711 711 711 711
09 14 700 700 700 700 700 691 691 691 700 700 711 711 711 711 700 700 711 711 711 711 711 711 711 711
09 15 711 700 700 700 700 691 691 691 700 700 711 711 711 711 700 700 711 711 711 711 711 711 711 711
09 16 711 700 700 700 700 698 691 691 700 700 711 711 711 711 700 700 711 711 711 711 711 711 711 711
09 17 711 700 700 700 700 691 691 691 700 700 711 711 711 711 700 700 711 700 700 711 711 711 711 711
09 18 700 700 700 700 700 691 691 691 700 700 700 711 711 700 700 700 711 700 700 711 711 711 711 711
09 19 700 700 700 700 691 691 691 691 700 700 700 711 711 700 700 700 700 700 700 711 711 711 711 711
09 20 700 700 700 700 691 691 691 691 698 700 700 711 711 700 700 700 700 700 700 711 711 711 711 700
09 21 700 700 691 691 691 691 691 691 691 700 700 700 711 700 700 700 700 700 700 700 711 711 711 700
09 22 700 700 691 691 691 691 691 691 691 700 700 700 700 700 700 700 700 700 700 700 700 700 711 700
09 23 700 700 691 691 691 691 691 691 691 700 700 700 700 700 700 700 700 700 700 700 700 700 700 700
09 24 700 691 691 691 691 691 691 691 691 700 700 700 700 691 691 691 691 691 691 700 700 700 700 700
09 25 700 691 691 691 680 680 680 680 691 691 698 700 700 691 691 691 691 691 691 700 700 700 691 691
09 26 691 691 691 680 680 680 680 680 691 691 691 698 700 691 691 691 691 691 691 691 691 700 691 691
09 27 691 691 691 680 680 680 680 680 691 691 691 691 700 691 691 691 691 691 691 691 691 691 691 691
09 28 691 680 680 680 680 680 680 669 680 680 691 691 691 691 680 680 680 680 680 680 691 691 680 680
09 29 680 680 680 680 669 680 669 669 680 680 680 680 691 680 680 669 680 669 680 680 680 680 680 680
09 30 669 675 675 669 669 669 669 669 669 669 680 680 680 680 680 669 669 669 669 669 680 680 680 680
10 01 669 669 669 669 669 669 669 660 669 669 669 669 669 680 669 669 669 669 669 669 669 669 669 669
10 02 669 669 669 660 660 660 660 660 660 669 669 669 669 669 669 669 660 669 669 669 669 669 669 669
10 03 669 660 660 660 660 660 655 660 660 660 669 669 660 669 669 669 660 669 669 669 669 669 669 660
10 04 660 660 660 660 660 649 649 649 660 660 660 662 660 669 660 660 660 660 669 669 669 669 669 660
10 05 660 660 660 649 649 649 649 649 649 660 660 660 660 660 660 660 660 660 669 669 669 669 669 660
10 06 660 660 660 649 649 640 640 649 649 649 660 660 660 649 649 660 660 660 660 669 660 660 660 660
10 07 660 649 649 649 640 640 640 640 649 649 660 660 649 649 649 660 649 660 660 660 660 660 660 660
10 08 660 649 649 649 640 640 640 640 649 649 660 649 649 649 649 660 649 649 660 660 660 660 660 660
10 09 649 649 649 649 640 640 640 640 649 649 649 649 649 649 649 649 649 649 649 660 660 660 660 649
10 10 649 649 649 649 640 640 630 640 640 649 649 649 649 649 649 640 649 649 649 649 660 649 649 649
10 11 649 640 640 640 640 630 630 630 640 640 649 649 649 640 640 640 649 649 649 649 649 649 649 640
10 12 640 640 630 630 630 630 621 621 630 640 640 640 640 640 640 640 649 640 644 649 649 649 649 640
10 13 640 630 630 630 630 621 621 621 621 630 640 640 640 640 640 640 640 640 640 649 649 649 644 640
10 14 640 630 630 630 621 621 621 621 621 630 640 640 640 640 640 640 640 640 640 649 649 640 640 640
10 15 640 630 621 630 621 621 621 621 621 630 630 640 640 640 640 640 640 640 640 640 640 640 640 630
10 16 630 621 621 621 621 621 621 621 621 630 630 630 640 640 640 640 640 640 640 640 640 640 630 630
10 17 630 621 621 621 621 621 621 610 621 621 630 630 640 640 640 630 630 640 640 640 640 630 630 630
10 18 630 621 621 621 621 610 610 610 621 621 630 630 630 630 630 630 630 630 630 630 630 630 630 621
10 19 621 621 621 621 610 610 610 610 621 621 630 630 630 630 630 630 630 630 630 630 630 630 630 621
10 20 621 621 621 610 610 610 610 610 610 621 621 630 630 630 630 630 630 630 630 630 630 630 621 621
10 21 621 610 610 610 610 610 610 610 610 621 621 621 630 630 630 630 630 630 630 630 630 621 621 621
10 22 621 610 610 610 610 610 610 610 610 621 621 630 630 630 630 630 630 630 630 630 630 630 621 621
10 23 621 610 610 610 610 610 610 610 610 621 621 630 630 630 630 630 630 630 630 630 630 621 621 621
10 24 621 610 610 610 610 610 610 610 610 621 621 630 630 630 630 630 630 630 630 630 621 621 621 610
10 25 610 601 610 610 610 610 610 610 610 621 621 621 630 630 630 630 630 630 630 621 621 621 621 610
10 26 610 601 610 610 610 610 610 610 610 621 621 621 630 630 630 621 621 621 621 621 621 621 621 610
10 27 621 601 601 610 601 601 601 601 610 610 621 621 621 621 621 621 621 621 621 621 610 610 610 610
10 28 610 601 601 601 601 601 601 601 601 610 610 621 610 621 621 621 621 621 621 621 610 610 610 601
10 29 610 601 601 601 601 601 601 601 590 601 610 610 610 621 621 621 621 621 610 610 610 610 610 601
10 30 610 601 601 601 601 601 590 590 590 601 601 610 608 610 621 610 610 610 610 610 601 601 601 601
10 31 601 601 601 601 590 590 590 590 590 590 601 610 608 601 610 610 610 610 610 610 601 601 601 601
11 01 601 601 601 601 590 590 579 579 590 590 601 601 601 601 610 610 610 610 610 610 601 601 601 601
11 02 601 590 590 590 590 590 579 579 579 590 601 601 601 601 610 610 610 610 608 601 601 601 601 590
11 03 601 590 590 590 590 590 579 570 579 579 601 601 601 601 601 608 601 601 601 601 601 601 590 590
11 04 601 590 590 579 579 579 579 570 570 579 590 590 601 601 601 601 590 590 590 590 590 590 590 579
11 05 601 579 579 570 579 570 570 559 570 570 590 590 601 601 601 601 590 590 590 590 590 590 579 579
11 06 579 570 570 570 559 559 570 559 559 570 590 590 590 590 590 601 579 590 590 590 590 579 572 579
11 07 579 570 570 570 559 559 559 559 559 570 590 590 590 590 601 601 579 590 590 590 590 579 579 579
11 08 579 570 570 559 559 559 559 559 559 570 590 590 590 590 590 590 579 590 590 590 579 579 570 570
11 09 579 570 570 559 559 559 559 559 559 570 579 590 590 590 590 590 579 579 579 579 579 579 570 570
11 10 579 570 559 559 559 559 559 559 559 570 579 579 590 590 579 579 570 570 570 570 570 570 570 570
11 11 570 559 559 559 550 550 554 550 559 570 579 579 590 579 579 579 570 570 570 570 570 570 570 559
11 12 570 559 559 550 550 550 550 550 554 559 570 579 579 579 579 570 570 570 570 570 570 570 559 559
11 13 559 559 559 550 550 550 550 550 554 559 570 579 570 579 570 570 559 559 559 559 559 559 559 559
11 14 559 550 550 550 550 550 550 550 550 559 570 579 570 579 579 570 570 559 559 559 570 559 559 559
11 15 550 550 540 550 550 550 550 550 550 559 570 579 570 570 559 559 559 559 559 559 559 559 559 559
11 16 550 550 550 550 550 550 550 550 550 559 570 579 570 570 559 559 559 559 559 559 559 559 559 559
11 17 559 550 550 550 550 550 550 550 550 559 570 579 570 570 570 559 559 570 559 559 559 559 559 550
11 18 550 540 540 550 550 550 550 550 550 559 559 559 559 559 570 559 559 570 570 570 570 559 559 559
11 19 559 550 550 550 550 550 550 550 550 559 559 559 559 559 570 559 570 570 570 570 570 570 559 559
11 20 559 559 550 550 550 550 550 550 550 559 559 570 559 570 570 570 570 570 570 570 570 570 570 559
11 21 570 559 559 559 559 559 559 559 550 559 570 579 570 570 570 570 570 570 570 570 570 570 570 559
11 22 570 559 559 559 554 550 550 550 550 550 559 559 559 559 570 559 570 570 559 559 570 559 559 559
11 23 559 559 550 559 550 550 550 550 550 559 559 559 559 559 570 559 559 570 559 559 559 559 559 559
11 24 559 559 550 550 554 550 550 550 550 550 559 559 559 559 559 559 559 559 559 559 559 559 559 559
11 25 559 559 550 550 550 550 550 550 550 550 559 559 559 559 559 559 559 559 559 559 559 559 559 559
11 26 559 559 550 559 554 550 550 550 550 550 559 559 559 559 559 559 559 559 559 559 559 559 559 559
11 27 559 559 550 550 550 550 550 550 550 550 559 559 559 559 559 559 559 559 559 559 559 559 559 559
11 28 559 559 550 550 550 550 550 550 540 550 550 559 559 559 559 559 559 570 559 559 559 559 559 559
11 29 559 559 550 550 550 550 540 540 540 540 550 559 550 550 550 559 559 559 559 550 550 559 550 559
11 30 559 559 550 550 550 550 540 550 540 540 550 550 550 550 550 559 559 559 559 550 550 559 550 550
12 01 559 559 550 550 550 550 540 540 540 540 550 550 550 550 550 550 559 559 559 550 550 550 540 540
12 02 559 550 550 550 550 540 540 540 540 540 540 550 550 550 550 550 559 559 550 550 550 550 540 540
12 03 550 550 540 550 540 540 540 531 540 531 540 540 550 540 550 550 559 559 540 540 540 531 540 540
12 04 540 540 540 540 540 540 531 531 531 531 540 540 550 540 550 540 550 550 540 531 540 531 531 531
12 05 540 531 531 540 531 531 531 531 531 531 531 540 540 540 540 540 540 540 531 531 531 531 531 531
12 06 531 531 520 531 520 520 520 520 531 531 531 540 540 540 550 540 550 540 531 531 531 531 531 531
12 07 531 531 520 531 520 520 520 520 531 531 531 540 540 540 536 540 540 531 531 531 531 531 531 520
12 08 531 520 520 520 520 520 511 511 511 520 520 531 531 531 531 531 540 531 531 531 520 531 531 518
12 09 511 511 520 511 511 511 500 500 500 511 511 520 520 520 531 531 531 531 520 520 520 520 520 511
12 10 511 511 511 511 511 511 500 500 500 511 511 520 531 520 531 531 531 531 520 520 520 520 520 511
12 11 511 511 511 511 511 500 500 500 500 511 511 520 531 520 531 531 531 531 520 520 520 520 511 511
12 12 500 500 500 500 500 500 500 500 500 500 511 518 520 520 520 520 531 531 520 520 520 520 511 511
12 13 500 500 500 500 500 500 500 500 500 500 511 518 520 520 520 520 520 520 520 520 520 520 511 511
12 14 489 500 500 500 500 500 500 500 500 500 511 518 520 520 520 520 520 531 520 520 520 520 511 511
12 15 489 500 500 500 500 500 500 500 489 489 511 511 511 520 520 520 520 531 520 520 520 520 511 511
12 16 489 500 500 500 500 500 500 500 500 500 511 511 511 520 520 520 520 520 520 520 520 520 511 511
12 17 489 489 500 500 500 500 500 500 489 489 511 511 511 511 511 520 520 520 511 511 511 511 511 500
12 18 489 489 489 489 489 489 489 489 480 489 500 511 500 511 511 511 520 520 511 511 511 511 511 500
12 19 489 489 489 489 489 482 489 489 480 480 489 500 500 511 511 511 511 511 511 500 511 511 511 500
12 20 489 489 482 480 480 480 480 480 480 480 489 500 500 511 511 511 511 511 511 500 500 511 500 500
12 21 480 480 480 480 480 480 480 480 469 480 489 489 500 511 511 511 511 511 500 500 500 500 500 500
12 22 480 480 480 480 480 480 480 469 469 469 480 489 500 511 511 511 511 511 511 500 500 500 500 500
12 23 489 480 480 480 480 480 480 469 469 480 489 500 500 511 511 511 511 511 511 500 500 500 500 500
12 24 489 489 482 480 489 482 489 489 480 480 500 511 500 511 511 520 511 511 511 511 500 511 511 500
12 25 500 500 489 480 489 489 489 489 480 480 500 511 511 511 511 511 511 511 511 511 500 500 511 500
12 26 489 500 489 489 489 500 489 489 480 489 500 511 511 511 520 520 520 511 511 511 500 500 511 500
12 27 500 500 489 489 500 500 500 489 489 489 500 511 520 520 520 520 520 520 511 511 511 500 511 500
12 28 500 500 489 489 500 500 500 489 489 489 500 520 520 531 531 531 531 531 520 511 511 511 511 500
12 29 511 500 500 500 500 500 511 489 500 500 511 520 531 531 531 531 520 520 520 511 511 511 511 500
12 30 500 500 500 500 500 500 511 489 489 500 511 520 531 531 531 531 520 520 520 511 511 511 511 500
12 31 489 500 489 489 500 500 511 489 489 500 511 520 531 531 531 531 531 520 520 520 511 511 511 500
