01 01 450 450 450 450 441 441 441 430 430 430 441 441 441 446 450 450 441 441 441 441 446 450 450 441
01 02 460 450 460 450 450 450 441 441 441 450 460 441 450 450 450 450 441 441 441 441 446 450 450 441
01 03 450 450 460 450 450 450 441 441 441 450 446 441 441 446 450 450 441 439 441 430 441 450 441 441
01 04 450 450 450 450 441 441 441 441 430 441 441 441 441 441 450 450 441 441 441 430 430 441 441 441
01 05 450 450 460 450 450 441 441 430 430 430 441 441 441 441 441 430 430 430 430 430 421 421 430 441
01 06 441 450 450 441 430 430 421 421 421 430 430 435 430 430 430 430 421 421 421 421 421 410 430 441
01 07 441 441 441 441 430 421 410 421 421 421 430 430 430 421 421 421 421 421 421 410 410 410 410 410
01 08 421 421 430 430 421 410 410 410 410 421 430 430 430 421 421 421 421 421 421 410 410 410 410 410
01 09 421 421 430 430 421 421 410 421 421 430 430 441 430 430 430 430 430 430 421 421 421 410 410 421
01 10 421 421 421 421 410 410 410 410 410 421 430 430 430 430 430 430 430 430 421 421 410 410 410 410
01 11 410 410 410 410 399 410 410 410 410 421 430 430 430 430 430 430 430 430 421 410 410 410 410 410
01 12 399 410 399 399 399 399 399 410 399 421 430 430 430 430 421 421 421 430 421 410 410 410 399 410
01 13 399 410 399 399 399 399 399 399 392 410 421 421 430 421 421 421 421 421 421 410 410 410 410 410
01 14 399 410 399 399 399 399 392 390 390 410 421 421 421 421 421 421 421 430 421 421 410 410 410 410
01 15 399 410 399 399 399 399 399 399 392 410 421 421 421 421 421 421 421 430 421 421 410 410 410 410
01 16 399 410 399 399 399 399 399 410 399 421 430 430 430 421 430 430 430 430 421 421 410 410 410 421
01 17 399 410 399 399 392 399 399 410 399 410 421 421 430 430 430 430 430 430 421 421 421 410 410 421
01 18 399 410 399 399 399 399 410 410 399 410 421 421 430 430 441 430 430 430 430 421 421 410 421 421
01 19 421 410 410 410 399 410 410 410 399 421 430 421 430 430 441 430 430 430 430 430 421 421 421 421
01 20 421 421 410 410 399 410 410 410 399 410 421 421 430 430 441 441 441 441 430 430 430 421 430 421
01 21 421 430 421 421 410 421 421 410 421 421 430 430 441 441 441 450 446 441 441 441 441 441 441 430
01 22 430 430 421 421 421 428 430 421 421 430 430 441 441 441 441 450 450 441 441 441 441 441 441 430
01 23 430 430 421 421 421 428 430 421 421 430 430 441 441 441 441 441 441 441 441 441 441 441 441 430
01 24 430 430 421 421 421 421 421 410 410 421 430 430 430 430 441 430 430 430 430 430 430 430 437 430
01 25 430 430 430 430 421 421 430 421 421 421 430 430 430 430 441 430 430 430 430 430 430 441 430 430
01 26 430 430 421 421 421 421 430 421 421 421 430 430 441 430 441 430 430 441 441 441 441 441 441 441
01 27 441 441 430 430 430 430 430 430 421 430 430 441 441 441 441 450 450 450 441 441 441 450 441 441
01 28 441 441 441 430 441 441 439 430 421 430 441 450 450 450 441 450 450 450 441 441 450 459 450 441
01 29 441 441 441 441 441 441 441 430 430 441 441 450 450 450 450 450 450 450 441 450 450 460 450 441
01 30 450 441 441 441 441 441 441 430 430 441 450 450 450 450 450 450 450 450 450 450 450 460 450 441
01 31 441 441 441 441 441 441 430 430 421 430 441 450 450 450 450 450 450 450 450 450 450 460 450 441
02 01 450 441 441 441 441 441 430 430 421 430 450 450 450 450 450 450 450 450 450 450 450 460 450 441
02 02 450 441 441 441 441 441 430 430 430 430 450 450 460 450 460 450 450 460 450 450 450 460 460 450
02 03 450 441 441 441 441 441 430 430 430 441 450 450 460 469 460 460 460 460 450 450 460 460 460 450
02 04 450 450 441 441 441 441 430 430 430 441 450 450 460 460 460 450 450 460 450 450 450 460 460 450
02 05 450 441 441 441 441 441 430 430 421 441 450 450 460 460 460 450 450 460 450 450 450 460 450 450
02 06 450 441 441 441 441 441 430 430 441 450 450 450 450 460 460 450 460 460 460 460 460 460 460 460
02 07 450 450 450 450 450 450 441 450 441 450 460 460 460 469 460 460 460 460 460 460 460 460 469 460
02 08 460 460 460 450 450 450 441 441 441 450 460 450 460 460 460 460 460 460 460 460 460 460 460 460
02 09 460 450 450 446 441 441 430 430 441 450 450 450 450 450 460 450 450 460 450 450 460 460 460 460
02 10 460 450 450 446 441 441 430 430 441 450 450 450 460 460 460 450 450 460 450 450 460 460 460 460
02 11 450 450 450 441 441 441 430 430 441 450 450 460 460 457 460 450 450 450 460 460 460 460 460 460
02 12 450 441 441 441 441 441 430 430 441 450 450 460 460 460 460 460 460 460 460 460 460 460 460 460
02 13 450 450 450 450 450 450 441 441 441 460 460 460 469 469 469 460 460 460 469 469 469 469 469 469
02 14 460 460 450 450 450 450 441 441 441 460 460 460 469 469 469 460 460 469 469 469 469 469 469 469
02 15 460 460 460 460 450 450 450 441 450 460 460 469 469 469 469 460 469 469 480 469 480 480 480 469
02 16 460 469 460 460 450 450 450 441 450 460 460 469 469 480 480 469 469 480 480 480 480 480 480 480
02 17 469 469 460 460 450 450 450 441 450 460 469 469 469 469 480 469 480 480 480 469 480 480 480 469
02 18 469 469 460 460 450 450 450 450 460 469 469 469 469 480 480 480 480 480 480 480 480 482 480 480
02 19 469 469 469 469 460 460 460 460 460 469 469 480 480 480 489 489 489 500 489 500 489 489 489 489
02 20 489 489 480 480 469 460 460 460 469 469 480 480 480 489 489 489 489 500 489 500 489 489 489 489
02 21 480 480 469 469 460 460 460 460 460 469 469 480 480 480 489 489 489 489 489 500 489 489 489 489
02 22 489 480 480 469 460 460 460 460 460 469 469 480 480 480 489 480 489 480 489 500 489 489 489 489
02 23 489 480 469 460 460 460 460 450 460 469 469 480 480 489 489 489 489 489 500 500 489 500 500 500
02 24 500 489 489 489 469 460 469 469 469 480 480 489 489 500 500 500 500 500 500 500 500 500 500 500
02 25 500 500 500 489 480 469 469 469 469 480 489 489 500 500 500 500 500 500 500 500 500 500 500 500
02 26 500 500 500 489 489 480 489 480 480 489 500 500 500 511 500 511 500 500 500 500 500 500 500 500
02 27 500 500 500 500 500 480 489 480 500 489 500 500 500 511 511 511 511 500 500 511 500 511 511 511
02 28 511 500 500 500 511 500 500 489 500 511 511 511 500 511 511 511 511 500 511 511 511 511 520 520
03 01 511 511 511 511 511 500 500 500 500 520 520 520 520 520 511 511 511 511 511 511 520 520 520 520
03 02 520 511 511 511 511 511 500 500 511 520 520 520 531 520 511 520 520 511 511 511 531 520 520 520
03 03 520 511 511 511 520 511 500 511 511 520 520 520 531 531 518 520 520 511 520 520 531 520 531 520
03 04 520 511 511 511 520 511 511 511 520 531 540 540 531 540 531 531 520 520 531 520 531 531 531 531
03 05 520 520 520 531 520 511 520 520 520 531 550 540 540 540 540 540 531 520 531 531 531 531 531 531
03 06 520 520 520 531 520 511 520 520 520 531 550 540 540 540 540 540 540 520 540 531 531 531 531 531
03 07 520 520 520 520 520 511 520 520 520 536 550 540 550 550 540 540 540 531 540 531 540 540 531 531
03 08 531 531 531 531 520 520 520 520 531 540 550 550 550 550 550 550 540 531 540 540 540 540 540 531
03 09 531 531 531 531 520 520 531 531 531 540 550 550 550 550 550 550 550 540 540 540 540 540 540 531
03 10 531 531 531 531 531 520 531 531 531 550 550 559 559 559 550 550 550 540 540 540 540 550 540 540
03 11 531 531 531 531 531 520 531 531 531 550 550 559 559 550 550 550 550 540 550 540 540 550 540 540
03 12 540 540 540 531 531 520 531 531 536 550 550 559 559 559 559 550 550 550 550 550 550 550 550 540
03 13 540 540 540 531 531 531 531 531 540 550 559 559 559 559 559 554 550 550 550 550 550 550 550 550
03 14 540 540 540 540 531 531 531 531 540 550 550 559 559 559 559 559 550 550 550 550 550 550 550 540
03 15 540 540 540 531 531 531 531 536 540 550 559 559 559 559 559 559 550 550 550 550 550 550 550 550
03 16 540 540 540 540 531 531 540 540 550 559 559 559 559 550 550 550 550 550 550 550 540 550 550 550
03 17 550 540 540 540 540 540 540 540 550 559 559 559 559 559 559 559 550 550 550 550 550 550 550 550
03 18 550 550 550 550 540 540 540 540 550 559 559 559 570 559 559 559 559 559 559 559 559 559 559 559
03 19 559 559 554 550 550 540 550 550 559 570 570 570 570 570 570 559 570 559 559 559 559 559 559 559
03 20 559 559 559 550 550 550 550 550 559 570 570 570 570 570 567 559 570 559 570 570 570 559 559 559
03 21 559 570 559 559 559 550 559 559 570 570 579 579 570 570 570 570 570 570 570 570 570 570 570 570
03 22 570 570 570 570 559 559 559 559 570 579 579 579 579 579 570 579 579 579 570 579 570 579 570 570
03 23 570 570 570 570 570 570 559 570 579 579 579 579 579 579 579 579 579 579 570 579 570 579 570 570
03 24 570 570 570 570 570 570 559 570 579 579 579 579 579 579 570 579 579 579 570 579 570 579 570 570
03 25 570 570 570 570 570 570 559 570 579 579 579 579 579 579 570 579 572 579 570 579 570 579 579 579
03 26 570 570 570 570 570 570 570 570 579 579 579 590 579 579 579 579 579 579 579 579 579 579 579 590
03 27 579 579 570 570 579 570 570 579 579 590 579 590 590 590 579 579 579 579 579 579 579 579 579 590
03 28 579 579 570 570 579 570 570 579 579 590 579 590 590 590 579 579 579 579 579 579 579 590 590 590
03 29 590 579 579 579 579 579 579 579 579 590 590 590 590 590 590 579 579 579 579 579 579 590 590 590
03 30 590 590 590 579 579 579 579 579 590 590 590 590 590 590 590 579 579 579 590 590 579 590 590 590
03 31 590 579 590 579 579 579 579 579 579 590 590 601 590 590 590 590 579 590 590 590 590 590 590 590
04 01 590 590 590 590 579 579 579 579 590 601 590 601 590 590 590 590 579 590 590 590 590 590 590 590
04 02 590 590 590 590 579 579 579 579 590 601 601 601 590 590 590 590 579 579 579 590 579 590 590 590
04 03 590 590 590 590 590 579 579 579 590 601 601 601 590 590 590 586 579 579 579 590 590 590 590 590
04 04 601 601 601 590 590 579 579 579 590 601 601 601 590 590 590 590 579 590 590 601 590 590 601 590
04 05 601 601 601 590 590 590 590 590 601 601 601 601 590 590 590 590 579 590 590 601 590 590 590 590
04 06 601 601 601 590 590 590 590 590 601 601 601 601 590 601 601 601 590 590 601 601 601 601 601 601
04 07 601 601 601 590 590 590 579 579 601 601 610 610 601 601 601 601 601 601 601 601 601 610 610 601
04 08 601 601 601 601 601 590 590 590 601 610 610 610 601 610 601 610 601 610 610 610 610 610 621 610
04 09 608 601 601 601 601 601 601 590 610 610 610 610 610 610 610 610 610 610 610 621 610 610 621 610
04 10 610 601 601 601 601 601 601 601 610 610 621 621 610 621 610 610 610 610 610 621 621 621 621 610
04 11 608 601 601 601 601 601 601 601 610 610 621 621 610 621 610 610 621 621 621 621 621 621 621 610
04 12 610 610 601 601 601 601 601 610 610 621 621 621 610 621 621 621 621 630 630 630 621 621 621 610
04 13 610 610 601 601 610 601 601 610 610 621 630 621 621 621 621 630 630 630 630 630 621 621 621 610
04 14 610 610 601 601 610 601 601 610 610 621 630 621 630 630 630 630 630 630 630 630 621 621 621 621
04 15 610 610 610 610 610 610 601 610 630 630 630 621 630 630 630 630 630 630 630 630 630 621 630 621
04 16 610 610 610 610 610 610 610 621 630 630 630 630 630 630 630 630 630 630 640 640 630 630 630 621
04 17 621 610 610 610 610 610 610 621 630 630 640 630 630 630 630 639 630 630 640 640 630 630 630 621
04 18 621 610 621 610 610 610 610 621 630 630 640 630 630 630 630 639 630 630 640 640 630 630 630 621
04 19 621 621 621 621 610 610 621 621 630 640 640 630 630 630 630 639 630 630 640 640 630 630 630 630
04 20 621 621 621 621 610 610 621 621 630 640 640 630 630 630 630 630 630 630 640 640 630 630 630 621
04 21 621 621 621 621 610 610 621 621 630 640 640 630 630 630 640 640 630 640 640 640 630 621 630 621
04 22 621 621 621 621 621 621 621 621 630 640 640 630 640 639 640 640 630 640 640 640 630 630 630 630
04 23 621 621 621 621 621 621 621 630 640 640 640 640 640 640 640 640 640 640 640 640 630 630 630 630
04 24 621 621 621 621 621 621 621 630 640 640 640 640 640 640 640 640 640 640 640 640 630 630 630 630
04 25 621 621 621 621 621 621 621 630 640 640 640 630 640 640 640 640 630 640 640 640 630 630 630 630
04 26 621 621 621 621 621 621 621 630 640 640 640 640 640 640 640 640 640 640 640 640 630 630 630 630
04 27 621 621 621 621 630 621 630 630 640 640 640 640 640 640 640 640 640 640 640 640 640 640 640 630
04 28 630 630 630 630 630 630 630 640 640 640 640 640 644 640 649 640 640 640 644 640 640 640 640 630
04 29 630 630 630 630 630 630 630 640 640 649 649 649 649 649 649 649 649 649 649 649 640 640 640 640
04 30 640 630 630 630 630 640 640 640 649 649 649 649 660 660 660 649 660 660 649 660 649 649 649 649
05 01 649 640 640 640 640 640 640 640 649 649 660 660 660 660 660 660 660 660 660 660 660 660 660 649
05 02 649 640 640 649 640 640 640 649 649 649 660 660 660 660 660 660 660 660 660 660 660 660 660 660
05 03 649 649 640 649 640 640 640 649 660 660 660 660 660 660 669 669 660 662 669 660 669 660 660 660
05 04 660 649 649 649 649 649 649 649 660 660 660 660 669 660 669 669 669 669 669 669 669 669 669 660
05 05 660 660 658 660 660 649 649 660 669 669 669 669 669 669 669 669 669 669 669 680 669 669 669 669
05 06 669 660 660 660 660 660 660 660 669 669 669 669 669 669 669 669 669 669 669 680 669 680 669 669
05 07 669 669 669 660 660 660 660 660 669 669 669 669 669 669 669 680 680 680 680 680 669 680 669 669
05 08 669 669 669 669 660 660 660 669 669 669 669 680 669 669 669 680 680 680 680 680 680 680 669 669
05 09 669 669 669 669 660 660 660 669 669 669 680 680 680 680 680 680 680 680 680 680 680 680 680 680
05 10 669 669 669 669 669 660 660 669 680 680 680 680 680 680 680 680 680 680 680 691 680 680 680 680
05 11 669 669 669 669 669 662 669 669 680 680 680 680 680 680 680 680 680 680 680 680 680 680 680 680
05 12 669 669 669 669 669 669 669 680 680 680 680 680 680 680 680 680 680 680 680 691 680 680 680 680
05 13 669 669 669 669 669 669 669 680 680 680 680 680 680 680 680 680 680 680 680 691 680 680 680 680
05 14 669 669 669 669 669 669 669 680 680 680 680 680 680 680 680 680 680 680 680 691 680 680 680 680
05 15 669 669 669 669 669 669 669 680 680 680 680 680 680 680 680 680 680 680 691 691 680 680 680 680
05 16 669 669 669 669 669 669 669 680 680 680 680 680 680 680 680 680 680 680 680 680 680 680 680 680
05 17 669 669 669 669 669 669 669 680 680 680 680 680 680 680 680 680 680 680 680 680 680 680 680 680
05 18 680 680 680 669 669 669 669 680 680 680 680 680 680 680 680 680 680 680 680 691 691 691 680 680
05 19 680 680 680 669 669 669 669 680 680 680 680 680 680 680 680 680 680 680 680 691 691 680 680 680
05 20 680 680 680 680 680 669 669 680 680 691 680 680 680 680 680 680 680 680 680 691 691 680 680 680
05 21 680 680 680 680 669 669 669 680 680 691 691 680 691 680 680 680 689 680 680 691 691 680 680 680
05 22 680 680 680 680 680 669 669 680 691 691 691 691 691 680 680 680 680 680 680 691 691 691 691 680
05 23 680 680 680 680 680 680 669 680 691 691 691 691 691 680 680 680 680 680 680 691 691 691 680 680
05 24 680 680 680 680 680 680 669 680 691 691 691 691 691 680 680 680 680 680 680 691 691 691 680 680
05 25 680 680 680 680 680 680 669 680 691 691 691 691 691 680 691 680 691 691 691 691 691 691 691 691
05 26 680 680 680 680 680 680 669 680 691 691 691 691 691 691 691 691 691 691 691 691 691 691 691 691
05 27 684 680 680 680 680 680 680 691 691 691 691 691 691 691 691 691 691 691 691 691 691 691 691 691
05 28 691 691 680 680 680 680 680 691 691 691 691 691 691 691 700 691 691 691 691 691 691 691 691 691
05 29 691 691 680 691 680 680 680 691 691 691 691 691 700 700 700 700 691 691 691 691 691 691 691 691
05 30 691 691 680 691 680 680 680 691 691 691 700 700 700 700 700 700 691 691 691 700 700 700 691 691
05 31 691 691 691 691 691 691 691 691 700 700 700 700 711 700 700 700 700 700 700 700 700 700 700 691
06 01 691 691 691 691 691 691 691 691 700 700 700 700 711 711 700 700 700 700 700 700 700 700 700 700
06 02 691 700 691 691 691 691 691 700 700 700 700 711 711 711 711 700 700 700 700 700 700 700 700 700
06 03 700 700 700 691 691 691 691 700 700 711 711 711 711 711 711 711 700 711 711 711 700 711 700 700
06 04 700 700 700 691 691 691 691 700 700 711 711 711 711 711 711 711 711 711 711 711 711 711 711 700
06 05 700 700 700 700 700 691 700 700 711 711 711 711 711 711 711 711 711 711 711 711 711 711 711 700
06 06 700 700 700 700 700 700 700 700 711 711 711 711 711 711 711 711 711 711 711 711 711 711 711 700
06 07 700 700 700 700 700 700 700 700 711 711 711 711 720 720 720 720 711 711 711 711 711 711 711 700
06 08 700 700 700 700 700 700 700 700 711 711 711 711 711 720 720 720 711 711 711 711 711 711 711 711
06 09 700 700 700 700 700 700 700 711 711 711 716 720 720 711 720 720 711 711 711 711 711 711 711 711
06 10 700 700 700 700 700 700 700 711 711 711 720 720 711 711 720 720 711 711 711 711 711 711 711 711
06 11 700 700 700 700 700 700 700 711 711 720 720 720 720 711 720 720 711 711 711 711 711 711 711 711
06 12 711 700 700 700 700 700 700 711 711 720 720 720 720 720 720 720 711 711 711 711 711 711 711 711
06 13 711 711 700 700 700 700 700 711 711 720 720 720 720 720 720 720 711 711 711 711 720 711 711 711
06 14 711 711 700 700 700 700 711 711 716 720 720 720 720 720 720 720 711 711 711 711 711 711 711 711
06 15 711 711 700 700 700 700 711 711 720 720 720 720 720 720 720 720 711 711 711 711 711 720 711 711
06 16 711 700 700 700 700 700 711 711 720 720 720 720 720 720 720 720 711 711 711 711 711 711 711 711
06 17 711 711 700 700 700 700 711 711 720 720 720 720 720 720 720 720 711 711 711 711 711 720 711 711
06 18 711 711 700 700 700 700 700 711 720 720 720 720 720 720 720 711 711 711 711 711 711 720 711 711
06 19 711 711 700 700 700 700 700 711 720 720 720 720 720 711 711 711 711 711 711 711 711 720 711 711
06 20 711 711 711 711 700 700 711 711 720 720 720 720 720 711 720 711 711 711 711 711 711 711 711 711
06 21 711 711 711 711 700 700 711 711 720 720 720 720 720 711 720 711 711 711 711 711 711 720 711 711
06 22 711 711 711 711 700 711 711 711 720 720 720 720 720 720 720 711 711 711 711 711 711 720 711 711
06 23 711 711 711 711 711 711 711 711 720 720 720 720 720 720 720 711 711 711 711 711 711 720 711 711
06 24 711 711 711 711 709 711 711 711 720 720 720 720 720 720 720 711 711 711 711 711 720 720 711 711
06 25 711 711 711 711 711 711 711 720 720 720 720 720 720 720 720 711 720 720 711 720 720 720 720 711
06 26 711 711 711 711 711 711 711 720 720 720 720 720 720 720 720 720 720 720 711 720 720 720 720 711
06 27 711 711 711 711 711 711 711 720 720 720 720 720 720 720 720 720 720 720 711 720 720 720 720 711
06 28 711 711 711 711 711 711 711 720 720 720 720 720 720 720 720 720 720 720 720 720 720 720 720 711
06 29 711 711 711 711 711 711 711 720 720 720 720 730 720 720 720 720 720 720 720 720 720 720 720 711
06 30 711 711 711 711 711 711 711 720 720 720 720 720 720 720 720 720 720 720 720 720 720 720 720 720
07 01 711 711 711 711 711 711 711 720 720 720 720 720 720 720 720 720 720 720 720 720 720 720 720 720
07 02 711 711 711 711 711 711 711 716 720 720 720 720 720 720 720 720 720 720 720 720 720 720 720 720
07 03 711 711 711 711 711 711 711 720 720 720 720 720 720 720 720 720 720 720 720 720 720 720 720 720
07 04 711 711 711 711 711 711 711 720 720 720 720 720 720 720 720 720 720 720 720 720 720 720 720 720
07 05 711 711 711 711 711 711 711 716 720 720 720 720 720 720 720 720 720 720 720 720 720 720 720 720
07 06 711 711 711 711 711 711 711 720 720 720 720 720 720 720 720 720 720 720 720 720 720 720 720 720
07 07 711 711 711 711 711 711 711 720 720 720 720 720 720 720 720 720 720 720 720 720 720 720 720 720
07 08 711 711 711 711 711 711 711 720 720 720 720 720 720 720 720 720 720 720 711 720 720 720 720 720
07 09 711 711 711 711 711 711 711 720 720 720 720 720 720 720 716 711 720 720 711 720 720 720 720 720
07 10 711 711 711 711 711 711 711 711 720 720 720 720 720 720 711 711 711 711 711 711 720 720 720 720
07 11 711 711 711 711 711 711 711 711 720 720 720 720 720 720 711 711 711 711 711 711 720 711 720 720
07 12 711 711 711 711 711 711 711 711 720 720 720 720 720 716 711 711 711 709 711 711 716 711 720 711
07 13 711 711 711 711 711 711 711 711 720 720 720 720 711 711 711 700 709 700 711 711 711 711 720 711
07 14 711 711 711 711 711 711 711 711 720 720 720 716 711 711 711 700 700 700 700 711 711 711 711 711
07 15 711 711 711 711 711 711 711 711 720 720 720 711 711 711 711 700 700 700 700 705 711 711 711 711
07 16 711 711 711 711 711 711 711 711 720 720 720 711 711 709 709 700 700 700 700 700 711 711 711 711
07 17 711 711 711 700 700 711 711 711 711 720 720 711 711 711 709 700 700 700 700 700 711 711 711 711
07 18 711 711 700 700 700 700 700 711 711 720 720 711 711 709 709 700 700 700 700 700 711 709 711 711
07 19 711 700 700 700 700 700 700 711 711 711 711 711 711 700 700 700 700 700 700 700 709 700 711 711
07 20 700 700 700 700 700 700 700 711 711 711 711 711 711 700 700 700 700 698 700 700 700 700 700 709
07 21 700 700 700 700 700 700 700 700 711 711 711 711 711 700 700 700 700 700 700 700 700 700 700 700
07 22 700 700 700 700 700 700 700 700 711 711 711 711 700 700 700 700 700 691 700 700 700 700 700 700
07 23 700 700 700 700 700 700 700 700 711 711 711 709 700 700 700 700 691 691 691 700 700 700 700 700
07 24 700 700 700 700 700 700 700 700 711 711 711 709 700 700 700 700 691 691 700 700 700 700 700 700
07 25 700 700 700 700 700 700 700 700 711 711 711 709 700 700 700 700 700 691 700 700 709 700 700 700
07 26 700 700 700 700 700 700 700 711 711 711 711 709 700 700 700 700 700 691 700 700 709 709 700 711
07 27 700 700 700 700 700 700 700 711 711 711 711 709 700 700 700 700 700 691 700 700 711 709 709 711
07 28 711 700 700 700 700 700 700 711 711 711 711 711 711 700 700 700 700 700 700 700 711 711 711 711
07 29 711 700 700 700 700 700 700 711 711 711 711 711 711 700 700 700 700 700 700 700 711 711 711 711
07 30 711 700 709 700 709 700 700 711 711 711 711 711 711 709 700 700 700 700 700 700 711 711 711 711
07 31 711 709 711 700 711 700 700 711 711 711 711 711 711 709 700 700 700 700 700 709 711 711 711 711
08 01 711 711 711 711 711 700 700 711 711 711 711 711 711 709 700 700 700 700 700 700 711 711 711 711
08 02 711 711 711 711 711 700 700 711 711 711 711 711 711 711 700 700 700 700 700 709 711 711 711 711
08 03 711 711 711 711 711 711 700 711 711 720 711 711 711 711 700 700 700 700 700 711 711 711 711 711
08 04 711 711 711 711 711 711 711 711 711 720 720 711 711 711 700 700 700 700 700 711 711 711 711 711
08 05 711 711 711 711 711 711 711 711 711 720 720 711 711 711 700 700 700 700 700 711 711 711 711 711
08 06 711 711 711 711 711 711 711 711 711 720 720 711 711 711 711 700 700 700 711 711 711 711 720 720
08 07 720 711 711 711 711 711 711 711 711 720 720 720 711 711 711 700 700 700 700 711 711 711 720 720
08 08 720 711 711 711 711 711 711 711 711 720 720 711 711 711 711 700 700 700 700 711 711 711 720 720
08 09 720 711 711 711 711 711 700 711 711 720 720 720 711 711 711 700 700 700 700 711 711 711 711 711
08 10 711 711 711 711 711 711 711 711 720 720 720 711 711 711 711 700 700 700 700 711 711 711 711 711
08 11 711 711 711 711 711 711 711 711 720 720 720 720 711 711 711 700 700 700 700 711 711 711 711 711
08 12 711 711 711 711 711 711 711 711 720 720 720 720 720 720 711 711 700 700 700 711 711 711 711 711
08 13 711 711 711 711 711 711 711 711 720 720 720 720 720 720 711 711 711 700 709 711 711 711 711 711
08 14 711 711 711 711 711 711 711 711 720 720 720 720 720 711 711 711 700 700 700 711 711 711 711 711
08 15 711 711 711 711 711 711 711 711 720 720 720 720 720 711 711 711 700 700 700 711 711 711 711 711
08 16 711 711 711 711 711 711 711 711 720 720 720 720 720 711 711 711 700 700 700 711 711 711 711 711
08 17 711 711 711 711 711 711 711 711 720 720 720 720 720 711 711 711 711 700 709 711 711 711 711 711
08 18 711 711 711 711 711 711 700 711 720 720 720 720 711 711 711 711 700 700 700 711 711 711 711 711
08 19 711 711 711 711 711 711 700 711 720 720 720 720 711 711 711 700 700 700 700 711 711 711 711 711
08 20 711 711 711 711 711 711 700 711 720 720 720 720 711 711 711 711 700 700 700 711 711 711 711 711
08 21 711 711 711 711 711 711 700 711 720 720 720 720 711 711 711 700 700 700 700 700 711 711 711 711
08 22 711 711 711 711 711 711 700 711 720 720 720 720 711 711 711 700 700 700 700 700 711 711 711 711
08 23 711 700 711 711 711 711 700 711 720 711 720 720 711 711 711 700 700 700 700 700 711 711 711 700
08 24 700 700 711 711 700 711 700 711 711 711 711 711 711 700 700 700 700 700 700 700 711 711 711 700
08 25 700 700 700 700 700 700 700 711 711 711 711 711 711 700 700 700 700 691 700 700 711 711 711 700
08 26 700 700 700 700 700 700 700 711 711 711 711 711 711 700 700 700 700 700 700 700 711 711 711 700
08 27 700 700 700 700 700 700 700 700 711 711 711 711 711 700 700 700 691 691 700 700 700 700 711 700
08 28 700 700 700 700 700 700 700 700 711 711 711 711 700 700 691 700 691 691 700 700 700 700 711 700
08 29 700 700 700 700 700 700 700 700 711 711 711 711 700 700 700 700 691 691 700 700 700 711 711 700
08 30 700 700 700 700 700 700 700 700 711 711 711 711 711 700 700 700 691 691 700 700 700 711 711 700
08 31 700 700 700 700 700 700 700 700 711 711 711 711 711 700 691 700 691 691 700 700 700 700 700 700
09 01 700 700 700 700 700 700 700 700 711 711 711 711 711 700 700 691 691 691 700 700 700 700 709 700
09 02 700 700 700 700 700 700 698 700 711 711 711 709 711 700 700 700 691 691 700 700 700 700 700 700
09 03 700 700 700 700 700 700 700 700 709 711 711 711 711 700 700 700 691 698 700 700 700 700 700 700
09 04 700 700 700 700 700 700 700 700 709 711 711 700 711 700 700 691 691 691 700 700 700 700 700 700
09 05 700 700 700 700 700 700 691 700 700 709 700 700 711 700 700 691 691 691 700 700 700 700 700 700
09 06 700 700 700 700 700 700 700 700 709 711 711 711 711 700 700 691 691 691 700 700 700 700 700 700
09 07 700 700 700 700 700 700 700 700 709 711 711 711 711 700 700 691 698 691 700 700 700 711 709 700
09 08 700 700 700 700 700 700 700 700 709 711 711 711 711 700 700 691 700 700 700 700 711 711 709 700
09 09 700 700 700 700 700 700 700 700 711 711 711 711 711 700 700 691 700 700 700 700 711 711 711 709
09 10 700 700 700 700 700 700 700 700 711 711 711 711 711 709 700 700 700 700 700 700 711 711 709 700
09 11 700 700 700 700 700 700 700 700 711 711 711 711 711 709 700 700 700 700 700 700 700 711 700 700
09 12 700 700 700 700 700 700 700 700 711 711 711 711 711 700 700 700 700 700 700 700 711 711 709 700
09 13 700 700 700 700 700 700 700 700 711 711 711 711 711 700 700 700 700 700 700 700 700 700 700 700
09 14 700 700 700 700 700 700 700 700 711 711 711 711 711 700 700 700 700 700 700 700 700 700 700 700
09 15 700 700 700 700 700 700 700 700 709 711 711 711 711 700 700 700 700 700 700 700 700 700 700 700
09 16 700 700 700 700 700 700 700 691 711 711 711 711 711 700 700 700 700 700 700 700 700 700 700 700
09 17 700 700 700 700 700 700 700 691 711 711 711 711 711 700 700 700 700 700 700 700 700 700 700 700
09 18 691 691 691 700 691 691 700 691 700 711 711 711 711 700 700 691 700 691 691 691 700 700 700 700
09 19 691 691 691 691 691 691 691 691 700 711 711 711 711 700 691 691 691 691 691 691 700 700 691 700
09 20 691 691 691 691 691 691 691 691 700 711 711 711 700 700 691 691 691 691 691 691 700 700 691 691
09 21 691 691 691 691 691 691 691 691 700 700 700 700 700 700 691 691 691 691 691 691 691 691 691 691
09 22 691 691 691 691 691 691 691 691 700 700 700 700 700 700 691 691 680 691 691 691 691 691 680 680
09 23 680 680 691 691 691 691 691 691 700 700 700 698 691 691 691 691 680 680 680 691 691 691 680 680
09 24 680 680 689 680 680 680 680 680 691 700 700 691 691 691 680 680 680 680 680 680 680 680 680 680
09 25 680 680 680 680 680 680 680 680 691 691 691 691 680 680 669 680 669 680 680 680 680 680 680 680
09 26 680 680 680 680 680 680 680 680 680 691 691 691 680 680 669 669 669 669 680 680 680 680 680 680
09 27 669 669 669 680 669 669 669 680 680 691 680 680 680 680 669 669 669 669 669 669 680 669 669 669
09 28 669 669 669 669 669 669 669 669 680 680 680 680 680 669 669 669 660 669 669 669 669 669 669 669
09 29 669 669 669 669 669 669 669 669 680 680 680 680 680 669 669 669 660 669 669 669 669 669 669 669
09 30 669 669 669 669 669 669 669 669 669 680 680 680 680 669 669 660 660 669 669 660 669 669 669 669
10 01 669 669 669 669 669 660 669 660 669 680 680 680 669 669 669 660 660 660 660 660 660 660 660 660
10 02 660 669 669 669 660 660 660 660 669 680 680 680 669 669 669 660 660 660 660 660 660 660 660 660
10 03 660 660 660 660 660 660 660 660 669 680 680 680 669 669 660 660 649 660 660 660 660 660 660 660
10 04 660 660 660 660 660 649 660 660 669 669 680 669 669 660 660 649 649 660 649 660 660 649 649 660
10 05 660 660 660 660 660 649 649 649 660 669 669 669 669 660 660 649 649 649 649 660 649 649 649 649
10 06 649 660 660 660 649 649 649 649 660 669 669 669 660 660 660 649 649 660 649 660 649 649 649 649
10 07 649 649 649 649 640 649 649 649 660 669 669 669 660 660 660 649 649 660 649 660 649 649 649 649
10 08 649 649 649 649 640 640 649 640 660 660 669 660 660 660 660 649 649 660 649 660 649 649 649 649
10 09 649 649 649 649 640 640 640 640 649 660 660 660 660 660 660 649 649 660 649 660 649 649 649 649
10 10 649 649 649 649 640 640 640 640 649 660 660 660 660 660 649 649 649 649 649 649 644 640 640 640
10 11 640 640 640 640 640 640 640 640 649 649 660 660 649 649 649 640 640 640 640 640 640 640 640 640
10 12 630 630 630 640 630 630 630 640 640 649 649 649 649 649 649 640 640 640 640 640 640 640 640 630
10 13 630 630 630 630 630 630 630 630 640 649 649 649 649 640 640 640 640 630 630 630 640 630 630 630
10 14 630 630 630 621 621 621 621 626 630 640 640 640 640 640 640 640 630 630 630 630 630 630 630 630
10 15 630 621 621 621 621 621 621 621 630 640 640 640 640 640 640 640 640 630 630 630 630 630 630 630
10 16 621 621 621 621 621 621 621 621 630 640 640 640 640 630 630 630 630 630 630 630 630 630 621 621
10 17 621 621 621 621 610 621 621 610 630 630 630 639 640 630 630 630 630 621 630 630 630 621 621 621
10 18 621 621 610 621 610 610 610 610 626 630 630 639 640 630 630 630 630 621 630 630 630 630 621 621
10 19 621 621 621 621 610 610 610 610 621 630 630 630 640 630 630 621 630 621 630 630 630 630 621 621
10 20 621 621 621 621 610 610 610 610 621 630 630 630 630 630 630 621 621 621 621 630 630 621 621 621
10 21 621 621 621 621 610 610 610 610 621 630 630 630 630 630 630 621 621 621 621 621 621 621 621 621
10 22 621 621 621 621 610 621 610 610 621 630 630 630 630 630 621 621 621 610 621 621 621 621 621 621
10 23 621 621 621 621 610 621 610 610 621 621 630 630 630 630 621 621 621 610 621 621 621 621 621 621
10 24 621 621 621 621 610 610 610 610 621 621 630 630 630 630 621 621 621 610 621 621 621 621 621 610
10 25 610 621 621 610 610 610 610 601 610 621 621 630 630 621 621 621 621 610 610 610 621 621 610 610
10 26 610 621 621 610 610 610 610 601 610 621 621 621 621 621 621 619 621 610 610 610 610 610 610 610
10 27 610 621 621 610 610 610 610 610 610 621 621 621 621 621 621 621 621 610 610 610 610 621 610 610
10 28 610 621 621 610 610 610 610 610 619 621 621 621 630 621 621 619 621 610 610 610 610 610 610 610
10 29 610 621 621 610 610 610 610 610 610 621 621 621 621 621 621 610 610 610 610 610 610 610 610 610
10 30 610 610 610 610 610 610 610 601 610 621 621 621 610 619 610 610 610 610 610 610 610 610 601 601
10 31 610 610 610 610 601 601 601 590 610 619 621 610 610 610 610 601 601 610 601 601 610 610 601 601
11 01 601 601 601 601 601 601 590 590 601 610 621 610 610 610 610 601 601 601 601 601 601 601 601 601
11 02 601 601 601 601 601 601 590 590 601 610 610 610 610 601 601 601 601 601 601 601 601 601 601 599
11 03 601 601 601 601 601 601 590 590 601 610 610 610 601 601 601 590 590 601 601 590 590 601 590 590
11 04 590 601 590 590 590 590 590 579 601 610 610 601 601 601 590 590 590 590 590 590 590 590 590 590
11 05 590 590 590 590 590 590 590 590 601 610 601 601 601 601 590 590 590 590 579 590 579 579 579 590
11 06 590 590 579 590 590 590 590 579 601 610 601 601 601 601 590 590 590 590 579 590 579 579 579 590
11 07 590 590 579 590 590 590 590 579 590 601 601 601 601 601 590 579 579 579 579 579 579 579 579 579
11 08 579 579 579 579 579 579 579 579 590 601 601 601 590 590 579 579 570 579 579 570 570 570 570 570
11 09 570 570 572 579 570 570 570 570 579 590 590 590 590 590 579 570 570 579 570 570 570 570 570 570
11 10 570 570 570 579 570 570 570 570 579 590 590 590 590 590 579 570 570 579 570 570 570 570 570 570
11 11 570 570 570 570 570 570 570 570 579 579 590 590 590 590 579 570 570 579 570 570 570 570 570 570
11 12 570 570 570 570 570 559 570 570 570 579 590 590 590 579 579 570 570 579 570 570 570 570 570 570
11 13 570 570 570 570 570 570 570 570 570 579 590 590 579 579 579 570 570 579 570 570 570 570 570 570
11 14 570 570 570 570 570 559 559 559 570 579 590 590 579 579 579 570 570 570 570 570 570 570 570 570
11 15 570 570 570 570 570 570 570 570 570 579 590 590 579 579 579 570 570 570 570 570 570 570 570 570
11 16 570 570 570 570 570 570 570 570 570 579 590 590 579 579 579 570 570 570 570 570 570 570 570 570
11 17 570 570 570 559 559 559 559 559 559 570 579 579 579 579 570 570 568 570 559 559 559 559 570 570
11 18 559 559 559 550 559 559 559 559 559 570 579 579 579 579 570 559 559 559 550 559 554 559 559 559
11 19 559 559 559 550 559 559 550 550 550 559 570 570 570 570 559 559 559 559 550 550 550 559 559 559
11 20 559 550 550 550 550 550 550 540 540 559 570 570 570 570 559 559 559 550 550 550 550 559 559 559
11 21 559 550 550 550 550 550 540 540 540 554 570 559 570 559 559 550 550 550 550 540 550 550 550 559
11 22 559 550 550 550 550 550 540 540 540 550 559 559 559 559 550 550 540 540 540 540 540 540 540 550
11 23 550 540 540 540 540 540 531 520 531 540 550 550 559 550 550 540 531 529 531 531 531 531 540 540
11 24 540 540 531 540 540 540 520 520 531 540 540 550 559 550 550 540 531 529 531 531 531 531 540 540
11 25 540 531 531 531 540 531 520 520 520 536 531 540 550 540 540 531 531 520 520 531 520 520 531 531
11 26 531 531 531 520 520 520 520 511 520 531 520 531 540 540 531 520 520 511 511 511 511 511 520 520
11 27 520 531 531 520 520 520 511 511 500 511 520 531 531 531 520 520 520 511 511 511 511 511 511 511
11 28 520 520 511 520 520 511 511 500 500 500 520 531 531 531 520 520 511 511 500 511 511 511 511 511
11 29 511 511 511 511 520 511 511 500 500 511 520 531 531 531 520 520 511 511 500 500 500 511 500 511
11 30 511 511 511 511 511 511 500 500 489 500 520 531 531 531 520 511 511 511 500 500 500 500 500 500
12 01 500 500 500 511 511 500 500 489 489 500 520 531 520 520 511 511 500 500 500 489 489 489 500 500
12 02 500 500 511 511 511 500 500 489 489 500 520 531 520 511 511 500 500 500 489 489 480 480 489 500
12 03 500 500 500 511 489 500 489 489 489 500 511 511 511 511 500 500 500 489 480 480 480 480 489 480
12 04 489 489 489 489 489 489 489 480 480 489 500 500 500 489 489 500 500 489 480 480 469 480 480 480
12 05 489 480 480 480 480 480 480 469 469 480 489 500 480 480 480 500 489 489 480 480 469 469 469 469
12 06 469 480 469 469 469 469 469 460 460 469 478 489 480 469 480 480 480 480 469 469 460 469 460 460
12 07 469 460 460 450 450 460 460 450 460 460 469 480 469 469 480 480 480 469 469 469 460 469 460 460
12 08 469 469 469 460 450 460 450 450 450 460 460 478 469 469 469 480 480 469 469 469 460 469 460 460
12 09 469 460 460 450 450 450 450 450 450 460 460 478 469 469 469 469 469 469 469 460 460 460 460 460
12 10 460 460 450 450 450 441 441 450 441 459 460 469 469 469 469 469 469 469 460 460 450 450 450 450
12 11 450 450 441 430 430 430 441 441 441 450 460 460 460 460 460 460 460 460 460 460 450 450 450 450
12 12 450 450 441 430 430 430 430 430 430 441 450 450 450 460 450 460 460 460 450 450 441 450 441 441
12 13 441 441 441 430 430 430 430 421 430 441 441 441 441 450 450 450 460 460 450 450 441 441 441 441
12 14 441 441 441 430 430 430 421 421 421 430 441 441 430 441 441 441 450 450 441 441 441 441 430 430
12 15 441 430 430 430 430 430 421 410 421 430 441 441 430 439 441 441 450 450 441 441 441 430 430 430
12 16 430 430 430 430 421 421 410 410 419 430 441 441 430 430 441 430 441 441 441 441 430 430 430 421
12 17 430 421 430 421 421 421 410 399 410 421 430 430 430 430 430 430 430 441 441 430 430 421 421 421
12 18 430 421 421 421 421 410 410 399 410 421 430 430 421 421 421 430 430 430 430 430 430 421 421 421
12 19 421 421 421 421 410 410 399 399 410 421 430 430 421 421 421 430 430 430 430 430 421 421 421 421
12 20 421 410 410 421 410 410 399 399 399 421 421 421 421 410 410 421 421 430 421 421 421 410 421 421
12 21 421 410 410 421 421 410 399 399 399 421 421 421 421 421 421 428 430 430 430 430 430 421 430 421
12 22 430 430 430 430 421 421 410 399 410 421 430 430 421 430 421 430 430 430 441 439 441 430 430 430
12 23 430 430 430 430 430 430 421 410 410 428 430 430 428 430 421 430 430 430 441 439 441 430 430 430
12 24 441 441 441 430 430 430 421 410 421 421 430 430 421 430 421 428 430 430 430 430 441 430 430 430
12 25 441 441 441 430 430 430 421 410 421 421 430 430 421 430 430 430 430 430 441 441 441 441 441 441
12 26 441 450 450 441 441 441 421 421 428 430 430 441 430 439 441 430 430 430 441 441 441 450 441 441
12 27 450 450 460 450 450 450 441 430 430 430 441 441 441 441 446 441 430 430 441 441 450 450 450 441
12 28 460 460 460 450 450 450 430 430 430 430 441 441 441 446 450 450 441 439 441 441 450 450 450 450
12 29 460 459 460 460 450 450 441 430 441 441 446 441 441 450 450 450 441 441 441 441 450 450 450 441
12 30 460 450 460 450 450 450 441 430 430 430 441 441 430 446 450 441 441 441 441 441 446 450 450 441
12 31 460 450 460 450 450 450 441 430 430 430 441 441 430 441 450 441 441 441 441 441 441 450 441 441
