01 01 320 320 320 320 320 320 311 311 320 320 331 338 338 338 338 338 338 338 331 331 329 329 320 320
01 02 320 320 320 320 320 320 320 320 320 320 338 338 340 340 338 338 338 338 338 331 331 331 320 320
01 03 320 320 320 320 320 320 311 311 320 320 331 338 338 338 338 338 338 331 331 320 329 320 320 320
01 04 320 320 320 320 320 320 320 311 320 320 331 338 338 338 338 338 338 338 331 320 329 320 320 320
01 05 320 320 320 320 320 320 320 311 320 320 331 338 338 338 338 338 338 338 329 329 329 320 320 320
01 06 320 320 320 320 320 320 320 311 320 320 331 338 340 340 338 338 338 331 327 320 320 320 320 320
01 07 320 320 320 320 320 302 309 302 311 320 329 338 338 340 338 338 338 331 320 320 320 320 320 320
01 08 320 302 311 302 320 302 302 302 309 316 329 338 338 338 338 338 338 331 320 320 320 320 320 320
01 09 320 309 311 320 320 302 302 309 309 320 329 338 338 338 338 338 331 331 320 320 320 320 320 320
01 10 320 311 311 320 320 302 302 309 309 316 320 338 338 338 331 338 329 320 320 318 320 320 320 320
01 11 302 302 302 309 309 302 302 302 302 302 320 331 338 331 331 331 320 320 320 311 320 320 320 311
01 12 302 302 302 309 309 302 302 302 302 302 320 331 338 331 331 331 320 320 320 311 320 320 311 302
01 13 302 302 302 302 302 302 302 302 302 302 320 331 331 331 331 331 320 320 320 311 320 320 311 302
01 14 302 302 302 302 302 302 302 291 302 302 320 331 334 331 331 331 325 320 320 318 320 320 320 309
01 15 309 302 302 302 302 298 302 291 293 302 320 320 331 331 331 331 320 320 320 311 320 320 320 311
01 16 309 302 302 302 302 298 302 291 298 302 311 320 331 331 331 331 320 320 320 311 311 320 311 302
01 17 309 302 302 302 302 289 298 289 289 302 311 320 331 331 331 325 320 320 320 311 311 320 311 311
01 18 309 302 302 302 302 298 302 291 291 302 311 320 331 331 331 325 320 320 320 311 311 311 309 302
01 19 309 302 302 302 302 289 298 291 289 302 302 320 320 325 320 320 320 320 320 311 311 309 302 302
01 20 302 302 302 302 302 298 302 291 298 302 302 311 320 320 320 320 320 320 311 311 309 302 302 302
01 21 302 302 302 302 302 298 302 302 302 302 302 320 320 320 320 320 320 320 320 311 309 309 302 302
01 22 302 302 302 302 302 298 302 302 302 302 311 320 320 331 331 331 320 320 320 320 313 320 309 309
01 23 309 309 302 302 304 302 302 302 302 302 320 320 324 331 331 331 320 320 320 320 320 320 311 311
01 24 309 311 302 302 302 302 302 302 302 302 311 320 324 331 331 331 329 327 327 320 320 320 311 311
01 25 309 309 302 302 304 302 302 302 302 302 320 331 331 338 338 338 331 338 331 331 329 320 320 318
01 26 320 311 309 302 309 302 302 302 302 302 320 331 331 338 338 340 347 340 338 338 331 331 320 320
01 27 320 320 311 302 311 302 309 302 302 311 320 331 334 338 340 342 349 351 340 338 331 331 325 320
01 28 320 320 311 309 311 302 311 304 302 318 320 331 334 338 340 340 340 338 338 338 331 329 320 320
01 29 320 318 311 309 311 302 309 302 302 316 320 329 331 338 338 340 338 338 338 338 331 331 320 320
01 30 320 316 311 302 311 302 309 302 302 311 320 331 331 338 338 340 340 338 338 338 331 320 320 320
01 31 320 313 311 302 311 302 309 302 302 318 320 331 338 340 340 340 351 351 340 338 338 331 324 320
02 01 320 318 311 309 311 302 311 306 302 320 320 338 338 340 340 340 351 351 340 338 338 331 324 320
02 02 320 320 315 311 311 311 311 309 302 320 320 338 338 340 340 351 356 356 349 338 338 333 329 320
02 03 320 320 320 320 320 313 311 311 309 320 329 338 340 351 342 351 356 356 349 338 338 338 331 320
02 04 320 320 320 320 320 316 320 311 309 320 329 340 349 356 351 351 356 356 351 338 338 338 331 320
02 05 320 320 320 320 320 313 311 311 309 320 329 338 338 351 342 340 356 356 349 338 338 333 329 320
02 06 320 320 320 320 320 311 311 311 309 320 329 338 338 351 342 340 351 351 340 338 338 333 329 320
02 07 320 320 320 320 320 320 320 316 318 320 329 340 340 356 351 351 356 356 351 338 338 331 325 320
02 08 320 320 320 320 320 320 320 320 320 320 331 340 340 356 351 351 356 351 351 338 338 329 325 320
02 09 320 320 320 320 320 311 320 311 320 320 329 340 340 351 351 349 351 351 340 338 331 324 325 320
02 10 320 320 320 320 320 311 320 316 320 320 331 340 340 351 351 351 351 351 340 338 331 329 329 324
02 11 320 320 320 320 320 313 320 320 320 324 331 340 351 356 356 351 351 351 351 340 338 333 331 327
02 12 320 320 320 320 320 320 320 320 320 331 338 351 351 356 356 356 356 356 356 351 340 338 338 333
02 13 331 331 331 331 329 329 329 320 320 333 340 351 356 360 360 360 360 360 356 356 351 340 338 338
02 14 336 331 331 333 331 329 329 320 320 338 351 356 360 370 374 374 374 374 360 356 356 356 351 340
02 15 338 340 340 338 331 338 331 331 331 338 351 356 360 374 374 374 374 374 379 360 360 360 356 351
02 16 340 349 340 338 338 338 331 331 336 340 356 356 370 374 374 374 379 379 379 360 360 360 356 351
02 17 349 347 340 338 338 338 331 331 338 340 356 356 370 374 374 374 374 379 379 360 360 360 356 351
02 18 349 340 342 338 338 338 331 331 338 349 356 356 370 374 379 379 379 379 379 370 360 360 360 356
02 19 351 349 340 338 338 338 338 338 338 356 356 356 370 374 379 374 379 379 379 370 360 360 360 356
02 20 356 351 349 340 338 338 338 338 338 356 358 360 374 374 379 374 379 379 379 370 360 360 360 356
02 21 356 351 351 340 338 338 338 338 338 356 356 356 370 374 374 374 374 379 379 370 370 369 360 360
02 22 356 356 351 340 347 340 338 338 340 356 360 369 374 379 379 379 379 379 379 374 374 370 370 360
02 23 356 356 351 349 349 340 338 340 340 356 360 360 374 379 379 379 379 379 379 374 374 370 369 360
02 24 356 356 351 347 349 340 340 340 342 356 370 370 379 379 385 388 379 390 379 379 374 370 370 369
02 25 356 356 356 351 349 342 340 340 349 356 370 374 379 388 385 388 381 390 392 379 374 374 374 370
02 26 356 356 356 351 349 349 351 340 351 356 374 379 387 390 392 390 392 392 392 392 388 374 374 374
02 27 369 360 356 356 356 356 351 351 356 361 374 390 390 390 392 392 392 392 392 392 388 374 374 374
02 28 370 360 360 358 358 356 351 351 356 370 379 392 390 390 390 390 390 392 392 392 388 374 374 374
03 01 370 370 370 360 370 360 356 356 358 374 392 392 392 392 390 392 392 392 392 392 388 374 374 374
03 02 370 360 370 360 365 360 356 356 360 379 392 396 392 392 392 392 392 392 392 392 379 374 374 374
03 03 370 360 367 360 365 360 356 356 360 378 392 396 392 392 392 392 392 410 392 399 392 379 374 379
03 04 374 370 370 369 370 369 360 356 360 379 396 397 406 392 392 392 408 410 408 410 399 392 390 379
03 05 376 372 374 374 374 370 363 360 367 390 399 399 410 408 399 399 410 410 410 410 403 392 392 385
03 06 379 374 379 374 374 374 374 360 374 394 410 410 421 421 410 410 421 421 417 410 410 403 392 392
03 07 392 379 392 388 390 388 379 374 379 394 410 419 428 430 424 421 423 428 421 428 428 421 399 410
03 08 410 399 410 392 392 392 390 379 388 410 421 428 428 428 426 421 424 428 426 428 428 421 408 410
03 09 410 399 410 399 396 392 390 388 390 410 428 428 428 439 428 421 424 428 428 428 428 421 410 410
03 10 410 408 410 410 399 392 392 388 390 410 428 428 428 441 430 428 428 428 428 428 428 421 410 410
03 11 410 408 410 410 405 399 392 388 392 410 428 428 428 441 428 428 424 423 428 428 428 421 410 410
03 12 410 410 410 410 405 399 399 392 392 410 428 428 428 442 430 428 428 428 428 428 428 421 410 410
03 13 410 410 410 410 399 399 392 390 392 410 428 428 428 430 428 428 421 428 428 426 428 421 410 410
03 14 410 410 410 410 399 399 399 392 399 410 428 428 428 428 430 428 428 428 428 428 428 428 421 419
03 15 415 410 410 410 410 399 399 392 399 410 428 428 428 430 433 430 428 430 428 428 428 428 428 421
03 16 419 412 419 410 410 399 399 392 410 415 428 428 428 442 439 430 430 437 435 430 428 428 428 428
03 17 428 421 421 428 421 410 410 399 419 428 439 430 430 446 446 441 430 439 435 430 428 428 430 428
03 18 428 428 421 428 428 410 410 410 421 430 441 430 441 446 446 446 435 439 441 439 430 441 439 441
03 19 430 428 428 430 430 410 410 410 428 446 450 450 450 450 450 446 441 441 441 441 430 441 446 446
03 20 439 441 430 430 430 421 410 410 428 446 450 450 450 450 450 450 446 446 446 446 446 450 450 446
03 21 446 441 446 441 446 430 430 419 430 450 450 453 450 459 450 450 450 450 450 446 450 450 450 446
03 22 446 441 446 441 446 430 441 421 441 459 460 459 459 460 460 450 450 450 450 450 459 460 459 459
03 23 450 450 450 446 446 441 441 428 446 459 464 460 464 464 460 460 460 459 460 460 460 464 460 460
03 24 460 459 450 446 450 446 441 441 450 459 464 460 464 464 464 464 460 460 460 460 460 462 460 460
03 25 460 450 450 446 450 446 441 446 450 459 464 460 464 464 464 460 460 460 460 464 460 464 464 464
03 26 460 460 450 450 450 450 446 446 450 459 469 460 464 469 464 464 464 460 469 464 460 464 464 464
03 27 464 464 460 450 450 450 459 459 459 464 469 464 469 469 469 469 464 464 469 464 464 464 464 464
03 28 464 464 460 459 464 459 460 464 464 464 475 480 469 478 480 469 469 480 471 469 469 464 480 478
03 29 469 464 464 464 469 464 464 464 482 480 482 480 480 482 500 487 482 489 482 482 480 469 480 480
03 30 480 468 464 464 469 469 480 480 482 482 489 482 482 482 500 500 500 495 489 491 482 480 482 482
03 31 482 469 482 482 482 482 482 482 489 500 500 496 500 500 500 500 500 500 500 500 489 482 482 482
04 01 482 469 482 482 469 469 482 482 489 482 482 496 500 500 500 500 500 495 489 500 489 482 482 482
04 02 482 469 482 482 469 469 480 480 489 482 482 489 500 489 500 500 500 500 489 491 489 480 480 480
04 03 482 464 469 469 464 464 480 480 489 482 489 489 500 489 500 500 500 500 489 500 489 480 480 478
04 04 469 464 464 464 464 464 480 480 489 482 500 500 500 500 500 500 500 500 489 500 500 482 482 480
04 05 482 468 469 469 469 464 480 480 489 489 500 500 500 500 500 500 500 500 500 500 500 489 482 482
04 06 482 480 482 480 469 469 480 482 489 489 500 500 500 500 500 500 500 500 500 500 500 482 482 482
04 07 482 480 482 482 482 469 482 482 489 500 500 509 500 500 500 509 511 500 500 500 500 489 482 482
04 08 482 482 482 482 482 482 482 489 500 500 511 518 511 518 511 518 511 518 500 500 500 500 487 482
04 09 482 489 482 482 482 482 482 500 500 511 518 518 518 518 518 518 518 518 511 500 500 500 489 489
04 10 484 489 482 482 482 482 482 491 500 511 518 520 518 518 531 531 518 518 518 511 518 511 500 500
04 11 500 496 500 500 500 489 500 500 511 518 536 536 536 531 536 536 536 536 531 518 518 520 511 502
04 12 500 500 500 500 511 500 500 502 518 518 536 549 536 536 536 536 536 536 534 531 520 520 518 511
04 13 511 500 502 500 511 500 509 511 518 518 540 550 536 536 540 536 536 536 536 536 532 531 518 511
04 14 518 511 511 504 518 511 518 518 518 525 547 550 550 552 541 536 536 536 534 536 536 536 531 518
04 15 518 511 518 518 518 518 518 520 520 536 554 554 552 554 554 554 540 536 536 540 540 536 531 520
04 16 518 518 518 520 518 518 518 520 522 536 554 559 554 559 554 556 550 550 550 550 550 543 536 536
04 17 531 520 520 527 520 520 520 531 536 536 559 570 565 567 567 563 554 554 554 554 554 550 538 536
04 18 536 520 531 531 531 520 523 536 536 536 559 559 565 565 558 559 554 550 554 554 550 550 540 536
04 19 536 536 531 534 531 520 520 536 536 536 559 570 570 570 570 570 554 554 554 554 554 554 550 541
04 20 540 536 536 536 532 529 531 536 536 540 559 570 572 570 572 570 559 554 554 554 554 554 550 540
04 21 540 536 536 536 531 529 531 536 536 536 559 559 570 568 570 570 554 554 554 554 554 550 550 540
04 22 540 536 536 534 531 525 531 536 536 540 559 570 572 570 572 570 559 570 559 554 554 554 554 550
04 23 550 536 536 536 536 531 536 536 536 547 559 570 570 570 570 570 559 568 559 554 554 554 550 550
04 24 550 540 540 536 536 536 536 538 540 549 561 559 572 568 568 559 559 559 554 554 554 554 550 550
04 25 550 540 540 536 536 536 536 540 540 550 561 559 572 570 570 559 559 559 554 554 550 550 550 550
04 26 550 540 540 536 536 529 531 538 540 550 559 559 570 570 570 559 559 570 559 558 554 554 554 550
04 27 550 540 550 540 536 536 536 540 550 554 559 559 572 572 572 570 570 572 570 559 554 554 554 554
04 28 550 547 550 550 540 536 536 540 550 554 565 559 572 572 572 570 572 572 572 559 559 568 554 559
04 29 554 554 554 552 540 536 540 547 554 561 570 572 572 572 572 570 572 579 572 572 572 568 554 559
04 30 559 559 554 554 554 540 547 554 559 570 570 572 572 576 579 579 579 586 579 576 576 572 570 570
05 01 572 572 565 570 559 554 559 567 572 572 572 579 579 579 579 588 583 590 579 579 577 572 572 570
05 02 572 572 565 570 559 559 559 570 572 572 579 579 585 590 590 590 590 590 590 583 581 581 579 572
05 03 572 570 570 570 561 559 559 572 572 579 590 590 599 601 601 601 599 590 590 590 590 590 590 590
05 04 579 579 579 572 572 570 570 579 590 590 595 601 601 608 608 608 608 601 601 601 599 599 590 590
05 05 579 590 579 572 579 572 572 583 590 590 599 606 601 608 610 608 608 608 608 608 601 601 595 590
05 06 590 590 590 579 590 579 579 590 590 594 601 608 608 610 621 610 608 608 608 608 608 608 608 592
05 07 590 590 590 590 590 590 590 590 601 601 601 610 610 617 621 610 610 608 608 608 608 608 608 592
05 08 590 590 590 590 590 590 590 594 601 608 608 619 621 622 626 619 621 610 610 610 610 608 610 608
05 09 599 599 590 599 599 590 590 608 608 608 608 621 626 626 626 621 621 621 621 619 610 610 610 610
05 10 608 608 601 601 601 590 599 608 608 610 610 621 626 626 630 626 626 621 626 621 619 621 621 610
05 11 608 608 606 608 604 599 601 610 610 613 619 626 626 626 630 626 626 624 626 621 621 621 621 610
05 12 610 608 604 608 608 599 603 610 610 621 621 626 626 630 630 626 626 626 626 626 626 622 626 621
05 13 610 610 608 608 608 601 608 610 619 621 626 626 630 630 635 630 630 630 626 626 626 626 626 621
05 14 621 617 608 608 608 608 608 610 621 626 626 630 630 630 639 630 630 630 630 630 630 630 626 626
05 15 621 621 610 610 608 608 608 610 626 626 628 630 630 631 640 639 630 640 630 633 633 630 630 626
05 16 626 621 610 610 610 610 608 621 626 630 630 639 637 640 644 640 630 640 630 640 639 639 630 626
05 17 626 626 621 621 610 621 613 626 626 630 630 639 640 640 640 640 630 640 630 640 639 637 630 626
05 18 626 626 621 621 610 621 613 626 626 630 630 639 640 640 644 640 630 640 630 640 633 630 630 626
05 19 626 626 621 621 610 619 617 626 626 628 630 637 640 640 640 640 630 639 630 640 633 630 630 626
05 20 626 626 621 621 610 619 613 621 626 630 630 639 640 640 640 640 639 640 630 640 639 637 630 630
05 21 626 626 626 622 610 619 621 626 626 630 631 640 640 640 644 640 640 642 640 644 640 639 640 630
05 22 630 628 626 626 621 621 621 626 630 644 644 644 649 649 649 644 644 649 644 649 640 640 640 640
05 23 630 631 630 630 626 626 626 630 635 644 644 644 660 660 649 649 649 649 644 649 644 644 644 640
05 24 635 639 639 630 626 626 626 630 640 644 644 649 660 660 649 649 649 649 644 649 644 644 644 640
05 25 640 640 640 630 630 626 626 630 640 644 649 649 662 662 658 651 649 658 649 649 649 644 644 644
05 26 640 644 640 640 630 626 626 630 644 646 649 651 662 660 660 649 655 660 649 649 649 646 644 644
05 27 640 644 640 640 630 626 628 639 644 646 649 655 662 662 660 651 658 660 649 649 649 649 649 648
05 28 644 644 644 644 630 630 630 640 644 649 660 660 662 662 660 660 662 660 649 660 657 651 657 649
05 29 644 644 644 640 630 626 630 640 644 649 660 660 662 662 660 660 667 662 658 660 658 658 658 653
05 30 644 644 644 644 630 630 630 644 649 658 660 662 662 662 660 660 667 662 660 660 660 660 660 658
05 31 644 649 649 644 644 630 639 644 649 658 662 662 669 680 662 669 669 669 669 662 662 662 662 660
06 01 657 655 658 649 644 644 644 660 662 662 669 676 669 680 680 680 680 673 669 662 662 662 662 662
06 02 660 660 662 662 649 644 662 662 662 669 673 680 680 680 680 680 680 676 673 669 669 662 669 662
06 03 662 662 662 662 662 649 662 662 680 680 680 680 680 680 680 680 680 680 680 669 680 675 680 680
06 04 662 664 662 662 662 662 662 669 680 680 682 684 691 693 691 691 680 680 680 680 680 680 680 680
06 05 680 669 669 664 662 662 667 678 680 680 693 698 698 698 698 691 680 680 680 680 680 680 680 680
06 06 680 680 680 664 662 662 669 680 680 691 698 698 698 698 698 694 680 685 689 680 680 680 680 680
06 07 680 680 680 669 669 662 669 680 685 691 698 698 698 698 698 696 680 685 689 680 680 680 680 680
06 08 680 680 678 669 662 662 669 680 685 691 698 698 698 698 700 696 689 689 689 680 680 680 680 680
06 09 680 680 678 669 669 662 669 680 691 691 698 700 698 700 700 698 694 691 691 691 691 680 680 680
06 10 680 680 680 669 671 669 675 689 691 698 698 700 700 700 709 700 698 698 698 698 698 680 680 680
06 11 680 680 680 669 671 669 680 689 691 698 700 705 700 700 709 700 698 698 698 698 698 689 685 680
06 12 680 680 680 669 669 666 675 680 691 698 698 700 700 700 709 700 698 698 698 698 698 698 691 691
06 13 680 680 680 671 675 669 680 689 698 698 700 705 700 709 709 700 700 698 698 698 698 698 691 691
06 14 689 680 680 680 680 669 680 691 698 698 700 711 709 711 711 700 700 700 700 698 698 698 696 691
06 15 691 685 685 680 680 680 680 691 698 698 709 711 711 711 711 703 702 700 700 700 700 698 698 691
06 16 691 685 680 680 680 680 680 698 698 700 709 711 711 711 711 709 711 700 700 700 700 700 698 694
06 17 691 691 689 680 680 680 680 698 698 700 709 716 711 716 711 711 711 709 711 707 700 700 698 698
06 18 691 691 689 680 680 680 680 698 698 709 711 716 714 716 716 711 711 711 711 711 711 700 698 698
06 19 698 698 691 680 680 680 689 698 700 709 711 716 716 720 716 711 711 711 711 711 711 700 698 698
06 20 698 698 691 680 680 680 689 698 700 711 711 716 716 720 716 716 716 711 716 716 716 707 700 698
06 21 698 698 698 682 687 680 691 700 700 716 716 716 716 720 716 716 716 711 716 716 716 711 703 700
06 22 698 698 698 691 691 689 698 700 711 716 716 720 720 720 720 720 720 716 716 720 716 711 711 700
06 23 698 700 698 694 698 691 698 700 711 716 716 720 720 721 720 720 720 716 716 720 716 711 711 700
06 24 698 700 698 694 698 691 698 700 709 716 716 720 720 721 720 720 720 716 716 720 718 716 711 709
06 25 700 700 698 698 698 693 698 700 711 716 716 720 720 729 720 720 720 716 720 720 720 716 716 716
06 26 703 711 700 698 698 698 698 700 711 716 716 720 723 730 727 720 720 720 727 730 729 720 716 716
06 27 711 716 711 705 700 698 700 711 716 716 716 720 730 730 730 730 730 729 730 732 730 729 720 716
06 28 716 716 712 711 709 700 700 711 716 716 720 720 730 730 730 730 730 734 730 734 730 729 720 716
06 29 716 716 711 711 711 705 700 711 716 720 720 720 730 734 734 734 730 734 734 734 730 730 720 720
06 30 716 716 716 716 716 709 700 711 716 720 720 729 734 734 734 734 730 734 734 734 734 730 729 720
07 01 716 716 716 716 716 711 711 716 716 720 720 730 734 734 734 734 730 734 734 734 734 730 729 720
07 02 716 716 716 716 716 711 711 714 716 720 729 730 734 734 736 734 734 734 734 734 734 730 730 720
07 03 720 720 716 716 716 716 711 716 716 720 720 730 734 734 734 734 734 734 734 734 734 734 730 720
07 04 720 720 716 716 716 711 711 716 716 720 730 730 734 739 739 734 734 739 734 739 734 734 730 729
07 05 729 720 716 716 716 711 711 716 716 720 730 730 734 739 739 734 734 734 734 739 734 734 734 730
07 06 729 720 716 716 716 711 711 716 716 727 730 734 734 739 739 739 734 739 739 748 734 734 734 730
07 07 729 720 716 716 716 711 711 716 716 730 734 734 734 739 739 739 739 750 748 748 739 734 734 734
07 08 730 720 716 716 716 716 716 716 716 730 734 734 734 739 739 741 739 750 748 750 739 734 734 734
07 09 734 729 716 716 716 716 716 716 720 734 734 734 734 739 748 748 748 750 752 750 748 739 734 734
07 10 734 734 720 720 716 716 716 720 729 734 734 738 739 750 750 750 748 750 752 752 750 739 734 734
07 11 734 734 716 716 716 716 716 716 729 734 734 739 739 750 750 750 750 750 752 752 750 739 734 734
07 12 734 734 720 720 716 716 716 720 730 734 734 739 739 750 752 752 752 752 752 752 752 750 739 734
07 13 734 734 729 720 716 716 716 720 734 734 739 750 750 752 752 752 752 752 752 752 752 752 739 739
07 14 734 734 730 729 716 716 716 720 734 734 738 748 750 752 752 752 752 752 759 752 752 752 741 739
07 15 734 734 734 730 720 716 716 729 734 734 738 748 750 752 752 752 752 752 759 759 752 752 745 739
07 16 736 734 730 730 720 716 716 730 734 734 738 743 750 752 752 752 752 752 759 759 759 752 750 739
07 17 739 739 734 734 720 718 716 730 734 734 738 750 750 752 752 752 752 752 759 759 759 752 752 739
07 18 739 739 734 734 720 716 716 730 734 734 739 750 750 752 752 752 752 752 759 759 759 752 750 739
07 19 734 734 734 734 720 716 716 730 734 734 738 750 750 752 752 752 752 752 759 759 752 752 752 739
07 20 738 739 734 734 730 723 720 734 734 734 739 750 750 752 752 752 754 752 759 759 759 752 752 741
07 21 739 739 734 734 730 720 720 734 734 734 739 748 750 752 752 752 752 752 759 759 759 752 752 741
07 22 739 739 734 734 730 720 720 734 734 734 734 739 739 752 752 752 752 752 752 752 752 752 752 747
07 23 739 739 734 734 729 718 720 734 734 734 734 739 741 752 752 752 752 752 759 759 759 759 752 750
07 24 739 739 734 734 730 720 720 734 734 734 734 734 739 752 752 752 752 752 759 759 759 752 752 739
07 25 736 734 734 734 730 718 720 734 734 734 734 734 739 750 750 752 752 752 759 759 759 752 752 739
07 26 739 734 734 734 734 723 720 734 734 734 734 734 739 752 750 752 752 752 759 765 766 756 752 750
07 27 741 739 734 734 734 725 725 734 734 734 734 734 739 752 750 752 752 752 759 759 759 752 752 747
07 28 734 734 734 734 730 716 716 734 734 734 734 734 739 750 748 752 752 752 759 759 759 752 752 747
07 29 734 734 734 734 730 720 720 734 734 734 734 734 739 748 747 752 752 752 759 759 754 752 752 750
07 30 734 734 734 734 732 720 720 734 734 734 734 734 739 748 745 750 752 752 752 759 754 752 752 739
07 31 734 734 734 730 730 720 720 730 730 734 734 734 739 750 748 750 752 752 759 759 754 752 750 739
08 01 734 734 734 723 723 720 720 730 730 734 734 734 739 750 748 750 752 752 759 759 759 752 752 739
08 02 734 734 734 734 730 723 720 730 734 734 734 734 739 750 748 752 752 752 759 765 759 752 752 748
08 03 739 734 734 734 734 725 720 730 734 734 734 739 739 750 747 750 752 752 759 763 759 752 752 747
08 04 739 734 734 734 729 720 720 729 730 734 734 734 739 750 750 752 752 752 759 768 759 752 752 739
08 05 739 734 734 730 729 720 720 729 730 734 734 739 739 750 752 752 752 752 759 768 759 752 752 739
08 06 739 734 734 730 730 727 720 729 734 734 734 739 748 748 752 752 752 752 761 768 759 752 750 739
08 07 734 734 734 730 730 729 720 730 734 734 734 739 748 748 750 752 752 752 759 765 759 752 750 739
08 08 734 734 734 729 723 725 720 729 730 734 734 739 748 750 750 752 752 752 759 765 759 752 750 739
08 09 734 734 734 729 720 720 720 729 730 734 734 739 748 750 750 752 752 752 759 759 757 752 748 739
08 10 734 734 734 723 720 720 720 720 730 734 734 739 739 748 750 750 752 752 752 759 752 752 748 739
08 11 734 734 730 725 720 720 716 720 729 730 734 739 739 747 748 748 750 752 752 759 752 752 748 739
08 12 734 734 730 721 720 716 716 720 720 730 734 734 739 747 748 750 750 752 752 752 752 752 748 739
08 13 734 734 730 720 720 716 716 716 720 729 734 734 739 747 748 748 748 752 752 752 752 752 747 734
08 14 734 734 729 720 716 716 711 716 720 727 732 734 739 747 748 748 748 750 752 752 752 752 739 734
08 15 734 730 729 720 716 716 707 712 720 720 730 734 736 739 748 748 747 750 750 750 752 750 734 734
08 16 730 730 720 720 716 711 702 711 716 720 729 734 734 739 748 748 739 750 750 750 750 748 734 734
08 17 729 720 720 716 714 700 700 709 716 720 720 734 734 734 739 739 739 748 748 739 748 739 734 734
08 18 720 720 716 711 711 700 700 702 716 720 720 734 734 734 739 739 739 748 748 748 748 739 734 732
08 19 720 716 716 711 703 700 698 700 716 718 720 730 734 734 739 739 739 748 748 739 748 739 734 730
08 20 720 716 716 711 703 700 698 700 711 716 720 730 734 734 734 739 739 748 748 748 748 739 734 732
08 21 720 716 716 714 702 700 698 700 711 716 720 729 734 734 734 734 739 748 748 739 748 739 734 730
08 22 720 716 716 711 700 698 698 700 709 716 716 720 734 734 734 734 734 739 739 739 739 739 734 730
08 23 720 716 716 709 700 698 698 700 709 716 716 720 730 730 734 734 734 739 739 739 739 734 734 729
08 24 720 716 716 700 698 698 698 698 709 716 716 720 730 730 734 734 734 739 739 734 734 734 734 720
08 25 720 716 716 711 698 698 698 698 709 716 716 720 730 730 734 734 734 734 734 734 734 734 734 720
08 26 716 716 711 700 698 698 698 698 709 716 716 716 727 725 730 730 734 734 734 734 734 734 730 720
08 27 716 714 711 700 698 698 698 698 707 714 711 716 720 720 730 720 721 730 734 734 734 734 730 720
08 28 716 714 711 700 698 698 691 698 707 714 711 716 720 720 721 720 720 730 734 734 734 730 729 716
08 29 716 711 711 700 698 698 691 698 700 711 709 716 716 716 720 716 720 720 730 730 730 729 716 716
08 30 716 711 700 698 698 698 689 698 700 711 707 716 716 716 716 716 720 720 730 729 730 720 716 716
08 31 716 709 700 698 698 698 684 698 698 700 700 714 716 716 716 716 720 720 729 729 720 720 716 716
09 01 716 709 700 698 698 698 682 691 698 700 700 711 716 716 716 716 720 716 716 720 716 716 716 712
09 02 700 700 700 698 698 691 680 691 698 698 700 702 711 716 711 716 716 714 716 716 716 716 711 709
09 03 700 698 698 698 694 680 680 680 698 698 698 700 709 711 709 707 711 711 711 716 716 711 711 700
09 04 698 698 698 691 680 680 680 680 698 698 698 700 700 707 703 700 700 700 711 711 700 700 700 698
09 05 698 698 691 680 680 680 680 680 691 698 698 698 700 700 700 698 700 700 700 709 700 700 698 698
09 06 698 691 689 680 680 680 680 680 691 694 698 698 698 698 698 698 698 698 700 700 700 698 698 698
09 07 691 691 689 680 680 680 680 680 691 691 698 698 698 698 698 698 698 698 698 698 698 698 698 691
09 08 691 691 689 680 680 680 680 680 680 689 698 698 698 691 691 691 698 691 698 698 698 698 693 684
09 09 687 691 680 680 680 680 669 669 680 680 691 691 691 691 689 691 691 691 698 698 691 691 689 680
09 10 680 680 680 680 680 669 662 669 680 680 689 691 691 691 689 691 691 691 691 691 691 691 689 680
09 11 680 680 680 669 669 669 662 662 680 680 689 691 691 693 691 691 691 691 698 698 691 691 691 680
09 12 680 680 680 669 669 669 662 662 680 680 680 680 680 691 691 691 691 689 680 691 691 689 689 680
09 13 680 680 669 664 662 662 662 662 671 680 680 680 680 680 682 689 680 680 680 680 680 680 680 680
09 14 669 669 666 662 662 662 662 662 662 680 680 680 680 680 680 680 680 680 680 680 680 680 680 680
09 15 669 667 662 660 662 660 658 662 662 669 680 680 680 680 680 680 669 671 680 680 680 680 680 669
09 16 667 662 662 658 660 649 649 658 662 669 669 676 680 676 669 680 669 669 680 680 680 669 680 669
09 17 667 662 662 660 660 649 649 658 662 669 669 676 680 676 669 680 669 669 680 680 680 671 680 669
09 18 667 662 662 660 660 649 649 658 662 669 675 676 680 669 669 669 662 662 669 680 671 669 675 669
09 19 662 662 662 658 660 649 649 658 662 664 669 669 680 669 669 669 662 662 662 669 669 662 662 662
09 20 662 660 660 649 649 649 649 649 660 662 662 662 669 662 660 660 662 660 660 662 662 662 662 662
09 21 660 649 649 644 644 644 644 644 649 662 662 662 664 662 660 660 660 660 660 660 662 660 660 660
09 22 649 649 646 644 644 640 640 640 649 657 660 660 662 658 658 658 649 658 658 658 658 649 658 649
09 23 648 646 644 640 640 630 630 630 644 649 653 658 660 658 649 649 649 649 649 649 649 649 649 649
09 24 644 644 644 640 640 630 630 626 640 644 653 658 660 651 649 649 644 649 649 649 649 644 649 644
09 25 644 644 640 639 640 630 626 626 630 640 649 655 649 649 644 644 642 644 644 644 644 644 644 644
09 26 640 640 626 626 630 626 621 621 626 630 640 644 648 644 639 633 640 640 630 640 640 640 640 630
09 27 626 626 626 626 626 621 610 610 626 630 637 644 648 644 639 630 640 640 640 640 640 640 640 626
09 28 626 626 626 626 626 615 610 610 621 626 630 640 644 640 637 630 630 630 630 626 626 640 630 626
09 29 622 621 621 626 621 610 610 608 621 621 626 640 630 631 630 630 630 630 626 626 626 628 626 626
09 30 621 617 610 615 610 608 608 608 619 621 626 630 630 630 626 626 630 626 619 624 624 626 626 626
10 01 621 619 619 615 610 608 608 608 617 610 626 630 630 626 621 626 626 610 610 619 610 610 615 619
10 02 608 608 608 608 608 604 601 606 608 608 619 626 626 621 619 610 619 608 608 608 608 608 610 610
10 03 608 608 608 608 601 601 590 599 608 608 610 621 626 613 610 608 608 608 608 608 608 599 608 608
10 04 599 608 608 601 599 599 590 590 608 608 610 610 610 610 608 608 608 608 601 601 601 599 601 608
10 05 597 599 590 595 590 592 590 590 599 608 610 610 610 610 608 608 608 601 601 601 601 590 601 601
10 06 597 599 590 601 590 592 590 590 595 608 608 610 608 610 601 601 601 594 599 590 590 590 590 590
10 07 590 590 590 590 590 590 579 579 590 599 599 608 599 601 601 601 590 590 594 590 590 590 590 590
10 08 590 590 579 579 579 572 572 572 579 590 590 599 597 601 594 601 590 590 590 590 590 590 590 590
10 09 590 590 579 579 572 572 572 572 574 590 590 595 597 601 594 599 590 590 590 590 590 590 590 590
10 10 590 590 579 579 572 572 570 572 572 590 590 590 590 590 590 590 590 590 590 590 590 579 590 586
10 11 585 579 572 570 570 570 568 568 568 579 583 579 590 590 590 590 590 590 590 579 579 579 579 579
10 12 572 572 568 570 568 568 559 559 559 579 579 574 579 581 585 590 581 583 579 572 572 572 572 570
10 13 570 568 559 559 554 554 550 554 554 572 570 570 572 572 572 572 572 570 570 559 554 559 559 556
10 14 559 554 554 550 550 540 540 540 554 559 561 559 572 570 570 570 559 556 554 554 550 554 554 554
10 15 554 554 554 550 550 540 540 540 554 559 559 559 572 570 570 559 559 558 558 554 550 554 554 554
10 16 554 554 554 550 550 540 540 540 547 554 554 559 570 570 559 559 554 558 554 554 550 554 554 554
10 17 554 554 554 550 550 540 540 540 547 552 554 559 570 570 559 559 559 558 558 554 550 554 550 554
10 18 554 554 550 549 550 540 540 540 543 552 550 559 561 568 559 559 554 554 554 554 550 554 550 550
10 19 554 550 540 540 536 536 536 536 540 550 550 554 559 554 556 554 554 554 554 554 550 552 540 540
10 20 550 540 536 540 536 536 531 536 536 545 550 554 554 554 554 554 549 545 545 541 550 541 540 540
10 21 543 536 536 536 536 536 531 531 536 543 550 554 550 550 550 550 545 540 540 540 540 540 536 536
10 22 538 536 536 536 536 536 531 532 536 545 550 554 554 550 550 550 545 540 540 540 540 536 536 536
10 23 536 536 531 531 525 529 529 531 531 536 545 550 547 540 540 540 540 532 536 536 536 536 531 531
10 24 531 531 520 520 518 518 518 531 525 536 541 550 540 540 540 540 540 531 536 536 531 536 531 531
10 25 520 520 520 518 511 518 516 511 520 536 540 547 540 540 538 540 540 532 536 536 531 531 531 531
10 26 520 520 520 520 513 518 516 518 520 536 540 550 540 541 538 536 540 536 538 540 536 536 531 531
10 27 520 520 520 520 518 518 518 531 529 536 545 550 550 550 540 540 540 540 538 536 536 536 531 520
10 28 520 520 520 520 513 518 518 527 520 536 540 541 550 550 538 536 540 532 536 536 531 531 520 520
10 29 520 520 511 518 511 511 516 518 520 531 536 541 550 541 536 536 540 531 536 531 529 520 518 518
10 30 518 500 500 502 500 500 500 496 511 520 520 536 536 536 536 531 534 518 518 518 511 500 500 500
10 31 489 489 480 482 482 480 482 489 504 518 518 531 531 520 531 518 518 511 518 511 504 500 489 489
11 01 484 489 475 480 480 469 480 482 500 500 518 531 523 520 531 518 516 511 511 500 500 496 489 489
11 02 482 489 469 480 478 464 469 482 500 500 511 518 511 520 520 511 500 502 511 500 500 489 489 489
11 03 484 489 475 478 469 460 469 482 489 500 500 500 500 518 511 500 500 500 500 500 500 482 482 480
11 04 469 477 464 469 460 460 464 469 482 489 500 500 500 500 500 500 500 500 489 491 489 482 473 469
11 05 464 464 464 460 450 450 464 464 480 489 495 500 491 500 500 500 500 500 489 489 489 482 473 469
11 06 464 462 460 460 450 450 460 464 469 482 489 489 489 489 500 500 489 489 484 489 482 480 469 464
11 07 462 460 460 450 446 446 459 460 469 469 482 489 489 489 500 500 489 489 484 489 482 478 469 464
11 08 462 460 460 460 446 446 460 464 469 469 482 489 482 482 489 487 482 482 482 482 480 464 464 460
11 09 450 450 450 450 441 441 450 460 450 460 480 489 482 482 482 482 480 480 478 469 464 460 450 450
11 10 446 446 446 446 441 441 446 446 446 450 480 489 482 482 482 482 480 482 478 469 464 460 450 450
11 11 446 446 446 446 441 441 446 446 450 460 480 489 482 482 482 482 478 480 468 464 464 455 450 450
11 12 441 441 446 446 441 441 446 446 450 460 482 489 482 482 482 482 478 480 464 464 464 450 446 446
11 13 441 435 446 441 441 439 446 441 430 450 469 486 482 480 482 478 477 469 464 460 460 450 446 441
11 14 430 428 430 430 430 430 430 430 430 446 464 464 469 469 480 469 466 469 464 460 460 450 446 430
11 15 428 428 421 428 423 421 426 430 430 441 460 464 464 464 469 464 464 464 460 450 446 446 446 441
11 16 430 428 428 428 421 419 419 428 428 437 450 459 450 464 460 464 453 450 450 450 446 446 446 430
11 17 428 419 424 421 421 410 415 410 410 428 446 446 446 442 441 444 446 446 441 441 439 428 428 428
11 18 426 410 415 410 415 410 410 410 410 428 446 446 441 441 441 441 446 441 430 439 439 428 428 428
11 19 426 410 421 421 421 410 410 410 410 428 446 446 441 444 441 441 446 441 439 439 439 428 428 428
11 20 426 410 421 421 410 410 410 410 410 428 446 446 432 432 441 441 441 439 430 428 430 428 428 428
11 21 421 410 421 421 410 410 410 399 401 428 432 435 430 430 428 428 428 423 419 421 428 421 428 428
11 22 419 410 410 410 410 410 410 392 392 410 428 428 428 430 428 428 421 421 410 410 415 410 419 410
11 23 410 399 410 410 399 396 392 392 390 392 410 410 410 412 421 421 410 410 410 410 410 397 399 392
11 24 392 392 392 392 392 392 379 390 379 392 392 410 410 410 410 419 410 410 410 399 405 392 392 392
11 25 392 392 392 392 392 390 374 374 374 376 392 399 406 410 410 410 410 410 399 392 392 392 392 390
11 26 392 388 388 379 379 374 374 374 374 374 392 392 392 399 399 399 399 399 392 392 392 392 392 390
11 27 390 379 379 379 374 374 374 370 369 374 388 392 392 394 397 399 397 392 390 390 390 379 379 374
11 28 388 374 374 374 374 370 370 356 360 374 379 392 392 392 396 392 396 392 390 390 388 379 374 374
11 29 379 374 374 374 370 370 360 356 360 374 374 379 390 392 392 392 392 392 390 390 388 379 374 374
11 30 374 374 360 360 360 356 356 351 356 356 370 374 379 392 392 392 392 385 379 379 379 374 374 370
12 01 365 360 356 356 356 354 349 340 349 356 360 370 374 390 392 390 390 381 379 374 374 369 370 367
12 02 360 356 356 351 356 351 349 340 340 356 356 370 370 374 379 379 379 379 374 374 370 356 360 356
12 03 356 351 351 351 351 349 349 340 340 349 356 367 370 374 374 374 379 374 370 360 356 356 356 351
12 04 340 340 340 340 340 340 340 338 338 340 356 360 360 369 369 370 374 370 360 356 356 356 351 351
12 05 351 340 340 338 338 340 340 338 338 338 354 360 360 369 363 367 360 356 356 356 356 351 340 340
12 06 338 338 338 338 338 338 338 338 338 338 351 356 360 369 360 360 360 356 356 356 356 351 340 349
12 07 338 338 338 338 338 338 338 329 320 338 351 356 360 360 360 369 369 356 356 356 351 342 340 349
12 08 338 338 338 331 331 331 338 320 320 338 351 356 360 360 360 360 369 356 356 356 351 342 351 343
12 09 338 338 338 331 331 338 338 329 320 338 356 356 356 356 356 360 360 356 356 356 349 340 340 340
12 10 338 338 331 331 331 331 338 320 320 338 349 356 356 356 356 356 356 351 349 351 340 340 338 338
12 11 338 336 331 329 329 331 331 320 320 338 349 354 356 356 356 356 356 351 349 340 338 338 331 338
12 12 331 331 329 329 324 320 320 320 320 329 340 349 356 356 356 356 356 345 340 340 338 338 331 331
12 13 331 329 320 320 320 320 320 320 320 320 340 340 351 351 356 356 356 349 342 340 338 338 331 331
12 14 331 329 320 320 320 320 320 320 320 320 340 340 351 356 356 356 356 349 342 340 338 338 331 331
12 15 331 329 320 320 320 320 320 320 320 320 340 340 351 351 356 351 351 349 340 338 338 331 331 331
12 16 331 320 320 320 320 320 320 320 320 320 340 338 349 351 351 351 351 340 340 338 338 333 331 333
12 17 333 329 329 320 320 320 320 320 320 320 338 338 338 349 351 351 351 340 340 338 338 338 331 338
12 18 333 329 329 320 329 320 320 320 320 320 338 338 338 340 340 349 345 340 340 338 338 331 331 333
12 19 331 320 320 320 320 320 320 320 311 320 331 338 338 340 340 349 340 340 338 338 331 324 329 320
12 20 320 320 320 320 320 320 311 320 311 320 331 338 338 340 340 342 340 340 338 338 333 329 329 329
12 21 320 320 320 320 320 320 311 315 311 320 329 338 338 338 338 340 340 340 338 338 331 322 327 320
12 22 320 320 320 320 320 311 311 311 311 320 325 338 338 338 338 340 340 338 338 338 331 322 329 320
12 23 320 320 320 320 320 311 311 311 311 320 320 331 331 331 338 338 340 338 338 333 331 320 324 320
12 24 320 320 320 320 311 311 309 302 302 311 320 331 331 331 338 338 338 338 331 331 320 320 320 320
12 25 320 320 320 320 320 311 311 302 309 311 320 331 331 338 338 338 340 338 338 338 331 322 324 320
12 26 320 320 320 320 320 311 311 302 311 311 320 331 338 338 338 340 340 338 338 338 333 329 329 320
12 27 320 320 320 320 320 320 311 309 311 320 320 338 338 338 338 340 340 338 338 338 338 331 329 329
12 28 320 320 320 320 320 320 318 311 320 320 331 338 338 338 338 340 338 338 338 338 333 331 329 329
12 29 320 320 320 320 320 320 311 311 320 320 331 338 338 338 338 340 338 338 338 338 331 331 320 320
12 30 320 320 320 320 320 320 311 311 320 320 331 338 338 338 338 340 338 338 338 338 331 331 320 320
12 31 320 320 320 320 320 320 311 320 320 320 331 338 340 338 338 340 338 338 338 331 331 329 320 320
