01 01 531 540 531 531 531 531 531 531 531 540 540 559 559 559 559 559 554 550 550 540 540 540 540 531
01 02 531 531 520 531 531 520 520 531 531 538 540 550 550 550 550 559 550 550 550 540 540 540 540 531
01 03 531 531 531 531 531 520 531 531 531 540 540 550 550 550 559 559 559 554 550 540 540 540 540 531
01 04 531 531 531 531 531 531 531 531 531 540 540 550 540 550 550 559 550 550 550 540 540 540 540 531
01 05 531 531 531 531 531 531 531 531 540 540 547 550 550 550 559 559 559 554 550 540 540 540 540 531
01 06 531 531 531 531 531 531 531 531 531 540 541 550 550 550 559 559 550 550 550 540 540 540 531 531
01 07 520 520 520 520 520 520 520 531 531 540 540 550 540 538 534 531 540 540 540 531 525 520 520 520
01 08 507 505 511 511 507 507 511 511 520 527 520 525 520 531 527 531 536 531 531 520 520 520 520 511
01 09 500 500 504 500 507 500 511 511 520 527 516 520 520 531 527 531 531 531 531 520 516 511 520 511
01 10 500 500 500 500 500 489 500 511 511 520 516 520 520 531 531 531 532 531 531 520 511 511 511 511
01 11 500 500 500 500 489 489 489 489 500 500 511 511 511 520 520 511 529 520 511 493 489 489 491 489
01 12 480 489 480 480 489 480 480 480 480 489 500 500 511 511 511 511 511 507 500 489 484 489 489 480
01 13 480 489 480 480 489 480 480 480 480 489 500 500 511 511 511 507 511 500 500 489 489 489 489 480
01 14 480 489 480 480 480 469 469 469 480 489 500 496 500 511 500 500 507 500 489 484 484 489 480 478
01 15 469 480 480 480 480 469 469 469 480 489 500 496 500 511 511 507 511 500 500 486 489 489 491 489
01 16 491 489 480 480 480 469 469 469 480 489 489 489 500 511 504 500 507 500 500 489 489 489 498 500
01 17 500 500 489 489 489 480 480 480 482 500 500 500 511 511 516 511 511 502 500 489 489 493 500 500
01 18 500 500 489 489 489 480 480 480 480 500 500 500 500 511 511 511 511 500 489 489 486 489 498 500
01 19 500 493 489 489 489 480 480 480 482 500 489 496 500 511 511 511 511 500 489 484 480 489 489 489
01 20 491 489 480 480 480 480 480 469 480 489 489 489 500 511 500 511 511 489 489 486 480 489 489 489
01 21 480 480 469 460 460 469 469 469 480 480 489 489 500 500 500 500 500 500 489 489 484 489 489 489
01 22 489 489 480 480 480 480 489 480 482 489 489 489 500 511 516 520 518 511 500 489 489 493 500 500
01 23 500 500 480 480 482 480 491 489 498 500 500 500 511 511 520 522 531 511 511 500 500 500 500 500
01 24 504 500 489 480 482 480 491 489 498 500 489 489 500 511 516 520 518 511 500 493 500 500 500 500
01 25 500 500 489 480 480 480 489 489 498 500 489 489 500 511 511 520 518 511 500 500 500 500 500 500
01 26 500 495 489 480 480 480 480 480 489 500 489 489 500 511 516 520 518 511 511 511 500 500 500 500
01 27 500 500 489 482 480 482 493 489 500 500 500 500 511 518 520 529 531 511 518 511 509 509 505 500
01 28 500 500 489 484 480 482 493 495 500 500 500 500 511 520 520 529 531 511 518 511 509 509 500 500
01 29 500 500 489 482 480 482 493 496 500 500 500 500 511 520 520 531 531 511 518 511 509 509 500 500
01 30 500 500 489 484 482 484 500 496 500 500 500 500 511 520 520 529 531 511 518 511 509 500 500 500
01 31 500 495 489 482 480 482 493 495 500 500 500 511 511 520 520 522 520 511 518 511 509 509 500 489
02 01 500 489 489 482 480 480 491 489 500 511 511 516 513 520 525 531 531 516 520 520 511 511 500 500
02 02 500 500 498 493 489 484 491 489 500 511 511 516 513 520 520 529 520 516 520 520 511 511 500 509
02 03 505 500 498 495 489 489 500 495 511 511 516 520 520 520 531 531 531 531 531 531 520 520 514 511
02 04 511 511 500 500 500 500 500 511 520 514 520 520 520 520 531 531 531 534 540 531 520 520 514 511
02 05 511 507 500 500 500 495 500 495 511 511 516 520 520 520 531 531 531 531 531 520 520 520 511 511
02 06 511 500 500 493 500 489 491 489 500 514 520 520 520 531 531 531 540 540 540 531 520 523 520 511
02 07 511 511 500 500 500 500 500 500 520 520 520 531 531 531 540 540 549 540 540 531 525 525 520 520
02 08 520 511 500 500 511 511 505 518 520 531 540 540 540 540 540 547 550 550 540 531 531 531 531 531
02 09 520 520 511 511 520 520 511 520 520 531 540 531 540 540 547 547 550 550 540 531 531 531 531 520
02 10 520 520 518 518 520 520 520 520 520 531 520 531 540 540 547 540 550 550 540 531 540 531 527 531
02 11 520 529 520 520 520 520 520 520 531 531 540 531 540 540 547 540 550 550 540 531 531 531 527 520
02 12 520 520 520 520 520 520 520 520 520 531 540 531 540 540 540 540 550 540 540 531 531 531 527 520
02 13 520 520 520 520 520 520 520 520 520 531 540 531 540 540 550 550 550 550 550 550 543 540 531 531
02 14 531 531 531 520 531 520 520 531 531 540 540 540 540 550 550 550 556 550 550 550 550 540 531 540
02 15 531 531 531 531 531 531 520 531 531 540 540 540 550 550 550 558 559 559 556 550 550 540 540 540
02 16 540 540 540 531 531 531 520 531 531 540 540 541 550 550 550 559 559 559 556 550 550 540 540 540
02 17 540 540 540 531 531 531 520 531 531 540 540 541 550 550 550 559 559 563 559 550 550 540 540 540
02 18 540 531 540 531 531 531 520 520 531 540 540 540 550 550 550 550 559 559 550 550 550 540 540 540
02 19 531 531 536 531 531 520 520 520 531 540 540 541 550 550 550 558 559 559 559 550 550 540 540 540
02 20 540 540 540 531 531 531 520 520 531 540 540 550 550 550 559 559 559 565 559 550 550 540 540 540
02 21 540 540 540 531 531 531 520 520 531 540 540 541 550 550 559 559 559 563 559 550 550 540 540 540
02 22 531 531 536 531 531 531 520 520 531 534 540 540 550 550 550 558 559 559 559 550 550 540 540 540
02 23 531 531 536 531 531 520 520 520 520 531 531 540 545 550 550 550 559 559 559 550 550 531 536 531
02 24 531 531 531 529 531 520 520 520 520 520 531 540 540 550 550 550 550 550 550 540 531 531 531 531
02 25 531 531 531 520 531 520 520 520 531 531 540 550 550 550 550 550 559 550 550 540 536 531 531 531
02 26 531 531 520 520 531 520 520 520 531 531 540 550 550 550 550 550 556 550 550 540 549 540 540 538
02 27 531 531 531 531 531 531 520 527 532 531 540 550 550 559 559 559 559 559 559 550 550 540 540 540
02 28 540 532 531 531 531 531 531 531 540 540 540 550 554 559 559 550 559 559 559 540 549 540 540 540
03 01 531 531 531 531 531 531 531 531 540 540 540 550 550 559 559 559 559 559 559 550 550 540 540 540
03 02 538 531 531 531 531 531 531 531 540 540 550 550 554 559 559 559 559 559 559 550 550 550 550 540
03 03 540 536 531 531 531 531 531 540 540 550 550 550 559 559 559 559 559 559 559 550 550 550 550 540
03 04 540 540 531 531 531 531 532 540 540 550 550 550 559 570 570 559 559 559 559 559 550 550 550 540
03 05 540 540 531 540 540 540 540 540 550 550 550 559 568 570 570 570 563 565 559 559 559 559 550 550
03 06 547 550 540 540 540 540 540 550 550 559 559 563 570 570 570 570 570 559 559 559 559 559 550 559
03 07 550 550 540 540 541 540 540 550 559 570 559 567 570 570 570 570 570 570 559 559 559 559 559 559
03 08 550 550 559 550 550 550 559 554 559 570 559 570 572 570 579 570 570 570 570 570 559 559 559 559
03 09 559 550 559 550 550 559 559 559 559 570 559 570 570 570 570 570 570 570 559 559 559 559 559 559
03 10 550 550 550 550 550 550 559 559 559 570 561 570 577 570 579 572 570 570 570 570 570 570 559 559
03 11 559 559 559 559 559 559 559 570 570 577 570 570 579 579 579 579 574 570 572 570 570 570 570 568
03 12 570 559 559 559 559 559 570 570 570 577 570 579 579 579 579 579 570 570 570 570 570 570 570 570
03 13 570 559 559 559 559 559 570 570 570 579 579 579 579 579 579 579 574 570 576 570 570 570 570 570
03 14 570 559 570 559 559 559 570 570 572 579 579 579 579 572 579 579 570 570 572 570 570 570 570 570
03 15 570 559 570 559 559 559 570 570 570 579 579 579 579 579 579 579 574 570 579 570 570 570 570 570
03 16 570 570 559 559 559 559 559 559 570 572 570 570 579 570 579 579 570 570 572 570 570 570 570 570
03 17 570 559 559 559 559 559 559 559 565 570 570 579 579 570 572 576 570 570 570 570 570 570 559 559
03 18 559 559 559 550 550 550 550 559 559 570 570 579 579 570 579 576 570 570 570 570 570 559 559 559
03 19 559 550 550 550 550 550 550 550 559 570 579 579 579 570 576 574 570 570 579 570 570 570 559 559
03 20 559 559 559 550 554 559 550 559 559 570 579 579 579 570 576 574 570 570 579 570 570 570 559 559
03 21 559 559 559 559 559 559 559 559 570 577 579 579 579 579 579 579 574 570 579 570 570 570 559 559
03 22 559 559 559 559 559 559 567 568 570 579 579 579 590 579 579 579 583 590 585 576 579 570 570 570
03 23 570 570 559 559 559 565 570 570 570 579 583 590 590 590 590 590 590 590 590 588 583 579 570 574
03 24 579 570 559 570 559 565 570 570 579 579 590 590 601 590 590 597 590 592 590 590 590 583 579 579
03 25 579 572 570 570 570 570 570 572 579 579 590 590 601 590 590 599 590 597 590 590 590 590 579 579
03 26 579 570 576 570 570 570 570 579 579 590 590 595 601 590 590 599 590 592 590 590 590 590 586 581
03 27 579 574 579 579 579 579 579 579 590 590 599 601 601 595 601 601 592 601 590 590 590 590 590 590
03 28 585 579 579 579 579 579 590 590 590 601 601 608 610 601 601 601 601 601 590 595 601 601 601 601
03 29 590 590 590 590 590 590 601 601 601 610 617 615 612 610 610 610 601 601 601 610 601 601 601 601
03 30 601 599 590 590 585 590 601 594 601 610 617 615 610 610 601 610 601 601 601 601 601 601 601 601
03 31 601 601 601 597 601 601 601 601 610 610 621 621 621 621 621 621 610 610 610 610 610 610 610 610
04 01 610 601 601 601 601 601 608 601 610 621 621 621 621 621 621 621 619 612 621 610 610 610 610 610
04 02 610 604 610 608 610 610 610 610 621 621 621 621 621 621 621 621 621 621 621 610 621 610 610 610
04 03 610 610 610 610 610 621 621 621 630 626 630 630 621 624 622 621 621 621 621 621 621 621 621 621
04 04 610 610 610 610 610 621 621 621 630 628 630 630 621 621 621 621 621 621 621 617 621 610 610 621
04 05 610 610 610 621 610 621 621 621 628 626 626 621 621 621 621 621 621 621 621 617 610 610 610 610
04 06 610 610 610 621 610 621 621 621 630 626 630 630 621 621 630 621 621 621 621 621 621 621 621 621
04 07 610 610 610 621 621 621 621 621 630 630 630 630 626 621 622 621 621 621 621 621 621 621 621 621
04 08 621 621 610 621 621 621 621 621 630 630 630 637 630 630 630 621 621 621 621 621 621 621 621 621
04 09 621 621 619 621 621 621 621 621 630 633 639 640 635 630 630 630 621 621 621 621 621 624 621 621
04 10 621 621 621 621 621 621 621 624 630 640 640 640 640 631 630 630 621 621 621 621 630 630 621 621
04 11 621 621 621 621 621 621 621 630 630 640 640 640 640 631 630 626 621 621 621 621 621 630 621 621
04 12 621 621 621 621 621 621 621 630 630 640 640 640 640 631 640 630 630 621 621 621 630 630 621 621
04 13 621 621 621 621 621 621 621 630 630 640 640 640 640 639 630 630 630 621 621 621 630 630 621 621
04 14 621 621 621 621 621 621 630 630 640 640 640 640 640 640 640 630 630 630 621 630 630 630 630 621
04 15 621 621 621 621 621 621 621 630 640 640 640 640 640 640 640 630 630 630 621 630 630 630 630 630
04 16 621 622 621 621 621 621 621 630 640 640 640 640 640 640 640 640 630 630 630 630 630 630 630 630
04 17 630 630 621 621 621 621 621 630 640 640 649 640 640 640 640 640 630 630 630 630 630 630 630 630
04 18 630 630 621 621 621 621 621 630 640 640 640 640 640 640 640 630 630 630 630 630 630 630 630 630
04 19 630 630 621 621 621 621 621 630 640 640 649 648 640 640 640 640 640 630 630 630 630 630 630 630
04 20 630 630 630 630 630 621 621 630 640 649 649 649 649 649 640 640 640 640 630 630 640 640 635 630
04 21 630 630 630 630 630 621 630 630 640 649 649 649 649 649 640 640 640 640 640 640 640 640 640 640
04 22 640 630 630 640 640 630 630 640 649 649 660 649 649 649 649 649 642 640 640 640 640 640 640 640
04 23 640 640 630 640 640 630 630 640 649 653 660 649 649 649 649 649 649 649 640 640 640 649 640 640
04 24 640 640 640 640 640 633 640 640 649 660 660 660 660 649 649 649 649 649 642 640 640 649 649 640
04 25 640 640 640 640 640 630 640 640 649 660 660 660 660 653 649 649 649 649 649 640 649 649 649 640
04 26 640 640 640 640 640 640 640 646 649 660 660 660 660 660 649 649 649 649 649 640 649 649 649 640
04 27 640 640 640 640 640 630 631 640 649 660 660 660 660 660 649 651 649 649 649 649 649 649 649 640
04 28 640 640 640 640 640 640 640 649 649 660 660 660 660 660 660 660 660 660 649 649 649 649 649 649
04 29 640 640 640 640 640 640 640 649 660 660 662 660 660 660 660 667 660 660 660 649 660 649 649 649
04 30 649 649 649 640 649 649 649 660 660 666 669 669 669 669 669 669 669 669 660 660 660 660 649 660
05 01 660 649 649 649 649 649 649 660 660 669 669 669 669 669 669 669 669 669 660 660 660 660 660 660
05 02 660 660 649 649 649 649 649 660 669 669 680 680 680 669 669 669 669 669 662 666 660 669 660 660
05 03 660 660 660 649 655 649 653 660 669 669 680 680 680 680 680 669 669 669 669 669 660 669 660 660
05 04 660 660 660 649 660 660 660 660 669 669 680 680 680 680 680 680 669 669 669 669 669 669 669 660
05 05 660 669 660 660 660 660 660 660 669 680 680 680 680 680 680 680 669 669 669 669 669 669 669 669
05 06 660 669 660 660 660 660 660 669 669 680 680 680 680 680 680 680 680 669 669 669 669 669 669 669
05 07 669 669 660 660 660 660 669 669 680 680 691 691 680 691 680 691 680 680 680 680 680 680 669 669
05 08 669 669 669 669 669 669 669 680 680 691 691 691 691 691 691 691 680 680 680 680 680 680 680 680
05 09 669 669 669 669 669 669 669 680 680 691 691 691 691 691 691 691 687 680 680 680 680 680 680 680
05 10 669 669 669 669 669 669 669 680 691 691 691 691 691 691 691 691 691 680 680 680 680 680 680 680
05 11 680 669 669 669 669 669 669 680 691 691 691 691 691 691 691 691 691 691 691 691 691 680 680 680
05 12 680 680 676 680 678 680 680 691 691 691 700 700 691 691 691 691 691 691 691 691 691 691 691 680
05 13 680 680 680 680 680 680 680 691 691 691 700 700 691 691 691 691 691 691 691 691 691 691 691 680
05 14 680 680 676 676 669 669 680 691 691 691 700 700 691 700 691 691 691 691 691 691 691 691 680 680
05 15 680 680 669 669 669 669 680 691 691 691 700 700 691 691 691 691 691 691 691 691 691 691 680 680
05 16 680 680 680 676 669 669 680 691 691 698 700 700 691 691 691 691 691 691 691 691 691 691 680 680
05 17 680 680 680 680 680 680 680 691 694 700 700 700 700 700 700 700 700 691 691 691 691 691 691 691
05 18 691 680 680 680 680 680 682 691 700 700 711 700 700 700 700 700 700 691 691 691 691 691 691 691
05 19 691 691 680 680 691 685 691 691 700 700 711 711 711 711 700 700 700 691 691 700 691 691 691 691
05 20 691 691 680 680 691 691 691 691 700 711 711 711 711 711 700 700 700 691 691 700 700 696 691 691
05 21 691 691 684 691 691 691 691 694 700 711 711 711 711 711 702 700 700 700 700 700 700 698 693 691
05 22 691 691 684 691 691 689 691 694 700 711 711 711 711 711 709 700 700 700 700 700 700 698 694 691
05 23 691 691 689 691 691 691 691 698 700 711 711 711 711 711 711 700 700 700 700 700 700 700 698 691
05 24 691 693 691 691 691 691 691 700 700 711 720 712 712 711 711 711 711 700 700 700 700 700 700 694
05 25 700 700 691 691 691 691 691 700 711 711 720 720 712 711 711 711 711 700 700 705 700 700 700 700
05 26 700 700 698 691 691 691 693 700 711 720 720 720 720 711 711 711 711 711 707 711 711 700 700 700
05 27 700 700 700 698 700 700 700 711 711 720 720 720 720 720 712 711 711 711 711 711 711 711 705 700
05 28 700 700 700 700 700 700 700 711 720 720 720 720 720 720 720 720 711 711 711 711 711 711 711 711
05 29 705 705 700 700 700 700 711 711 720 720 720 720 720 720 720 720 720 711 711 711 711 711 711 711
05 30 711 711 711 700 700 700 711 711 720 720 725 720 720 720 720 720 720 720 711 711 716 711 711 711
05 31 711 711 711 709 702 700 711 716 720 720 730 720 720 720 720 720 720 720 720 720 720 712 720 711
06 01 711 711 711 711 711 700 711 720 720 720 730 720 720 720 720 720 720 720 720 720 720 720 720 720
06 02 711 711 711 711 711 711 711 720 720 730 730 730 730 730 720 720 720 720 720 720 720 720 720 720
06 03 711 711 711 711 711 711 711 720 720 730 730 730 730 730 720 730 720 720 720 720 720 720 720 720
06 04 720 720 720 711 711 711 711 720 720 730 730 730 730 730 730 730 720 721 720 720 720 720 720 720
06 05 720 720 720 711 711 711 720 720 730 730 734 739 730 730 730 730 720 721 729 720 720 720 720 720
06 06 720 720 720 711 711 711 720 720 730 730 736 739 739 730 730 730 730 730 730 730 720 720 720 720
06 07 720 720 720 720 714 720 720 730 730 730 739 739 739 730 730 730 730 729 730 730 720 730 730 720
06 08 720 720 720 720 720 720 720 730 730 739 739 739 739 730 730 730 730 730 730 730 730 730 730 720
06 09 720 720 720 720 720 720 721 730 730 739 739 739 739 730 730 730 730 730 730 730 730 730 730 720
06 10 720 720 720 720 720 720 730 730 739 739 739 739 739 732 730 730 730 730 730 730 730 730 730 720
06 11 720 720 720 720 720 720 730 730 739 739 739 739 739 732 730 730 730 730 730 730 730 730 730 720
06 12 720 730 720 720 720 720 730 730 739 739 739 739 739 730 730 730 730 730 730 730 730 730 730 723
06 13 730 730 730 720 720 720 730 730 739 739 739 739 739 734 730 730 730 730 730 730 730 730 730 730
06 14 730 730 730 720 720 720 730 739 739 739 739 739 739 739 730 730 730 730 730 730 730 730 730 730
06 15 730 730 730 730 725 730 730 739 739 739 739 739 739 739 730 730 730 730 730 730 730 730 730 730
06 16 730 730 730 730 730 730 730 739 739 739 739 739 739 739 730 730 730 729 730 730 730 730 730 730
06 17 730 730 730 730 730 730 730 739 739 739 739 739 739 739 730 730 730 730 730 730 730 730 730 730
06 18 730 730 730 730 725 730 730 739 739 739 739 739 739 730 730 730 730 730 730 730 730 730 730 730
06 19 730 730 730 730 725 730 730 739 739 739 739 739 739 734 730 730 730 730 730 730 730 730 730 730
06 20 730 730 730 730 730 730 730 739 739 739 739 739 739 734 730 730 730 730 730 730 730 730 730 730
06 21 730 730 730 730 730 730 730 739 739 739 747 739 739 739 730 730 730 730 730 730 730 730 730 730
06 22 730 730 730 730 730 730 730 734 739 739 739 739 739 739 730 730 730 730 730 730 730 730 730 730
06 23 730 730 730 730 730 730 730 739 739 739 747 739 739 739 739 730 730 730 730 730 730 730 730 730
06 24 730 730 730 730 730 730 730 739 739 739 750 747 739 739 739 730 730 730 730 730 730 730 730 730
06 25 730 732 730 730 730 730 730 739 739 741 750 750 739 739 739 730 730 730 730 730 734 739 730 730
06 26 734 732 730 730 730 730 730 739 739 745 750 750 739 739 739 730 730 730 730 730 739 739 736 734
06 27 739 738 732 730 730 730 732 739 741 750 750 750 745 741 739 730 730 730 736 739 739 739 739 738
06 28 739 738 734 730 730 730 732 739 743 750 750 750 747 741 739 734 739 730 739 739 739 739 739 739
06 29 739 739 736 730 732 730 732 739 743 750 750 750 748 739 739 739 739 734 739 739 739 739 739 739
06 30 739 739 739 732 739 730 739 739 750 750 750 750 750 750 739 739 739 739 739 739 739 739 739 739
07 01 739 739 739 739 739 732 739 739 750 750 750 750 750 750 739 739 739 739 739 739 739 747 739 739
07 02 739 739 739 739 739 739 739 739 750 750 750 750 750 750 743 739 739 739 739 739 747 750 741 739
07 03 739 739 739 739 739 739 739 747 750 750 754 750 750 750 747 739 739 739 739 745 750 750 750 741
07 04 739 739 739 739 739 739 739 750 750 757 756 750 750 750 747 739 739 739 739 745 747 750 750 745
07 05 739 739 739 739 739 739 739 750 750 759 759 750 750 750 748 739 739 739 739 750 750 750 750 750
07 06 748 739 739 739 739 739 739 750 750 759 759 750 750 750 747 739 739 739 739 747 750 750 750 750
07 07 747 739 739 739 739 739 739 750 750 759 759 752 750 750 750 741 741 743 739 750 750 750 750 750
07 08 750 739 739 739 739 739 745 750 750 759 759 752 750 750 750 745 743 743 739 750 750 750 750 750
07 09 750 739 739 739 739 739 741 750 750 759 759 752 750 750 750 750 750 750 739 750 750 750 750 750
07 10 750 739 739 739 739 739 741 750 750 759 759 754 750 750 750 745 741 750 739 750 750 750 750 750
07 11 750 739 739 739 739 739 745 750 750 759 759 752 750 750 750 748 747 750 743 750 750 750 750 750
07 12 750 739 739 739 739 739 747 750 750 759 759 752 750 750 750 750 750 750 743 750 750 750 750 750
07 13 750 745 747 750 747 747 750 750 750 759 759 759 750 750 750 750 750 750 748 750 750 750 750 750
07 14 750 750 748 750 750 750 750 750 756 759 759 759 752 750 750 750 750 750 750 750 750 750 750 750
07 15 750 750 750 750 750 750 750 750 757 759 759 759 757 750 750 750 750 750 750 750 750 750 750 750
07 16 750 750 750 750 750 750 750 750 757 759 759 759 759 750 750 750 750 750 750 750 750 750 750 750
07 17 750 750 750 750 750 750 750 750 759 759 759 759 759 750 750 750 750 750 750 750 750 750 750 750
07 18 750 750 750 750 750 750 750 750 759 759 759 759 759 750 750 750 750 750 750 750 750 750 750 750
07 19 750 750 750 750 750 750 750 750 759 759 759 759 759 756 750 750 750 750 750 750 750 750 750 750
07 20 750 750 750 750 750 750 750 750 759 759 759 759 759 759 750 754 750 750 750 750 750 750 750 750
07 21 750 750 750 750 750 750 750 750 759 759 759 759 759 759 750 759 750 750 750 750 750 750 750 750
07 22 750 750 750 750 750 750 750 750 759 759 759 759 759 759 754 759 750 750 750 750 750 750 750 750
07 23 750 750 750 750 750 750 750 750 759 759 759 763 759 759 754 759 750 750 750 750 750 750 750 750
07 24 750 750 750 750 750 750 750 752 759 759 759 763 759 759 754 759 752 750 750 756 759 750 750 750
07 25 750 750 750 750 750 750 750 752 759 759 759 763 759 759 756 759 752 750 750 750 750 752 750 750
07 26 750 750 750 750 750 750 750 750 759 759 759 763 759 759 757 759 752 750 750 752 750 756 750 750
07 27 750 750 750 750 750 750 750 754 759 759 759 763 759 759 759 759 750 750 750 756 759 756 756 752
07 28 750 750 750 750 750 750 750 750 759 759 759 763 759 759 759 759 750 750 750 750 759 754 759 752
07 29 750 750 750 750 750 750 750 750 759 759 759 765 759 759 754 759 750 750 750 750 759 752 750 750
07 30 750 750 750 750 750 750 750 750 759 759 759 763 759 759 757 759 750 750 750 750 752 754 756 750
07 31 750 750 750 750 750 750 750 750 759 759 759 763 759 759 757 759 750 750 750 750 759 754 759 757
08 01 750 750 750 750 750 750 750 750 759 759 759 763 759 759 757 759 750 750 750 750 759 759 759 759
08 02 750 750 750 750 750 750 750 750 759 759 759 759 759 759 759 759 750 750 750 750 759 759 759 759
08 03 750 750 750 750 750 750 750 750 759 759 759 759 759 759 759 759 750 750 750 750 750 759 759 759
08 04 750 750 750 750 750 750 750 750 759 759 759 759 759 759 759 752 750 750 750 750 754 759 759 759
08 05 750 750 750 750 750 750 750 750 759 759 759 759 759 759 759 750 750 750 750 750 752 759 759 759
08 06 750 750 750 750 750 745 750 750 759 759 759 759 759 759 759 750 750 750 750 750 750 759 756 756
08 07 750 750 750 750 750 739 750 750 759 759 759 759 759 759 759 750 750 750 750 750 750 759 750 750
08 08 750 750 750 750 750 739 745 750 759 759 759 759 759 759 759 750 750 750 750 750 750 752 750 750
08 09 750 750 750 750 750 739 745 750 759 759 759 759 759 759 759 750 750 750 750 750 750 750 750 750
08 10 750 750 750 750 750 739 745 750 759 759 759 759 759 759 754 750 750 750 750 750 750 750 750 750
08 11 750 750 750 750 750 739 739 750 759 759 759 759 759 759 750 750 750 750 750 750 750 750 750 750
08 12 750 750 750 750 750 739 747 750 759 759 759 759 759 759 759 750 750 752 752 750 750 752 750 750
08 13 750 750 750 750 750 739 747 750 759 759 759 759 759 759 759 750 750 750 752 750 750 750 750 750
08 14 750 750 750 750 750 739 747 750 752 759 759 759 759 759 756 750 750 750 750 750 750 750 750 750
08 15 750 750 750 750 750 739 747 750 752 759 759 759 759 759 756 750 750 750 750 750 750 750 750 750
08 16 750 750 750 750 750 739 747 750 759 759 759 759 759 759 756 750 750 750 750 750 750 750 750 750
08 17 750 750 750 750 750 739 747 750 759 759 759 759 759 759 756 750 750 750 750 750 750 750 750 750
08 18 750 750 745 750 750 739 739 750 750 759 759 759 759 759 750 750 750 750 750 750 750 750 750 750
08 19 750 750 739 739 739 739 739 750 750 752 759 759 750 750 750 750 745 750 750 750 750 750 750 750
08 20 750 745 739 739 739 739 739 750 750 752 759 759 759 750 750 750 743 750 750 750 750 750 750 750
08 21 748 739 739 739 739 739 739 750 750 750 759 759 759 750 750 750 739 750 750 750 750 750 750 750
08 22 741 739 739 739 739 739 739 750 750 750 759 759 759 750 750 750 739 750 750 750 750 750 750 745
08 23 739 739 739 739 739 739 739 750 750 750 759 759 759 750 750 750 739 750 750 750 750 750 750 743
08 24 739 739 739 739 739 739 739 750 750 750 759 759 759 750 750 750 739 743 750 745 750 750 750 741
08 25 739 739 739 739 739 739 739 750 750 750 759 759 759 750 750 750 739 741 750 739 750 750 750 739
08 26 739 739 739 739 739 739 739 750 750 750 750 759 759 750 750 750 739 739 739 739 750 747 739 739
08 27 739 739 739 739 739 739 739 739 750 750 750 750 750 750 750 739 739 739 739 739 739 739 739 739
08 28 739 739 739 736 739 732 730 739 750 750 750 750 750 750 750 739 739 739 739 739 739 739 739 739
08 29 739 739 739 730 736 730 730 739 750 750 750 750 750 750 739 739 739 739 739 739 739 739 739 739
08 30 739 739 734 730 730 730 730 739 741 750 750 750 750 750 739 739 739 739 739 739 739 739 739 739
08 31 739 739 734 730 730 730 730 739 739 750 750 750 748 739 739 739 739 736 739 739 739 739 739 732
09 01 734 730 730 730 730 730 730 738 739 745 750 750 748 739 739 739 739 730 730 739 739 739 739 730
09 02 730 730 730 730 730 730 730 734 739 745 750 750 748 739 739 739 739 730 730 739 739 739 739 730
09 03 730 730 730 730 730 730 730 730 739 739 750 750 739 739 739 739 739 730 730 739 739 739 739 730
09 04 730 730 730 730 730 730 730 730 739 739 750 750 739 739 739 739 730 730 730 730 739 730 736 730
09 05 730 730 730 730 730 730 730 730 739 739 739 739 739 739 739 730 730 730 730 730 739 730 730 730
09 06 730 730 730 730 730 720 730 730 739 739 739 739 730 730 730 730 730 730 730 730 730 730 730 730
09 07 730 730 730 730 720 720 720 730 739 739 739 739 730 730 730 730 730 730 730 730 730 730 730 730
09 08 730 730 720 720 720 720 720 730 734 739 739 734 730 730 730 730 730 730 730 730 730 730 730 730
09 09 730 720 720 720 720 720 720 730 730 739 739 730 730 730 730 730 730 730 730 730 730 730 730 730
09 10 723 720 720 720 720 720 720 720 730 730 730 730 730 730 730 730 720 725 730 730 730 730 730 720
09 11 720 720 720 720 720 720 720 720 730 730 730 730 730 730 730 730 720 720 730 730 730 730 730 720
09 12 720 720 720 720 720 720 720 720 730 730 730 730 730 730 730 730 720 720 730 730 730 730 730 720
09 13 720 720 720 720 720 720 720 720 730 730 730 730 730 730 730 730 720 720 730 730 730 730 723 720
09 14 720 720 720 720 720 720 720 720 730 730 730 730 730 730 730 730 720 720 730 730 729 730 720 720
09 15 720 720 720 720 720 720 720 720 730 730 730 730 730 730 730 720 720 720 730 721 725 727 720 720
09 16 720 720 720 720 720 720 720 720 730 730 730 730 730 730 730 720 720 720 730 720 720 720 720 720
09 17 720 720 720 720 720 720 720 720 730 730 730 730 730 730 730 720 720 720 720 720 720 720 720 720
09 18 720 720 720 720 711 712 720 720 730 730 730 730 730 720 720 720 720 720 720 720 720 720 720 720
09 19 711 716 711 711 711 711 711 720 720 720 730 730 730 720 720 720 720 720 720 720 720 720 720 711
09 20 711 711 711 711 711 711 711 720 720 720 730 723 720 720 720 720 712 720 720 720 720 720 720 711
09 21 711 711 711 711 711 711 711 716 720 720 730 720 720 720 716 720 711 711 716 720 716 720 712 711
09 22 711 711 711 711 711 711 711 711 720 720 720 720 720 720 711 711 711 711 711 712 711 711 711 711
09 23 711 711 707 711 709 711 709 711 720 720 720 720 720 720 711 711 711 711 711 711 711 711 711 711
09 24 711 707 700 700 700 705 700 711 711 720 720 720 720 711 711 711 702 700 707 709 711 711 705 705
09 25 700 700 700 700 700 700 700 711 711 720 720 720 711 711 700 700 700 700 700 700 700 700 700 700
09 26 700 700 700 700 700 700 700 705 711 711 720 711 711 711 700 700 698 698 700 700 700 700 700 700
09 27 700 700 700 700 700 700 700 700 711 711 716 711 711 703 700 691 691 691 691 700 700 700 700 700
09 28 696 691 691 700 691 698 700 700 700 711 711 711 702 700 700 691 691 691 691 694 700 700 691 691
09 29 691 691 691 691 691 691 691 691 700 707 709 700 700 700 691 691 691 691 691 691 691 691 691 691
09 30 691 691 682 691 682 691 691 691 691 700 700 700 700 700 691 691 691 691 691 691 691 691 691 691
10 01 680 680 680 680 680 680 680 680 691 691 691 698 691 691 689 689 682 680 691 691 691 691 680 680
10 02 680 680 680 680 680 680 675 680 680 682 691 691 691 691 680 680 680 680 680 691 691 684 680 680
10 03 680 680 678 669 671 676 669 669 680 680 691 691 680 680 680 676 680 680 680 680 680 680 680 680
10 04 680 669 669 669 669 669 669 666 669 680 680 684 680 680 680 676 680 680 680 680 680 680 680 680
10 05 680 669 669 669 669 660 660 660 669 680 680 680 680 676 669 669 673 669 680 680 680 680 678 676
10 06 669 669 669 660 660 660 660 660 669 680 680 680 680 680 675 669 669 669 680 676 680 676 669 669
10 07 669 660 662 660 660 660 660 660 669 676 680 680 680 680 675 669 669 669 680 675 680 669 669 669
10 08 669 660 660 660 660 660 660 660 664 669 680 680 669 669 669 669 669 669 669 669 669 669 669 669
10 09 660 660 660 660 660 653 660 660 664 669 680 680 669 669 669 669 669 669 669 669 669 669 669 669
10 10 669 660 660 660 660 649 657 649 660 669 669 669 669 669 669 669 669 669 669 669 669 669 669 660
10 11 660 660 660 660 651 649 649 649 660 669 669 669 669 669 669 669 669 669 669 669 669 669 660 660
10 12 660 660 660 660 649 649 649 649 660 669 669 669 669 669 669 669 669 669 669 669 669 669 660 660
10 13 660 660 655 660 649 649 649 649 660 669 669 669 669 669 669 660 669 669 669 669 660 660 660 660
10 14 660 649 649 649 649 649 649 649 660 660 669 660 666 660 660 660 660 660 660 660 660 660 660 660
10 15 649 649 649 649 649 649 649 649 649 660 660 660 660 660 660 660 660 660 660 660 660 660 660 649
10 16 649 649 649 649 649 649 649 649 649 660 660 660 660 660 660 660 660 660 649 660 660 660 660 649
10 17 649 649 649 649 649 649 640 649 649 649 660 660 660 660 649 649 660 649 649 660 649 660 649 649
10 18 649 649 640 649 640 640 640 640 649 649 653 660 660 660 649 649 649 649 649 660 649 649 649 649
10 19 649 649 644 649 640 640 640 640 649 649 660 660 660 660 649 649 649 649 649 660 649 649 649 649
10 20 649 640 644 649 649 640 640 640 649 649 660 660 660 660 660 649 649 649 649 660 649 649 649 649
10 21 649 649 649 649 649 640 640 640 649 649 660 660 660 660 649 649 649 649 649 660 649 649 649 649
10 22 649 646 649 649 649 649 640 640 649 649 660 660 660 660 658 649 649 649 649 660 649 649 649 649
10 23 649 646 649 649 649 649 640 640 649 658 660 660 660 660 660 660 649 649 649 660 649 649 649 649
10 24 649 640 640 644 640 640 640 640 640 649 660 660 660 660 660 649 649 649 649 655 649 649 649 640
10 25 640 640 640 640 640 640 640 640 640 649 660 660 660 660 649 649 649 649 649 649 640 649 640 640
10 26 640 640 640 640 635 630 630 631 640 649 649 653 649 649 649 649 649 640 649 649 640 640 640 640
10 27 640 630 630 630 630 630 630 630 640 640 649 649 649 649 649 649 640 640 644 640 640 640 630 630
10 28 630 630 621 621 621 621 621 630 630 640 649 649 649 649 649 642 640 640 640 640 640 640 630 630
10 29 630 630 621 621 621 621 621 630 630 640 649 649 649 649 640 640 640 640 640 640 630 630 630 630
10 30 630 630 621 621 621 621 621 624 630 640 649 649 649 649 640 640 640 630 630 630 630 630 630 630
10 31 630 621 621 621 621 621 621 621 630 640 640 640 649 640 640 637 640 630 630 630 630 630 621 621
11 01 630 621 621 621 621 621 621 621 621 631 640 640 640 640 633 630 630 630 630 630 630 630 621 621
11 02 630 621 621 621 617 610 610 621 621 630 630 640 640 630 630 630 630 626 621 630 630 630 621 621
11 03 621 621 610 610 613 610 610 610 613 621 630 640 630 630 630 621 621 621 621 622 621 621 621 621
11 04 610 610 610 610 610 604 601 610 610 621 630 630 630 630 622 621 621 621 621 610 610 610 613 610
11 05 610 610 601 606 610 601 601 601 610 621 621 621 621 626 621 621 621 621 610 610 610 610 610 610
11 06 610 601 601 601 610 601 601 601 610 610 621 621 621 621 621 621 621 610 610 610 610 610 610 601
11 07 610 601 601 601 610 601 601 601 610 610 621 621 621 621 621 621 621 610 610 610 610 610 610 610
11 08 610 610 601 601 610 601 601 601 610 610 621 621 610 610 610 610 610 610 610 610 601 601 601 601
11 09 601 601 601 590 601 590 590 590 601 601 601 601 601 601 601 610 601 610 601 601 601 601 601 601
11 10 590 601 599 590 590 590 579 579 590 590 590 601 601 601 601 610 601 610 601 601 590 601 590 590
11 11 590 601 599 590 590 590 579 579 579 590 590 601 601 601 590 601 590 601 590 590 590 601 590 590
11 12 590 601 590 590 590 590 579 590 590 590 590 601 601 601 601 601 601 601 601 601 590 601 590 590
11 13 590 601 590 590 590 579 579 579 579 590 590 590 601 601 601 601 601 610 603 601 601 601 590 590
11 14 590 601 590 590 590 579 579 590 586 590 590 590 601 601 601 601 601 610 601 601 601 590 590 590
11 15 590 601 590 590 590 579 579 590 590 590 590 601 601 601 601 601 601 610 601 601 601 590 590 590
11 16 590 601 590 590 590 579 579 590 586 590 590 601 601 601 601 606 601 601 601 601 590 590 590 590
11 17 590 590 590 590 579 579 579 579 579 590 590 590 601 601 601 601 590 601 590 586 585 583 579 579
11 18 579 590 590 579 579 579 570 579 579 579 590 590 601 601 601 601 590 601 590 586 579 579 579 576
11 19 579 590 590 590 579 579 579 579 583 590 590 601 601 601 601 601 601 601 590 590 590 583 579 579
11 20 590 590 590 590 579 579 579 579 586 590 590 601 601 601 601 601 601 601 601 590 590 590 590 579
11 21 579 590 590 579 579 579 570 572 579 579 590 592 601 601 601 601 601 601 590 590 590 583 579 579
11 22 579 579 579 579 570 576 570 570 579 579 590 590 601 601 601 601 590 590 590 590 585 581 579 574
11 23 579 570 570 579 570 570 570 570 579 579 586 590 590 590 590 597 590 590 590 590 585 581 579 570
11 24 577 570 570 579 570 570 570 570 579 579 583 590 590 590 590 590 590 590 590 586 579 579 579 570
11 25 570 570 570 579 570 570 570 570 579 579 583 590 590 590 590 590 590 590 590 586 579 579 579 570
11 26 570 570 570 579 570 570 570 570 579 579 583 590 594 590 590 590 590 590 590 586 579 579 572 570
11 27 570 567 559 568 570 570 568 570 570 576 579 590 590 590 590 590 590 579 579 579 577 570 570 570
11 28 561 567 559 568 570 570 568 570 570 576 579 590 590 590 590 590 590 579 579 579 572 570 570 570
11 29 559 559 559 559 568 568 565 570 570 576 579 590 590 590 590 590 590 579 579 579 576 570 570 570
11 30 561 559 559 559 568 568 565 559 565 574 572 581 579 579 590 579 579 579 579 579 570 559 570 559
12 01 559 559 556 559 559 559 559 559 559 565 570 572 574 579 579 579 579 579 579 579 570 559 570 559
12 02 559 559 559 559 559 559 559 558 559 565 570 570 570 579 579 579 579 579 579 579 570 561 570 561
12 03 552 559 554 559 558 559 556 552 559 559 570 559 570 570 570 570 570 570 579 570 563 559 559 559
12 04 550 550 550 550 550 550 550 550 550 559 559 550 559 559 568 570 570 559 559 559 559 558 547 545
12 05 540 540 540 540 545 550 550 531 531 540 540 550 550 559 559 559 559 559 559 559 559 558 541 540
12 06 540 540 540 550 550 556 550 550 549 541 540 550 550 559 550 559 559 559 559 559 559 559 550 545
12 07 550 550 540 550 550 550 550 550 531 540 540 540 550 550 550 559 559 559 559 552 559 550 540 540
12 08 540 540 540 550 550 550 550 531 531 540 540 540 550 550 550 550 550 550 550 550 550 540 540 536
12 09 531 540 531 540 550 540 540 531 531 540 540 540 550 550 550 550 550 550 550 550 550 545 540 540
12 10 540 540 531 550 550 550 550 540 540 540 540 540 550 550 550 550 549 550 550 550 550 540 540 540
12 11 540 540 531 540 540 550 550 531 531 540 536 540 540 545 550 540 540 540 540 547 540 540 540 536
12 12 531 540 531 531 531 540 531 531 531 531 531 536 538 540 540 540 540 540 540 540 540 540 531 531
12 13 531 531 531 531 531 531 531 531 520 520 531 531 532 540 547 540 540 540 540 540 540 540 531 531
12 14 531 531 531 531 531 531 531 531 531 531 531 540 540 540 550 547 540 550 540 540 540 540 531 531
12 15 520 531 520 520 520 531 520 520 520 531 531 540 540 545 550 550 550 550 550 550 550 540 540 536
12 16 531 531 531 531 531 531 531 531 531 531 531 540 540 545 550 550 549 550 549 547 540 540 540 531
12 17 520 531 520 520 522 531 531 531 531 531 531 540 538 545 550 550 540 540 540 531 540 540 536 531
12 18 520 520 520 520 531 531 531 531 531 531 531 540 532 545 550 550 540 540 540 531 540 540 531 531
12 19 520 520 520 520 520 531 520 520 520 520 520 531 520 540 540 540 540 540 540 531 531 538 531 520
12 20 511 520 518 520 520 531 520 520 520 520 520 531 531 540 540 550 540 540 540 531 531 531 531 520
12 21 511 520 511 520 511 520 520 520 520 520 520 520 531 540 540 550 540 540 540 531 531 531 531 520
12 22 511 520 511 520 511 520 520 520 520 520 531 531 531 540 545 550 550 550 540 540 531 531 531 520
12 23 511 520 511 520 511 531 520 520 531 522 531 540 540 550 550 559 554 550 550 540 540 540 536 531
12 24 531 520 520 531 522 531 531 531 531 531 540 550 540 550 559 559 559 554 552 540 540 540 540 531
12 25 531 520 520 520 520 520 520 520 531 531 540 540 540 550 550 559 554 550 550 540 540 540 540 531
12 26 531 520 520 520 520 520 520 531 531 531 540 540 540 550 550 559 559 550 550 541 540 540 540 531
12 27 531 520 531 531 531 531 531 531 531 538 540 550 559 559 559 570 574 579 570 552 550 550 543 540
12 28 540 540 540 540 540 540 547 540 540 540 550 559 559 570 570 579 579 579 570 550 550 550 543 538
12 29 531 540 531 531 531 534 540 531 540 540 540 559 559 559 559 559 559 570 570 545 540 540 540 540
12 30 540 540 540 540 540 540 541 531 540 540 540 559 559 559 559 559 559 559 559 540 540 540 540 538
12 31 531 540 540 550 550 540 547 540 540 540 547 559 559 559 559 559 559 559 559 540 540 540 540 536
