01 01 680 680 680 669 680 669 669 669 680 691 698 691 691 680 680 691 680 680 680 680 680 680 680 680
01 02 669 669 669 669 669 662 662 669 669 691 691 691 680 680 680 680 680 680 680 680 680 680 680 680
01 03 669 669 669 669 662 662 662 669 669 691 691 691 691 680 680 680 680 680 680 680 680 680 680 680
01 04 669 669 669 669 662 662 662 669 669 691 691 691 691 680 680 680 680 680 680 680 680 680 680 680
01 05 669 669 669 669 662 660 660 662 669 691 691 691 680 680 680 680 680 680 680 680 680 680 680 669
01 06 669 669 669 669 660 660 660 662 669 691 691 680 680 680 680 680 680 680 680 680 680 680 680 669
01 07 669 669 669 669 662 660 660 660 669 680 691 680 680 680 680 680 680 680 680 680 680 669 669 669
01 08 669 669 662 662 660 660 660 660 662 680 691 680 680 680 669 680 680 680 680 680 680 669 669 669
01 09 669 669 660 660 660 660 660 660 660 680 680 680 669 669 669 680 669 669 669 680 669 669 669 669
01 10 662 662 660 660 660 660 660 660 660 680 680 680 669 669 669 669 669 669 669 669 669 669 669 669
01 11 662 662 660 660 660 660 660 660 660 680 680 680 669 669 669 669 669 669 669 669 669 669 669 662
01 12 662 662 660 660 660 649 660 660 660 680 680 680 669 669 669 669 669 669 669 669 669 669 669 662
01 13 662 662 660 660 660 649 660 660 660 680 680 680 669 669 669 669 669 669 669 669 669 669 669 662
01 14 660 662 660 660 649 649 660 660 660 669 680 680 669 669 669 669 669 669 669 669 669 669 669 660
01 15 660 662 660 660 660 649 660 660 660 669 680 669 669 662 669 669 669 669 669 669 669 662 669 660
01 16 660 662 660 660 660 649 660 660 660 669 680 669 669 662 669 669 669 669 669 669 669 669 669 660
01 17 649 662 660 660 660 649 660 660 660 669 680 669 669 662 669 669 669 669 669 669 669 669 669 660
01 18 649 660 660 660 660 649 660 660 660 669 680 669 669 662 669 662 669 669 669 669 669 669 669 660
01 19 649 660 660 660 649 649 660 660 660 669 680 669 669 662 669 662 669 669 669 669 669 669 669 660
01 20 660 660 660 660 660 649 660 660 660 669 680 669 669 662 669 662 669 669 669 669 669 669 669 660
01 21 660 660 660 660 660 649 660 660 660 669 680 669 669 662 669 662 669 669 669 669 669 669 669 660
01 22 660 660 660 660 660 649 660 660 660 680 680 669 669 662 669 662 669 669 669 669 669 669 669 660
01 23 660 662 660 660 660 660 660 660 660 680 680 669 669 662 669 662 669 669 669 669 669 669 669 660
01 24 660 662 660 660 660 660 660 660 660 680 680 680 669 662 669 662 669 669 669 669 669 669 669 660
01 25 662 660 660 660 660 649 660 660 660 680 680 680 669 662 669 662 669 669 669 669 669 669 669 662
01 26 669 660 660 660 660 660 660 660 662 680 680 680 669 662 669 662 669 669 669 669 669 669 669 662
01 27 669 660 660 660 660 660 660 660 660 680 680 680 669 662 669 662 669 669 669 669 669 669 669 662
01 28 662 660 660 660 660 660 660 660 660 680 680 680 662 662 669 660 669 669 669 669 669 669 669 662
01 29 669 662 660 660 660 660 660 660 660 680 680 669 662 662 669 662 669 669 669 669 669 669 669 662
01 30 669 662 660 660 660 660 660 660 660 680 680 669 662 662 669 660 669 669 669 669 669 669 669 662
01 31 669 660 660 660 649 660 649 660 660 680 680 669 662 662 669 660 669 669 669 669 669 669 669 662
02 01 669 660 660 660 660 660 649 660 660 680 680 669 662 660 662 660 669 669 669 669 669 669 669 662
02 02 669 660 660 660 649 660 649 660 660 680 680 669 662 660 662 660 669 669 669 669 669 669 669 662
02 03 669 660 660 660 660 660 660 660 660 680 680 680 662 662 669 660 669 669 669 669 669 669 669 662
02 04 669 660 660 660 649 660 660 660 660 680 680 680 662 662 669 660 669 669 669 680 680 669 669 662
02 05 669 660 660 660 660 660 660 660 660 680 680 680 662 662 662 660 669 669 669 669 669 669 669 662
02 06 662 660 660 660 649 660 660 660 660 680 680 669 662 662 662 662 669 669 669 669 669 669 662 662
02 07 662 660 660 660 649 660 660 660 660 680 680 669 662 660 662 662 662 669 669 669 669 669 662 662
02 08 662 660 660 660 649 660 660 660 660 680 680 669 662 660 662 662 662 669 669 669 669 669 662 662
02 09 662 660 660 660 649 660 660 660 662 680 680 669 662 662 662 662 662 669 669 669 669 669 662 660
02 10 662 660 660 660 649 660 660 660 660 680 680 669 662 662 662 662 662 662 669 669 669 669 662 660
02 11 662 660 660 660 649 660 660 660 660 680 680 669 662 662 662 662 669 669 669 669 669 669 662 660
02 12 662 660 660 660 649 660 660 660 662 680 680 669 669 662 662 669 669 669 669 669 669 669 662 662
02 13 662 660 660 660 660 660 660 660 662 680 680 680 669 669 669 669 669 669 680 669 669 669 662 662
02 14 669 660 660 660 660 660 660 660 669 680 680 680 669 669 669 669 669 680 680 680 680 669 669 669
02 15 669 662 660 662 660 660 660 660 669 680 680 680 680 680 680 680 680 680 680 680 680 680 669 669
02 16 669 669 662 662 669 660 669 660 669 680 680 680 680 680 680 680 680 680 680 680 680 680 669 669
02 17 669 669 669 669 669 662 669 662 669 680 691 680 680 680 680 680 680 680 680 680 680 680 669 669
02 18 669 669 669 669 669 662 669 662 669 680 680 680 680 680 680 680 680 680 680 680 680 680 669 669
02 19 669 669 669 662 669 662 662 660 669 680 680 680 680 680 680 680 680 680 680 680 669 680 669 669
02 20 669 669 669 669 669 660 662 660 669 680 680 680 680 680 680 680 680 680 680 680 680 680 680 669
02 21 680 669 669 669 669 662 662 662 669 680 680 680 680 680 680 680 680 680 680 680 680 680 680 669
02 22 680 669 669 669 669 662 662 662 669 680 680 680 680 680 680 680 680 680 680 680 680 680 680 680
02 23 680 669 669 669 669 662 669 669 680 691 691 680 680 680 680 680 680 680 680 680 680 680 680 680
02 24 680 680 680 680 680 669 669 669 680 691 691 680 680 680 680 680 680 680 680 680 680 680 680 680
02 25 680 680 680 680 680 669 669 669 680 691 691 680 680 680 680 680 680 680 680 680 680 680 680 680
02 26 680 680 680 669 680 669 669 669 680 691 691 680 680 680 680 680 680 680 680 680 680 680 680 680
02 27 680 680 680 669 680 669 669 669 680 691 691 680 680 680 680 680 680 680 680 680 680 680 680 680
02 28 680 680 680 669 669 669 669 669 680 691 691 680 680 680 680 680 680 680 680 680 680 680 680 680
03 01 680 680 680 669 669 669 669 662 680 691 691 680 680 669 680 669 680 680 680 680 680 680 680 669
03 02 680 669 669 669 669 669 669 662 669 680 680 680 669 669 669 669 669 669 680 680 680 680 680 669
03 03 680 669 669 669 669 662 662 662 669 680 680 680 669 669 669 669 669 669 669 680 680 680 680 669
03 04 669 669 669 669 669 662 660 660 669 680 680 680 669 669 669 669 669 669 680 680 680 680 669 669
03 05 669 669 669 669 669 662 660 660 669 680 680 680 669 669 669 669 669 669 680 680 680 680 680 669
03 06 669 669 669 669 669 669 662 662 680 691 680 680 669 669 669 669 669 680 680 680 680 680 680 669
03 07 680 669 669 669 669 669 662 662 680 691 680 680 669 669 669 669 669 680 680 680 680 680 680 669
03 08 669 669 669 669 669 669 662 662 680 691 680 680 680 669 669 669 669 680 680 680 680 680 680 669
03 09 669 669 669 669 669 669 669 669 680 691 691 680 680 680 669 669 669 680 680 680 680 680 680 669
03 10 669 669 669 669 669 669 669 662 680 691 680 680 669 669 669 669 669 680 680 680 680 680 680 669
03 11 669 669 669 669 669 662 662 660 680 691 680 680 669 669 669 669 680 680 680 680 680 680 680 680
03 12 669 669 669 669 669 662 660 660 680 691 680 680 680 680 669 669 680 680 680 680 680 680 680 680
03 13 680 669 669 669 669 662 662 662 680 691 680 680 680 680 669 669 680 680 680 680 680 680 680 680
03 14 680 669 669 669 669 662 662 662 680 691 680 680 669 669 669 669 680 669 680 680 680 680 680 669
03 15 680 669 669 669 662 662 660 662 680 680 680 680 669 680 669 669 680 669 680 680 680 680 680 669
03 16 680 669 669 669 662 662 660 662 680 680 680 680 669 680 669 669 680 669 680 680 680 680 680 669
03 17 680 669 669 669 662 662 660 660 680 680 680 680 669 680 669 680 680 680 680 680 680 680 680 669
03 18 680 669 669 662 662 662 660 662 680 691 680 680 680 680 680 680 680 680 680 680 680 680 680 680
03 19 680 680 669 669 669 669 662 662 680 691 680 680 680 680 680 680 680 680 680 680 680 680 680 680
03 20 680 680 669 669 669 669 662 662 680 691 680 680 680 680 680 680 680 680 680 680 680 680 680 680
03 21 680 680 669 669 669 669 662 662 680 691 680 680 680 680 680 680 680 680 680 691 680 680 680 680
03 22 680 680 669 669 669 669 662 669 680 691 680 680 680 680 680 680 680 680 680 691 680 680 680 680
03 23 680 680 669 669 669 669 669 669 680 691 680 680 680 680 680 680 680 680 680 691 691 691 691 680
03 24 680 680 669 669 669 669 669 669 680 691 691 680 680 691 680 691 680 691 691 691 691 691 691 680
03 25 680 680 680 669 669 669 669 680 691 691 691 691 680 691 691 691 680 691 691 691 691 691 691 680
03 26 680 680 680 680 680 680 680 680 691 698 691 691 680 691 691 691 680 691 691 691 691 691 691 680
03 27 680 680 680 680 680 680 680 680 698 698 691 691 680 691 691 691 680 691 691 691 691 691 691 680
03 28 680 680 669 680 680 680 680 680 691 691 691 691 680 691 691 691 680 691 680 691 691 691 691 680
03 29 680 680 669 669 680 680 669 680 698 691 691 691 680 691 691 691 680 691 680 691 691 691 691 680
03 30 680 680 680 680 680 680 680 680 698 698 691 691 680 691 691 691 680 691 680 691 691 691 691 680
03 31 680 680 680 680 680 680 680 680 698 698 691 691 691 691 691 691 680 691 691 691 691 691 691 680
04 01 680 680 680 680 680 680 680 680 698 698 691 691 691 691 691 691 680 691 691 691 691 691 691 680
04 02 680 680 680 680 680 680 680 680 698 698 691 691 691 691 691 691 680 691 691 691 691 691 691 680
04 03 680 680 680 680 680 680 680 680 698 698 691 691 691 691 691 691 680 691 691 691 691 691 691 680
04 04 680 680 680 680 680 680 680 680 698 698 691 691 691 691 691 691 691 691 691 691 691 691 691 680
04 05 680 680 680 680 680 680 680 680 691 698 691 680 691 680 680 680 680 691 691 691 691 691 691 680
04 06 680 680 680 680 680 680 680 680 691 691 691 680 691 691 691 680 680 691 691 691 691 691 691 680
04 07 680 680 669 680 680 680 680 680 691 698 691 680 691 680 680 680 680 691 691 691 691 691 691 680
04 08 680 680 680 680 680 680 669 680 691 698 691 691 691 680 691 680 680 691 691 680 691 691 691 680
04 09 680 680 680 680 680 680 669 680 698 698 691 691 691 680 691 680 680 691 680 680 691 691 691 680
04 10 680 680 680 680 680 680 669 680 698 691 691 691 691 680 691 680 691 691 691 680 691 691 691 680
04 11 680 680 680 680 680 669 669 680 698 691 691 691 691 691 691 680 691 691 691 691 691 691 691 691
04 12 691 680 680 680 669 669 669 680 698 691 691 691 691 691 691 691 691 691 691 691 691 691 691 680
04 13 691 680 680 680 680 680 669 680 700 691 691 691 691 691 691 691 691 691 691 691 691 691 691 680
04 14 691 680 680 680 669 669 669 680 700 691 691 691 691 691 691 691 691 691 691 691 691 698 691 680
04 15 691 680 680 680 669 669 669 680 700 698 691 691 691 691 691 691 691 691 691 691 691 691 691 691
04 16 691 680 680 680 680 669 669 691 700 698 691 691 691 691 691 691 691 691 691 691 691 691 691 691
04 17 691 680 680 680 669 669 669 680 700 698 691 691 691 691 691 691 691 691 691 691 691 698 691 691
04 18 691 680 680 680 680 680 680 691 700 698 698 691 691 691 691 691 691 691 691 691 691 698 691 691
04 19 691 680 691 680 680 680 680 691 700 698 698 691 691 691 691 691 691 691 691 691 698 698 691 691
04 20 691 691 691 680 680 680 680 691 700 698 698 691 691 698 698 691 691 691 691 691 698 698 691 691
04 21 698 691 691 680 680 680 680 691 700 700 698 691 691 698 698 698 691 691 691 698 698 698 691 691
04 22 698 691 691 680 680 680 680 691 700 700 698 698 698 698 698 698 691 691 691 698 698 698 691 691
04 23 698 691 691 680 680 680 680 698 700 700 700 698 698 700 698 700 698 691 698 698 700 700 698 698
04 24 698 698 691 691 691 680 680 698 711 700 700 700 700 700 700 700 700 698 700 700 700 700 700 698
04 25 700 700 691 691 691 680 680 700 711 711 711 700 700 700 700 700 700 698 700 700 700 700 700 700
04 26 700 700 698 691 691 691 691 700 711 711 711 711 700 700 700 700 700 700 700 700 700 700 700 700
04 27 711 700 700 698 698 691 691 700 711 711 711 711 711 711 711 700 700 700 711 711 711 711 700 700
04 28 711 700 700 700 698 691 691 711 716 711 711 711 711 711 711 700 711 700 700 711 711 711 700 700
04 29 711 700 700 700 698 691 700 711 720 711 711 711 711 711 711 711 711 711 711 711 711 711 711 711
04 30 711 700 700 700 700 691 698 711 720 711 711 711 711 711 711 711 711 711 711 711 711 711 711 711
05 01 711 700 700 700 700 691 700 711 720 711 711 711 711 711 711 711 711 711 711 711 711 711 711 711
05 02 711 711 711 700 700 700 700 711 720 716 711 711 711 716 711 711 716 711 716 711 711 711 711 711
05 03 711 700 700 700 700 700 700 711 720 716 711 716 711 716 711 711 716 711 716 711 720 716 711 711
05 04 711 711 711 711 700 700 700 711 720 720 711 716 711 716 711 711 720 711 720 716 720 716 711 711
05 05 711 711 711 711 700 700 700 711 720 720 711 716 711 711 711 716 720 711 720 716 720 716 711 716
05 06 711 711 711 711 700 700 700 711 720 716 711 711 711 711 711 711 720 711 720 716 720 716 716 711
05 07 711 711 711 711 700 700 700 716 720 716 711 711 711 716 711 711 720 716 720 716 720 716 716 716
05 08 711 711 711 711 700 700 700 711 720 716 711 711 711 716 711 716 720 716 720 716 720 716 716 716
05 09 711 711 711 700 700 700 700 716 720 716 711 711 711 716 716 716 720 716 720 720 720 720 716 720
05 10 711 711 711 711 711 700 700 720 730 716 716 716 716 720 720 716 720 720 720 720 720 720 720 716
05 11 711 711 711 711 711 711 711 720 730 720 716 711 716 720 716 716 720 720 720 720 720 720 720 720
05 12 711 711 711 711 711 711 711 720 730 720 716 716 716 716 720 716 720 720 720 720 720 720 720 720
05 13 716 716 711 711 711 711 711 720 730 720 716 716 720 720 720 720 720 720 720 720 720 720 720 720
05 14 716 716 711 711 711 711 711 720 730 720 716 716 720 720 720 720 720 720 720 720 720 720 720 720
05 15 720 716 716 711 711 711 711 720 730 720 720 716 720 720 720 720 720 720 720 720 720 720 720 720
05 16 720 720 716 716 711 711 711 730 730 730 720 720 720 720 720 720 720 720 720 720 720 720 720 720
05 17 720 720 720 720 711 711 711 730 730 730 720 720 720 720 720 720 720 720 730 730 720 730 720 720
05 18 720 720 720 720 716 716 716 730 730 730 720 720 720 720 720 720 720 720 730 730 730 730 720 720
05 19 720 720 720 720 716 716 716 730 730 730 720 720 720 720 720 730 730 730 730 730 730 730 730 720
05 20 720 720 720 720 716 716 716 730 734 730 720 720 730 730 730 730 730 730 730 730 730 730 730 720
05 21 720 720 720 720 720 720 720 730 734 730 730 730 730 730 730 730 730 730 730 734 730 730 730 730
05 22 720 720 720 720 720 720 720 730 734 730 730 730 730 730 730 730 730 730 734 734 730 730 730 730
05 23 720 730 720 720 720 720 720 730 739 734 730 730 730 730 734 730 730 730 734 734 734 734 730 730
05 24 730 730 720 720 720 720 720 734 739 734 730 730 730 730 734 730 734 734 734 734 734 734 730 730
05 25 730 730 720 720 720 720 720 734 739 734 730 730 730 734 739 734 734 734 734 734 734 734 730 730
05 26 730 730 730 720 720 720 730 734 739 739 730 734 734 734 739 734 739 734 734 734 734 734 734 730
05 27 730 730 730 730 730 720 730 739 739 739 734 734 739 739 739 739 739 734 734 739 734 734 734 734
05 28 734 730 730 730 730 730 730 739 739 739 734 739 739 739 739 739 739 739 739 739 739 739 739 734
05 29 734 734 730 730 730 730 730 739 750 739 739 739 739 739 739 739 739 739 739 739 739 739 739 739
05 30 734 734 734 734 730 730 730 739 750 739 739 739 739 739 739 739 750 739 739 739 739 739 739 739
05 31 734 739 734 734 730 730 730 739 750 750 739 739 739 750 750 750 750 739 739 739 739 739 739 739
06 01 739 739 734 734 734 730 734 750 750 750 739 739 750 750 750 750 750 750 739 750 739 739 739 739
06 02 739 739 739 734 734 730 739 750 750 750 739 739 750 750 750 750 750 750 750 750 739 750 739 739
06 03 739 739 739 739 734 734 739 750 752 750 750 750 750 750 750 750 750 750 750 750 739 750 739 750
06 04 739 739 739 739 739 734 739 750 752 750 750 750 750 752 750 750 750 750 750 750 750 750 750 750
06 05 739 739 739 739 739 734 739 750 752 750 750 750 750 752 750 750 750 750 750 750 750 750 750 750
06 06 739 739 739 739 739 739 739 750 759 752 750 750 752 759 752 752 750 750 750 750 750 750 750 750
06 07 750 739 739 739 739 739 739 752 759 752 750 750 752 759 752 752 750 750 750 750 750 750 750 750
06 08 750 750 739 739 739 739 739 752 759 752 752 750 752 759 759 752 752 752 750 750 750 750 750 750
06 09 750 750 739 739 739 739 739 752 759 752 752 752 759 759 759 752 752 752 752 750 750 750 750 750
06 10 750 750 739 739 739 739 739 752 759 752 752 752 759 759 759 752 752 752 752 750 750 750 750 750
06 11 750 750 739 739 739 739 739 752 759 759 752 752 759 759 759 752 752 752 752 750 750 750 750 750
06 12 750 750 739 739 739 739 739 752 759 759 752 752 759 759 759 752 752 752 752 750 750 750 750 750
06 13 750 750 739 739 739 739 739 752 759 759 752 752 759 759 759 752 752 752 752 750 750 750 750 750
06 14 750 750 739 739 739 739 739 752 759 759 752 752 759 759 759 752 752 752 752 750 750 750 750 750
06 15 750 750 739 739 739 739 739 752 759 759 752 752 759 759 759 752 752 752 752 750 750 750 750 750
06 16 750 750 739 739 739 739 739 752 759 759 759 752 759 759 759 752 752 752 752 750 750 750 750 750
06 17 750 750 739 739 739 739 739 752 759 759 759 752 759 759 759 752 752 752 752 750 750 750 750 750
06 18 750 750 739 739 739 739 739 759 759 759 759 752 759 759 759 752 752 752 752 750 750 750 750 750
06 19 750 750 739 739 739 739 739 759 759 759 759 759 759 759 759 752 752 752 752 750 750 750 750 750
06 20 750 750 739 739 739 739 739 759 759 759 759 752 759 759 759 759 752 752 752 750 750 750 750 750
06 21 750 750 739 739 739 739 739 759 759 759 759 752 759 759 759 759 752 752 752 750 752 752 752 750
06 22 750 750 739 739 739 739 739 759 759 759 759 759 759 759 759 759 759 752 759 752 752 752 752 750
06 23 750 750 750 739 739 739 739 759 759 759 759 759 759 759 759 759 759 752 752 752 752 750 752 750
06 24 750 750 750 750 739 739 739 759 759 759 759 759 759 759 759 759 759 752 752 752 752 750 752 752
06 25 750 750 750 750 739 739 739 759 759 759 759 759 759 759 759 759 759 752 752 752 750 750 752 750
06 26 750 750 750 750 739 739 739 759 759 759 759 759 759 759 759 759 759 752 752 752 752 752 752 752
06 27 750 750 750 750 739 750 739 759 759 770 759 759 759 759 759 759 759 752 752 752 752 752 752 752
06 28 750 750 750 750 739 750 750 759 759 770 759 759 759 759 759 759 759 752 752 752 752 759 752 752
06 29 750 750 750 750 739 750 750 759 759 770 759 759 759 759 759 759 759 759 752 752 752 759 759 759
06 30 750 750 750 750 739 750 750 759 759 770 759 759 759 759 759 759 759 759 759 752 752 759 759 759
07 01 752 750 750 750 750 750 750 759 770 770 759 759 759 770 759 759 759 759 759 752 752 759 759 759
07 02 752 750 750 750 750 750 750 759 770 770 759 759 759 770 759 759 759 759 759 759 759 759 759 759
07 03 752 750 750 750 750 750 750 759 770 770 759 759 759 770 759 759 759 759 759 759 759 759 759 759
07 04 752 752 750 750 750 750 750 759 770 770 759 759 759 770 759 759 759 759 759 759 759 759 759 759
07 05 752 752 750 750 750 750 750 759 770 770 759 759 759 770 759 759 759 759 759 759 759 759 759 759
07 06 759 752 752 750 750 750 750 759 770 770 759 759 759 770 759 770 759 759 759 759 759 759 759 759
07 07 752 752 752 750 750 750 750 759 770 770 759 759 759 770 759 770 759 759 752 759 759 759 759 759
07 08 752 752 752 750 750 750 750 759 770 770 759 759 759 770 759 770 759 759 759 759 759 759 759 759
07 09 759 752 752 750 750 750 750 759 770 770 759 759 770 770 759 770 759 759 759 759 759 759 759 759
07 10 759 752 752 752 750 750 750 770 770 770 759 759 770 770 759 770 759 759 759 759 759 759 759 759
07 11 759 752 752 752 750 750 750 770 770 770 770 759 770 770 759 770 759 759 759 759 759 759 759 759
07 12 752 752 752 752 750 750 750 770 770 770 759 759 770 770 759 770 759 759 759 759 759 759 759 759
07 13 759 752 759 752 750 750 750 770 770 770 770 770 770 770 759 770 770 759 759 759 759 759 759 759
07 14 752 759 759 752 750 750 750 770 770 770 770 770 770 770 759 770 770 759 759 759 759 759 759 759
07 15 752 759 759 752 750 750 750 770 770 770 770 759 759 770 759 759 759 759 759 759 759 759 759 759
07 16 752 752 752 752 750 750 750 770 770 770 759 759 759 770 759 759 759 759 759 759 759 759 759 759
07 17 752 759 752 752 750 750 750 759 770 770 759 759 759 770 770 770 770 759 759 759 759 759 759 759
07 18 752 759 752 752 750 750 750 770 770 770 759 759 759 770 770 770 759 759 759 759 759 759 759 759
07 19 759 759 759 752 750 750 750 770 770 770 759 759 759 770 770 770 759 759 759 759 759 759 759 759
07 20 759 759 752 752 750 750 750 770 770 770 759 759 759 770 770 770 770 759 759 759 759 759 759 759
07 21 759 759 752 752 750 750 750 770 770 770 759 759 770 770 770 770 770 759 759 759 759 759 759 759
07 22 759 759 752 752 750 750 750 770 770 770 759 770 770 770 770 770 770 759 759 759 759 759 759 759
07 23 759 759 752 752 750 750 750 770 770 770 759 759 770 770 770 770 770 759 759 759 759 759 759 759
07 24 759 759 752 752 750 750 750 770 770 770 770 770 770 770 770 770 770 759 759 759 759 759 759 759
07 25 759 759 752 752 750 750 750 770 770 770 770 770 770 770 770 770 770 759 759 759 759 759 759 759
07 26 759 759 752 752 750 750 750 770 770 770 770 770 770 770 770 770 770 759 759 759 759 759 759 759
07 27 759 759 752 752 750 750 750 770 770 770 770 770 770 770 770 770 770 759 759 759 759 759 759 759
07 28 759 759 752 752 750 750 750 770 770 770 770 770 770 770 770 770 770 759 759 770 759 759 759 759
07 29 759 752 752 752 750 750 750 770 770 770 770 770 770 770 770 770 770 759 759 770 759 759 759 759
07 30 759 752 752 752 750 750 750 770 770 770 770 770 770 770 770 770 770 759 770 770 759 759 759 759
07 31 759 759 752 752 752 750 750 770 770 770 770 770 770 770 770 770 770 770 770 770 770 759 759 759
08 01 759 752 752 752 752 750 750 770 770 770 770 770 770 770 770 770 770 770 759 770 759 759 759 759
08 02 759 752 752 752 752 750 750 770 770 770 770 770 770 770 770 770 770 770 770 770 759 759 759 759
08 03 759 759 752 752 752 750 750 770 770 770 770 770 770 770 770 770 770 770 770 770 770 759 759 759
08 04 759 759 752 752 752 750 750 770 770 770 770 770 770 770 770 770 770 770 759 759 759 759 759 759
08 05 759 759 752 752 752 750 750 770 770 770 770 770 770 770 770 770 770 759 770 759 759 759 759 759
08 06 759 759 752 752 752 750 750 770 770 770 770 770 770 770 770 770 770 770 770 759 759 759 759 759
08 07 759 759 752 752 752 750 750 770 770 770 770 770 770 770 770 770 770 770 759 759 759 759 759 759
08 08 759 759 752 752 752 750 750 770 770 770 770 770 770 770 770 770 770 770 759 759 759 759 759 759
08 09 759 759 752 752 752 750 750 770 770 770 770 770 770 770 770 770 770 770 770 759 759 759 759 759
08 10 759 759 752 752 752 752 752 770 770 770 770 770 770 770 770 770 770 770 770 759 770 759 759 759
08 11 759 759 759 752 752 752 752 770 770 770 770 770 770 770 770 770 770 770 770 759 770 759 759 759
08 12 759 759 759 752 752 752 752 770 770 770 770 770 770 770 770 770 770 770 770 770 770 759 759 770
08 13 759 759 759 759 752 752 752 770 770 770 770 770 770 770 770 770 770 770 770 770 770 759 759 759
08 14 759 759 759 752 752 752 752 770 770 770 770 770 770 770 770 770 770 770 770 770 770 759 759 759
08 15 759 759 759 752 752 752 752 770 770 770 770 770 770 770 770 770 770 770 770 770 770 759 759 759
08 16 759 759 759 752 752 752 752 770 770 770 770 770 770 770 770 770 770 770 770 759 770 759 759 759
08 17 759 759 759 752 752 752 752 770 770 770 770 770 770 770 770 770 770 770 770 759 770 759 759 759
08 18 759 759 759 752 752 752 752 770 770 770 770 770 770 770 770 770 770 770 770 770 759 759 759 759
08 19 759 759 759 752 752 752 752 770 770 770 770 770 770 770 770 770 770 770 770 770 759 759 759 759
08 20 759 759 759 759 752 752 752 770 770 770 770 770 770 770 770 770 770 770 770 759 770 770 759 759
08 21 759 759 759 759 759 752 752 770 770 770 770 770 770 770 770 770 770 770 770 759 770 770 759 759
08 22 759 759 759 759 759 752 752 770 770 770 770 770 770 770 770 770 770 770 770 759 770 770 770 770
08 23 759 759 759 759 759 759 752 770 770 770 770 770 770 770 770 770 770 770 770 759 770 770 770 770
08 24 759 759 759 759 759 759 752 770 770 770 770 770 770 770 770 770 770 770 759 759 770 770 770 770
08 25 759 759 759 759 759 752 752 759 770 770 770 770 770 770 770 770 770 770 759 759 770 770 770 759
08 26 759 759 759 759 759 752 752 759 770 770 770 770 770 770 770 770 770 770 759 759 770 770 759 759
08 27 759 759 759 759 759 752 752 759 770 770 770 770 770 770 770 770 770 770 770 759 770 770 759 759
08 28 759 759 759 759 759 752 752 759 770 770 770 770 770 770 770 770 770 770 770 759 759 770 759 759
08 29 759 759 759 759 759 752 752 759 770 770 770 770 770 770 770 770 770 770 770 759 759 770 770 759
08 30 759 759 759 759 759 752 752 759 770 770 770 770 770 770 770 770 770 770 770 759 759 759 759 759
08 31 759 759 759 759 759 752 752 759 770 770 770 770 770 770 770 770 770 770 770 759 759 759 759 759
09 01 759 759 759 759 752 752 752 759 770 770 770 770 770 770 770 770 770 759 770 759 759 759 759 759
09 02 759 759 759 759 752 752 750 759 770 770 770 770 770 770 770 770 770 759 770 759 759 759 759 759
09 03 759 759 759 759 752 752 752 759 770 770 770 770 770 770 770 770 770 759 759 759 759 759 759 759
09 04 759 759 759 759 752 752 752 759 770 770 770 770 770 770 770 770 770 759 770 759 759 759 759 759
09 05 759 759 759 759 752 750 750 759 770 770 770 770 770 759 770 770 770 759 759 759 759 759 759 759
09 06 759 759 759 759 752 750 750 759 770 770 770 759 759 759 770 759 770 759 759 759 759 759 759 759
09 07 752 759 752 752 750 750 750 759 770 770 759 759 759 759 759 759 759 759 759 759 759 759 759 759
09 08 752 759 752 752 750 750 750 759 770 770 759 759 759 759 759 759 759 759 759 759 759 759 759 759
09 09 754 759 752 752 750 750 750 759 770 770 759 759 759 759 759 759 759 759 759 759 759 759 759 759
09 10 752 752 752 752 750 750 750 759 770 770 759 759 759 759 759 759 759 759 759 759 759 759 759 756
09 11 752 752 752 752 750 750 750 759 770 770 759 759 759 759 759 759 759 759 759 759 759 759 759 756
09 12 752 752 752 752 750 750 750 752 770 770 759 759 759 759 759 759 759 759 759 759 759 759 759 756
09 13 752 752 752 752 750 750 750 752 770 770 759 759 759 759 759 759 759 759 759 759 759 756 756 759
09 14 752 752 752 752 750 750 750 752 770 770 759 759 759 759 759 759 759 759 759 759 759 752 759 759
09 15 752 752 752 752 750 750 750 759 770 759 759 759 759 759 759 759 759 759 759 759 759 752 759 759
09 16 752 752 752 752 750 750 750 759 770 759 759 759 759 759 759 759 759 759 752 759 759 752 756 759
09 17 752 752 752 752 752 750 750 752 770 759 759 759 759 759 759 759 759 759 752 759 752 752 752 752
09 18 752 752 752 752 750 750 750 752 770 770 759 759 759 759 759 759 759 759 752 759 752 752 752 752
09 19 752 752 752 752 750 750 750 752 770 759 759 759 759 759 759 759 759 759 752 752 752 752 752 752
09 20 752 752 752 752 750 750 750 752 770 770 759 759 759 759 759 759 759 752 752 752 752 752 752 752
09 21 752 752 752 752 750 750 750 752 770 759 759 752 759 759 759 759 759 752 752 752 752 752 752 752
09 22 752 752 750 752 750 750 750 752 770 759 759 752 759 759 759 759 759 752 752 752 752 752 752 752
09 23 752 752 750 750 750 750 750 750 759 759 759 752 759 759 759 759 759 752 752 752 752 752 752 752
09 24 752 752 750 750 750 750 750 750 759 759 759 752 752 759 759 759 759 752 752 752 752 750 752 752
09 25 752 752 750 750 750 750 750 750 759 759 759 752 759 759 759 759 759 752 752 752 752 750 752 752
09 26 752 750 750 750 750 750 750 750 759 759 759 752 759 759 759 759 759 759 752 752 752 750 752 752
09 27 752 750 750 750 750 750 750 750 759 759 759 759 752 759 759 759 759 752 752 752 752 752 752 752
09 28 752 750 750 750 750 750 750 750 759 759 759 752 759 759 759 759 759 752 752 752 752 752 752 752
09 29 752 750 750 750 750 750 750 750 759 759 759 752 752 759 759 759 759 752 752 752 752 752 752 752
09 30 752 750 750 750 750 750 750 750 759 759 759 752 752 759 759 759 759 752 752 752 752 752 752 752
10 01 750 750 750 750 750 750 750 750 759 759 759 752 752 759 759 759 752 752 752 752 752 752 752 752
10 02 750 750 750 750 750 750 739 750 759 759 759 752 752 752 752 759 752 752 752 752 752 752 752 752
10 03 750 750 750 750 750 750 739 750 759 759 759 752 752 759 752 759 752 752 752 752 752 752 752 752
10 04 750 750 750 750 750 739 739 750 759 759 759 752 752 752 752 759 752 752 752 752 752 752 752 750
10 05 750 750 750 739 750 739 739 750 759 759 759 752 752 752 752 759 752 752 752 752 752 752 750 750
10 06 750 750 750 739 739 739 739 750 759 759 752 752 752 752 752 752 752 752 752 752 752 752 750 750
10 07 750 750 750 739 750 739 739 750 759 759 752 752 752 752 752 752 752 752 752 752 750 752 750 750
10 08 750 750 750 739 739 739 739 750 759 759 752 752 752 752 752 752 752 752 752 752 750 750 750 750
10 09 739 750 739 739 739 739 739 739 759 759 752 752 750 752 750 752 752 752 750 750 750 750 750 750
10 10 739 750 739 739 739 739 739 739 759 759 752 750 750 750 750 752 750 750 750 750 750 750 750 750
10 11 739 739 739 739 739 739 739 739 759 759 750 750 750 750 750 752 750 750 750 750 750 750 750 750
10 12 739 739 739 739 739 739 734 739 759 759 750 750 750 750 750 750 750 750 750 750 750 750 750 750
10 13 739 739 739 739 734 734 734 739 752 752 750 750 750 750 750 750 750 750 750 750 750 750 750 739
10 14 739 739 739 739 734 734 734 739 752 752 750 750 750 750 750 750 750 750 750 750 750 750 739 739
10 15 739 739 739 739 734 734 734 734 752 752 750 750 739 750 750 739 750 750 750 750 750 739 739 739
10 16 734 739 739 734 734 734 730 734 750 752 750 750 739 739 750 739 750 750 739 739 739 739 739 739
10 17 734 739 739 734 730 730 730 734 750 752 750 750 739 739 739 739 739 739 739 739 739 739 739 739
10 18 734 739 734 734 730 730 730 730 750 750 750 739 739 739 739 739 739 739 739 739 739 739 739 739
10 19 734 739 730 730 730 730 730 730 750 750 750 739 739 739 739 739 739 739 739 739 739 739 739 734
10 20 734 734 730 730 730 730 730 730 750 750 750 739 739 739 739 739 739 739 739 739 739 739 734 734
10 21 730 734 730 730 730 730 730 730 750 750 739 739 739 739 739 739 739 739 739 739 739 739 734 734
10 22 730 730 730 730 730 730 730 730 739 750 739 739 739 739 739 739 739 734 739 739 739 739 730 730
10 23 720 730 730 730 730 720 730 720 739 750 739 739 739 739 739 739 739 734 739 734 739 734 730 730
10 24 720 730 720 720 720 720 720 720 739 750 739 739 739 739 739 739 739 730 734 734 734 734 730 730
10 25 720 730 730 720 720 720 720 720 739 750 739 739 739 739 739 734 734 730 734 734 734 734 730 730
10 26 720 730 720 720 720 720 720 720 739 750 739 739 739 739 739 730 730 730 730 730 734 734 730 730
10 27 720 730 720 720 720 720 720 720 739 739 739 734 734 739 739 730 730 730 730 730 730 730 730 730
10 28 720 720 720 720 720 720 720 720 734 739 734 730 734 734 730 730 730 730 730 730 730 730 730 720
10 29 720 720 720 720 720 720 720 720 730 739 730 730 730 730 730 730 730 730 730 730 730 730 730 720
10 30 720 720 720 720 720 720 720 720 730 739 730 730 730 730 730 730 730 730 730 730 730 730 720 720
10 31 720 720 720 720 720 720 720 720 730 734 730 730 730 730 730 730 730 730 730 730 730 720 720 720
11 01 720 720 720 720 720 716 716 716 730 734 730 730 730 730 730 730 720 720 730 730 730 720 720 720
11 02 716 720 716 720 720 716 716 716 730 734 730 730 730 730 730 730 720 720 720 730 720 720 720 720
11 03 716 720 716 716 716 716 716 716 730 730 730 730 730 730 720 730 720 720 720 720 720 720 720 716
11 04 716 716 711 716 716 711 716 716 730 730 730 730 730 720 720 720 720 720 720 720 720 720 720 716
11 05 716 716 711 711 716 711 711 711 720 730 730 720 730 720 720 720 720 716 720 720 720 720 720 711
11 06 711 711 711 711 711 711 711 711 720 730 730 720 730 720 720 720 720 716 720 720 720 720 720 711
11 07 711 711 711 711 711 711 711 711 720 730 720 720 730 720 720 720 720 716 720 720 720 720 720 711
11 08 711 711 711 711 711 711 711 711 720 730 720 720 720 720 720 720 720 716 720 720 720 711 711 711
11 09 711 711 711 700 711 711 711 711 720 720 720 720 720 720 720 720 711 711 720 720 711 711 711 711
11 10 711 711 700 700 700 700 711 711 716 720 720 720 720 720 720 720 711 711 716 720 720 711 711 711
11 11 711 700 700 700 700 700 700 700 711 720 720 716 720 716 711 711 711 711 711 711 711 711 711 711
11 12 711 700 700 700 700 700 700 700 711 720 720 716 716 716 711 711 711 711 711 711 711 711 711 711
11 13 711 700 700 700 700 700 700 700 711 720 720 716 716 716 711 716 711 711 711 711 711 711 711 700
11 14 711 700 700 700 700 700 700 700 711 720 720 711 716 716 711 716 711 711 711 711 711 711 711 700
11 15 711 700 700 700 700 700 700 700 711 720 720 711 716 716 711 711 711 711 711 711 711 711 711 711
11 16 711 700 700 700 700 700 700 700 711 720 720 716 716 716 716 716 716 711 711 711 711 711 711 711
11 17 711 700 700 700 700 700 700 700 711 720 720 711 716 711 716 716 711 711 711 711 711 711 711 700
11 18 700 700 700 700 700 700 700 700 711 720 720 711 716 716 716 716 711 711 711 711 711 711 711 700
11 19 711 700 700 700 700 700 700 700 711 720 720 711 711 711 711 716 711 711 711 711 711 711 711 700
11 20 711 700 700 700 700 700 700 700 711 720 720 711 711 711 711 711 711 711 711 711 711 711 711 700
11 21 711 700 700 700 700 698 698 698 711 720 720 711 711 711 711 711 711 711 711 711 711 711 711 700
11 22 711 700 700 700 698 700 698 698 711 720 720 711 711 711 711 711 711 711 711 711 711 711 711 700
11 23 711 700 700 700 698 700 698 700 711 720 720 711 711 711 711 711 711 711 711 711 711 711 711 700
11 24 711 700 700 698 698 700 698 698 711 720 720 711 711 711 711 711 711 711 711 711 711 711 711 700
11 25 711 700 700 698 698 700 698 698 711 720 716 711 711 711 711 711 711 711 711 711 711 711 700 700
11 26 711 700 700 698 698 698 698 698 711 720 716 711 711 711 711 711 711 711 711 711 700 711 700 700
11 27 700 700 700 698 698 698 698 698 711 716 716 711 711 711 711 711 711 711 711 711 700 700 700 698
11 28 700 698 700 698 691 698 691 691 700 711 711 711 711 711 711 711 711 700 711 700 700 700 700 698
11 29 700 698 698 691 691 691 691 691 700 711 711 711 700 711 711 700 711 700 700 700 700 700 698 691
11 30 698 691 691 691 691 691 691 691 700 711 711 711 700 711 711 700 700 700 700 700 700 700 698 691
12 01 691 691 691 691 680 680 691 691 700 711 711 700 700 700 700 700 700 700 700 700 700 700 691 691
12 02 691 691 691 691 680 680 691 691 700 711 700 700 700 700 700 700 700 700 700 700 700 698 691 691
12 03 691 691 691 680 680 680 691 680 698 700 700 700 700 700 700 700 700 700 700 700 700 698 691 691
12 04 691 691 691 680 680 680 680 680 691 700 700 700 700 700 700 700 700 700 700 700 700 700 691 691
12 05 691 691 691 680 680 680 680 680 698 700 700 700 700 700 700 700 700 700 700 700 700 698 691 691
12 06 691 691 691 680 680 680 680 680 691 700 700 700 700 700 700 700 700 700 700 700 698 698 691 691
12 07 691 691 691 680 680 680 680 680 691 700 700 700 700 700 698 700 700 700 700 700 698 691 691 691
12 08 691 691 680 680 680 680 680 669 691 700 700 698 700 698 698 698 691 698 700 700 698 691 691 691
12 09 691 691 680 680 680 680 680 669 691 700 700 700 698 698 691 691 691 698 698 698 691 691 691 691
12 10 680 680 680 680 680 680 680 669 680 700 700 700 698 698 691 691 691 698 698 698 691 691 691 691
12 11 680 680 680 680 680 680 680 669 680 700 700 700 698 698 691 691 691 691 698 698 691 691 691 680
12 12 680 680 680 680 680 680 680 669 680 700 700 698 698 698 691 691 691 691 698 698 691 691 691 680
12 13 680 680 680 680 680 680 669 669 680 700 700 698 698 698 691 691 691 691 698 698 691 691 680 680
12 14 680 680 680 680 680 680 669 669 680 700 700 698 698 698 691 691 691 691 698 698 691 691 680 680
12 15 680 680 680 680 680 680 669 669 680 698 700 698 698 698 691 691 691 691 691 691 691 691 680 680
12 16 680 680 680 680 680 680 669 669 680 698 700 698 698 698 691 691 691 691 691 691 691 680 680 680
12 17 680 680 680 680 680 680 669 669 680 698 700 698 698 698 691 691 691 691 691 691 691 680 680 680
12 18 680 680 680 680 680 680 669 669 680 698 698 698 698 691 691 691 691 691 691 691 691 680 680 680
12 19 680 680 680 680 680 680 669 669 680 698 698 698 691 691 691 691 691 691 680 691 680 680 680 680
12 20 669 680 669 680 680 669 669 669 680 691 698 698 691 691 680 680 680 680 680 680 680 680 680 680
12 21 669 680 669 669 680 669 669 669 680 691 698 698 691 691 680 680 680 680 680 680 680 680 680 669
12 22 669 669 669 669 669 669 669 662 669 691 691 691 691 691 680 680 680 680 680 680 680 680 680 669
12 23 669 669 669 669 669 669 669 669 669 691 691 691 691 691 680 680 680 680 680 680 680 680 680 669
12 24 669 669 669 669 669 669 669 669 669 691 691 691 691 691 680 680 680 680 680 680 680 680 680 669
12 25 669 669 669 669 669 669 669 662 669 691 691 691 691 691 680 680 680 680 680 680 680 680 680 669
12 26 669 669 669 669 669 669 662 662 669 691 691 691 691 691 680 680 680 680 680 680 680 680 680 680
12 27 680 680 669 669 669 669 669 669 669 691 691 691 691 691 680 680 680 680 680 680 680 680 680 680
12 28 680 680 669 669 669 669 669 669 680 691 691 691 691 691 680 680 680 680 680 680 680 680 680 680
12 29 680 680 680 669 680 669 669 669 680 691 698 691 691 691 691 691 691 691 680 680 680 680 680 680
12 30 680 680 680 669 680 669 669 669 680 691 698 691 691 691 691 691 691 691 680 680 680 680 680 680
12 31 680 680 680 669 680 669 669 669 680 691 698 691 691 691 691 691 691 691 680 691 691 680 680 680
