01 01 -9999 351 351 351 351 351 351 351 351 351 351 351 351 356 351 351 351 351 351 351 351 351 351 351
01 02 -9999 351 351 351 351 351 351 349 349 351 351 351 351 351 351 351 351 351 351 351 351 351 351 351
01 03 -9999 351 351 351 351 351 351 349 340 351 351 351 351 351 351 351 351 351 351 351 351 349 349 351
01 04 -9999 351 351 351 351 340 340 340 340 340 340 351 351 351 351 351 340 351 340 349 349 340 340 340
01 05 -9999 351 349 351 351 340 340 340 340 340 340 351 351 351 349 351 340 340 340 340 340 340 340 340
01 06 -9999 351 340 340 340 340 340 340 340 340 340 351 351 351 351 351 340 340 340 340 340 340 340 340
01 07 -9999 351 340 340 351 340 340 340 340 340 351 351 351 351 351 351 351 351 351 349 340 340 340 340
01 08 -9999 351 340 349 351 340 340 340 340 351 351 351 351 351 351 351 351 351 351 349 340 340 340 340
01 09 -9999 351 351 351 351 340 340 340 351 351 351 351 351 351 351 351 351 351 351 340 340 340 340 351
01 10 -9999 351 351 351 351 351 351 340 351 351 351 351 351 351 351 351 351 351 351 351 351 351 351 351
01 11 -9999 351 351 351 351 351 351 340 351 351 351 351 351 351 351 356 351 351 351 351 351 351 351 351
01 12 -9999 351 351 351 351 351 351 351 351 351 351 351 351 351 351 356 351 351 351 351 351 351 351 351
01 13 -9999 351 351 351 351 351 351 351 351 351 351 356 356 351 351 356 351 351 351 351 351 351 351 351
01 14 -9999 351 351 351 351 351 351 351 351 351 351 356 356 356 356 356 351 351 351 351 351 351 351 351
01 15 -9999 351 351 351 351 351 351 351 351 351 356 356 356 356 356 360 351 351 351 351 351 351 351 351
01 16 -9999 351 351 351 351 351 351 351 351 351 356 356 356 360 356 360 351 351 351 351 351 351 351 351
01 17 -9999 356 351 351 351 351 351 351 351 351 351 356 356 360 356 360 351 351 351 351 351 351 351 351
01 18 -9999 351 351 351 351 356 351 356 356 351 351 356 356 360 356 360 351 351 351 351 351 351 351 351
01 19 -9999 351 351 351 351 356 351 356 351 351 356 356 356 360 356 360 351 351 351 351 351 351 351 351
01 20 -9999 351 351 351 351 351 351 351 351 351 356 356 351 360 356 360 351 351 351 351 351 351 351 351
01 21 -9999 351 351 351 351 356 351 351 351 351 351 351 351 360 351 360 351 351 351 351 351 351 340 351
01 22 -9999 351 351 351 351 351 351 351 351 351 351 351 356 351 351 360 351 351 351 349 351 351 340 351
01 23 -9999 351 351 351 351 351 351 351 351 351 351 351 351 351 351 356 351 351 351 349 351 349 340 351
01 24 -9999 351 351 351 351 351 351 351 351 351 351 351 351 356 351 360 351 351 351 351 351 349 340 351
01 25 -9999 349 349 351 351 351 351 351 351 351 351 351 351 356 351 356 351 351 351 340 351 340 340 351
01 26 -9999 351 340 351 351 351 351 351 351 351 351 351 351 356 351 356 351 351 351 340 351 349 340 351
01 27 -9999 351 349 351 351 351 351 351 351 351 351 351 351 356 351 356 351 351 351 340 351 351 349 351
01 28 -9999 349 349 351 351 351 351 351 351 351 351 351 351 356 351 356 351 351 351 349 351 349 349 351
01 29 -9999 351 349 351 351 351 351 351 351 351 351 351 351 356 360 360 351 351 351 349 351 351 349 351
01 30 -9999 351 351 351 351 351 351 351 351 351 351 351 356 360 360 360 356 351 351 340 351 351 351 351
01 31 -9999 351 351 351 351 351 351 351 351 351 351 351 356 360 360 360 360 351 351 351 351 351 351 351
02 01 -9999 351 351 351 351 351 351 351 351 351 356 356 360 360 360 360 360 351 351 351 351 351 351 351
02 02 -9999 351 351 351 351 351 351 351 351 351 356 356 360 360 360 360 360 356 351 351 351 351 351 351
02 03 -9999 351 351 351 351 351 351 351 351 351 356 356 360 360 360 360 360 356 351 351 351 351 351 351
02 04 -9999 351 351 351 351 351 351 351 351 356 356 360 360 360 360 360 360 360 351 351 351 351 351 351
02 05 -9999 351 351 351 351 351 351 351 351 356 356 356 360 360 360 360 360 360 351 351 351 351 351 351
02 06 -9999 351 351 351 351 351 351 351 351 351 356 356 360 360 360 360 360 360 351 351 351 351 351 351
02 07 -9999 351 351 351 351 351 351 351 351 351 356 356 360 360 360 360 360 360 351 351 351 351 351 351
02 08 -9999 351 351 351 351 349 351 351 351 351 356 356 360 360 360 360 360 360 351 351 351 351 351 351
02 09 -9999 351 351 351 349 349 351 349 349 351 351 356 360 360 360 360 360 356 351 351 351 351 351 349
02 10 -9999 351 351 351 340 340 349 340 340 351 351 356 360 360 360 360 360 356 351 351 351 349 349 349
02 11 -9999 351 351 351 340 340 349 340 340 351 351 351 360 360 360 360 360 351 349 349 349 340 340 340
02 12 -9999 349 349 349 340 340 349 340 340 349 351 351 356 360 360 360 360 351 340 340 340 340 340 340
02 13 -9999 349 340 349 340 340 340 340 340 340 349 351 356 360 360 360 360 351 340 340 340 340 340 340
02 14 -9999 340 340 340 340 340 340 340 340 340 340 351 356 356 360 356 360 351 340 340 340 340 340 340
02 15 -9999 340 340 340 340 340 340 338 340 340 340 351 351 351 356 351 356 351 340 340 340 340 340 340
02 16 -9999 340 340 340 340 340 340 338 340 340 340 351 351 351 351 351 351 351 340 340 340 340 340 340
02 17 -9999 340 340 340 340 340 340 340 340 340 340 351 351 351 351 351 351 351 340 340 340 340 340 340
02 18 -9999 340 340 340 340 338 340 338 340 340 340 351 351 351 351 351 351 349 340 340 340 340 340 340
02 19 -9999 340 340 340 340 338 340 331 340 340 340 351 351 351 351 351 351 349 340 340 340 340 340 338
02 20 -9999 340 340 340 338 338 340 331 338 340 340 351 351 351 351 351 351 351 340 340 340 340 340 340
02 21 -9999 340 340 340 340 338 340 331 340 340 340 351 351 351 351 351 351 351 340 340 340 340 340 340
02 22 -9999 340 340 340 340 340 340 331 340 340 340 351 351 351 351 351 351 351 349 340 340 340 340 340
02 23 -9999 340 340 340 340 340 340 338 340 340 340 351 351 351 351 351 351 351 351 349 351 340 340 340
02 24 -9999 340 340 340 340 340 340 340 340 340 340 351 351 351 351 351 351 351 351 351 351 340 340 340
02 25 -9999 340 340 340 340 340 340 340 340 340 340 351 351 351 351 351 351 351 351 351 351 340 340 340
02 26 -9999 340 340 340 340 340 340 340 340 340 340 351 351 351 351 351 351 351 351 351 351 340 340 340
02 27 -9999 340 340 340 331 331 340 340 338 340 340 351 351 351 351 351 351 351 351 351 349 340 340 340
02 28 -9999 340 340 340 340 340 340 340 340 340 340 351 351 351 351 351 351 351 351 349 351 340 340 340
03 01 -9999 340 340 340 340 340 340 340 340 340 340 351 351 351 351 351 351 351 351 351 351 349 349 340
03 02 -9999 340 340 340 340 340 340 340 340 340 340 351 351 351 351 351 351 351 351 351 351 351 351 349
03 03 -9999 340 340 340 340 340 340 340 340 340 351 351 351 360 351 360 351 351 351 351 351 351 351 349
03 04 -9999 340 340 340 340 340 340 340 340 340 351 351 360 360 356 360 351 356 351 351 351 351 351 351
03 05 -9999 340 340 340 340 340 340 340 340 349 351 351 360 360 360 360 360 356 351 351 351 351 351 349
03 06 -9999 340 340 340 349 349 340 340 340 349 351 351 360 360 360 360 360 356 351 351 351 351 351 340
03 07 -9999 340 340 340 351 340 340 340 340 349 351 351 360 360 360 360 360 356 351 351 351 351 351 340
03 08 -9999 340 340 349 349 340 340 340 340 351 351 351 360 360 360 360 356 351 351 351 349 349 340 340
03 09 -9999 340 340 340 340 340 340 340 340 349 351 351 360 360 360 360 351 351 351 351 340 340 340 340
03 10 -9999 340 340 340 349 340 340 340 340 349 351 351 360 351 360 356 351 351 349 340 340 340 340 340
03 11 -9999 340 340 340 340 340 340 340 340 349 351 351 360 351 356 356 351 351 340 340 340 340 340 340
03 12 -9999 340 340 340 340 340 340 340 340 349 351 351 360 351 356 356 351 351 340 340 340 340 340 340
03 13 -9999 340 340 340 340 340 340 340 340 349 351 351 360 351 351 351 351 351 340 340 340 340 340 340
03 14 -9999 340 340 340 340 340 340 340 340 349 351 351 360 351 351 351 351 351 340 340 340 340 340 340
03 15 -9999 340 340 340 340 340 340 340 340 349 351 351 356 351 351 351 351 351 349 340 340 340 340 340
03 16 -9999 340 340 340 340 340 340 340 340 349 351 351 351 351 351 351 351 351 340 340 340 340 338 340
03 17 -9999 340 340 340 340 340 340 338 340 349 351 351 351 351 351 351 351 351 340 340 340 340 338 340
03 18 -9999 338 340 340 340 340 338 338 340 340 351 351 351 351 351 351 351 351 340 340 340 340 338 340
03 19 -9999 338 340 340 340 340 331 331 338 340 351 351 351 351 351 351 351 351 340 340 340 340 338 338
03 20 -9999 331 338 338 338 338 331 331 331 340 349 351 351 351 340 351 340 349 340 340 340 340 331 331
03 21 -9999 331 331 338 338 331 331 331 331 340 340 351 351 349 340 349 340 340 340 340 340 340 331 331
03 22 -9999 331 331 338 331 331 331 331 331 340 340 351 351 351 340 351 340 340 340 340 340 340 331 331
03 23 -9999 331 338 338 331 331 331 331 331 340 349 351 351 351 340 351 340 340 340 340 340 340 331 331
03 24 -9999 338 338 338 331 331 331 331 331 340 351 351 351 351 340 351 340 340 340 340 340 340 331 331
03 25 -9999 338 338 338 331 331 331 331 331 340 351 351 351 351 349 351 340 340 340 340 340 340 338 331
03 26 -9999 338 338 338 331 331 331 331 340 340 351 351 351 351 351 351 351 340 349 340 340 340 338 338
03 27 -9999 340 340 340 331 338 331 331 340 340 351 351 351 351 356 351 351 351 351 340 340 340 340 340
03 28 -9999 340 340 340 338 340 331 340 340 349 351 351 351 351 356 356 351 351 351 340 340 340 340 340
03 29 -9999 340 340 340 340 340 338 340 340 349 351 351 351 351 360 356 351 351 351 349 340 349 340 340
03 30 -9999 340 340 340 340 340 338 340 340 349 351 351 351 351 360 356 351 351 351 351 340 340 340 340
03 31 -9999 340 340 340 340 340 338 340 340 349 351 351 351 351 360 356 351 351 351 349 340 340 340 340
04 01 -9999 340 340 340 340 340 338 340 340 349 351 351 351 351 360 356 351 351 351 349 349 340 340 340
04 02 -9999 340 340 340 340 340 338 340 340 349 351 351 351 351 360 356 351 351 351 349 349 349 340 340
04 03 -9999 340 340 340 340 340 338 340 340 349 351 351 351 351 360 351 351 351 351 351 349 349 340 340
04 04 -9999 340 340 340 340 340 338 340 340 349 351 351 351 351 360 351 351 351 351 351 349 349 340 340
04 05 -9999 340 340 340 338 340 338 340 340 349 351 351 351 351 360 356 351 351 351 351 351 351 340 340
04 06 -9999 340 340 340 340 340 340 340 340 349 351 351 351 351 360 356 351 351 356 351 351 351 340 340
04 07 -9999 340 340 340 340 340 340 340 340 349 351 351 356 356 360 356 360 360 356 351 351 351 349 340
04 08 -9999 340 340 340 340 340 340 340 340 351 356 351 360 360 360 360 360 360 360 356 356 351 349 340
04 09 -9999 340 340 340 340 340 340 340 349 351 360 356 360 360 360 360 360 360 360 360 360 351 351 349
04 10 -9999 340 340 340 340 340 340 340 351 351 360 360 360 360 360 360 360 360 360 360 360 351 351 349
04 11 -9999 340 340 349 340 340 340 349 351 356 360 360 360 360 360 370 370 360 360 360 360 351 351 351
04 12 -9999 349 340 351 340 340 349 351 360 360 360 360 360 369 370 370 374 370 370 360 360 356 351 351
04 13 -9999 351 351 351 351 351 351 351 360 360 360 370 370 370 370 374 374 370 370 360 369 360 356 351
04 14 -9999 356 351 351 351 351 351 351 360 360 369 370 370 370 370 379 379 370 370 370 370 360 360 351
04 15 -9999 360 351 356 351 351 351 356 360 370 370 370 370 374 374 379 379 374 374 370 370 360 360 360
04 16 -9999 360 360 360 360 360 360 360 370 370 374 374 374 379 379 379 379 379 379 374 370 369 360 360
04 17 -9999 360 360 369 360 360 360 369 370 370 374 379 379 379 379 388 379 379 379 379 374 370 369 360
04 18 -9999 360 360 369 360 360 360 370 379 374 379 379 379 379 379 390 388 379 388 379 379 379 370 369
04 19 -9999 369 369 369 360 360 369 370 379 379 379 388 379 388 390 390 390 388 388 390 379 379 379 370
04 20 -9999 370 370 370 369 369 370 379 388 390 390 390 390 390 399 392 390 390 390 390 379 388 379 370
04 21 -9999 370 370 370 369 370 370 379 390 390 390 390 399 399 399 399 399 390 390 390 390 390 379 379
04 22 -9999 370 370 374 370 370 374 379 390 390 399 392 399 399 399 399 399 399 399 399 399 390 388 379
04 23 -9999 374 374 379 370 370 374 379 390 392 399 399 399 399 410 399 399 399 399 399 399 399 390 379
04 24 -9999 379 379 379 374 374 379 379 392 399 399 399 399 399 410 410 410 399 399 399 399 399 390 388
04 25 -9999 379 379 379 374 379 379 390 399 399 399 399 410 410 410 410 410 410 410 399 399 399 390 390
04 26 -9999 379 379 379 379 379 379 390 399 399 410 399 410 410 410 410 410 410 410 410 408 399 392 390
04 27 -9999 379 379 379 379 379 379 390 399 399 410 399 410 410 410 410 410 410 410 410 410 410 399 390
04 28 -9999 388 388 379 379 379 379 390 399 399 410 399 410 410 419 419 419 410 410 410 410 410 399 390
04 29 -9999 390 388 379 379 379 388 390 399 399 410 410 410 410 419 421 419 410 410 410 410 410 399 392
04 30 -9999 390 388 379 379 379 388 392 399 399 410 410 410 410 421 421 421 419 419 410 410 410 399 399
05 01 -9999 390 390 390 379 379 390 399 399 399 410 410 410 410 421 421 421 419 421 419 410 410 410 399
05 02 -9999 390 390 390 390 390 390 399 399 410 410 410 419 421 421 430 421 421 421 421 421 410 410 399
05 03 -9999 399 399 390 390 390 392 399 410 410 410 419 419 421 421 430 428 421 421 421 421 419 410 399
05 04 -9999 399 399 399 390 392 399 399 410 410 410 421 421 421 421 430 430 421 430 421 421 421 410 410
05 05 -9999 399 399 399 399 392 399 410 410 410 421 421 421 421 430 430 430 430 430 430 430 421 419 410
05 06 -9999 399 399 399 399 399 399 410 421 419 421 421 430 428 430 439 439 430 430 430 430 430 421 419
05 07 -9999 410 410 410 399 399 410 419 421 421 428 428 430 430 439 441 441 439 430 439 439 430 421 419
05 08 -9999 410 410 410 399 399 410 419 421 421 430 430 430 430 439 441 441 439 439 439 439 430 430 421
05 09 -9999 410 410 410 410 399 410 421 421 430 430 430 430 430 441 441 441 441 441 441 441 439 430 421
05 10 -9999 419 419 410 410 399 410 421 430 430 430 430 430 430 441 441 450 446 441 450 441 439 430 428
05 11 -9999 419 419 410 410 410 419 421 430 430 430 439 430 439 441 450 450 446 450 450 441 441 430 430
05 12 -9999 419 419 410 410 410 419 421 430 430 430 439 439 441 450 450 450 450 450 450 446 441 439 430
05 13 -9999 419 421 410 410 410 419 428 430 430 430 441 441 441 450 450 450 450 450 450 450 441 441 430
05 14 -9999 421 421 419 419 419 421 430 430 439 439 441 441 450 450 450 450 450 450 450 450 446 441 430
05 15 -9999 421 421 421 419 419 421 430 439 441 441 450 450 450 459 459 459 459 450 450 450 450 441 441
05 16 -9999 428 430 421 421 421 430 439 441 441 446 450 450 450 460 460 459 460 450 459 450 450 450 441
05 17 -9999 430 430 421 428 421 430 439 446 441 446 450 450 460 460 460 460 460 460 460 459 459 450 441
05 18 -9999 439 430 430 430 430 430 441 450 446 450 450 459 460 460 460 460 460 460 460 460 460 450 446
05 19 -9999 441 430 430 430 430 430 441 450 446 450 450 460 464 460 460 460 460 460 460 460 460 450 450
05 20 -9999 441 439 430 430 430 439 446 450 450 450 460 460 469 464 464 464 460 460 460 460 460 459 450
05 21 -9999 441 441 439 430 430 441 450 450 450 460 460 460 469 464 464 464 460 460 464 460 460 460 450
05 22 -9999 446 441 441 441 439 441 450 450 459 460 460 464 469 469 469 469 469 469 469 469 469 460 450
05 23 -9999 450 441 441 441 441 450 450 450 460 460 469 469 469 478 469 469 469 469 469 469 469 460 459
05 24 -9999 450 441 441 441 441 450 450 459 464 464 469 469 478 478 469 469 469 469 469 469 469 460 459
05 25 -9999 450 450 446 441 441 450 450 459 464 469 469 469 478 480 478 478 478 469 469 469 469 460 459
05 26 -9999 450 450 450 446 446 450 459 460 469 469 469 478 480 480 480 480 480 478 469 469 469 460 460
05 27 -9999 450 450 450 450 450 450 460 460 469 469 469 480 480 480 480 480 480 480 478 478 469 464 460
05 28 -9999 450 450 450 450 450 450 460 464 469 469 478 480 482 480 480 480 480 480 480 478 469 469 460
05 29 -9999 459 459 450 450 450 459 464 469 469 478 480 480 489 482 489 480 482 480 480 480 478 469 464
05 30 -9999 460 460 459 450 450 460 469 469 469 480 480 480 489 489 489 482 489 480 480 480 480 469 469
05 31 -9999 460 460 460 460 460 460 469 469 478 480 480 489 489 489 489 489 489 489 480 480 480 469 469
06 01 -9999 460 460 460 460 460 464 469 469 478 480 482 489 489 489 489 489 489 489 482 480 480 478 469
06 02 -9999 460 460 460 460 460 464 469 469 480 482 482 489 489 489 489 489 489 489 482 480 482 480 469
06 03 -9999 469 464 460 460 464 469 469 475 480 482 489 489 489 500 500 489 489 489 489 482 489 480 469
06 04 -9999 469 469 464 464 469 469 469 478 480 489 489 489 489 500 500 489 489 489 489 489 489 480 469
06 05 -9999 469 469 464 464 469 469 478 480 480 489 489 489 500 500 500 500 489 489 489 489 489 480 480
06 06 -9999 469 469 464 464 469 469 478 480 480 489 489 500 500 500 500 500 500 500 489 489 489 489 480
06 07 -9999 469 469 464 469 469 469 480 482 489 489 489 500 500 500 500 500 500 500 500 489 489 489 480
06 08 -9999 469 469 469 469 469 469 480 489 489 489 500 500 500 500 500 500 500 500 500 500 489 489 480
06 09 -9999 469 469 469 469 469 477 480 489 489 489 500 500 500 500 500 500 500 500 500 500 500 489 480
06 10 -9999 478 469 469 469 469 478 482 489 489 500 500 500 500 500 509 509 500 511 500 500 500 489 482
06 11 -9999 478 469 469 469 478 480 489 489 500 500 500 500 500 509 511 511 511 511 500 500 500 489 489
06 12 -9999 480 478 469 478 480 480 489 489 500 500 500 500 500 511 511 511 511 511 509 500 500 500 489
06 13 -9999 480 478 469 478 478 480 489 489 500 500 500 500 500 511 511 511 511 511 511 500 500 500 489
06 14 -9999 480 478 469 478 480 480 489 500 500 500 500 500 511 511 511 511 518 511 511 509 500 500 489
06 15 -9999 480 480 478 478 480 482 489 500 500 500 500 509 511 520 520 520 520 518 511 511 500 500 489
06 16 -9999 480 480 480 480 480 482 489 500 500 509 509 511 518 520 520 520 520 520 518 511 509 500 489
06 17 -9999 482 480 482 480 480 489 500 500 500 509 511 518 520 520 520 520 520 520 520 511 509 500 500
06 18 -9999 489 482 482 482 480 489 500 500 509 511 511 520 520 520 520 520 520 520 520 511 511 500 500
06 19 -9999 489 482 482 482 482 489 500 500 509 511 518 520 520 529 531 529 520 520 520 520 511 500 500
06 20 -9999 489 482 482 489 489 489 500 509 511 511 520 520 529 531 531 531 529 520 520 520 511 509 500
06 21 -9999 489 489 489 489 489 500 500 509 518 518 520 531 531 531 531 531 531 531 520 520 520 511 500
06 22 -9999 489 489 489 489 489 500 500 511 520 520 520 531 531 531 536 540 531 531 520 529 520 511 500
06 23 -9999 500 489 489 489 489 500 500 511 520 520 520 531 538 540 540 540 536 536 531 531 520 511 500
06 24 -9999 500 489 500 489 489 500 500 511 520 520 531 536 540 540 540 540 540 540 536 531 531 518 511
06 25 -9999 500 489 500 489 489 500 500 511 520 520 531 536 540 540 540 540 540 540 531 531 531 518 509
06 26 -9999 500 500 500 489 489 500 500 511 520 529 531 540 540 549 540 549 540 540 531 531 531 518 511
06 27 -9999 500 500 500 489 489 500 509 518 520 531 531 540 540 550 540 549 540 540 540 536 531 520 511
06 28 -9999 500 500 500 489 500 500 511 518 520 531 531 540 540 550 549 550 549 540 540 536 531 520 511
06 29 -9999 500 500 500 500 500 500 511 520 520 531 531 540 549 550 549 550 550 540 540 540 531 520 511
06 30 -9999 500 500 500 500 500 500 511 520 520 531 531 540 550 550 550 550 550 540 540 540 531 520 511
07 01 -9999 500 500 500 500 500 500 511 520 529 531 532 549 550 550 550 550 550 540 540 540 536 520 511
07 02 -9999 500 500 500 500 500 500 511 520 531 531 540 550 550 550 550 550 550 549 540 540 536 520 511
07 03 -9999 500 500 500 500 500 500 518 520 531 531 540 550 550 554 554 550 550 550 549 540 540 520 511
07 04 -9999 500 500 500 500 500 500 518 520 531 536 540 550 550 554 554 550 550 550 549 540 536 520 518
07 05 -9999 500 500 500 500 500 509 518 520 531 536 540 550 550 554 554 550 550 550 550 540 536 520 518
07 06 -9999 500 500 500 500 500 509 518 520 531 540 549 550 554 554 554 550 550 550 550 540 540 520 518
07 07 -9999 509 500 500 500 500 509 518 520 531 540 549 550 554 558 554 550 550 550 550 540 540 520 518
07 08 -9999 509 500 500 500 500 511 518 520 531 540 549 550 554 554 554 550 550 550 550 540 540 520 518
07 09 -9999 511 500 500 500 500 511 518 529 536 540 549 550 550 554 559 550 550 550 550 540 540 520 520
07 10 -9999 511 500 500 500 500 511 518 529 536 540 549 550 550 554 559 554 554 550 550 540 540 531 520
07 11 -9999 511 509 500 500 509 511 520 529 536 540 549 550 550 554 559 554 554 554 550 549 540 531 520
07 12 -9999 511 509 509 509 509 511 520 529 536 540 549 550 554 559 559 554 554 554 550 549 540 531 520
07 13 -9999 518 511 511 509 511 511 520 531 536 540 549 554 558 559 559 559 559 554 554 550 540 531 529
07 14 -9999 520 511 511 511 511 511 520 531 536 540 549 554 558 559 559 559 559 554 554 550 540 531 529
07 15 -9999 520 511 511 511 511 518 520 531 536 540 549 550 550 559 559 559 554 554 550 549 540 531 529
07 16 -9999 520 511 511 511 511 511 520 531 531 540 549 550 550 559 559 559 554 550 550 549 540 531 529
07 17 -9999 520 511 511 511 511 518 520 531 531 540 540 550 550 554 559 554 550 550 550 540 540 531 520
07 18 -9999 520 511 511 511 511 518 520 531 531 540 540 550 550 554 559 554 550 550 550 540 540 531 520
07 19 -9999 520 511 511 511 511 518 520 531 531 540 540 550 550 554 559 554 550 550 550 540 540 531 520
07 20 -9999 520 511 511 511 511 511 520 531 531 540 540 550 550 554 559 559 554 550 550 549 540 531 520
07 21 -9999 520 511 511 511 511 511 520 531 531 540 540 550 550 554 559 559 554 550 550 540 540 531 520
07 22 -9999 518 511 511 511 511 518 520 531 531 540 540 550 550 554 559 559 554 550 550 549 540 531 520
07 23 -9999 520 518 518 511 511 518 520 531 531 540 540 550 550 554 559 559 554 550 550 549 540 531 529
07 24 -9999 520 518 518 511 511 520 520 531 536 540 540 550 554 554 559 559 559 550 550 549 540 531 520
07 25 -9999 520 518 518 511 511 518 520 531 536 540 540 550 554 559 559 559 559 550 550 549 540 531 520
07 26 -9999 520 518 518 518 511 518 520 531 536 540 549 554 559 559 559 559 559 554 550 549 540 531 520
07 27 -9999 520 518 518 518 511 520 520 531 536 540 540 554 559 559 559 559 559 554 554 549 540 531 520
07 28 -9999 520 518 518 520 518 520 520 531 536 540 549 554 559 559 559 559 559 554 554 549 540 531 520
07 29 -9999 520 520 518 520 518 520 520 531 536 540 549 554 559 559 559 559 559 554 554 549 540 531 520
07 30 -9999 520 520 518 518 511 518 520 531 536 540 550 554 559 559 559 559 559 559 559 550 540 536 520
07 31 -9999 520 520 520 520 511 518 520 531 540 540 550 554 559 559 559 570 568 559 559 550 540 536 520
08 01 -9999 520 520 520 520 518 520 520 531 536 549 550 559 559 570 568 570 570 568 559 554 549 536 529
08 02 -9999 520 520 520 520 520 520 520 531 540 549 550 559 559 570 568 570 570 568 559 554 549 536 531
08 03 -9999 520 520 520 520 520 520 529 531 536 549 550 559 568 570 570 570 570 570 568 559 550 536 531
08 04 -9999 520 520 520 520 520 520 529 531 540 550 550 559 568 570 570 570 570 570 568 559 550 536 531
08 05 -9999 520 520 520 520 520 520 529 531 540 550 550 559 568 570 570 570 570 570 570 559 550 536 531
08 06 -9999 529 520 520 520 520 520 529 531 540 550 554 559 570 570 570 572 572 570 570 559 550 540 531
08 07 -9999 529 520 520 520 520 520 529 536 540 550 554 559 570 570 570 579 572 570 570 559 550 540 531
08 08 -9999 529 520 520 520 520 520 529 536 540 550 554 559 570 570 572 579 572 570 570 559 550 540 531
08 09 -9999 531 520 520 520 520 520 529 536 540 550 554 559 568 570 570 579 570 570 570 559 550 540 531
08 10 -9999 531 520 520 520 520 520 529 536 540 549 550 559 568 570 570 572 570 570 559 559 550 540 531
08 11 -9999 529 520 520 520 520 520 529 531 540 549 550 559 559 570 570 570 570 570 559 559 549 540 531
08 12 -9999 520 520 520 520 520 520 520 531 540 549 550 559 559 570 570 570 570 559 559 559 540 536 531
08 13 -9999 520 520 520 520 520 520 520 531 536 540 550 559 559 570 570 570 570 559 559 559 540 536 531
08 14 -9999 520 520 520 520 520 520 520 531 540 540 550 559 559 570 570 570 570 559 559 550 540 536 531
08 15 -9999 520 520 520 520 520 520 520 531 536 540 550 554 559 570 570 570 570 559 559 550 540 531 531
08 16 -9999 520 520 520 520 520 520 520 531 536 540 550 554 559 559 570 568 559 559 559 550 540 531 531
08 17 -9999 520 520 520 520 520 520 520 531 536 540 550 550 559 559 559 568 559 559 554 549 540 531 529
08 18 -9999 520 520 520 520 520 520 520 531 536 540 540 550 554 559 559 559 559 559 554 540 536 531 520
08 19 -9999 520 520 520 518 520 518 520 520 531 540 540 550 554 559 559 559 559 554 550 540 531 531 520
08 20 -9999 520 520 518 518 518 518 520 520 531 540 540 550 550 554 554 559 554 550 550 540 531 529 520
08 21 -9999 520 520 518 518 518 518 518 520 531 536 540 540 550 550 550 550 550 550 549 536 529 520 520
08 22 -9999 518 520 511 511 511 518 511 520 529 531 540 540 540 550 550 550 550 540 540 531 520 520 520
08 23 -9999 511 511 511 511 511 511 511 520 520 531 540 540 540 550 550 550 540 540 540 531 520 520 520
08 24 -9999 511 511 511 511 511 511 511 518 520 531 536 540 540 550 549 540 540 540 540 529 520 518 511
08 25 -9999 511 511 511 511 511 500 511 511 520 529 531 540 540 549 540 540 540 540 540 529 520 511 511
08 26 -9999 511 511 509 500 509 500 509 511 520 529 531 536 540 540 540 540 540 540 540 520 518 511 511
08 27 -9999 511 511 509 500 500 500 500 511 520 529 531 531 540 540 540 540 540 540 531 520 511 511 511
08 28 -9999 509 509 500 500 500 500 500 511 520 520 529 531 540 540 540 531 536 531 531 520 511 511 511
08 29 -9999 509 500 500 500 500 500 500 511 518 520 529 529 536 531 540 531 531 531 531 520 511 511 511
08 30 -9999 509 500 500 500 500 500 500 511 518 520 520 520 531 531 536 531 531 531 529 520 511 511 511
08 31 -9999 511 509 500 500 500 500 500 511 511 520 520 520 531 531 536 531 531 531 520 520 511 511 511
09 01 -9999 509 500 500 500 500 500 500 509 511 520 520 520 531 531 536 531 529 529 520 520 511 511 511
09 02 -9999 509 500 500 500 500 500 500 500 511 518 520 520 529 529 531 531 520 520 520 518 509 511 509
09 03 -9999 500 500 500 500 500 500 500 500 511 518 520 520 529 529 531 520 520 520 520 511 500 500 500
09 04 -9999 500 500 500 500 489 489 500 500 511 511 520 520 520 520 529 520 520 520 520 511 500 500 500
09 05 -9999 500 489 500 500 489 489 489 500 511 511 518 518 520 520 520 520 520 520 520 511 500 500 500
09 06 -9999 500 489 489 489 489 489 489 500 509 511 518 518 520 520 520 520 520 520 518 511 500 500 500
09 07 -9999 489 489 489 489 489 482 489 489 500 511 511 511 520 520 520 520 520 520 518 509 500 500 489
09 08 -9999 489 489 489 489 489 482 489 489 500 511 511 511 518 518 518 518 520 518 511 500 500 500 489
09 09 -9999 489 489 489 489 489 489 489 489 500 500 511 511 511 518 518 511 520 518 511 500 500 489 489
09 10 -9999 489 489 489 489 482 480 489 489 500 500 511 511 511 511 511 511 518 511 511 500 500 489 489
09 11 -9999 489 489 482 489 480 480 489 489 500 500 511 511 511 511 511 511 511 511 511 500 500 489 489
09 12 -9999 489 489 482 482 480 480 489 489 500 500 509 511 511 511 511 511 511 511 511 500 500 489 489
09 13 -9999 489 489 482 482 480 480 489 489 500 500 500 511 511 511 511 511 511 511 500 500 489 489 489
09 14 -9999 489 489 482 480 480 480 480 489 489 500 500 509 511 511 509 509 511 509 500 500 489 489 482
09 15 -9999 482 482 482 480 480 480 480 489 489 500 500 500 500 500 500 500 500 500 500 489 489 482 480
09 16 -9999 480 480 480 480 480 478 480 489 489 489 500 500 500 500 500 500 500 500 500 489 489 482 480
09 17 -9999 480 480 480 480 480 478 480 482 489 489 500 500 500 500 500 500 500 500 500 489 489 480 480
09 18 -9999 480 480 480 480 480 469 478 482 482 489 500 500 500 500 500 500 500 500 500 489 482 480 480
09 19 -9999 480 480 480 480 480 478 478 480 482 489 489 500 500 500 500 500 500 500 500 489 482 480 480
09 20 -9999 480 480 480 478 478 469 478 480 480 489 489 489 489 500 500 500 500 500 489 482 480 480 478
09 21 -9999 469 480 480 469 478 469 469 480 480 482 489 489 489 500 489 500 500 489 489 482 480 478 478
09 22 -9999 469 478 480 469 478 469 469 480 480 482 489 489 489 500 489 500 489 489 489 480 480 478 469
09 23 -9999 469 478 480 469 478 469 469 478 480 482 489 489 489 489 489 489 489 489 489 480 480 478 469
09 24 -9999 469 480 480 469 469 469 469 469 480 480 489 489 489 489 482 489 489 489 480 478 478 469 469
09 25 -9999 469 469 469 469 469 469 469 469 480 480 489 489 482 489 482 489 489 482 480 478 469 469 469
09 26 -9999 469 469 469 469 469 469 469 469 480 480 489 489 482 489 480 489 489 480 480 469 469 469 469
09 27 -9999 469 469 469 469 469 464 464 469 478 480 482 482 480 480 480 482 480 480 480 469 469 469 469
09 28 -9999 469 469 469 469 469 460 460 469 469 480 480 480 480 480 480 480 480 480 469 469 469 460 460
09 29 -9999 469 469 460 469 460 460 460 469 469 478 480 480 480 480 469 469 469 469 469 464 464 460 460
09 30 -9999 460 469 460 460 460 460 460 460 469 469 478 480 469 469 469 469 469 469 464 460 460 460 460
10 01 -9999 460 460 460 460 460 460 460 460 460 469 469 469 469 469 469 469 469 464 460 460 450 450 459
10 02 -9999 460 460 460 459 459 459 450 459 460 469 469 469 469 469 469 464 460 460 460 460 450 450 450
10 03 -9999 459 460 460 459 459 459 450 459 459 460 469 469 469 469 469 460 460 460 459 450 450 450 450
10 04 -9999 450 460 459 450 450 450 450 459 459 460 469 460 469 469 469 460 460 459 450 450 450 450 450
10 05 -9999 450 450 450 450 450 450 450 450 450 460 469 469 469 469 469 460 460 459 459 450 450 450 450
10 06 -9999 450 450 450 450 450 450 450 450 450 460 460 460 460 469 469 460 460 459 450 450 450 450 450
10 07 -9999 450 450 450 450 450 450 450 450 450 460 460 460 460 460 460 459 459 450 450 450 450 450 441
10 08 -9999 450 450 450 450 441 441 441 441 446 450 460 460 460 460 459 450 450 450 441 441 441 441 441
10 09 -9999 441 450 441 441 441 441 441 441 441 450 450 450 460 460 450 450 450 441 441 441 441 441 441
10 10 -9999 441 441 441 441 439 439 439 439 430 441 450 450 450 450 450 450 450 441 441 439 441 441 441
10 11 -9999 430 430 430 439 430 430 430 430 430 441 441 450 450 450 450 450 450 441 441 439 430 430 441
10 12 -9999 430 430 430 430 430 421 428 428 430 441 441 446 450 450 446 450 450 441 439 439 430 430 430
10 13 -9999 428 428 428 430 421 421 421 421 428 441 441 441 441 446 446 446 446 441 430 430 430 430 430
10 14 -9999 421 421 421 421 421 421 421 421 421 439 439 441 441 441 441 441 441 439 430 430 421 430 430
10 15 -9999 421 421 419 421 421 419 421 421 421 430 430 439 441 441 441 441 441 430 428 430 421 428 421
10 16 -9999 421 421 419 421 421 419 419 421 421 430 430 439 441 439 441 441 439 430 428 428 421 421 419
10 17 -9999 419 421 410 419 410 410 410 410 421 428 430 430 441 430 439 430 430 430 421 421 421 421 419
10 18 -9999 419 419 410 410 410 410 410 410 410 428 430 430 430 430 430 430 430 428 421 421 419 419 410
10 19 -9999 410 410 410 410 410 410 410 410 410 421 430 430 430 430 430 430 430 428 421 421 410 410 410
10 20 -9999 410 410 410 410 410 399 410 410 410 421 428 428 430 421 430 428 430 421 410 410 410 410 410
10 21 -9999 410 399 410 410 399 399 399 410 410 410 421 421 430 421 421 421 421 410 410 399 410 410 410
10 22 -9999 399 399 410 399 399 399 399 399 399 410 421 419 428 419 421 419 421 410 410 399 399 410 399
10 23 -9999 399 399 399 399 399 399 399 399 399 410 421 419 421 419 419 410 410 410 399 399 399 399 399
10 24 -9999 399 399 399 399 399 392 399 399 399 399 410 410 421 410 410 410 410 410 399 399 399 399 399
10 25 -9999 399 399 399 399 399 390 390 399 399 399 410 410 421 410 410 410 410 410 399 399 399 399 399
10 26 -9999 392 399 399 399 399 390 392 399 399 399 410 410 410 410 410 410 399 399 399 399 399 399 399
10 27 -9999 390 399 392 390 390 379 388 390 390 399 410 410 410 410 410 399 399 399 399 390 390 392 390
10 28 -9999 390 390 390 390 388 379 379 388 390 390 399 399 410 410 399 399 399 399 399 390 390 392 390
10 29 -9999 390 390 388 388 379 379 379 388 388 390 399 399 399 399 399 399 399 390 392 390 390 390 379
10 30 -9999 379 390 379 379 379 379 379 379 388 388 399 399 399 399 399 399 392 390 392 390 390 388 379
10 31 -9999 379 379 379 379 379 379 379 379 379 379 392 390 399 399 392 392 390 390 390 390 388 388 379
11 01 -9999 379 379 379 379 379 379 379 379 379 379 390 390 392 392 390 390 379 379 388 379 379 379 379
11 02 -9999 379 379 379 379 379 379 379 370 370 379 388 390 390 390 390 388 379 379 379 379 379 374 379
11 03 -9999 379 370 374 370 374 374 379 370 370 374 379 388 390 390 390 379 379 370 379 374 374 370 374
11 04 -9999 379 370 374 370 370 370 374 370 370 374 379 388 390 390 390 379 379 370 379 374 374 370 374
11 05 -9999 379 370 374 370 370 370 374 370 370 374 379 390 390 390 390 379 379 374 379 374 374 370 374
11 06 -9999 374 370 370 370 370 370 374 370 370 370 379 388 390 388 390 379 379 370 379 374 370 370 370
11 07 -9999 374 370 370 370 370 370 370 370 370 370 379 379 388 379 390 379 374 370 379 374 370 370 370
11 08 -9999 374 370 370 370 370 370 370 370 370 370 379 379 379 379 379 379 374 370 374 370 370 370 370
11 09 -9999 370 370 370 370 370 369 370 370 369 370 374 379 379 379 379 379 370 370 370 360 360 369 369
11 10 -9999 370 369 369 369 370 360 369 369 360 369 374 379 379 379 379 379 370 370 370 360 360 369 360
11 11 -9999 369 369 369 370 370 360 369 369 360 360 370 379 379 379 379 374 370 370 360 360 360 360 360
11 12 -9999 360 360 360 369 369 360 360 360 360 360 370 379 379 374 374 374 369 369 360 360 360 360 360
11 13 -9999 360 360 360 360 360 360 360 360 356 360 369 374 374 370 374 370 360 360 360 360 360 360 360
11 14 -9999 360 360 360 360 360 360 360 360 356 360 360 370 370 370 370 370 360 360 360 356 360 360 356
11 15 -9999 360 360 360 360 360 360 360 360 356 360 360 370 370 370 370 370 360 360 360 356 360 360 360
11 16 -9999 360 360 360 360 360 360 360 360 351 360 360 370 370 370 370 369 360 360 360 360 360 360 360
11 17 -9999 360 360 360 360 360 360 360 360 356 360 360 370 370 370 370 370 360 360 360 360 356 360 356
11 18 -9999 360 360 356 360 360 356 360 351 351 356 360 370 360 369 370 360 360 360 360 360 351 360 356
11 19 -9999 360 360 356 360 356 356 360 351 351 356 360 360 360 360 370 369 360 360 360 356 351 360 356
11 20 -9999 356 356 356 360 356 351 351 351 351 351 360 360 360 360 369 360 360 360 356 356 351 360 356
11 21 -9999 356 360 356 360 360 356 356 351 351 351 360 360 360 360 360 360 360 360 356 360 351 360 360
11 22 -9999 360 360 351 360 360 351 351 351 351 351 360 360 360 360 360 360 360 360 360 360 351 360 360
11 23 -9999 360 360 351 360 360 351 356 351 356 351 360 360 360 360 360 360 360 360 360 360 356 360 360
11 24 -9999 360 360 356 360 360 360 356 351 356 351 360 360 360 360 360 360 360 360 360 360 360 360 360
11 25 -9999 360 360 356 360 360 356 356 351 356 351 360 360 360 360 360 360 360 360 356 360 351 360 360
11 26 -9999 356 360 351 360 360 351 356 351 356 351 360 360 360 360 360 360 360 360 360 356 351 356 360
11 27 -9999 351 360 351 360 360 351 351 351 351 351 356 360 360 360 360 360 360 360 360 351 351 351 360
11 28 -9999 351 351 351 360 360 351 356 351 356 351 356 360 360 360 360 360 360 360 360 356 351 360 360
11 29 -9999 360 360 351 360 360 351 356 351 351 351 351 360 360 360 360 360 360 360 360 351 351 351 360
11 30 -9999 351 351 351 351 356 351 351 351 351 351 351 360 360 360 360 360 360 360 360 351 351 351 360
12 01 -9999 351 351 351 351 356 351 351 351 356 351 351 360 360 360 360 360 360 360 351 351 351 356 360
12 02 -9999 351 360 351 356 356 351 356 351 351 351 351 356 360 360 360 360 360 360 351 351 351 360 360
12 03 -9999 360 360 356 360 356 356 360 351 356 356 360 360 360 360 360 360 360 360 360 351 360 360 360
12 04 -9999 360 360 360 360 356 360 360 351 358 356 356 360 360 360 360 360 360 360 360 351 360 360 360
12 05 -9999 360 360 356 360 360 360 360 351 356 356 360 360 360 360 360 360 360 360 356 351 356 360 360
12 06 -9999 360 360 351 360 351 360 360 351 356 356 351 356 360 360 360 360 360 360 356 351 356 360 360
12 07 -9999 351 360 351 351 351 360 360 351 351 356 351 352 360 360 360 360 360 360 351 351 351 360 360
12 08 -9999 351 360 351 351 351 360 360 351 351 356 351 351 360 360 360 360 360 360 351 351 351 360 360
12 09 -9999 351 360 351 351 351 356 360 351 351 356 356 356 360 360 360 360 360 360 351 351 351 360 360
12 10 -9999 360 360 351 352 351 360 360 351 356 356 356 360 360 360 360 360 360 360 351 351 356 360 360
12 11 -9999 360 360 360 360 356 360 360 356 360 360 360 360 360 360 360 360 360 360 351 351 360 360 360
12 12 -9999 360 360 360 360 360 360 360 360 360 360 360 360 360 360 360 360 360 360 351 351 360 360 360
12 13 -9999 360 360 360 360 360 360 360 356 360 360 360 360 360 360 360 360 360 360 351 351 351 360 360
12 14 -9999 360 360 360 360 360 360 360 360 360 360 360 360 360 360 360 360 360 356 351 351 360 360 360
12 15 -9999 360 370 360 360 360 360 360 360 360 360 360 360 360 360 360 360 360 360 351 360 360 360 360
12 16 -9999 360 369 370 369 360 360 360 360 360 360 360 360 360 360 360 360 360 360 356 360 360 360 360
12 17 -9999 360 360 360 360 360 360 360 360 360 360 360 360 360 360 360 360 360 360 351 360 360 360 360
12 18 -9999 360 360 360 360 360 360 360 360 360 360 360 360 360 360 360 360 360 360 351 360 360 360 360
12 19 -9999 360 360 360 360 360 360 360 360 360 360 360 360 360 360 360 360 360 360 351 360 360 360 369
12 20 -9999 360 360 360 360 360 360 360 360 360 360 360 369 360 360 360 360 360 360 360 360 360 369 369
12 21 -9999 360 360 360 360 360 360 360 360 360 360 360 369 360 360 360 360 360 360 360 360 360 369 369
12 22 -9999 360 369 360 360 360 360 360 360 360 360 360 369 360 360 369 360 360 360 360 360 360 369 370
12 23 -9999 369 369 360 360 360 360 360 360 360 360 360 369 360 360 369 360 360 360 360 360 360 369 369
12 24 -9999 360 369 360 360 360 360 360 360 360 360 360 360 360 360 360 360 360 360 360 360 360 360 369
12 25 -9999 360 369 360 360 360 360 360 360 356 360 360 360 360 360 360 360 360 360 360 360 360 360 360
12 26 -9999 360 360 360 360 360 360 360 351 356 356 360 360 360 360 360 351 360 360 360 360 356 360 360
12 27 -9999 360 360 360 360 360 360 356 351 351 351 356 360 360 360 360 351 360 360 356 360 356 360 360
12 28 -9999 360 360 360 360 360 360 356 351 356 351 356 360 360 360 360 351 360 360 360 360 360 360 360
12 29 -9999 360 360 351 360 360 360 351 351 351 351 351 360 360 360 360 351 360 360 351 360 351 360 360
12 30 -9999 360 360 351 360 360 360 351 351 351 351 351 360 360 360 360 351 360 351 351 360 351 356 351
12 31 -9999 351 351 351 360 351 351 351 351 351 351 351 360 360 351 351 351 351 351 351 351 351 351 351
