01 01 480 480 480 480 469 469 469 469 469 480 500 500 500 511 500 500 500 500 500 500 489 489 489 480
01 02 469 480 480 469 469 469 460 469 469 480 500 500 500 511 500 500 500 500 500 489 489 480 480 480
01 03 460 480 480 469 469 469 460 460 460 469 489 500 500 511 500 500 500 500 500 489 489 480 480 480
01 04 460 480 480 469 469 469 460 469 460 480 500 500 500 511 500 500 500 500 500 489 489 480 480 480
01 05 460 480 469 469 469 469 460 469 460 480 500 500 500 511 500 500 500 500 489 489 480 480 480 480
01 06 450 480 480 469 469 469 460 469 460 469 489 500 500 500 500 500 500 500 500 489 489 480 480 480
01 07 441 480 469 469 460 469 460 460 460 469 489 500 500 500 500 500 500 489 489 480 480 480 480 469
01 08 441 469 469 469 460 460 460 460 460 469 489 500 500 500 500 489 500 489 489 480 480 480 480 469
01 09 441 469 469 469 460 460 460 460 460 469 480 489 500 489 489 489 489 489 480 480 480 469 469 469
01 10 430 460 460 469 460 460 460 460 450 469 480 489 500 489 489 480 480 480 480 480 469 460 460 469
01 11 430 460 460 469 450 460 450 450 450 460 469 480 489 480 489 480 480 480 469 469 469 450 450 460
01 12 421 450 450 460 450 450 450 450 441 460 469 469 480 469 469 469 469 460 469 460 460 441 441 441
01 13 421 441 430 441 441 441 441 430 430 450 450 460 469 460 460 460 460 460 460 450 441 430 441 441
01 14 421 430 430 430 430 441 430 430 430 441 450 460 460 460 460 460 460 460 450 441 430 430 430 430
01 15 410 421 421 430 430 430 430 421 421 441 441 450 450 450 450 450 450 450 441 430 421 421 421 421
01 16 410 421 410 421 430 430 430 421 421 430 441 450 450 450 450 450 450 441 441 430 430 430 430 430
01 17 410 421 421 430 430 430 430 421 421 430 441 441 441 450 450 450 450 450 441 441 430 430 430 430
01 18 410 421 421 430 430 430 430 421 421 421 430 441 441 450 450 450 450 450 441 441 430 430 421 430
01 19 410 421 410 421 421 421 421 410 410 421 421 441 430 441 450 450 450 450 441 430 430 421 421 421
01 20 410 421 410 421 421 410 410 410 410 410 421 430 430 430 441 450 441 441 430 410 421 410 421 410
01 21 410 410 410 410 410 399 399 390 390 410 410 421 421 430 430 441 430 430 421 410 410 399 399 399
01 22 410 410 399 399 410 399 399 390 390 410 410 421 421 430 430 441 441 441 430 421 421 410 421 399
01 23 410 410 410 399 410 399 399 399 390 410 421 430 430 430 430 441 441 441 430 421 421 410 410 399
01 24 410 410 410 399 410 410 399 399 390 410 421 430 430 430 430 441 441 441 430 421 421 410 410 410
01 25 410 410 410 399 410 410 399 399 390 410 410 421 421 421 430 441 441 430 421 410 410 399 410 399
01 26 410 410 410 410 410 410 399 399 390 410 410 430 430 430 430 441 441 450 441 421 430 430 421 410
01 27 421 410 410 410 410 410 410 399 399 410 421 430 430 441 441 450 450 450 441 441 441 430 421 430
01 28 441 430 421 421 430 421 430 410 421 421 441 441 441 450 450 450 450 450 441 430 430 430 421 421
01 29 430 430 421 430 430 421 421 410 421 421 441 441 450 450 460 450 460 450 441 441 441 441 430 430
01 30 430 441 421 430 430 430 430 421 421 430 441 450 450 460 460 450 460 450 450 450 450 450 441 430
01 31 441 441 430 430 430 430 430 421 430 430 441 450 450 450 460 450 460 450 441 441 441 450 441 430
02 01 430 430 421 421 421 421 421 410 421 430 441 450 450 450 450 450 450 450 441 441 441 450 441 430
02 02 430 430 421 421 421 421 421 421 430 430 441 460 450 460 460 460 460 450 450 450 450 450 441 430
02 03 450 441 421 430 430 430 430 430 430 441 450 460 450 460 460 460 460 450 450 450 450 450 441 441
02 04 450 441 441 441 441 430 441 441 430 450 460 460 460 460 469 460 469 460 460 460 460 450 450 441
02 05 450 441 441 441 441 430 441 430 430 450 460 460 450 460 469 460 469 450 450 450 450 450 450 441
02 06 441 441 441 430 430 430 430 430 430 441 441 450 450 450 460 460 460 450 441 441 450 450 441 441
02 07 441 441 441 430 421 430 430 430 430 441 441 450 450 460 469 460 460 450 450 450 450 450 450 441
02 08 441 441 441 430 441 441 441 441 441 450 450 450 460 460 469 469 469 460 460 460 460 460 450 450
02 09 460 450 450 441 441 450 450 441 450 450 460 460 480 469 480 469 480 469 469 469 460 460 450 450
02 10 450 450 450 441 441 450 450 441 450 450 460 460 480 469 480 469 469 469 460 469 460 460 450 450
02 11 441 441 450 441 441 450 441 441 450 450 460 460 469 460 469 469 469 460 460 469 460 460 450 450
02 12 441 441 450 441 441 441 441 441 450 460 469 460 480 469 469 469 469 469 460 469 460 460 460 450
02 13 450 450 450 450 441 450 450 441 450 460 469 480 480 480 469 469 469 469 469 469 469 469 469 460
02 14 460 460 460 450 450 450 450 450 460 460 469 480 480 480 480 480 480 480 469 469 469 469 469 460
02 15 460 460 460 450 450 460 450 460 460 469 480 480 489 480 480 480 480 480 469 469 469 469 469 460
02 16 469 460 469 460 460 460 460 460 469 480 489 489 489 489 489 480 480 480 480 469 469 469 469 469
02 17 480 469 469 460 460 460 460 469 469 480 480 480 489 480 480 480 480 480 469 469 469 469 469 460
02 18 469 469 469 460 469 460 469 469 469 480 489 489 489 489 489 480 480 480 480 469 469 469 469 469
02 19 480 469 469 469 460 460 460 460 469 480 480 489 489 480 480 469 469 480 480 469 469 469 469 469
02 20 480 469 480 469 469 460 469 469 469 480 480 489 489 489 489 480 480 480 480 480 480 480 469 480
02 21 489 480 480 469 469 469 469 469 480 480 489 489 489 489 489 489 489 480 480 480 480 480 469 480
02 22 489 480 480 469 469 469 469 469 480 480 489 489 489 489 489 480 480 480 480 480 480 480 469 480
02 23 489 480 480 480 469 480 480 469 480 480 489 489 489 489 489 480 480 480 480 480 469 480 469 480
02 24 482 480 480 469 469 469 469 469 469 480 489 489 489 489 489 480 480 480 480 480 469 480 469 480
02 25 480 480 480 469 469 469 469 469 469 480 480 480 480 480 480 469 480 480 480 480 480 480 469 480
02 26 482 480 480 480 469 480 469 469 469 480 489 500 489 489 489 489 500 489 489 489 489 489 480 489
02 27 500 489 489 480 480 480 480 469 469 480 489 500 489 489 489 489 500 500 500 489 489 500 489 489
02 28 511 500 489 489 480 482 480 480 480 489 500 500 489 500 500 500 500 500 500 500 500 500 500 500
03 01 511 500 500 500 489 489 500 489 489 489 500 500 500 500 500 500 500 500 500 489 500 500 500 500
03 02 511 500 500 500 489 489 500 500 489 489 489 500 489 500 500 500 500 500 500 489 500 500 500 500
03 03 511 500 500 500 500 500 500 500 500 500 500 500 500 500 500 500 500 500 500 500 500 500 500 500
03 04 511 500 500 500 500 500 500 511 500 511 511 511 511 500 500 511 511 511 511 511 511 511 511 511
03 05 511 511 511 500 511 511 511 511 511 520 520 520 520 511 511 511 511 511 520 511 520 511 520 520
03 06 511 511 511 511 511 511 511 511 520 531 531 531 520 520 511 520 511 520 520 520 520 520 520 520
03 07 511 511 511 511 511 511 511 520 520 531 531 531 520 520 520 520 511 520 520 520 520 520 520 520
03 08 511 511 511 511 511 511 511 520 520 531 531 531 520 520 520 520 520 520 520 520 520 520 520 520
03 09 520 511 511 520 511 511 520 520 531 531 531 531 531 531 531 520 520 520 531 520 531 520 520 520
03 10 520 511 511 520 511 511 511 520 531 531 531 531 531 531 531 520 520 520 531 520 531 520 520 520
03 11 520 511 511 511 511 511 511 520 531 540 531 531 531 531 531 520 520 520 531 531 531 531 531 520
03 12 520 520 511 520 511 511 511 520 531 540 531 531 531 540 531 520 531 520 531 531 531 531 531 520
03 13 520 520 511 520 511 511 511 520 531 540 520 531 531 531 531 520 520 520 531 520 531 520 520 520
03 14 520 520 511 511 511 511 511 511 520 520 520 531 531 520 520 520 520 520 520 520 520 520 520 520
03 15 511 511 511 511 511 511 511 511 511 511 520 520 520 511 511 511 511 520 520 520 520 520 520 520
03 16 511 511 511 511 500 511 500 511 511 520 520 520 511 511 511 511 520 520 520 520 520 520 520 520
03 17 511 511 511 511 502 511 511 511 511 520 520 520 520 511 511 511 511 520 520 520 520 520 520 520
03 18 511 511 511 511 502 500 500 500 511 520 520 520 520 520 511 511 520 520 520 520 520 520 520 520
03 19 520 520 511 511 511 511 511 511 500 511 520 520 520 520 511 511 511 520 520 520 520 520 520 520
03 20 520 520 511 511 511 511 500 511 511 520 520 520 520 520 531 520 520 520 520 520 531 520 520 520
03 21 520 520 520 520 511 511 511 511 520 520 520 531 531 531 531 531 531 520 531 531 531 531 531 520
03 22 531 520 520 520 520 511 520 520 520 531 531 531 531 531 531 531 531 520 531 531 531 531 531 531
03 23 531 520 520 520 520 511 520 520 520 531 531 531 531 531 531 531 531 531 531 531 531 531 531 531
03 24 540 531 531 520 520 511 520 520 531 540 531 540 540 531 540 531 540 531 540 540 531 540 531 531
03 25 531 531 531 531 520 520 520 520 531 540 540 540 550 540 540 540 540 540 540 540 536 540 540 540
03 26 531 540 531 531 531 520 531 531 540 540 540 550 550 550 540 540 540 540 540 540 540 540 540 540
03 27 540 540 540 540 540 531 531 540 550 550 550 550 550 550 550 540 540 540 550 550 540 540 540 540
03 28 540 550 540 540 540 540 540 540 550 559 550 550 559 550 550 550 550 550 550 550 540 540 540 540
03 29 540 550 540 540 540 540 540 550 550 559 559 559 559 559 559 550 550 550 550 550 550 550 540 550
03 30 540 550 540 540 550 550 540 550 559 570 559 559 559 559 559 550 559 559 559 550 550 550 550 550
03 31 550 550 540 540 550 550 550 550 559 570 570 559 559 559 559 559 559 559 559 559 550 550 559 550
04 01 550 559 550 540 550 550 550 559 559 570 570 570 570 559 559 559 559 559 559 559 559 559 559 559
04 02 550 559 550 550 550 559 559 559 570 570 570 579 570 570 570 570 559 570 559 559 559 559 559 559
04 03 559 559 550 550 550 559 559 559 570 570 570 579 570 570 570 570 559 570 559 559 559 559 559 559
04 04 559 559 559 550 550 559 559 559 570 570 579 579 570 570 570 559 559 570 559 559 559 559 570 559
04 05 559 559 559 550 550 559 559 559 570 579 579 579 570 570 570 570 570 570 570 559 559 559 570 559
04 06 559 559 550 550 550 559 559 559 570 570 579 579 570 570 570 570 570 570 570 559 559 559 570 559
04 07 559 559 559 550 550 559 550 559 570 570 579 570 570 570 570 559 570 570 570 559 559 559 570 559
04 08 559 559 559 550 550 559 559 559 570 579 579 579 579 570 570 570 570 570 570 559 559 559 570 570
04 09 570 559 559 559 559 559 559 570 570 579 579 579 570 570 570 570 570 570 570 559 559 570 570 570
04 10 570 570 559 559 559 559 559 570 579 579 579 579 579 570 579 570 570 570 570 570 570 570 570 570
04 11 570 570 559 559 559 559 559 570 579 579 579 579 579 570 570 570 570 570 570 570 570 570 570 570
04 12 570 559 559 559 559 559 559 570 579 579 570 579 570 570 570 570 570 570 570 570 570 570 570 570
04 13 579 570 570 559 559 559 559 570 579 579 579 579 579 570 579 570 570 570 570 570 570 570 570 570
04 14 579 570 570 570 570 570 570 570 579 579 579 579 579 579 579 579 570 570 570 570 570 570 579 579
04 15 579 570 570 570 570 570 570 570 579 590 579 579 579 570 579 570 570 570 570 570 570 579 579 579
04 16 579 570 570 570 570 570 570 570 579 579 579 579 579 570 579 579 570 570 579 570 570 579 579 579
04 17 590 570 570 570 570 570 570 570 579 579 579 579 579 570 579 570 570 570 579 570 579 579 579 579
04 18 590 570 570 570 570 570 570 579 579 590 579 579 579 579 579 570 570 579 579 579 579 579 579 579
04 19 590 579 579 570 570 570 570 579 590 590 590 579 579 579 579 579 579 579 579 579 579 579 579 590
04 20 590 579 579 570 579 570 570 579 590 590 590 590 579 579 579 579 579 579 579 579 590 579 579 590
04 21 590 579 579 579 579 570 570 579 590 590 601 590 590 590 590 579 590 590 590 590 590 590 590 590
04 22 590 579 579 579 579 579 579 590 590 601 601 590 590 590 590 579 590 590 590 590 601 590 590 590
04 23 601 590 590 579 579 579 579 590 590 601 601 590 590 590 590 590 590 590 601 601 601 601 601 601
04 24 601 590 590 579 579 590 579 590 601 601 601 601 601 601 590 590 590 590 601 601 601 601 601 601
04 25 601 590 590 590 590 590 579 590 601 601 601 608 601 601 601 590 590 590 601 601 601 601 601 601
04 26 601 590 590 590 590 590 590 601 601 601 610 610 601 601 601 601 601 601 610 601 601 610 601 601
04 27 601 601 590 590 590 590 590 601 601 601 610 610 610 601 601 601 601 601 610 601 601 610 601 601
04 28 601 601 590 590 590 590 590 601 601 610 610 610 610 601 601 601 601 610 610 601 610 610 610 601
04 29 601 601 601 601 601 590 590 601 601 610 610 610 610 610 610 610 610 610 610 601 610 610 610 601
04 30 601 601 601 601 601 590 590 601 610 610 610 610 621 610 610 610 610 610 621 610 610 621 610 610
05 01 610 601 601 601 601 601 601 610 610 610 621 621 621 621 621 621 621 621 621 621 621 621 610 610
05 02 610 601 610 610 601 601 601 610 621 621 621 621 630 621 621 621 621 621 621 621 621 621 621 621
05 03 610 610 610 610 610 601 601 610 621 621 630 630 630 630 630 621 621 630 630 630 621 621 621 621
05 04 621 610 610 610 610 601 601 621 621 630 630 630 630 630 630 630 630 630 630 630 621 621 621 621
05 05 621 621 610 610 610 610 610 621 621 630 630 640 630 630 630 630 630 630 630 630 630 630 621 621
05 06 621 621 621 621 610 610 610 621 630 630 640 640 640 640 630 630 630 630 630 630 630 630 621 626
05 07 621 621 621 621 610 610 610 621 630 630 640 640 640 640 630 630 630 630 630 630 630 630 621 621
05 08 621 621 621 621 621 621 612 621 630 640 640 640 640 640 630 630 640 640 630 630 630 630 630 630
05 09 621 621 621 621 621 621 621 621 640 640 640 640 640 640 630 630 640 640 630 630 630 630 630 630
05 10 630 621 621 621 621 621 621 630 640 640 640 640 640 640 630 630 640 640 630 635 630 631 640 630
05 11 630 630 621 621 621 621 621 630 640 640 640 649 640 640 640 640 640 640 640 640 640 640 640 630
05 12 640 630 621 621 621 621 621 630 640 649 649 649 640 640 640 640 640 640 640 640 640 640 640 630
05 13 640 630 630 630 621 621 630 640 640 649 649 649 640 640 640 640 640 640 640 640 640 640 640 630
05 14 640 630 630 630 630 630 630 640 649 649 649 649 649 649 640 640 640 640 640 649 640 640 640 640
05 15 640 630 630 630 630 630 630 640 649 649 649 649 649 649 649 640 640 640 649 649 649 640 640 640
05 16 640 640 630 630 630 630 630 640 649 649 649 649 649 649 649 640 649 644 649 649 649 640 640 640
05 17 640 640 630 630 630 630 630 640 649 649 649 649 649 649 649 644 649 649 649 649 649 649 649 640
05 18 649 640 640 640 640 633 640 640 649 660 660 660 649 649 649 649 649 649 649 649 649 649 649 640
05 19 649 640 640 640 640 640 640 649 660 660 660 660 649 649 649 649 649 649 649 649 660 649 649 649
05 20 649 640 640 640 640 640 640 649 660 660 660 660 655 660 660 649 660 649 649 660 660 660 660 649
05 21 649 649 649 640 640 640 640 649 660 660 660 660 660 660 660 660 660 649 660 660 660 660 660 649
05 22 649 649 649 640 640 640 640 649 660 660 660 660 660 660 660 660 660 660 660 660 660 660 660 660
05 23 649 649 649 649 649 640 649 660 660 660 660 669 660 669 660 660 660 660 660 660 669 660 660 660
05 24 660 649 649 649 649 649 649 660 660 669 669 669 669 669 660 660 660 660 660 669 669 669 660 660
05 25 660 660 649 649 649 649 649 660 660 669 669 669 669 669 660 660 669 660 669 669 669 669 660 660
05 26 660 660 660 649 649 649 649 660 669 669 669 669 669 669 669 669 669 669 669 669 669 669 669 660
05 27 660 660 660 660 649 649 649 660 669 669 680 680 669 669 669 669 669 669 669 669 669 669 669 669
05 28 660 660 660 660 649 649 660 660 669 669 680 680 680 669 669 669 669 669 669 669 669 669 669 669
05 29 669 660 660 660 660 660 660 669 669 680 680 680 680 669 680 669 669 669 669 669 669 669 669 669
05 30 669 660 660 660 660 660 660 669 669 680 680 680 680 680 680 669 680 669 680 680 680 669 669 669
05 31 669 660 660 660 660 660 660 669 675 680 680 680 680 680 680 680 680 669 680 680 680 680 680 669
06 01 669 669 669 669 660 660 660 669 680 680 680 691 680 680 680 680 680 680 680 680 680 680 680 680
06 02 669 669 669 669 669 669 669 680 680 691 691 691 691 691 691 691 691 680 680 680 680 680 680 680
06 03 669 669 669 669 669 669 669 680 680 691 691 691 691 691 691 691 691 680 691 680 680 680 680 680
06 04 669 669 669 669 669 669 669 680 680 691 691 691 691 691 691 691 691 691 691 680 691 680 680 680
06 05 680 680 669 669 669 669 669 680 680 691 691 691 691 691 691 691 691 691 691 691 691 680 680 680
06 06 680 680 680 669 669 669 680 680 691 691 691 691 691 691 691 691 691 691 691 691 691 691 691 680
06 07 680 680 680 680 669 680 680 680 691 691 691 691 691 691 691 691 691 691 691 691 691 691 691 680
06 08 680 680 680 680 680 680 680 691 691 691 691 700 691 691 691 691 691 691 691 691 691 691 691 691
06 09 680 680 680 680 680 680 680 691 691 700 700 700 691 691 691 700 691 691 691 691 691 691 691 691
06 10 691 691 680 680 680 680 680 691 700 700 700 700 700 691 691 700 700 700 700 700 691 691 691 691
06 11 691 691 691 680 680 680 691 691 700 700 700 700 700 691 691 700 700 700 700 700 691 691 691 691
06 12 691 691 691 680 680 680 691 691 700 700 700 700 700 700 700 700 700 700 700 700 700 691 691 691
06 13 691 691 691 680 680 680 691 691 700 700 700 700 700 700 700 700 700 700 700 700 700 700 691 691
06 14 691 691 691 691 680 680 691 691 700 700 700 700 700 700 700 700 700 700 700 700 700 700 700 700
06 15 691 691 691 691 680 680 691 700 700 700 700 700 700 700 700 700 700 700 700 700 700 700 700 700
06 16 691 691 691 691 680 680 691 700 700 700 700 700 700 700 700 700 700 700 700 700 700 700 700 700
06 17 700 691 691 691 691 680 691 700 700 700 700 700 700 700 700 700 691 700 700 700 700 700 700 700
06 18 700 691 691 691 691 691 691 700 700 700 700 700 700 700 700 700 691 700 700 700 700 700 700 700
06 19 700 700 700 691 691 691 691 700 700 711 700 700 700 700 700 700 700 700 700 700 700 700 700 700
06 20 700 700 700 691 691 691 691 700 711 711 711 700 700 700 700 700 700 700 700 711 700 700 700 700
06 21 700 700 700 691 691 691 691 700 711 711 711 700 700 700 700 700 700 700 700 711 700 700 700 700
06 22 700 700 700 700 691 691 691 700 711 711 711 711 700 700 700 700 700 700 711 711 700 700 700 700
06 23 700 700 700 700 691 691 691 700 711 711 711 711 700 700 700 700 700 700 711 711 700 700 700 700
06 24 700 700 700 691 691 691 691 700 711 711 711 711 700 700 700 700 700 700 711 711 711 711 700 700
06 25 700 700 700 700 700 691 700 700 711 711 711 711 711 700 700 700 700 700 711 711 711 711 700 700
06 26 700 700 700 700 700 691 700 700 711 711 711 711 711 700 700 700 700 711 711 711 711 711 711 700
06 27 700 700 700 700 700 700 700 711 711 711 711 711 711 711 711 700 700 711 711 711 711 711 711 700
06 28 700 700 700 700 700 700 700 711 711 714 711 711 711 711 711 711 711 711 711 711 711 711 711 711
06 29 700 700 700 700 700 700 700 711 711 720 720 720 711 711 711 711 711 711 720 711 711 711 711 711
06 30 711 700 700 700 700 700 700 711 711 720 720 720 711 711 711 711 711 711 720 711 711 711 711 711
07 01 700 700 700 700 700 700 700 711 711 720 720 720 711 711 720 711 711 711 720 720 711 711 711 711
07 02 711 700 700 700 700 700 700 711 720 720 720 720 720 716 720 711 720 711 720 720 720 711 711 711
07 03 711 711 700 700 700 700 700 711 720 720 720 720 720 720 720 711 720 711 720 720 720 711 711 711
07 04 711 711 700 700 700 700 700 711 720 720 720 720 720 720 720 720 720 711 720 720 720 711 711 711
07 05 711 711 700 700 700 700 700 711 720 720 720 720 720 720 720 720 720 720 720 720 720 720 711 711
07 06 711 711 700 700 700 700 700 711 720 720 720 720 720 720 720 720 720 720 720 720 720 720 711 711
07 07 711 711 711 700 700 700 700 711 720 720 720 720 720 720 720 720 720 720 720 720 720 720 711 711
07 08 711 711 711 711 700 700 700 711 720 720 720 720 720 720 720 720 720 720 720 720 720 720 711 711
07 09 711 711 711 711 711 700 711 711 720 720 720 720 730 720 720 720 720 720 720 720 720 720 720 711
07 10 711 711 711 711 711 711 711 711 720 720 720 720 730 730 720 720 720 720 720 720 720 720 720 720
07 11 711 711 711 711 711 711 711 711 720 720 720 720 730 720 720 720 720 720 720 720 720 720 720 720
07 12 711 711 711 711 711 711 711 711 720 720 720 720 730 720 720 720 720 720 720 720 720 720 720 720
07 13 711 711 711 711 711 711 711 711 720 720 720 720 720 720 720 720 720 720 720 720 720 720 720 720
07 14 711 711 711 711 711 711 711 711 720 730 720 720 720 730 720 720 720 720 720 720 720 720 720 720
07 15 711 711 711 711 711 711 711 720 720 730 730 720 730 730 720 720 720 720 720 720 720 720 720 720
07 16 720 711 711 711 711 711 711 720 720 730 730 720 730 730 720 720 720 720 720 720 720 720 720 720
07 17 720 720 711 711 711 711 711 720 720 730 730 727 730 730 730 730 720 720 720 720 720 720 720 720
07 18 720 720 711 711 711 711 711 720 720 730 730 730 730 730 730 730 720 720 730 730 730 730 720 720
07 19 720 720 711 711 711 711 711 720 720 730 730 730 730 730 730 730 720 720 730 730 720 730 720 720
07 20 720 720 711 711 711 711 711 720 720 730 730 730 730 730 730 730 720 720 730 730 730 730 730 720
07 21 720 720 720 711 711 711 711 720 720 730 730 730 730 730 730 730 720 720 730 730 730 730 730 720
07 22 720 720 720 711 711 711 711 720 730 730 730 730 720 730 730 730 720 720 730 730 730 730 730 720
07 23 720 720 720 711 711 711 711 720 730 730 730 730 720 730 730 720 720 720 730 730 730 730 730 720
07 24 720 720 720 711 711 711 711 720 730 730 730 730 720 720 720 720 720 720 730 730 730 730 730 720
07 25 720 720 720 711 711 711 711 720 720 730 730 730 720 720 720 720 720 720 730 720 720 730 730 720
07 26 720 720 720 711 711 711 711 720 720 730 730 730 720 720 720 720 720 720 730 720 730 730 730 720
07 27 720 720 720 711 711 711 711 720 720 730 730 730 720 720 720 720 720 720 730 720 730 730 730 720
07 28 720 720 720 711 711 711 711 720 730 730 730 730 720 720 720 720 720 720 730 720 720 730 730 720
07 29 720 720 720 711 711 711 711 720 730 730 730 720 720 720 720 720 720 720 730 720 720 730 730 720
07 30 720 720 720 711 711 711 711 720 720 730 730 720 720 720 720 720 720 720 720 720 720 730 730 720
07 31 720 720 720 711 711 711 711 720 720 720 730 720 720 720 720 720 720 720 720 720 720 720 720 720
08 01 720 720 711 711 711 711 711 720 720 720 720 720 720 720 720 720 720 720 720 720 720 730 720 720
08 02 720 711 711 711 711 711 711 720 720 720 720 720 720 720 720 720 720 720 720 720 720 730 720 720
08 03 720 711 711 711 711 711 711 720 720 720 720 720 720 720 720 720 720 720 720 720 720 720 720 720
08 04 720 711 711 711 711 711 711 720 720 720 720 720 720 720 720 720 720 720 720 720 720 720 720 720
08 05 711 711 711 711 711 711 711 720 720 720 720 720 720 720 720 720 720 720 720 720 720 720 720 720
08 06 711 711 711 711 711 711 711 720 720 720 730 720 720 720 720 720 720 720 720 720 720 720 720 720
08 07 711 711 711 711 711 711 711 720 720 730 730 720 720 720 720 720 720 720 720 720 720 720 720 720
08 08 711 711 711 711 711 711 711 720 720 730 730 720 720 720 720 720 720 720 720 720 720 720 720 720
08 09 711 711 720 711 711 711 711 720 720 720 730 730 720 720 720 720 720 720 720 720 720 720 720 720
08 10 720 711 720 711 711 711 711 720 720 720 730 720 720 720 720 720 720 720 720 720 720 720 720 720
08 11 720 711 720 720 711 711 711 720 720 720 730 720 720 720 720 720 720 720 720 720 720 720 720 720
08 12 711 711 711 711 711 711 711 720 720 720 730 720 720 720 720 720 720 720 720 720 720 720 720 720
08 13 711 711 711 711 711 711 711 720 720 720 720 720 720 720 720 720 720 720 720 720 720 720 720 720
08 14 711 711 711 711 711 711 711 720 720 720 730 720 720 720 720 720 720 720 720 720 720 720 720 720
08 15 711 711 711 711 711 711 711 720 720 720 730 720 720 720 720 720 720 720 720 720 720 720 720 720
08 16 711 711 711 711 711 711 711 711 720 720 720 720 720 720 720 720 720 720 720 720 720 720 720 720
08 17 711 711 711 711 711 711 711 711 720 720 720 720 720 720 720 720 720 720 720 720 720 720 720 711
08 18 711 711 711 711 711 711 711 711 720 720 720 720 720 720 720 720 711 720 720 720 720 720 720 711
08 19 711 711 711 711 711 711 711 711 720 720 720 720 720 720 720 720 711 720 711 720 720 720 720 711
08 20 711 711 711 711 711 711 711 711 720 720 720 720 720 720 720 720 720 720 711 720 720 720 720 711
08 21 711 711 711 711 711 711 711 711 720 720 720 720 720 720 720 720 711 711 711 711 720 711 711 711
08 22 711 711 711 711 711 711 711 711 711 720 720 720 720 720 711 720 711 711 711 711 711 711 711 711
08 23 711 711 711 711 711 711 711 711 711 720 720 720 720 720 711 720 711 711 711 711 711 711 711 711
08 24 711 711 711 711 700 700 700 711 711 720 720 720 720 720 711 711 711 711 711 711 711 711 711 711
08 25 711 700 700 700 700 700 700 711 711 720 720 720 720 711 711 711 711 711 711 711 711 711 711 711
08 26 700 700 700 700 700 700 700 700 711 720 720 720 720 711 711 711 711 711 711 711 711 711 711 711
08 27 700 700 700 700 700 700 700 700 711 720 720 720 720 711 711 711 711 711 711 711 711 711 711 711
08 28 711 700 700 700 700 700 700 700 711 720 720 720 716 711 711 711 711 711 711 711 711 711 711 700
08 29 700 700 700 700 700 700 700 700 711 711 720 711 711 711 711 711 711 711 711 711 711 700 700 700
08 30 700 700 700 700 700 700 691 700 711 711 711 711 711 711 711 711 711 711 711 700 711 700 700 700
08 31 700 700 700 700 691 691 691 700 711 711 711 711 711 711 711 700 711 711 711 700 700 700 700 700
09 01 700 700 700 700 691 691 691 700 711 711 711 711 711 711 711 700 700 711 711 700 700 700 700 700
09 02 700 700 700 700 691 691 691 700 711 711 711 711 711 711 711 700 700 711 711 700 700 700 700 700
09 03 700 700 700 700 691 691 691 700 711 711 711 711 711 711 700 700 700 711 700 700 700 700 700 700
09 04 700 700 691 691 691 691 691 691 700 711 711 711 711 711 700 700 700 700 700 700 700 700 700 700
09 05 700 700 691 691 691 691 691 691 700 711 711 711 700 711 700 700 700 700 700 700 700 700 700 700
09 06 700 700 691 691 691 691 691 691 700 700 711 711 700 700 700 700 700 700 700 700 700 700 700 700
09 07 700 691 691 691 680 680 680 691 700 700 700 700 700 700 700 700 691 700 700 700 700 700 700 700
09 08 700 691 691 691 680 680 680 691 700 700 700 700 700 700 700 700 691 691 700 700 700 700 700 691
09 09 691 691 691 691 680 680 680 691 700 700 700 700 700 700 700 700 691 700 700 700 700 700 700 691
09 10 700 691 691 691 680 680 680 691 700 700 711 711 700 700 700 700 691 700 700 700 700 700 700 691
09 11 700 691 691 691 680 680 680 691 700 700 700 711 700 700 700 700 691 691 691 700 700 700 700 691
09 12 691 691 691 691 680 680 680 691 700 700 700 700 700 700 691 691 691 691 691 691 700 700 700 691
09 13 691 691 691 691 680 680 680 691 700 700 700 700 700 700 691 691 691 691 691 700 700 700 700 691
09 14 700 691 691 691 680 680 680 691 700 700 700 700 700 700 691 691 691 691 691 700 700 700 700 691
09 15 700 691 691 680 680 680 680 680 700 700 700 700 700 700 691 691 691 691 691 691 700 700 700 691
09 16 691 691 691 680 680 680 680 680 691 700 700 700 700 691 691 691 691 691 691 691 700 691 691 691
09 17 691 691 680 680 680 680 680 680 691 700 700 700 700 691 691 691 691 691 691 691 700 691 691 691
09 18 691 691 680 680 680 680 680 680 691 700 700 700 691 691 691 691 680 691 691 691 700 691 691 691
09 19 691 691 680 680 680 680 680 680 691 700 700 700 691 691 691 691 680 691 691 691 691 691 691 691
09 20 691 680 680 680 680 680 680 680 691 691 700 700 691 691 691 691 680 691 691 691 691 691 691 691
09 21 691 691 680 680 680 680 680 680 691 691 700 700 691 691 691 691 680 691 691 691 691 691 691 691
09 22 691 680 680 680 680 680 680 680 691 691 691 691 691 691 680 691 680 680 691 691 691 691 691 691
09 23 691 680 680 680 680 669 669 680 691 691 691 691 691 691 680 691 680 680 680 680 691 691 691 680
09 24 680 680 680 669 669 669 669 680 680 691 691 691 680 680 680 680 680 680 680 680 691 680 680 680
09 25 680 680 669 669 669 669 669 669 680 680 691 680 680 680 680 680 680 680 680 680 680 680 680 680
09 26 680 669 669 669 669 669 669 669 680 680 680 680 680 680 680 680 680 680 680 680 680 680 680 680
09 27 669 669 669 669 660 660 660 669 680 680 680 680 680 669 669 669 669 669 680 680 680 680 680 680
09 28 669 669 669 669 660 660 660 669 680 680 680 680 680 669 669 669 669 669 669 669 669 669 669 669
09 29 669 669 669 669 660 660 660 669 680 680 680 680 669 669 669 669 669 669 669 669 669 669 660 660
09 30 660 660 660 660 660 660 660 660 669 669 669 669 669 669 669 660 660 660 669 669 660 660 660 649
10 01 649 660 660 660 660 649 660 660 669 669 669 669 669 669 669 660 660 660 660 669 660 660 649 649
10 02 649 649 649 649 649 649 649 649 660 660 669 669 669 660 669 649 660 660 660 660 649 649 649 649
10 03 649 649 649 649 649 649 640 640 649 660 669 669 660 660 660 649 660 660 660 649 649 649 649 649
10 04 649 649 649 640 640 649 640 640 649 660 660 660 660 660 660 649 660 660 649 649 649 649 649 640
10 05 640 640 640 640 640 640 640 640 640 649 660 660 660 660 649 649 649 649 649 649 649 649 640 640
10 06 640 630 630 640 640 630 630 630 640 649 660 660 649 660 649 649 649 649 649 649 649 649 640 640
10 07 640 630 630 630 630 640 630 640 640 649 649 660 649 649 649 649 649 649 649 649 640 640 640 640
10 08 640 630 630 630 630 630 630 630 640 649 649 649 649 649 649 640 640 649 649 649 640 640 640 640
10 09 640 630 630 630 630 630 630 630 640 649 649 649 649 649 640 640 640 640 649 640 640 640 630 630
10 10 630 630 630 621 621 621 630 621 630 649 649 649 640 640 640 640 640 640 640 640 640 630 630 630
10 11 630 630 621 621 621 621 621 621 630 649 649 640 640 640 640 640 640 640 640 640 640 630 630 630
10 12 630 621 621 621 621 621 621 621 630 640 640 640 640 640 640 640 630 630 640 640 640 630 630 630
10 13 621 621 621 621 621 621 621 621 630 630 640 630 630 630 630 630 630 630 640 630 630 630 630 621
10 14 621 621 610 613 610 615 621 619 621 630 640 630 630 630 630 630 630 630 630 630 630 630 621 621
10 15 621 610 610 610 610 610 610 610 621 621 630 630 630 630 630 630 630 630 630 630 630 630 621 621
10 16 621 610 610 610 610 610 610 610 621 621 630 630 630 621 630 630 630 630 630 630 630 621 621 621
10 17 610 610 610 610 610 610 610 610 621 621 630 630 621 621 621 621 621 621 621 621 621 621 621 610
10 18 601 601 601 601 601 601 601 601 619 621 621 621 621 621 621 621 621 621 621 621 610 610 610 610
10 19 601 601 601 601 601 601 601 601 610 621 621 621 621 610 610 621 610 610 621 621 610 601 601 601
10 20 601 601 601 601 601 601 601 601 610 621 621 621 621 621 610 610 610 610 610 610 610 601 601 601
10 21 601 601 601 601 601 590 590 590 601 610 621 610 610 610 610 610 610 610 610 610 601 590 601 601
10 22 590 590 590 590 590 579 579 579 601 601 610 610 610 601 610 601 601 610 601 601 590 590 601 601
10 23 590 601 590 590 590 590 590 590 601 610 610 610 610 601 610 601 601 610 601 601 601 601 601 601
10 24 590 601 590 590 590 590 590 590 601 610 610 610 610 610 610 601 601 610 601 601 601 601 601 601
10 25 590 590 590 590 590 579 579 579 590 601 610 601 610 601 601 601 601 601 601 601 590 590 601 601
10 26 579 590 590 590 590 579 579 579 590 601 610 601 610 601 601 601 601 601 590 601 590 590 590 590
10 27 579 590 579 579 579 579 579 579 590 601 601 601 601 601 601 590 590 601 590 590 590 579 579 590
10 28 579 579 579 570 579 579 570 570 579 601 601 601 601 601 601 590 590 590 590 590 590 579 579 579
10 29 579 570 579 570 579 579 570 570 579 601 601 601 601 601 601 601 590 590 590 590 590 579 590 590
10 30 579 579 579 579 579 579 570 579 590 601 601 601 601 601 601 601 590 590 590 590 590 579 579 579
10 31 579 579 579 570 579 579 570 570 579 590 601 590 590 590 590 590 590 590 579 590 579 579 579 570
11 01 579 570 570 570 570 570 570 570 579 590 590 590 590 590 590 590 590 590 579 590 579 579 574 570
11 02 579 570 570 570 570 570 570 559 579 590 590 590 590 590 590 590 590 579 579 590 579 579 570 570
11 03 570 570 570 570 570 570 570 559 579 590 590 586 590 590 579 579 579 579 579 579 570 570 570 570
11 04 570 570 559 559 570 559 559 559 570 579 590 579 590 579 579 579 579 579 570 570 570 570 559 559
11 05 570 559 559 559 559 559 559 559 570 579 579 579 579 579 579 579 579 579 570 570 570 570 559 559
11 06 579 559 558 559 559 559 559 559 570 579 579 579 579 579 579 570 579 570 570 570 570 570 559 559
11 07 579 559 554 550 559 559 559 559 570 579 579 579 579 579 579 570 570 570 570 570 570 559 559 559
11 08 570 559 558 550 559 559 559 550 559 579 579 579 579 579 579 570 570 570 570 570 570 559 559 559
11 09 570 559 558 550 559 559 559 550 559 579 579 579 579 579 570 570 570 570 570 570 559 550 559 554
11 10 570 550 550 550 550 550 550 540 550 570 579 579 579 570 570 570 570 570 559 559 559 550 559 550
11 11 559 550 550 550 550 550 550 540 550 559 579 570 570 570 570 570 570 570 559 559 559 559 559 550
11 12 559 550 550 550 550 550 540 540 550 559 570 570 570 559 559 559 559 559 554 559 559 550 559 550
11 13 559 540 531 550 540 540 540 540 540 550 559 559 559 559 559 559 559 559 550 559 550 550 550 540
11 14 550 540 531 531 540 540 540 531 540 550 550 559 559 550 550 550 559 559 550 550 550 550 550 540
11 15 550 540 531 531 540 540 540 540 540 550 550 559 559 559 559 559 559 559 550 550 550 550 550 540
11 16 550 540 531 531 540 540 540 531 540 550 550 559 559 559 559 559 559 559 550 550 550 550 550 540
11 17 550 531 531 531 540 540 540 540 540 550 550 559 559 559 559 559 559 559 550 559 550 550 550 540
11 18 550 531 531 531 540 540 540 531 540 540 550 559 559 559 559 559 559 559 550 559 550 550 550 540
11 19 550 540 531 531 540 540 540 540 540 550 550 559 559 559 559 559 570 570 559 559 550 550 550 550
11 20 559 540 540 550 550 540 540 531 540 540 550 559 559 559 559 559 559 570 559 559 550 550 550 550
11 21 559 550 550 550 550 550 550 540 550 550 559 570 570 570 570 570 570 570 559 559 559 559 559 550
11 22 559 550 550 550 550 550 559 540 550 550 559 570 570 579 570 570 570 570 559 559 559 550 550 550
11 23 550 550 540 550 550 550 550 540 550 550 559 568 570 570 570 570 570 570 559 559 559 550 550 550
11 24 550 550 540 550 550 550 550 540 550 550 559 568 570 570 570 570 570 570 559 559 559 550 550 550
11 25 550 550 540 550 550 540 550 540 549 550 559 568 570 570 570 570 559 559 559 559 559 550 550 550
11 26 550 540 540 540 540 540 550 540 549 550 559 570 570 570 570 570 559 559 559 559 559 550 550 550
11 27 550 540 540 540 540 540 550 540 540 550 559 570 570 570 570 570 570 559 559 559 559 550 550 550
11 28 559 550 540 540 540 540 550 540 540 550 559 570 570 570 570 570 570 559 559 559 559 550 550 550
11 29 559 550 550 540 540 540 549 540 520 550 559 570 570 570 570 559 559 559 559 550 559 550 550 550
11 30 559 540 540 540 540 531 531 520 520 540 550 559 559 570 570 559 559 559 550 550 550 550 550 550
12 01 550 540 540 540 540 531 520 520 511 540 540 559 559 559 559 559 559 559 550 550 550 550 550 540
12 02 550 531 531 531 531 520 511 511 511 520 531 540 550 550 559 550 550 550 540 540 550 549 549 540
12 03 550 531 531 520 531 520 520 511 511 520 531 540 550 559 559 550 550 550 540 540 540 540 540 531
12 04 531 531 520 520 520 511 511 511 500 520 531 531 540 550 550 540 540 540 531 531 531 520 520 520
12 05 520 520 520 520 520 511 511 511 500 520 531 531 540 540 540 540 531 531 531 531 520 520 520 511
12 06 511 520 511 511 511 500 500 500 489 500 511 511 520 520 520 531 520 531 520 520 520 511 511 511
12 07 511 511 500 511 511 500 500 489 480 500 511 511 520 511 520 520 520 520 520 520 520 511 511 511
12 08 500 511 500 500 500 489 489 480 480 489 500 500 511 511 520 520 520 511 511 511 511 511 500 500
12 09 500 489 480 480 480 480 480 480 469 480 480 489 500 500 511 511 511 511 511 511 500 489 489 500
12 10 500 489 480 469 480 469 480 480 469 480 480 489 500 500 511 511 511 511 511 500 500 489 489 489
12 11 480 480 469 469 480 469 469 469 460 480 480 489 500 500 511 511 511 511 500 500 489 489 489 489
12 12 480 480 469 469 469 469 469 460 460 469 480 489 489 489 500 500 511 500 489 489 489 480 480 489
12 13 480 480 469 469 469 460 460 460 460 480 489 500 500 489 500 500 511 500 489 489 482 480 480 480
12 14 469 469 469 469 469 450 460 460 460 469 480 489 480 489 500 500 500 500 489 489 482 480 480 480
12 15 469 469 469 469 469 450 460 460 460 469 480 489 480 489 500 500 500 500 489 489 480 480 480 480
12 16 469 469 469 469 469 460 460 460 460 480 489 500 500 500 511 500 511 500 500 489 489 480 480 480
12 17 469 480 469 469 469 469 469 480 469 489 489 500 500 500 500 500 500 500 489 489 480 480 480 480
12 18 469 469 469 469 469 460 460 460 460 480 489 489 500 489 489 489 489 489 480 480 480 469 469 480
12 19 469 469 469 469 469 460 460 460 460 480 489 489 500 489 480 489 489 480 480 480 469 469 469 469
12 20 469 460 460 469 450 450 450 441 450 469 480 480 469 480 480 489 489 480 469 469 469 469 460 469
12 21 460 460 460 460 450 450 450 441 441 469 480 480 469 480 480 480 489 480 469 469 469 469 460 469
12 22 460 460 460 460 460 450 450 450 450 469 480 480 469 480 480 489 489 489 480 469 469 469 469 469
12 23 469 469 469 469 469 460 460 460 469 480 480 480 469 480 480 489 489 489 480 469 469 469 469 469
12 24 469 469 469 469 469 460 460 450 460 480 489 489 489 489 489 489 500 489 489 480 480 469 469 469
12 25 469 480 469 469 469 460 460 460 469 480 489 500 500 500 489 489 500 489 489 480 480 469 480 469
12 26 480 480 480 469 469 469 460 469 469 480 500 500 500 511 489 500 500 500 489 480 480 469 480 469
12 27 480 480 469 469 469 469 460 469 469 480 500 500 500 511 500 500 500 500 489 489 480 480 480 469
12 28 480 480 480 469 469 469 469 469 469 480 500 500 500 511 500 500 500 500 500 489 489 480 489 480
12 29 480 480 480 480 480 480 469 480 469 480 500 511 511 511 511 511 511 500 500 500 489 489 489 480
12 30 480 480 480 480 480 480 480 480 469 480 500 511 511 511 511 511 511 500 500 500 489 489 489 480
12 31 480 480 480 480 469 480 469 469 469 480 500 500 500 511 500 500 500 500 500 500 489 489 489 480
