01 01 -9999 331 331 340 338 338 331 331 331 338 351 351 351 356 351 351 351 340 340 340 331 331 331 331
01 02 -9999 331 331 340 338 338 331 331 331 340 351 351 360 360 360 360 351 340 340 340 338 340 331 331
01 03 -9999 331 331 340 338 340 331 331 331 340 351 360 360 360 360 360 360 351 340 340 340 340 331 331
01 04 -9999 331 331 340 338 340 331 331 331 340 351 360 360 360 360 360 360 351 340 340 340 340 331 331
01 05 -9999 331 331 340 338 340 331 331 331 340 356 360 360 360 360 360 360 351 349 349 340 340 340 331
01 06 -9999 340 340 340 340 340 340 340 331 340 356 360 360 370 370 369 360 351 351 349 340 349 340 340
01 07 -9999 340 340 340 340 340 340 340 331 340 360 360 370 370 370 369 360 351 351 351 340 349 349 340
01 08 -9999 340 340 340 340 340 340 340 331 340 360 360 370 370 370 369 360 351 351 351 340 340 340 340
01 09 -9999 340 340 340 340 340 331 331 331 340 351 360 360 370 370 370 360 351 351 349 340 340 340 340
01 10 -9999 340 340 340 340 340 331 331 338 340 356 360 370 370 370 369 360 351 351 349 340 340 340 340
01 11 -9999 340 338 340 340 338 331 331 331 340 351 360 360 360 370 360 360 351 351 351 340 340 340 340
01 12 -9999 340 331 338 331 331 331 320 331 331 349 360 360 360 369 360 360 351 351 340 340 340 340 340
01 13 -9999 338 331 331 331 331 331 320 331 331 340 356 360 360 360 360 360 351 351 340 340 340 340 340
01 14 -9999 331 331 331 331 320 320 320 320 331 340 351 360 360 360 360 360 351 349 340 340 340 338 331
01 15 -9999 331 329 331 331 320 320 320 320 331 340 351 360 360 360 360 360 351 349 340 340 340 338 331
01 16 -9999 320 320 329 329 320 320 320 320 331 340 351 360 351 360 360 360 351 349 340 340 340 331 331
01 17 -9999 320 320 329 320 320 320 320 320 331 340 351 360 351 360 356 360 351 349 340 340 340 331 331
01 18 -9999 320 320 329 331 320 320 320 320 331 340 351 351 351 351 356 356 340 349 340 340 340 331 331
01 19 -9999 320 320 320 331 320 320 320 320 331 340 351 351 351 351 351 356 351 349 340 340 340 331 331
01 20 -9999 320 320 320 331 320 320 320 320 331 340 351 351 351 351 351 351 340 349 340 338 331 320 320
01 21 -9999 320 320 320 320 320 320 320 320 331 340 340 351 349 351 351 351 340 340 340 331 331 320 320
01 22 -9999 320 320 320 320 320 320 320 320 331 338 340 340 349 351 351 356 351 340 340 338 331 320 320
01 23 -9999 320 320 320 320 320 320 320 320 331 340 340 351 351 360 356 360 351 351 340 340 340 331 320
01 24 -9999 320 320 320 331 320 320 320 320 331 340 351 351 351 360 356 360 360 351 351 340 340 331 331
01 25 -9999 331 331 320 331 320 320 320 320 331 340 340 351 351 351 356 360 360 351 351 340 340 338 331
01 26 -9999 331 320 320 331 320 320 331 320 331 340 351 351 360 360 356 360 360 351 351 340 340 338 331
01 27 -9999 331 320 320 331 320 320 320 320 331 340 351 351 360 360 356 360 360 356 351 351 340 340 338
01 28 -9999 331 331 320 331 329 320 329 320 331 340 340 351 360 360 360 360 360 360 351 351 340 340 340
01 29 -9999 331 331 331 331 331 331 331 320 338 340 340 351 360 360 360 360 360 360 360 351 340 349 340
01 30 -9999 331 331 331 331 331 331 331 320 338 340 351 351 360 360 360 360 360 360 360 351 340 349 340
01 31 -9999 338 338 331 331 331 331 331 329 340 349 351 356 360 360 370 360 360 360 360 351 351 351 340
02 01 -9999 338 338 331 331 338 331 331 320 340 340 351 360 360 360 370 360 360 360 360 351 351 351 340
02 02 -9999 340 338 331 331 331 331 331 320 338 340 351 360 360 360 360 360 360 360 356 351 349 349 340
02 03 -9999 340 340 331 331 331 331 331 320 338 340 351 360 360 360 360 360 360 360 356 351 340 340 340
02 04 -9999 340 338 331 331 331 331 331 320 338 340 351 356 360 360 360 360 360 360 356 351 340 340 340
02 05 -9999 340 338 331 331 331 331 331 320 340 340 351 356 360 360 360 360 360 356 360 351 340 349 340
02 06 -9999 340 340 331 331 331 331 331 320 340 349 351 356 360 360 360 360 356 356 360 351 340 349 340
02 07 -9999 340 340 338 331 338 331 331 329 340 349 351 356 360 360 360 360 360 360 360 351 351 351 349
02 08 -9999 340 338 338 331 338 331 331 331 340 351 351 356 360 360 360 360 360 360 360 351 351 351 351
02 09 -9999 340 340 340 340 340 331 331 331 340 351 356 360 369 360 369 360 360 360 360 351 351 351 351
02 10 -9999 340 340 340 340 340 331 331 331 340 351 356 360 369 360 369 369 360 360 360 351 351 360 351
02 11 -9999 351 351 349 340 340 338 331 340 349 351 360 360 370 360 369 370 360 360 360 351 351 356 351
02 12 -9999 351 351 351 349 340 340 331 340 351 351 360 360 370 360 369 370 360 360 360 351 351 360 360
02 13 -9999 351 351 351 351 340 340 331 340 351 360 360 360 370 360 369 370 360 360 360 360 360 360 360
02 14 -9999 351 351 351 351 340 340 340 340 351 360 369 369 370 369 370 370 370 370 360 360 360 360 360
02 15 -9999 360 351 351 351 340 351 340 340 360 370 370 370 370 369 370 370 370 370 360 360 360 360 360
02 16 -9999 360 351 351 351 340 351 340 340 360 370 370 370 370 369 370 370 370 370 360 360 360 360 360
02 17 -9999 351 351 351 351 340 351 340 340 360 370 370 370 370 369 370 370 370 370 370 369 369 360 360
02 18 -9999 360 351 351 351 340 340 340 340 360 370 370 370 370 370 370 379 370 370 370 369 369 360 360
02 19 -9999 360 351 351 351 340 351 340 340 360 370 370 370 370 370 374 379 379 379 370 370 370 369 360
02 20 -9999 360 351 360 351 351 351 340 349 360 370 374 370 370 374 379 379 379 379 370 370 369 369 360
02 21 -9999 360 351 360 351 351 351 340 351 360 370 379 370 370 374 379 379 379 379 370 370 370 369 360
02 22 -9999 360 351 360 351 351 351 340 351 360 370 374 370 370 370 370 379 379 379 370 370 369 369 360
02 23 -9999 360 360 360 351 351 351 340 351 360 370 374 370 370 370 370 370 379 374 370 370 369 360 360
02 24 -9999 360 360 360 351 351 351 340 351 360 370 370 370 370 374 370 379 379 379 370 370 370 370 360
02 25 -9999 360 360 360 351 351 351 340 351 369 374 379 374 370 374 370 370 379 379 370 370 370 369 360
02 26 -9999 360 360 360 351 351 351 340 351 369 374 379 374 370 379 370 370 379 379 370 370 370 369 360
02 27 -9999 360 356 356 351 351 351 340 351 369 374 374 374 374 379 370 370 374 379 370 370 370 369 360
02 28 -9999 360 356 351 351 351 351 340 351 369 374 374 374 374 379 370 370 379 379 370 370 370 360 360
03 01 -9999 360 356 351 351 351 340 340 351 360 374 374 379 379 379 374 374 379 379 374 370 370 360 360
03 02 -9999 356 351 351 351 351 340 340 351 360 374 374 379 379 379 379 379 379 379 379 370 370 369 360
03 03 -9999 351 351 351 351 351 340 340 351 360 374 374 379 379 379 379 379 379 379 374 370 370 369 360
03 04 -9999 351 351 351 351 351 351 340 351 369 374 374 374 379 379 379 379 379 379 374 370 370 369 360
03 05 -9999 360 351 351 351 351 351 351 351 370 374 374 374 379 379 379 379 379 379 379 374 370 370 369
03 06 -9999 360 351 351 351 351 351 351 351 370 374 370 374 374 379 374 379 379 379 379 374 370 370 370
03 07 -9999 360 351 351 351 351 351 351 356 370 379 370 374 374 379 374 370 370 379 374 370 370 369 370
03 08 -9999 351 351 351 351 351 340 340 351 370 370 370 370 370 374 374 370 370 379 370 370 370 360 360
03 09 -9999 351 351 351 351 351 340 340 351 360 370 370 370 370 374 374 370 370 374 370 370 369 360 360
03 10 -9999 351 351 351 349 340 340 340 351 360 370 370 370 370 370 374 370 370 374 370 370 360 360 360
03 11 -9999 351 351 349 340 340 340 340 351 360 370 370 370 370 370 374 370 370 374 370 370 360 360 360
03 12 -9999 351 351 340 340 340 340 340 351 360 370 370 370 370 370 374 370 370 379 370 370 369 360 360
03 13 -9999 351 351 349 340 340 340 351 351 360 370 370 370 370 370 370 370 370 379 370 370 360 360 360
03 14 -9999 351 351 349 340 340 340 340 351 360 369 360 370 370 370 374 370 370 379 370 370 360 360 360
03 15 -9999 351 351 349 340 340 340 340 351 360 370 360 370 370 370 370 370 370 379 370 370 360 360 360
03 16 -9999 351 351 351 349 340 340 351 356 360 369 360 370 360 369 370 370 370 370 370 370 360 360 360
03 17 -9999 351 351 349 340 340 340 340 351 360 360 360 360 360 360 360 360 360 369 370 360 360 360 360
03 18 -9999 351 351 349 351 340 340 351 351 360 360 360 360 360 360 360 360 360 360 370 360 360 360 360
03 19 -9999 351 351 349 351 340 340 340 351 360 360 360 360 360 360 360 360 360 360 370 360 360 360 360
03 20 -9999 351 351 340 340 340 340 340 351 360 360 360 360 360 360 360 360 360 360 360 360 356 356 351
03 21 -9999 351 351 349 340 340 340 351 356 360 360 360 360 360 360 360 360 360 360 370 360 356 356 351
03 22 -9999 351 351 351 340 340 340 351 356 360 360 360 360 360 360 360 360 360 360 370 360 356 356 351
03 23 -9999 351 351 351 340 340 340 351 360 360 370 360 360 360 360 360 360 360 360 370 360 360 360 351
03 24 -9999 351 351 340 340 340 340 351 360 370 370 370 370 369 360 370 370 360 370 374 360 360 360 356
03 25 -9999 351 351 351 340 340 340 351 360 370 370 370 370 369 360 370 370 360 370 374 360 360 360 356
03 26 -9999 351 351 340 340 340 331 349 360 360 369 370 360 360 360 369 360 360 370 370 360 360 360 351
03 27 -9999 351 351 340 340 340 331 351 360 360 360 370 360 360 360 370 360 360 360 370 360 360 360 351
03 28 -9999 351 351 351 340 340 331 351 360 360 369 370 360 360 360 370 360 360 369 370 360 360 360 351
03 29 -9999 351 351 351 340 340 331 351 360 370 370 370 360 370 360 370 369 360 370 370 370 360 360 356
03 30 -9999 351 351 351 340 340 338 351 369 370 370 370 360 370 360 370 370 370 370 370 370 370 370 360
03 31 -9999 356 351 351 340 340 340 356 370 370 370 370 370 370 360 370 370 370 370 370 370 370 370 360
04 01 -9999 360 351 351 351 340 340 360 370 370 370 370 370 370 370 370 370 370 370 374 379 370 370 360
04 02 -9999 360 351 351 351 340 340 360 370 370 370 370 370 374 370 370 370 370 374 379 379 379 370 370
04 03 -9999 360 351 351 351 340 340 360 370 370 370 370 370 374 370 374 370 374 374 379 379 379 379 370
04 04 -9999 360 360 351 351 340 351 360 370 370 370 370 370 374 370 374 370 374 379 379 379 379 379 370
04 05 -9999 370 360 351 351 340 351 360 374 374 370 370 370 374 370 379 379 379 379 379 390 379 379 379
04 06 -9999 370 360 351 351 351 351 370 379 379 374 370 370 379 374 379 379 379 379 379 390 388 388 379
04 07 -9999 370 360 360 360 351 351 370 379 379 379 374 379 379 379 379 379 379 390 388 390 390 390 390
04 08 -9999 379 370 360 360 360 360 379 379 379 379 379 379 379 379 379 379 388 390 390 390 390 390 390
04 09 -9999 379 370 370 370 360 370 379 390 390 379 379 379 379 379 379 390 390 390 390 390 399 392 390
04 10 -9999 390 370 370 370 370 370 379 390 390 390 390 379 390 379 390 390 390 392 392 392 399 399 390
04 11 -9999 390 374 379 370 374 370 379 390 390 390 390 379 390 379 390 390 392 399 399 399 410 399 392
04 12 -9999 390 379 379 374 374 374 390 399 390 390 392 390 399 390 390 390 392 399 399 399 410 399 399
04 13 -9999 390 379 379 379 379 374 390 399 399 399 399 399 399 392 399 392 399 399 410 410 410 410 399
04 14 -9999 390 390 379 379 379 379 390 399 399 399 399 410 399 399 399 399 399 410 410 410 410 410 399
04 15 -9999 390 390 379 379 379 379 390 399 399 399 399 410 399 392 399 399 399 410 410 410 410 410 399
04 16 -9999 399 390 390 379 379 379 390 399 410 399 410 410 399 399 410 399 410 410 410 410 410 410 399
04 17 -9999 392 390 390 379 379 379 390 399 410 399 410 410 410 399 410 399 410 410 410 410 410 410 399
04 18 -9999 399 390 390 379 379 379 390 399 410 399 410 410 410 399 410 399 410 410 410 410 410 410 399
04 19 -9999 399 390 390 379 379 379 390 399 410 410 410 410 410 410 410 410 410 410 410 410 410 410 399
04 20 -9999 399 390 390 390 390 390 399 410 421 410 421 419 419 410 410 410 410 421 410 410 410 410 410
04 21 -9999 399 392 390 390 390 390 399 410 421 421 421 421 421 421 421 421 410 421 410 421 410 410 410
04 22 -9999 399 392 399 390 390 392 399 421 428 421 421 421 421 410 410 421 410 421 410 410 410 410 410
04 23 -9999 399 399 399 392 390 392 410 421 428 421 421 421 421 410 410 421 410 421 410 410 410 410 410
04 24 -9999 399 399 392 392 379 392 410 421 428 421 421 421 421 410 410 421 410 421 410 421 421 410 410
04 25 -9999 399 399 399 392 390 399 410 421 428 421 421 421 421 421 419 421 410 421 410 421 421 410 410
04 26 -9999 399 399 399 392 390 399 421 421 430 421 421 421 421 421 419 421 410 421 419 421 421 419 410
04 27 -9999 399 399 399 392 390 399 421 421 430 421 421 421 421 410 421 421 410 421 419 421 421 421 410
04 28 -9999 399 399 399 392 390 399 419 421 430 421 421 421 421 410 421 421 421 421 421 428 421 421 410
04 29 -9999 410 399 399 392 390 399 419 421 430 421 421 421 421 410 421 421 421 421 421 430 421 421 419
04 30 -9999 410 410 399 392 390 410 421 428 430 421 421 421 421 410 421 421 421 421 421 430 430 421 421
05 01 -9999 410 410 410 399 399 410 430 430 430 428 428 421 421 419 421 421 421 421 428 430 430 430 421
05 02 -9999 410 421 410 399 399 410 430 430 430 428 428 421 421 410 421 421 421 421 430 430 430 430 421
05 03 -9999 410 419 410 399 399 410 430 430 430 421 428 421 421 410 421 421 421 421 430 430 430 430 421
05 04 -9999 421 421 410 410 399 410 430 430 430 428 428 428 421 421 421 421 421 428 430 430 430 430 421
05 05 -9999 421 421 410 410 399 419 430 430 430 421 428 428 421 419 421 421 428 428 430 430 430 430 421
05 06 -9999 421 419 410 399 399 419 430 430 430 428 430 428 421 419 421 421 428 430 430 430 430 430 421
05 07 -9999 421 421 410 410 399 419 430 430 430 430 430 430 428 421 430 421 430 430 439 441 430 430 430
05 08 -9999 421 421 410 399 399 421 430 430 430 430 430 430 430 421 430 421 430 430 439 441 430 439 430
05 09 -9999 421 421 421 410 399 421 441 441 441 441 430 439 430 428 430 430 430 430 441 441 439 441 430
05 10 -9999 430 421 421 410 410 428 441 441 441 441 439 439 430 421 430 430 430 441 450 446 441 441 441
05 11 -9999 430 430 421 410 410 430 441 441 441 450 441 441 441 430 441 439 430 441 450 450 441 441 441
05 12 -9999 430 430 428 421 410 430 441 446 446 450 441 441 441 430 441 441 441 441 446 450 441 441 441
05 13 -9999 439 430 430 421 421 430 446 446 450 446 441 441 441 430 441 430 441 441 446 450 441 441 441
05 14 -9999 430 430 428 421 419 430 446 441 446 441 441 439 430 430 441 430 430 441 446 450 441 441 441
05 15 -9999 441 430 430 421 421 430 446 441 450 441 441 439 441 430 441 430 430 439 441 450 441 441 441
05 16 -9999 441 430 430 421 421 430 446 446 450 441 441 441 441 430 441 441 441 441 450 450 450 450 450
05 17 -9999 441 430 430 421 421 441 450 450 450 450 446 441 446 441 446 441 441 441 450 460 450 450 450
05 18 -9999 441 441 430 430 430 441 450 450 450 459 450 446 450 450 450 450 450 450 460 460 460 450 450
05 19 -9999 441 441 430 430 430 441 450 459 450 460 450 450 450 450 450 450 459 450 460 464 460 460 450
05 20 -9999 446 441 430 441 439 446 450 460 460 460 450 450 460 450 460 450 460 460 460 469 464 460 460
05 21 -9999 450 450 441 441 441 450 459 460 460 460 460 450 460 450 460 460 464 460 469 469 464 460 460
05 22 -9999 450 450 441 446 441 460 460 460 460 460 464 460 460 460 464 460 469 469 469 469 469 469 469
05 23 -9999 450 450 450 450 450 460 460 464 464 464 469 460 460 460 469 469 469 469 469 469 469 469 469
05 24 -9999 460 460 450 450 450 460 469 469 469 469 469 464 464 464 469 469 480 469 480 480 480 480 469
05 25 -9999 460 460 450 450 460 460 469 469 469 469 469 469 469 469 469 469 480 469 480 480 480 480 469
05 26 -9999 464 460 460 460 460 469 469 469 469 469 480 469 480 469 480 480 489 478 489 480 480 480 480
05 27 -9999 469 469 460 460 460 469 478 480 480 478 482 480 480 469 480 480 489 480 489 480 480 480 480
05 28 -9999 469 469 460 460 469 480 480 480 480 480 482 480 480 480 480 480 489 482 489 489 489 480 480
05 29 -9999 469 469 469 460 469 480 480 480 480 480 482 480 480 480 480 482 489 489 489 489 489 489 480
05 30 -9999 469 469 469 469 469 480 480 489 489 489 489 480 480 480 480 482 489 489 489 489 489 489 480
05 31 -9999 480 469 469 469 469 480 480 489 489 489 489 480 480 480 480 480 489 480 489 489 489 480 480
06 01 -9999 480 480 469 469 469 480 482 489 489 489 482 480 480 469 480 480 489 480 489 489 489 480 480
06 02 -9999 469 469 469 469 469 480 482 482 489 489 480 480 480 469 469 480 489 480 489 489 489 480 480
06 03 -9999 469 469 469 469 469 480 482 482 489 489 480 480 480 469 469 480 480 480 480 480 480 480 480
06 04 -9999 469 469 469 469 469 480 480 482 489 480 480 480 480 469 469 469 480 480 480 482 480 480 480
06 05 -9999 480 480 469 469 469 480 480 480 480 480 480 469 478 460 464 469 480 480 480 482 480 480 480
06 06 -9999 469 469 469 469 469 480 480 480 480 469 469 469 469 460 464 469 480 469 480 480 480 480 469
06 07 -9999 469 469 469 464 464 480 480 480 480 469 469 469 469 460 464 469 480 480 480 480 480 480 480
06 08 -9999 469 469 464 460 460 480 480 480 480 469 469 469 469 460 464 469 480 469 480 480 480 480 469
06 09 -9999 469 469 464 460 460 469 480 480 480 469 469 469 469 460 464 464 469 469 480 478 469 469 469
06 10 -9999 469 469 460 460 460 469 480 480 480 469 469 469 469 460 464 460 469 469 469 469 469 469 469
06 11 -9999 469 464 460 460 460 464 469 480 480 469 469 460 469 460 460 460 469 469 469 469 469 469 469
06 12 -9999 464 460 460 450 460 464 469 469 469 469 469 464 469 460 464 460 464 469 469 469 469 469 469
06 13 -9999 464 460 460 450 460 464 469 469 469 469 469 469 469 460 464 460 464 469 469 469 469 480 469
06 14 -9999 464 460 460 450 460 464 469 469 469 469 469 469 469 460 460 460 460 469 469 469 469 480 469
06 15 -9999 464 460 460 450 450 464 469 469 469 469 464 464 460 460 464 460 469 469 469 469 469 480 469
06 16 -9999 464 464 460 450 450 464 469 469 469 469 469 469 460 460 464 464 469 469 469 469 480 480 469
06 17 -9999 469 464 460 450 450 469 480 469 469 469 469 469 464 460 464 464 469 469 480 480 480 480 469
06 18 -9999 469 464 460 460 450 469 480 480 480 469 469 469 469 460 469 469 469 469 480 480 480 482 469
06 19 -9999 469 464 460 460 460 480 482 480 480 469 469 469 469 469 469 469 469 469 480 480 480 489 480
06 20 -9999 469 469 460 460 460 480 489 489 480 480 469 480 469 469 469 480 469 480 482 489 489 489 482
06 21 -9999 480 469 469 469 464 480 489 489 480 480 469 480 469 469 469 480 469 480 489 489 489 489 489
06 22 -9999 489 480 469 469 469 480 489 489 482 480 480 480 469 469 469 469 469 482 489 500 500 500 489
06 23 -9999 489 480 480 480 480 482 500 489 489 489 480 480 469 469 480 480 482 489 489 500 500 500 500
06 24 -9999 489 480 480 480 480 489 500 489 489 489 480 480 469 469 480 480 482 489 489 500 500 500 500
06 25 -9999 489 489 480 480 480 489 500 500 489 489 480 480 480 469 480 480 489 489 489 500 500 511 500
06 26 -9999 489 489 480 480 480 489 500 500 489 489 480 480 480 469 480 480 489 489 500 500 500 511 511
06 27 -9999 500 500 482 480 480 489 500 500 489 489 480 480 480 469 480 482 489 489 500 500 511 511 511
06 28 -9999 500 500 482 482 480 489 500 500 489 489 482 480 480 469 480 489 489 500 511 500 511 511 511
06 29 -9999 500 500 489 489 480 489 500 500 489 489 489 480 480 480 480 489 489 500 511 511 511 511 511
06 30 -9999 500 500 500 489 480 489 500 500 500 489 489 482 480 480 480 489 489 500 511 511 511 511 511
07 01 -9999 500 500 500 480 480 489 500 500 500 489 489 489 480 480 480 489 489 500 511 511 511 511 511
07 02 -9999 500 500 500 489 480 489 500 500 500 500 489 489 480 480 480 489 489 500 511 511 511 511 511
07 03 -9999 500 500 489 489 480 500 500 500 500 500 489 489 480 482 480 489 489 500 511 511 511 511 511
07 04 -9999 500 489 489 489 480 500 500 500 500 500 489 489 480 480 480 489 489 500 500 511 511 511 511
07 05 -9999 500 500 489 489 480 500 500 500 500 489 489 489 480 482 480 489 500 500 511 511 511 511 511
07 06 -9999 500 500 500 489 480 500 511 500 511 500 489 489 482 482 480 489 489 500 500 500 511 511 511
07 07 -9999 500 489 489 489 480 500 500 500 511 489 489 482 480 480 478 489 489 500 500 500 511 511 500
07 08 -9999 489 489 480 480 480 489 500 500 500 489 489 480 480 480 469 482 489 500 500 500 511 511 500
07 09 -9999 489 489 482 489 480 489 500 511 511 500 489 489 480 480 478 489 489 500 500 500 511 511 500
07 10 -9999 500 500 489 489 480 489 500 500 511 500 489 489 480 480 480 489 489 500 500 500 511 511 500
07 11 -9999 500 500 489 489 480 500 511 511 511 500 489 489 489 480 480 489 500 509 511 511 511 511 511
07 12 -9999 500 500 500 489 480 500 511 511 511 500 489 489 489 480 480 489 500 511 511 511 511 518 511
07 13 -9999 500 500 500 489 480 500 511 511 520 500 489 489 489 482 480 489 500 500 511 511 511 511 511
07 14 -9999 500 500 500 489 480 500 511 511 520 500 500 489 489 482 480 489 500 511 511 518 518 518 520
07 15 -9999 509 500 500 489 482 511 511 520 520 500 500 489 489 489 480 489 500 500 511 518 520 520 520
07 16 -9999 511 500 500 489 489 511 518 520 520 500 500 489 489 489 480 489 500 500 511 518 520 520 520
07 17 -9999 511 500 500 489 489 511 520 520 520 511 500 489 489 489 489 489 500 511 511 520 520 520 520
07 18 -9999 511 500 500 500 489 511 520 520 520 511 500 489 489 482 489 489 500 511 511 520 520 520 520
07 19 -9999 511 500 500 489 489 511 520 520 520 511 500 489 489 489 482 489 500 511 511 520 520 520 520
07 20 -9999 500 500 500 489 480 500 511 520 520 511 500 489 489 482 480 489 489 500 511 511 520 520 520
07 21 -9999 500 500 500 489 480 500 511 511 511 509 500 489 489 489 489 489 500 500 511 518 520 520 520
07 22 -9999 500 500 500 489 480 500 511 518 518 511 500 489 489 489 489 489 500 500 511 520 520 520 520
07 23 -9999 500 500 500 489 480 500 518 520 518 511 500 500 489 489 489 489 500 511 511 520 520 520 520
07 24 -9999 509 500 500 489 480 500 511 520 511 511 500 500 489 489 489 489 489 500 511 518 520 520 520
07 25 -9999 500 500 500 489 482 500 518 520 518 511 500 500 489 489 489 489 489 500 511 518 520 520 520
07 26 -9999 500 500 500 482 482 500 511 520 511 509 500 489 489 489 489 489 489 500 511 518 520 520 520
07 27 -9999 500 500 500 482 480 500 511 520 511 511 500 500 489 489 489 489 489 500 511 511 520 520 518
07 28 -9999 500 500 500 489 482 500 511 520 511 511 500 500 489 489 489 489 489 511 511 511 520 520 518
07 29 -9999 500 500 500 489 489 500 511 520 511 511 511 500 489 489 489 489 500 500 511 511 520 520 511
07 30 -9999 500 500 489 482 482 489 511 520 511 511 511 500 489 489 489 489 500 511 511 511 520 520 518
07 31 -9999 500 500 489 482 482 489 511 520 511 511 511 500 489 489 489 489 500 511 511 511 520 520 518
08 01 -9999 511 500 489 482 482 489 511 520 511 511 511 500 500 489 489 489 500 511 511 511 520 520 518
08 02 -9999 511 500 489 482 482 489 511 520 520 511 511 509 500 489 489 489 500 500 511 518 520 520 520
08 03 -9999 511 500 500 489 489 489 518 520 520 518 511 509 500 500 500 489 500 511 511 511 520 520 520
08 04 -9999 511 500 500 489 489 500 518 520 520 520 511 511 500 500 500 489 500 511 511 511 520 520 520
08 05 -9999 511 500 500 489 489 500 518 520 520 520 511 500 500 500 489 489 500 511 511 511 520 520 520
08 06 -9999 511 500 500 489 489 500 518 520 520 518 511 500 500 500 489 482 500 511 511 511 520 520 518
08 07 -9999 511 500 489 489 489 500 511 520 520 518 511 500 500 489 489 482 500 500 511 511 518 518 511
08 08 -9999 511 500 489 489 489 500 511 520 520 520 511 500 500 489 489 482 500 511 511 511 520 518 511
08 09 -9999 511 500 489 482 489 500 511 520 520 520 511 500 500 489 489 482 500 500 511 511 518 511 511
08 10 -9999 500 500 489 482 482 489 511 520 520 520 511 500 489 489 489 480 489 500 511 511 511 511 511
08 11 -9999 511 500 489 482 482 489 511 520 520 520 511 500 500 489 489 480 489 500 511 511 511 511 511
08 12 -9999 500 489 489 480 482 489 511 520 520 518 509 500 489 489 482 480 489 500 511 511 511 511 511
08 13 -9999 500 489 489 480 480 489 511 520 520 518 509 500 500 489 489 482 489 500 511 511 511 500 500
08 14 -9999 500 489 489 480 480 489 500 520 520 518 500 500 500 489 489 482 489 500 511 511 511 500 500
08 15 -9999 500 489 489 480 480 500 500 520 520 518 500 500 500 489 489 482 489 500 511 511 511 500 500
08 16 -9999 500 489 489 480 480 489 500 511 520 511 500 500 500 489 489 482 489 500 511 511 500 500 500
08 17 -9999 489 489 489 480 480 489 500 511 511 511 500 500 500 489 489 480 489 500 500 511 500 500 489
08 18 -9999 489 489 482 480 480 482 500 511 511 511 500 489 489 489 482 480 489 500 500 511 500 500 500
08 19 -9999 489 489 489 480 480 482 500 511 511 511 500 489 489 489 489 480 489 500 500 511 500 500 500
08 20 -9999 489 489 489 480 480 482 500 511 511 500 500 500 489 489 482 480 489 500 500 511 500 500 500
08 21 -9999 489 489 489 480 480 480 500 511 511 500 500 489 489 489 482 480 489 500 500 511 500 500 500
08 22 -9999 489 489 489 480 480 480 500 511 511 500 500 489 489 489 482 480 489 500 500 511 511 500 500
08 23 -9999 489 489 489 482 480 482 500 511 511 500 500 489 489 489 482 482 489 500 500 511 511 500 500
08 24 -9999 489 489 489 482 480 482 500 511 511 500 500 489 489 489 489 482 489 500 500 511 511 511 500
08 25 -9999 489 489 489 482 480 482 500 511 511 500 500 489 489 489 482 482 489 500 500 511 511 500 500
08 26 -9999 489 489 480 480 469 480 500 500 500 500 489 480 489 489 482 482 489 500 500 500 500 500 500
08 27 -9999 489 482 480 480 469 480 489 500 500 489 489 480 469 482 482 480 489 489 489 500 500 500 500
08 28 -9999 489 480 480 469 464 469 489 500 500 489 480 480 469 480 480 480 480 489 489 500 500 500 489
08 29 -9999 482 480 480 469 464 464 489 500 500 489 480 480 469 469 480 469 480 489 489 489 500 489 489
08 30 -9999 480 480 469 469 460 460 480 489 489 482 480 469 469 469 469 469 480 480 482 489 489 489 489
08 31 -9999 480 469 469 464 460 460 480 480 489 480 480 464 469 469 469 469 469 480 480 480 482 489 480
09 01 -9999 480 469 464 460 460 460 480 480 489 480 469 464 469 469 469 469 469 480 480 480 480 489 489
09 02 -9999 480 469 460 460 450 450 469 480 480 480 469 460 469 469 469 469 469 469 480 480 480 480 480
09 03 -9999 469 469 460 450 450 450 469 480 480 480 469 460 464 469 460 469 469 469 480 480 480 480 480
09 04 -9999 469 460 460 450 446 450 464 480 480 480 469 460 464 469 460 469 469 480 480 480 480 480 480
09 05 -9999 469 460 460 450 441 441 460 469 480 480 469 460 460 464 460 469 469 469 480 480 469 469 469
09 06 -9999 460 450 450 446 441 441 460 469 469 469 469 460 460 464 460 460 469 469 469 469 469 469 469
09 07 -9999 460 450 446 441 441 430 450 464 469 469 469 460 460 460 460 460 464 464 464 469 469 469 460
09 08 -9999 450 450 441 441 430 430 450 464 469 469 460 460 460 460 459 460 464 460 464 469 469 460 460
09 09 -9999 450 450 441 430 430 430 450 460 469 469 460 460 460 460 450 460 460 460 460 469 469 460 460
09 10 -9999 450 450 441 430 430 430 450 460 469 469 460 460 460 460 450 450 460 460 460 469 469 460 460
09 11 -9999 450 450 441 430 430 430 450 460 460 464 460 450 450 450 450 450 450 460 460 469 469 460 460
09 12 -9999 450 450 441 430 430 430 450 460 460 469 460 450 460 450 450 450 460 460 460 469 469 460 460
09 13 -9999 450 450 441 430 430 430 450 460 460 464 460 450 450 450 450 450 450 460 460 469 469 460 460
09 14 -9999 450 450 441 430 430 430 450 460 460 464 459 450 450 450 450 450 450 460 460 469 469 460 460
09 15 -9999 450 446 430 428 430 430 450 460 460 460 459 450 450 450 450 446 446 460 460 469 469 460 460
09 16 -9999 450 441 430 421 428 430 441 460 460 460 450 450 450 450 450 450 450 460 460 460 469 460 460
09 17 -9999 446 441 430 421 421 428 441 460 460 460 450 450 450 446 446 446 446 460 460 469 469 460 460
09 18 -9999 446 441 430 421 421 428 441 460 460 460 450 450 450 446 446 441 441 460 460 464 469 460 460
09 19 -9999 441 430 430 421 421 428 441 450 460 460 450 450 450 450 446 446 441 460 460 460 464 460 450
09 20 -9999 441 430 430 421 421 421 441 450 459 460 450 450 450 450 450 450 446 460 460 460 460 460 450
09 21 -9999 441 430 430 421 421 421 439 450 450 460 450 450 450 450 450 450 441 460 450 459 450 450 441
09 22 -9999 430 430 428 421 410 410 430 450 450 460 450 450 450 450 450 450 450 460 450 460 450 450 441
09 23 -9999 421 421 421 410 410 399 430 450 450 450 450 460 450 450 450 450 441 460 450 459 450 441 441
09 24 -9999 421 421 421 410 410 399 430 450 450 450 450 450 450 450 450 450 446 446 446 450 441 441 430
09 25 -9999 410 410 410 399 399 399 419 441 450 450 450 450 450 450 450 450 450 450 446 450 441 441 430
09 26 -9999 419 410 410 399 410 399 419 441 450 446 450 450 450 450 450 450 450 446 446 450 441 441 430
09 27 -9999 410 410 410 399 399 399 410 441 450 441 450 450 446 450 450 450 441 446 446 441 441 430 430
09 28 -9999 410 410 399 399 399 399 410 430 446 446 450 450 446 450 450 450 441 441 446 441 441 430 430
09 29 -9999 410 410 399 399 399 399 410 430 441 446 460 450 450 450 450 450 441 446 446 441 441 439 430
09 30 -9999 410 410 410 399 410 399 410 439 450 450 460 450 450 450 450 450 441 441 446 441 441 430 430
10 01 -9999 410 410 410 399 410 399 410 430 450 446 460 450 446 450 441 450 441 441 446 441 441 439 430
10 02 -9999 410 410 410 399 399 399 410 430 441 441 450 450 446 446 450 450 441 441 446 441 441 430 430
10 03 -9999 410 410 410 399 399 399 410 430 441 441 446 441 441 446 450 450 441 441 441 441 441 430 430
10 04 -9999 410 410 399 399 399 399 410 430 430 441 441 441 430 439 441 441 441 441 441 441 430 430 421
10 05 -9999 410 410 399 399 399 399 410 421 430 439 430 430 430 430 441 441 441 441 441 441 430 430 421
10 06 -9999 410 410 399 399 399 399 399 421 430 430 430 430 430 430 441 441 441 441 441 441 430 430 421
10 07 -9999 410 410 399 399 399 392 399 421 430 430 430 430 430 430 441 441 441 441 441 441 430 430 421
10 08 -9999 410 410 410 399 399 399 399 419 430 430 430 430 430 430 430 441 441 441 441 441 430 430 421
10 09 -9999 410 410 399 399 399 399 399 419 430 430 430 430 430 430 430 441 441 441 441 441 430 430 421
10 10 -9999 410 410 410 399 399 399 399 421 430 430 430 430 430 430 430 441 441 441 441 439 430 421 410
10 11 -9999 410 410 399 399 399 390 399 419 428 430 430 428 430 430 430 441 441 441 441 439 430 421 410
10 12 -9999 410 410 399 399 399 392 399 419 428 430 430 428 430 430 441 441 441 441 441 439 430 421 410
10 13 -9999 410 410 399 399 399 390 399 419 421 430 430 428 430 430 430 441 441 441 441 430 430 421 410
10 14 -9999 410 410 399 392 392 390 392 410 421 428 430 428 430 430 441 441 441 441 441 430 430 421 410
10 15 -9999 410 399 399 392 392 390 390 410 421 428 430 428 430 430 441 441 446 441 441 430 430 421 410
10 16 -9999 410 410 399 392 392 390 392 419 421 430 430 428 430 439 441 441 441 441 430 430 421 421 410
10 17 -9999 399 399 399 392 392 390 392 410 421 430 430 428 430 430 430 430 441 441 430 430 421 410 410
10 18 -9999 399 399 399 390 392 390 390 410 421 430 430 430 430 430 430 430 441 441 430 430 421 410 410
10 19 -9999 399 399 399 392 399 390 390 410 421 430 430 430 430 430 430 430 441 441 430 430 421 410 410
10 20 -9999 399 399 399 392 399 390 390 410 421 430 430 430 430 430 421 430 441 430 430 428 421 410 410
10 21 -9999 399 399 392 390 399 390 390 399 421 428 430 430 430 430 421 430 441 430 430 421 421 410 410
10 22 -9999 399 399 390 390 392 390 390 399 410 421 428 428 428 430 421 428 430 430 430 428 421 410 410
10 23 -9999 399 399 392 390 392 390 390 399 410 421 428 428 428 421 421 428 430 430 428 421 421 410 410
10 24 -9999 399 399 392 390 392 392 390 399 410 421 428 428 428 421 421 421 430 430 421 421 421 410 410
10 25 -9999 399 390 390 390 392 392 390 399 410 421 428 430 428 421 421 421 430 428 421 421 421 410 410
10 26 -9999 399 399 392 390 392 392 390 399 410 421 421 428 421 421 421 421 430 421 421 421 421 421 410
10 27 -9999 399 399 390 390 390 392 390 399 410 421 428 428 421 421 421 421 428 421 421 421 421 410 410
10 28 -9999 399 392 390 390 390 392 390 399 410 421 421 421 421 421 421 421 421 421 421 421 410 410 410
10 29 -9999 399 392 390 390 390 390 390 399 410 410 421 421 421 421 421 421 421 421 421 421 421 410 399
10 30 -9999 399 392 390 390 390 390 390 399 410 410 421 421 421 421 410 410 421 421 421 421 421 410 399
10 31 -9999 399 390 390 390 390 390 390 399 410 410 421 421 421 421 421 421 421 421 421 410 410 410 399
11 01 -9999 399 392 390 390 390 390 390 399 399 410 421 421 421 421 421 421 421 421 410 410 410 410 399
11 02 -9999 392 390 388 390 390 390 390 392 399 399 410 421 421 410 421 410 410 410 410 410 410 399 399
11 03 -9999 390 379 379 379 379 388 390 390 399 399 410 410 410 410 410 410 410 410 410 410 410 399 392
11 04 -9999 390 390 388 390 390 390 390 392 399 399 410 410 410 421 421 419 421 410 410 410 410 399 399
11 05 -9999 392 390 390 390 390 390 390 399 410 410 421 421 421 421 421 421 421 421 421 421 421 410 399
11 06 -9999 399 390 399 392 392 392 390 399 410 410 421 421 421 421 421 421 421 421 410 410 410 410 399
11 07 -9999 392 390 390 390 390 390 390 392 410 399 421 410 419 421 421 421 419 419 410 410 410 399 399
11 08 -9999 390 390 390 390 390 390 390 390 399 399 410 410 410 419 421 410 410 410 410 410 410 399 399
11 09 -9999 390 388 390 390 390 390 379 390 399 399 410 410 410 410 410 410 410 410 410 410 410 399 399
11 10 -9999 390 379 388 390 390 390 379 390 399 399 410 410 410 410 410 410 410 410 410 410 399 399 390
11 11 -9999 390 379 379 390 390 390 379 390 399 399 399 399 410 410 410 410 410 410 399 399 399 399 390
11 12 -9999 390 379 379 390 390 379 379 379 392 399 399 399 399 399 410 410 410 399 399 399 399 392 390
11 13 -9999 379 379 379 379 379 379 374 379 390 392 399 399 399 399 399 399 399 399 399 399 399 388 388
11 14 -9999 379 370 374 379 379 374 370 379 390 390 392 399 390 390 399 399 399 399 399 392 390 379 379
11 15 -9999 379 370 370 370 370 370 370 379 390 390 390 390 390 390 390 399 390 390 390 390 379 379 379
11 16 -9999 379 370 370 370 370 370 370 379 388 390 390 392 390 390 390 399 390 390 390 388 379 379 379
11 17 -9999 370 370 370 370 370 370 370 379 388 390 390 399 392 390 390 399 390 390 390 390 379 379 379
11 18 -9999 370 370 370 370 370 370 370 379 379 390 390 399 399 390 390 399 390 390 388 388 379 379 379
11 19 -9999 370 370 360 369 370 369 360 370 379 379 379 390 390 390 390 379 379 379 379 379 370 370 370
11 20 -9999 370 360 360 360 360 360 351 360 370 370 370 370 379 379 379 379 379 374 370 370 360 360 360
11 21 -9999 360 356 360 356 351 351 351 351 360 370 370 370 374 379 379 370 370 370 370 370 360 360 360
11 22 -9999 360 351 356 356 351 351 351 351 360 370 370 370 374 379 379 370 370 370 370 370 360 360 360
11 23 -9999 360 351 356 351 351 351 351 351 360 370 370 370 370 370 379 370 370 370 360 360 351 360 351
11 24 -9999 351 351 351 351 351 351 349 351 360 370 370 370 370 370 370 370 360 360 360 360 351 351 351
11 25 -9999 351 349 351 340 349 349 340 351 360 360 370 370 370 370 370 360 360 356 356 351 351 340 340
11 26 -9999 351 340 349 340 349 349 340 340 351 360 360 360 370 370 370 360 360 351 356 360 351 351 351
11 27 -9999 351 351 351 340 349 349 340 349 351 360 360 360 369 370 370 360 360 351 351 351 351 351 351
11 28 -9999 351 351 351 340 349 349 340 340 351 360 360 360 370 370 370 360 360 360 356 360 360 360 351
11 29 -9999 360 351 351 351 351 351 351 351 351 360 360 360 369 369 369 360 360 351 351 351 351 351 351
11 30 -9999 351 351 351 349 349 340 340 340 351 360 360 360 360 360 360 360 351 351 351 349 349 351 340
12 01 -9999 351 340 351 340 340 340 340 340 351 360 360 360 360 360 360 360 351 351 340 340 340 340 340
12 02 -9999 349 340 340 340 340 340 340 340 351 360 360 360 360 360 360 360 351 351 340 340 340 340 340
12 03 -9999 340 340 340 340 340 340 340 340 351 360 360 360 360 360 360 360 351 351 340 349 349 340 340
12 04 -9999 340 340 340 340 340 340 340 340 351 360 360 360 360 360 370 360 351 351 351 351 351 340 340
12 05 -9999 340 340 340 340 340 340 340 340 351 360 360 360 360 360 370 360 351 351 340 351 349 340 340
12 06 -9999 351 351 351 340 340 340 340 340 351 360 360 360 360 369 370 370 360 360 351 351 351 351 349
12 07 -9999 351 351 351 349 349 340 340 340 351 360 360 360 360 370 370 370 360 360 351 351 351 351 340
12 08 -9999 340 351 351 340 340 340 340 340 351 360 360 360 360 369 370 369 360 351 351 351 351 351 340
12 09 -9999 340 351 351 349 351 340 340 340 351 360 360 360 360 369 370 369 360 351 351 351 351 340 340
12 10 -9999 340 351 351 340 349 340 340 340 351 360 360 360 360 360 370 360 360 351 351 351 349 340 340
12 11 -9999 340 351 351 340 340 340 340 340 351 360 360 360 360 360 370 360 360 351 351 351 340 340 340
12 12 -9999 340 340 340 340 340 340 340 340 351 360 360 360 360 360 370 369 360 351 351 351 340 340 340
12 13 -9999 340 340 340 340 340 340 340 338 351 360 360 360 360 360 370 360 356 351 351 340 340 340 340
12 14 -9999 340 340 340 340 338 340 338 331 340 351 356 360 356 360 369 360 351 351 340 340 340 340 331
12 15 -9999 340 340 340 340 338 340 338 338 340 351 360 360 356 360 369 360 351 351 351 351 340 340 331
12 16 -9999 340 340 338 338 338 338 338 331 340 351 360 360 360 360 370 360 351 351 351 351 340 340 331
12 17 -9999 338 340 338 338 331 338 338 331 338 340 351 360 356 360 360 360 351 351 340 340 340 340 331
12 18 -9999 331 331 331 331 331 331 331 320 331 338 351 360 351 351 360 351 351 351 340 340 340 340 331
12 19 -9999 331 331 331 331 331 331 331 320 331 338 351 356 351 351 356 351 340 340 340 338 338 331 320
12 20 -9999 331 331 320 331 331 331 331 320 331 338 351 351 351 351 351 351 340 340 340 338 331 331 320
12 21 -9999 320 320 320 320 320 309 320 320 331 331 340 351 351 351 351 340 340 331 331 331 320 320 320
12 22 -9999 320 320 309 320 320 309 320 320 320 331 340 340 351 340 340 340 338 320 320 320 320 320 320
12 23 -9999 320 320 320 320 320 309 320 320 329 338 340 351 351 340 351 340 338 320 331 320 320 320 320
12 24 -9999 320 309 309 309 320 309 309 309 320 331 338 349 351 340 351 340 338 320 320 320 320 320 320
12 25 -9999 320 320 320 320 320 309 320 320 320 331 340 340 351 340 351 340 338 320 320 320 320 320 320
12 26 -9999 320 320 320 320 320 309 320 320 320 338 340 340 351 340 351 340 338 329 320 320 320 320 320
12 27 -9999 320 320 320 320 320 320 320 320 331 340 349 351 351 351 351 340 338 329 331 320 320 320 320
12 28 -9999 320 320 320 320 320 320 320 320 331 351 349 340 351 340 340 340 338 331 331 320 320 320 320
12 29 -9999 320 320 320 320 320 320 320 329 331 351 351 351 351 351 351 349 340 331 331 331 320 320 320
12 30 -9999 320 320 329 320 331 320 320 329 331 351 351 356 356 351 351 351 340 340 331 331 331 329 320
12 31 -9999 331 331 340 331 338 331 331 331 338 351 351 356 356 351 351 351 340 340 340 331 331 331 329
