01 01 250 250 243 241 250 250 250 -9999 250 250 250 241 250 250 250 261 250 250 250 250 250 250 250 250
01 02 250 250 243 241 250 250 250 -9999 250 241 250 241 250 250 250 261 250 250 250 250 250 250 250 250
01 03 250 243 241 241 250 250 250 -9999 250 241 250 241 250 250 250 261 250 250 250 250 250 250 250 250
01 04 250 243 241 241 243 250 241 -9999 250 241 241 241 241 250 250 250 250 250 250 250 250 250 241 250
01 05 250 241 241 241 243 250 241 -9999 250 241 241 241 241 250 250 250 250 250 250 250 250 241 241 243
01 06 250 241 241 232 243 250 250 -9999 250 241 243 241 241 250 250 250 250 250 250 250 250 241 241 243
01 07 250 241 241 232 241 250 250 -9999 250 241 250 241 241 250 250 250 250 250 250 250 250 241 241 243
01 08 250 243 241 241 243 250 250 -9999 250 241 250 241 241 250 250 261 252 250 250 250 250 241 241 243
01 09 250 243 241 243 250 250 250 -9999 250 241 250 250 250 250 261 261 261 261 250 250 250 241 241 250
01 10 250 250 241 243 250 250 250 -9999 250 250 250 250 250 252 261 261 262 261 250 250 252 250 250 250
01 11 250 250 250 250 250 261 261 -9999 250 250 250 250 250 261 261 261 270 270 261 250 261 250 250 252
01 12 250 250 250 252 261 261 261 -9999 261 250 250 252 261 261 270 270 270 270 270 250 261 261 250 262
01 13 261 261 262 270 270 270 270 -9999 261 261 261 261 261 262 270 270 270 270 270 252 262 261 261 262
01 14 -9999 261 262 270 270 270 270 -9999 261 261 261 261 261 262 270 270 270 270 270 252 261 261 261 262
01 15 261 261 262 270 270 270 270 -9999 261 261 261 261 261 262 270 270 270 270 270 262 270 270 262 270
01 16 270 262 270 270 270 270 270 -9999 261 261 261 261 261 270 280 280 271 280 270 270 270 270 270 270
01 17 270 270 270 270 270 270 270 -9999 262 270 266 262 270 270 280 280 280 280 280 270 270 270 270 270
01 18 270 270 270 270 270 270 271 -9999 262 270 270 262 270 270 280 280 271 280 270 270 270 270 270 270
01 19 270 270 270 270 270 270 271 -9999 262 270 270 262 270 280 280 280 271 280 280 270 270 270 270 270
01 20 270 270 270 270 270 270 271 -9999 262 270 270 262 270 280 280 280 271 280 280 270 271 270 270 270
01 21 270 270 270 270 270 270 271 -9999 262 270 270 270 270 280 280 280 271 280 280 271 271 270 270 270
01 22 270 270 270 270 271 270 270 -9999 261 270 266 262 270 271 280 280 270 280 270 270 270 270 270 270
01 23 270 270 270 270 270 270 270 -9999 261 270 266 262 270 270 280 280 270 280 270 270 270 270 270 270
01 24 270 270 270 270 270 270 270 -9999 262 270 270 270 270 270 280 280 271 280 280 270 270 270 270 270
01 25 270 270 270 270 270 270 270 -9999 261 270 261 261 261 270 280 270 270 280 270 270 270 270 270 262
01 26 270 261 261 261 261 261 261 -9999 261 261 261 261 261 270 280 270 270 280 280 270 270 270 270 270
01 27 270 262 262 261 262 261 261 -9999 270 270 261 270 261 270 280 270 270 282 280 271 270 270 270 270
01 28 270 261 261 261 261 261 261 -9999 270 270 261 270 270 270 280 280 271 282 280 271 270 270 270 270
01 29 270 261 261 261 262 261 261 -9999 270 270 261 270 270 270 282 280 280 282 280 271 271 270 270 270
01 30 270 261 261 261 261 262 270 -9999 270 270 261 270 270 270 282 280 282 289 284 280 280 270 270 271
01 31 280 270 270 261 262 270 270 -9999 271 280 270 271 280 282 289 280 289 282 280 280 271 270 271 271
02 01 280 270 270 261 270 270 270 -9999 271 280 271 271 280 282 289 280 289 289 289 280 275 277 271 271
02 02 282 280 270 270 270 270 270 -9999 279 280 270 271 280 289 291 289 300 300 289 280 280 280 280 280
02 03 289 280 271 270 271 270 270 -9999 280 280 280 280 280 289 300 289 300 300 289 282 280 280 280 280
02 04 289 280 271 270 271 270 270 -9999 280 280 270 271 280 289 300 289 300 300 289 280 280 280 280 282
02 05 289 280 280 270 280 270 270 -9999 280 280 271 280 280 289 300 289 300 300 289 282 282 280 280 289
02 06 289 280 280 270 280 270 270 -9999 280 280 271 280 280 289 300 289 300 300 289 280 282 280 280 289
02 07 289 280 280 270 271 270 270 -9999 279 280 270 271 280 280 298 289 300 291 289 280 280 280 280 282
02 08 289 280 280 270 270 270 270 -9999 270 270 270 270 280 280 289 289 300 289 289 280 280 280 280 284
02 09 289 282 280 270 270 270 270 -9999 270 270 270 280 280 289 300 289 300 291 289 280 282 280 280 289
02 10 289 282 280 270 270 270 270 -9999 270 270 270 270 280 280 289 289 291 289 280 280 280 280 280 280
02 11 280 280 280 270 270 270 270 -9999 270 270 270 270 280 280 289 289 289 289 280 280 280 280 280 280
02 12 280 280 280 270 270 266 270 -9999 270 261 261 270 280 280 289 289 289 289 280 280 280 280 271 271
02 13 280 270 270 270 266 262 270 -9999 270 261 261 270 270 280 289 280 289 289 280 277 275 280 270 271
02 14 270 270 270 261 255 253 264 -9999 261 261 261 261 270 280 289 280 282 280 280 270 270 270 270 264
02 15 264 270 262 261 250 253 261 -9999 261 261 261 261 270 270 280 279 280 280 270 270 270 270 270 261
02 16 261 264 261 257 250 250 261 -9999 250 250 250 253 261 270 270 279 270 270 270 261 270 270 261 261
02 17 255 261 253 250 250 250 250 -9999 250 259 261 261 261 270 270 270 270 270 270 261 261 270 261 261
02 18 250 250 253 250 250 250 250 -9999 250 261 261 261 270 270 270 280 280 271 270 261 261 270 261 261
02 19 255 252 253 250 250 253 250 -9999 250 261 261 261 270 279 277 280 280 280 280 280 270 270 261 270
02 20 261 252 261 257 250 261 250 -9999 250 261 261 261 270 280 280 280 284 280 280 280 270 270 270 270
02 21 264 261 261 257 250 261 261 -9999 250 261 261 264 270 280 280 280 284 288 280 280 280 270 270 270
02 22 270 261 261 250 250 253 250 -9999 250 261 261 270 270 280 280 280 282 288 280 280 280 270 270 270
02 23 270 261 261 250 250 253 261 -9999 250 261 261 270 270 280 280 280 280 288 280 280 280 270 270 270
02 24 270 261 261 250 250 253 261 -9999 250 261 261 270 270 280 280 280 282 288 280 280 280 270 270 270
02 25 270 250 250 241 250 243 250 -9999 250 261 261 262 270 280 280 280 282 282 280 280 280 270 270 270
02 26 270 250 250 241 250 241 250 -9999 250 250 261 261 270 280 277 280 280 280 280 280 280 270 264 270
02 27 270 250 250 241 250 241 241 -9999 250 250 250 261 270 270 270 280 280 280 280 280 271 270 270 270
02 28 270 252 255 250 250 241 248 -9999 250 261 261 261 270 280 275 280 282 289 289 280 280 270 270 270
03 01 270 261 261 250 250 250 250 -9999 250 261 261 264 270 280 280 280 284 289 289 280 280 280 270 280
03 02 275 261 261 250 252 261 250 -9999 250 261 261 266 270 280 280 280 289 289 289 289 280 280 273 280
03 03 280 270 261 250 252 261 250 -9999 250 261 261 266 270 280 288 289 300 300 300 291 289 280 280 280
03 04 280 270 270 261 261 261 261 -9999 261 261 262 270 270 289 289 300 300 300 309 300 300 280 280 280
03 05 280 270 270 261 261 268 261 -9999 261 261 262 270 280 289 289 300 289 291 300 300 289 280 280 280
03 06 280 270 262 261 261 261 261 -9999 261 261 261 270 270 289 289 300 289 289 300 300 289 280 280 280
03 07 270 270 262 261 261 261 250 -9999 261 261 261 270 270 289 289 300 289 289 300 300 289 280 280 280
03 08 280 270 270 270 270 270 250 -9999 261 261 261 270 270 289 289 300 289 289 300 300 289 280 280 282
03 09 280 270 270 270 270 270 250 -9999 261 261 261 270 270 280 282 289 289 289 300 291 289 280 280 280
03 10 280 270 262 261 270 261 250 -9999 250 261 261 270 270 280 280 289 289 289 300 291 289 280 280 282
03 11 280 270 270 270 270 270 250 -9999 261 261 270 270 280 280 289 289 289 291 300 300 291 280 280 289
03 12 280 270 270 270 270 270 250 -9999 261 270 270 270 280 289 289 289 289 291 300 300 291 280 280 282
03 13 280 270 270 270 270 270 261 -9999 261 261 270 270 280 282 289 289 289 291 300 300 300 280 289 289
03 14 289 280 280 280 271 270 261 -9999 270 270 270 270 280 289 289 289 289 291 300 300 300 289 289 289
03 15 289 280 280 280 280 270 270 -9999 270 270 270 270 280 289 289 289 289 289 300 300 291 289 289 289
03 16 289 280 280 280 280 270 270 -9999 270 270 270 280 289 289 289 289 289 291 300 300 300 289 289 289
03 17 289 280 280 280 280 270 270 -9999 270 270 270 282 289 300 289 300 289 300 300 300 300 289 289 289
03 18 300 289 289 280 280 270 270 -9999 270 270 270 282 300 300 291 300 289 300 300 300 300 289 289 289
03 19 300 289 289 280 280 270 270 -9999 270 270 271 280 298 291 289 289 289 298 300 300 300 289 289 300
03 20 300 289 289 280 280 270 270 -9999 279 270 279 280 298 289 289 289 289 300 300 300 300 300 300 300
03 21 300 289 300 289 280 270 270 -9999 280 280 280 289 298 289 289 289 300 300 300 300 300 289 300 300
03 22 300 289 289 280 280 270 270 -9999 270 270 279 280 289 289 289 289 300 300 300 300 300 300 300 300
03 23 300 289 289 280 280 270 280 -9999 280 280 280 289 298 289 289 289 300 300 300 302 300 300 300 300
03 24 300 289 300 289 280 280 280 -9999 280 280 280 289 300 300 300 300 302 302 300 309 309 300 300 302
03 25 300 300 300 289 289 280 289 -9999 280 280 280 289 300 300 300 300 309 309 300 309 309 309 300 309
03 26 300 300 300 289 289 280 289 -9999 280 280 280 289 300 300 300 300 302 309 300 309 309 309 300 309
03 27 300 300 300 289 289 280 289 -9999 280 280 280 289 300 300 300 300 309 309 309 309 309 309 309 309
03 28 300 300 300 291 289 289 300 -9999 289 289 289 289 300 300 302 300 309 309 309 309 309 309 309 309
03 29 300 300 300 289 289 289 300 -9999 300 289 300 289 300 300 302 300 309 309 309 309 309 309 309 309
03 30 300 300 300 289 289 289 289 -9999 300 289 300 289 300 300 302 300 309 309 309 309 309 309 309 309
03 31 300 300 300 289 289 289 289 -9999 289 300 289 289 300 300 300 300 302 309 309 309 309 309 309 309
04 01 300 300 300 289 289 291 289 -9999 300 300 289 289 300 300 300 300 300 300 309 309 309 309 309 309
04 02 300 300 300 289 289 300 293 -9999 300 300 300 300 300 300 300 300 300 300 300 309 309 309 309 309
04 03 300 300 300 289 289 300 -9999 -9999 300 300 300 300 300 300 300 300 300 300 300 309 309 309 300 302
04 04 300 300 300 291 289 300 -9999 -9999 300 300 300 300 302 300 300 300 300 300 300 300 309 309 300 302
04 05 300 300 300 291 289 300 -9999 300 300 300 300 309 309 300 300 300 300 300 300 300 309 309 309 309
04 06 300 300 300 300 300 300 -9999 300 300 300 300 309 309 300 307 300 300 300 300 300 309 309 309 309
04 07 300 300 300 300 300 300 -9999 300 300 309 309 309 309 309 309 300 300 300 309 309 309 309 309 309
04 08 300 300 300 300 300 300 -9999 300 300 309 309 309 309 309 309 300 300 300 309 309 309 309 309 309
04 09 300 309 300 300 300 300 -9999 300 309 309 309 309 309 309 309 300 300 300 309 309 309 309 309 309
04 10 309 309 300 300 300 300 -9999 302 309 309 309 320 309 309 309 309 306 300 309 309 309 320 320 309
04 11 309 309 309 309 300 309 -9999 309 309 320 320 320 320 309 309 309 309 309 309 320 320 320 320 320
04 12 320 316 309 309 309 309 -9999 309 309 320 320 320 320 309 309 309 309 320 309 320 320 320 320 320
04 13 320 320 320 309 309 309 -9999 320 313 320 320 320 320 320 320 309 320 320 320 320 320 320 320 320
04 14 320 320 320 320 320 320 -9999 320 320 320 320 320 320 320 320 309 320 320 320 320 320 320 320 320
04 15 320 320 320 320 320 320 -9999 320 320 320 320 325 320 320 320 320 320 320 320 320 320 320 320 320
04 16 320 320 320 320 320 320 -9999 320 320 331 331 331 329 320 320 320 320 320 331 331 325 331 320 320
04 17 320 320 320 320 320 320 -9999 320 320 331 331 331 331 331 320 320 331 320 331 331 331 331 331 320
04 18 320 320 320 320 320 320 -9999 320 331 331 331 331 331 331 320 320 331 331 331 331 331 331 331 329
04 19 329 320 320 320 320 320 -9999 329 331 331 331 331 331 331 331 331 331 331 331 340 340 340 331 331
04 20 331 331 320 331 331 331 -9999 331 340 340 340 340 340 340 331 331 331 331 340 340 340 340 340 331
04 21 331 331 331 331 331 331 -9999 331 340 340 340 340 340 340 340 340 338 340 340 340 349 351 340 340
04 22 340 338 331 331 331 331 -9999 340 340 349 351 340 343 340 340 340 340 340 351 340 351 351 351 340
04 23 340 340 340 340 331 338 -9999 340 349 351 351 349 351 351 340 340 340 340 351 349 351 351 351 349
04 24 340 340 340 340 331 340 -9999 340 349 351 351 351 351 351 340 340 349 351 351 351 351 351 351 351
04 25 351 351 340 340 340 340 -9999 340 351 351 351 351 351 351 351 351 351 351 351 360 360 360 360 351
04 26 351 351 347 340 340 340 -9999 340 351 360 360 360 360 351 360 351 354 351 360 360 360 360 360 351
04 27 351 351 351 351 340 340 -9999 349 351 360 360 360 360 351 360 351 360 360 360 360 370 360 360 360
04 28 360 351 351 351 351 351 -9999 351 360 360 360 360 360 351 360 351 360 360 360 363 370 370 360 360
04 29 360 360 351 351 351 351 -9999 351 360 369 360 360 360 351 360 360 360 360 370 370 370 370 370 370
04 30 360 360 360 351 351 351 -9999 351 360 370 370 370 360 360 360 360 370 370 370 370 370 370 370 370
05 01 360 360 360 351 351 351 -9999 360 360 370 370 370 360 360 360 369 370 370 370 370 370 370 370 370
05 02 370 360 360 356 351 351 -9999 360 360 370 370 370 360 360 370 370 370 370 370 379 379 379 379 370
05 03 370 360 360 360 360 360 -9999 360 370 378 370 370 370 370 370 370 379 379 379 379 379 379 379 370
05 04 370 370 367 360 360 360 -9999 360 370 379 379 370 370 370 370 379 379 379 379 379 379 390 385 379
05 05 379 370 370 370 360 360 -9999 370 370 379 379 379 370 370 379 379 379 379 379 379 390 390 390 385
05 06 390 379 370 370 370 370 -9999 370 379 379 379 379 379 379 379 385 379 388 390 379 390 399 399 390
05 07 390 379 379 379 370 374 -9999 379 379 390 390 379 379 379 379 390 379 390 390 390 399 399 399 399
05 08 390 390 379 379 379 379 -9999 379 390 390 390 390 390 390 390 390 390 390 390 390 399 399 399 399
05 09 390 390 390 379 379 379 -9999 390 390 399 390 390 390 390 390 390 399 399 399 399 399 410 410 399
05 10 399 390 390 390 379 379 -9999 390 399 399 399 390 390 399 390 399 399 399 410 410 410 410 421 399
05 11 399 399 390 390 390 390 -9999 399 399 399 410 399 399 399 399 399 399 410 410 410 410 421 421 410
05 12 410 399 390 390 390 390 -9999 399 399 410 410 410 405 410 399 399 410 410 410 410 410 421 421 410
05 13 410 399 394 390 390 390 -9999 399 399 410 410 410 410 410 399 399 410 410 410 410 410 421 421 415
05 14 410 410 399 399 390 399 -9999 399 410 410 410 410 410 410 410 410 410 410 410 421 421 430 430 421
05 15 421 410 399 399 399 399 -9999 410 410 410 421 410 421 421 410 410 410 410 421 421 421 430 430 430
05 16 421 410 399 399 399 399 -9999 410 419 421 421 421 421 421 421 421 421 421 421 430 421 430 441 430
05 17 421 410 410 410 399 399 -9999 410 421 421 421 428 430 421 430 421 421 421 430 430 430 441 441 441
05 18 430 421 410 410 410 410 -9999 419 421 421 421 430 430 421 430 421 430 430 430 430 430 441 441 441
05 19 435 421 421 421 410 410 -9999 421 421 430 430 430 430 430 430 421 430 430 430 430 441 441 441 441
05 20 441 430 421 421 421 410 -9999 421 430 430 430 430 430 430 430 430 430 430 441 441 441 450 450 450
05 21 441 441 430 430 421 421 -9999 430 430 430 430 430 430 441 441 430 441 441 441 441 441 450 450 450
05 22 450 441 441 430 430 421 -9999 430 430 441 441 441 441 441 441 441 441 441 450 450 450 450 460 460
05 23 460 450 441 441 430 430 -9999 441 441 450 441 441 441 441 441 441 441 441 450 450 450 460 460 460
05 24 460 450 450 441 430 430 -9999 441 450 450 450 450 450 450 450 450 450 441 450 460 450 460 469 460
05 25 460 450 450 441 441 430 -9999 450 450 450 450 450 450 450 450 450 450 450 450 460 450 460 469 460
05 26 469 460 450 450 444 441 -9999 450 450 460 450 450 450 450 450 450 450 450 450 460 460 469 469 469
05 27 469 460 450 450 450 450 -9999 450 450 460 450 450 450 450 450 450 450 450 460 460 460 469 469 469
05 28 469 460 460 450 450 450 -9999 450 460 460 460 460 460 460 460 460 460 460 460 460 469 469 469 469
05 29 469 469 460 460 450 450 -9999 460 460 460 460 460 460 460 460 460 460 460 469 469 469 469 480 480
05 30 480 469 460 460 460 460 -9999 460 460 469 460 469 460 460 469 469 469 469 469 469 469 480 480 480
05 31 480 469 469 460 460 460 -9999 460 469 469 469 469 460 460 469 469 469 469 469 469 469 480 480 480
06 01 480 469 469 460 460 460 -9999 469 469 469 469 469 460 460 469 469 469 469 469 469 469 480 480 480
06 02 480 469 469 469 460 469 -9999 469 469 469 469 469 460 469 469 469 469 469 469 469 469 480 480 480
06 03 480 469 469 469 469 469 -9999 469 469 469 469 469 469 469 469 469 469 469 469 480 480 480 489 480
06 04 480 480 469 469 469 469 -9999 469 469 469 469 469 469 469 469 469 469 469 469 480 480 480 489 489
06 05 480 480 480 469 469 469 -9999 469 480 469 480 480 469 469 469 469 480 478 469 480 480 480 489 489
06 06 480 480 480 469 469 469 -9999 480 480 480 480 480 469 480 480 469 480 480 480 480 480 489 489 489
06 07 489 480 480 469 469 469 -9999 480 480 480 480 480 480 480 480 480 480 480 480 480 489 489 500 489
06 08 489 480 480 469 469 469 -9999 480 480 480 480 480 480 480 480 480 480 480 480 489 489 489 500 489
06 09 489 489 489 480 478 480 -9999 480 480 480 480 489 480 489 489 480 489 480 482 489 489 489 500 500
06 10 489 489 489 480 480 480 -9999 480 480 489 489 489 489 489 489 489 489 489 489 489 500 489 500 500
06 11 489 489 489 480 480 480 -9999 489 489 489 489 489 489 489 489 489 489 489 500 489 500 500 500 500
06 12 500 489 489 480 480 480 -9999 489 489 489 489 489 489 489 489 489 489 489 500 500 500 500 500 500
06 13 500 489 489 480 480 480 -9999 489 489 489 489 489 489 489 489 489 489 489 500 500 500 500 511 502
06 14 500 498 489 480 480 489 -9999 489 489 489 489 489 500 500 500 489 500 500 500 500 500 500 511 511
06 15 500 500 489 480 480 489 -9999 489 489 489 489 500 500 500 500 500 500 500 500 500 500 500 511 511
06 16 500 500 500 489 489 489 -9999 489 489 500 500 500 500 500 500 500 500 500 500 500 511 511 520 511
06 17 500 500 500 489 489 489 -9999 500 500 500 500 500 500 500 500 500 500 500 500 511 511 511 520 520
06 18 511 500 500 500 489 500 -9999 500 500 500 500 500 511 500 500 500 500 500 511 511 511 511 520 520
06 19 511 511 500 500 500 500 -9999 500 500 500 500 509 511 500 500 500 500 500 511 511 511 520 520 520
06 20 511 511 509 500 500 500 -9999 500 500 500 511 511 511 511 511 511 511 511 511 520 520 520 529 531
06 21 520 511 511 500 500 500 -9999 511 511 511 511 511 511 511 511 511 511 511 511 520 520 520 531 531
06 22 520 520 511 511 500 500 -9999 511 511 511 511 511 511 511 511 511 511 520 520 520 520 531 531 531
06 23 531 520 520 511 511 511 -9999 511 511 511 511 511 518 511 520 511 511 520 520 520 520 531 540 531
06 24 531 531 520 520 520 511 -9999 511 511 518 518 520 520 520 520 520 520 520 520 531 531 531 540 531
06 25 540 531 520 520 520 511 -9999 520 520 520 520 520 520 520 520 531 531 531 531 531 531 531 540 540
06 26 540 531 531 520 520 520 -9999 520 520 520 520 520 520 520 520 531 531 531 531 531 531 540 540 540
06 27 540 540 531 531 520 520 -9999 520 520 520 520 520 531 531 531 531 531 540 531 531 540 540 550 550
06 28 550 540 531 531 520 520 -9999 520 520 531 531 531 531 531 540 540 540 540 540 531 540 550 550 550
06 29 550 540 531 531 520 520 -9999 520 531 531 531 531 531 536 540 540 540 540 540 534 540 550 550 550
06 30 -9999 540 540 531 531 520 -9999 531 531 531 531 536 531 540 540 540 540 540 540 540 540 550 550 550
07 01 -9999 540 540 531 531 520 -9999 531 531 531 531 536 531 540 540 540 540 540 540 540 540 550 550 550
07 02 -9999 540 540 531 531 531 -9999 531 531 531 531 540 531 540 540 540 540 540 540 540 540 550 559 559
07 03 -9999 540 540 531 531 531 -9999 531 531 531 531 540 531 540 540 540 540 540 540 540 541 552 559 559
07 04 -9999 540 540 531 531 531 -9999 531 531 531 531 540 540 540 540 540 540 540 540 540 550 559 559 559
07 05 -9999 550 540 531 531 531 -9999 531 531 536 540 540 540 540 540 540 540 540 540 540 550 559 559 559
07 06 -9999 550 540 536 531 531 -9999 531 531 540 540 540 540 540 540 550 540 540 540 540 550 559 559 559
07 07 -9999 550 540 540 531 531 -9999 531 540 540 540 540 540 540 550 550 540 540 540 540 550 559 559 559
07 08 -9999 550 540 540 531 531 -9999 531 540 540 540 540 540 540 550 550 540 540 545 550 550 559 559 559
07 09 550 550 540 540 531 531 -9999 531 540 540 540 540 540 540 550 550 540 540 547 550 550 559 559 559
07 10 550 550 540 540 531 531 -9999 531 540 540 540 540 540 540 550 550 540 540 547 541 550 559 559 559
07 11 550 550 540 540 531 531 -9999 540 540 540 540 540 540 540 550 550 540 540 547 550 550 559 559 559
07 12 550 550 541 540 540 531 -9999 540 540 540 540 540 540 550 550 550 547 540 550 550 550 559 559 559
07 13 550 550 550 540 540 540 -9999 540 540 540 540 550 540 550 550 550 550 550 550 550 554 559 559 559
07 14 550 550 550 540 540 540 -9999 540 540 540 550 550 550 550 550 550 550 550 559 559 559 559 559 559
07 15 550 550 550 540 540 540 -9999 540 540 540 550 550 550 550 550 550 550 550 552 558 559 559 559 559
07 16 552 550 550 540 540 540 -9999 540 540 540 550 550 550 550 550 550 550 550 552 558 559 559 559 559
07 17 558 550 550 547 540 540 -9999 540 550 550 550 550 550 550 550 550 550 550 559 559 559 559 559 559
07 18 559 550 550 547 540 540 -9999 540 550 550 550 550 550 550 550 550 550 550 552 559 559 559 559 559
07 19 559 550 550 547 540 540 -9999 540 550 550 550 550 550 550 554 550 550 550 550 558 559 559 559 559
07 20 558 550 550 540 540 540 -9999 540 550 550 550 550 550 550 554 550 550 550 554 559 559 559 559 559
07 21 550 550 550 540 540 540 -9999 540 550 550 550 550 550 550 558 550 550 550 554 559 559 559 559 559
07 22 558 550 550 540 540 540 -9999 540 550 550 550 550 550 550 558 550 559 550 559 559 559 559 559 559
07 23 558 550 550 547 540 540 -9999 540 550 550 550 550 550 550 558 550 559 550 552 559 559 559 559 559
07 24 550 550 550 550 540 540 -9999 540 550 550 550 550 550 550 558 550 550 550 550 559 559 559 559 559
07 25 550 550 550 550 540 540 -9999 550 550 550 550 550 554 559 559 550 550 550 554 559 559 559 559 559
07 26 550 550 550 547 540 540 -9999 550 550 550 550 550 554 559 559 552 550 550 552 559 559 559 559 559
07 27 550 550 550 547 540 540 -9999 540 550 550 550 550 554 554 558 550 550 550 550 559 559 570 559 559
07 28 550 550 550 547 540 540 -9999 540 550 550 550 550 554 550 554 550 550 550 550 559 559 570 559 559
07 29 550 550 550 540 540 540 -9999 540 550 550 550 550 559 559 559 550 550 550 554 559 559 570 570 559
07 30 559 550 550 550 540 540 -9999 540 550 550 550 550 559 559 559 559 559 550 559 559 559 570 570 559
07 31 559 550 550 550 540 540 -9999 540 550 550 550 550 559 559 559 559 559 559 559 559 570 570 570 559
08 01 559 550 550 550 540 540 -9999 540 550 550 550 550 559 559 559 559 559 559 559 559 559 570 570 559
08 02 559 550 550 550 540 540 -9999 540 540 550 550 550 559 559 559 559 559 559 559 559 570 570 570 559
08 03 559 550 550 550 540 540 -9999 540 540 550 550 550 559 559 559 559 559 559 559 559 570 572 570 559
08 04 559 550 550 550 540 540 -9999 540 550 550 554 550 559 559 559 559 559 559 559 559 570 579 570 559
08 05 559 559 550 550 540 540 -9999 540 550 550 554 554 559 559 559 559 559 559 559 568 570 579 570 570
08 06 559 559 550 550 540 540 -9999 540 550 550 559 554 559 559 559 559 559 559 559 570 570 579 570 570
08 07 559 559 550 550 540 540 -9999 540 550 550 559 559 559 559 559 559 559 559 559 570 570 579 579 570
08 08 559 559 550 550 540 540 -9999 540 550 550 559 559 559 559 559 559 559 559 568 570 570 579 579 570
08 09 559 559 550 550 540 540 -9999 540 550 550 559 559 559 559 559 559 559 559 559 570 570 579 579 570
08 10 559 550 550 550 540 540 -9999 540 540 550 559 554 559 559 559 559 559 559 559 570 570 579 570 570
08 11 559 550 550 550 540 540 -9999 540 540 550 554 554 559 559 559 559 559 559 559 570 570 572 570 559
08 12 559 550 550 550 540 540 -9999 540 540 550 550 550 559 559 559 559 559 559 559 559 570 570 570 559
08 13 559 550 540 540 540 540 -9999 540 540 550 550 550 559 559 559 559 559 559 559 559 570 570 570 559
08 14 550 550 540 540 540 536 -9999 540 540 540 550 550 554 550 559 550 559 559 559 559 570 570 559 559
08 15 550 550 540 540 531 531 -9999 536 540 540 550 550 550 550 559 550 550 550 550 559 559 570 559 559
08 16 550 550 540 540 531 531 -9999 536 540 540 550 550 550 550 559 550 550 550 550 559 559 570 559 550
08 17 550 540 540 540 531 531 -9999 531 540 540 550 550 550 550 550 550 550 550 550 559 559 559 559 550
08 18 540 540 540 531 531 531 -9999 531 540 540 550 550 550 550 550 545 550 550 550 554 559 559 550 550
08 19 540 540 540 531 531 531 -9999 531 536 540 540 550 540 540 550 540 550 550 550 550 559 559 550 540
08 20 540 531 531 531 520 531 -9999 520 531 531 540 540 540 540 540 540 540 540 543 550 550 550 550 540
08 21 531 531 531 520 520 520 -9999 520 529 531 531 536 540 540 540 540 540 540 540 540 550 550 540 540
08 22 531 531 520 520 520 518 -9999 511 520 529 531 531 536 531 531 531 540 540 540 540 550 540 540 531
08 23 531 531 520 520 511 511 -9999 511 520 520 531 531 531 531 531 531 531 531 531 540 540 540 540 531
08 24 529 520 520 520 511 511 -9999 511 511 520 520 531 531 531 531 531 531 531 531 531 540 540 531 531
08 25 520 520 520 511 511 511 -9999 511 511 518 520 520 531 520 531 531 531 531 531 531 531 536 531 531
08 26 520 520 511 511 511 500 -9999 500 511 511 520 520 520 520 523 520 531 531 531 531 531 531 531 520
08 27 520 511 511 511 511 500 -9999 500 511 511 520 520 520 520 520 520 520 520 520 520 531 531 525 520
08 28 520 511 511 500 500 500 -9999 500 500 511 511 520 520 520 520 520 520 520 520 520 531 527 520 520
08 29 520 511 511 500 500 500 -9999 500 500 511 511 520 520 520 520 520 520 520 520 520 531 520 520 520
08 30 520 511 511 500 500 500 -9999 500 500 500 511 518 520 520 520 518 520 520 520 520 531 520 520 520
08 31 511 511 511 500 500 500 -9999 500 500 500 511 511 520 520 520 518 520 520 520 520 531 520 520 520
09 01 511 511 511 500 500 500 -9999 500 500 500 511 511 520 518 520 518 520 520 520 520 531 520 520 511
09 02 511 511 500 500 500 500 -9999 489 500 500 511 511 518 511 520 511 518 520 520 520 531 520 520 511
09 03 511 511 500 500 500 491 -9999 489 500 500 511 511 511 511 511 511 511 518 520 520 520 520 520 511
09 04 511 500 500 500 498 489 -9999 489 489 500 500 500 511 511 511 511 511 511 520 520 520 520 511 511
09 05 511 500 500 500 491 489 -9999 489 489 500 500 500 511 511 511 511 511 511 518 520 520 511 511 511
09 06 500 500 500 500 489 489 -9999 489 489 500 500 500 500 511 511 511 511 511 511 520 520 511 511 500
09 07 500 500 500 489 489 489 -9999 482 489 489 500 500 500 500 500 500 511 511 511 511 511 511 500 500
09 08 500 489 489 489 489 489 -9999 480 480 489 489 500 500 500 500 500 500 500 511 511 511 511 500 500
09 09 498 489 489 480 480 480 -9999 480 480 482 489 500 500 500 500 500 500 500 511 511 511 500 500 500
09 10 489 489 489 480 480 480 -9999 480 480 480 489 489 500 500 500 500 500 500 500 511 511 500 500 495
09 11 489 489 480 480 480 480 -9999 469 480 480 489 489 500 489 500 500 500 500 500 511 511 500 500 493
09 12 489 489 480 480 480 475 -9999 469 480 480 489 489 489 489 500 500 500 500 500 500 500 500 500 489
09 13 480 480 480 480 469 469 -9999 469 469 480 480 489 489 489 489 489 489 500 500 500 500 500 489 489
09 14 480 480 480 469 469 469 -9999 469 469 469 480 489 489 489 489 489 489 489 489 500 500 489 489 480
09 15 480 480 469 469 469 469 -9999 460 460 469 480 480 480 480 489 489 489 489 489 489 489 489 489 480
09 16 469 469 469 469 469 460 -9999 460 460 469 480 480 480 480 482 482 489 489 489 489 489 489 480 480
09 17 469 469 469 469 460 460 -9999 460 460 469 469 480 480 480 480 480 482 480 489 489 489 489 480 469
09 18 469 469 469 469 460 460 -9999 460 460 469 469 480 480 480 480 480 480 480 489 489 489 480 480 469
09 19 469 469 460 460 460 460 -9999 460 460 464 469 480 480 480 480 480 480 480 480 489 486 480 469 469
09 20 469 460 460 460 460 450 -9999 450 450 460 464 469 469 480 480 480 480 480 480 480 480 480 469 460
09 21 460 460 460 450 450 450 -9999 450 450 450 460 469 469 469 469 469 480 480 480 480 480 469 469 460
09 22 460 460 460 450 450 450 -9999 450 450 450 460 469 469 469 469 469 480 480 480 480 469 469 460 460
09 23 460 460 450 450 450 450 -9999 450 450 450 460 460 469 469 468 469 469 469 469 469 469 469 460 460
09 24 460 450 450 450 450 450 -9999 441 441 450 450 460 460 460 460 469 469 460 469 469 460 460 450 450
09 25 460 450 450 450 441 441 -9999 441 441 441 450 460 460 460 460 460 460 460 460 460 460 460 450 450
09 26 450 450 450 441 441 441 -9999 441 441 441 450 450 450 450 460 460 460 460 460 460 450 450 450 450
09 27 450 450 441 441 441 441 -9999 441 430 441 441 450 450 450 450 460 450 450 450 450 450 450 441 441
09 28 450 441 441 430 430 430 -9999 430 430 430 441 441 441 450 450 450 450 450 450 450 441 441 441 441
09 29 -9999 430 430 430 421 430 -9999 421 421 421 430 441 441 441 441 441 450 441 446 441 441 441 430 430
09 30 -9999 421 421 421 421 421 -9999 421 421 421 421 430 441 441 441 441 441 441 441 441 430 430 430 421
10 01 -9999 421 410 410 410 410 -9999 410 410 410 421 430 430 430 430 430 441 430 430 430 430 421 421 421
10 02 -9999 410 410 410 410 410 -9999 410 410 410 421 430 430 430 430 430 439 430 430 430 430 421 421 421
10 03 -9999 410 410 410 410 410 -9999 399 399 410 421 421 421 421 430 430 430 430 430 430 421 421 421 410
10 04 -9999 410 410 410 399 399 -9999 399 399 399 410 421 421 421 430 430 430 430 430 421 421 421 410 410
10 05 -9999 410 410 410 399 399 -9999 399 399 399 410 421 421 421 421 430 430 430 421 421 421 421 410 410
10 06 -9999 410 410 399 399 399 -9999 399 399 399 410 410 421 421 421 430 430 430 421 421 421 421 410 410
10 07 -9999 399 399 399 399 390 -9999 399 399 399 410 410 421 421 421 421 430 421 421 421 410 410 399 399
10 08 -9999 390 399 390 390 390 -9999 390 390 390 399 399 410 410 421 421 421 421 421 410 410 410 399 399
10 09 -9999 390 390 390 379 390 -9999 379 379 390 390 399 399 410 410 410 419 410 410 410 399 399 392 390
10 10 -9999 390 390 379 379 379 -9999 379 379 379 390 399 399 399 410 410 410 410 410 399 399 399 390 390
10 11 -9999 379 379 379 374 370 -9999 370 379 370 379 390 399 399 399 410 410 410 410 399 399 390 390 390
10 12 -9999 379 379 379 370 370 -9999 370 370 370 379 379 390 399 399 399 410 399 399 399 390 390 388 390
10 13 -9999 379 379 370 370 370 -9999 370 370 370 379 379 390 399 399 399 399 399 399 390 390 390 379 379
10 14 -9999 379 379 370 370 370 -9999 370 370 370 370 379 390 390 399 399 399 399 390 390 379 379 379 379
10 15 -9999 379 379 370 370 360 -9999 360 370 360 370 379 379 390 390 390 390 399 390 379 379 379 370 379
10 16 -9999 370 360 360 360 360 -9999 360 360 360 370 370 379 390 390 390 390 390 390 379 370 370 360 370
10 17 -9999 360 360 360 351 360 -9999 360 360 360 360 370 379 379 379 379 390 390 379 370 370 360 351 351
10 18 -9999 351 351 351 351 351 -9999 351 351 351 360 360 370 379 379 379 379 379 370 370 360 360 351 351
10 19 -9999 340 340 351 351 351 -9999 351 351 351 351 360 360 370 370 379 379 379 370 370 360 351 351 351
10 20 -9999 340 340 340 340 340 -9999 340 340 340 340 351 360 360 370 370 379 370 360 360 351 340 340 340
10 21 -9999 340 331 331 331 331 -9999 340 331 331 340 351 351 360 351 360 360 360 360 351 340 340 340 331
10 22 -9999 331 331 331 331 331 -9999 331 331 331 340 340 351 351 351 351 351 351 340 340 340 331 331 331
10 23 -9999 331 331 331 331 331 -9999 331 331 331 331 340 340 340 351 340 351 351 340 340 331 331 331 331
10 24 -9999 329 331 331 331 331 -9999 331 331 329 331 340 340 340 351 351 351 349 340 340 331 331 331 331
10 25 331 320 327 320 320 320 -9999 331 331 320 331 340 340 340 351 340 347 340 340 340 331 331 331 320
10 26 331 320 320 320 320 320 -9999 329 320 320 331 340 340 340 349 340 340 340 340 340 331 320 320 320
10 27 331 320 320 320 320 320 -9999 320 320 320 329 331 340 340 340 340 340 340 340 331 331 320 320 320
10 28 322 320 320 320 320 320 -9999 -9999 320 320 320 331 331 340 340 340 340 338 331 331 320 320 320 320
10 29 320 320 320 320 320 311 -9999 -9999 320 320 320 320 331 331 340 340 331 331 331 320 320 320 320 320
10 30 320 320 320 320 320 320 -9999 -9999 320 320 320 320 331 331 340 340 331 331 331 320 320 320 320 320
10 31 320 320 320 320 320 311 -9999 -9999 320 320 320 320 331 331 331 331 331 320 320 320 320 320 320 320
11 01 320 320 320 320 309 309 320 -9999 320 309 320 320 320 329 331 331 331 320 320 320 320 320 320 320
11 02 320 320 313 309 309 309 309 -9999 309 309 309 320 320 320 320 320 320 320 320 320 320 320 315 311
11 03 320 311 309 309 309 309 309 -9999 309 309 309 320 320 320 320 331 320 320 320 320 320 320 318 311
11 04 320 311 309 309 309 302 302 -9999 309 309 309 309 320 320 320 320 320 320 320 320 320 320 311 311
11 05 320 309 309 309 309 302 309 -9999 309 309 309 309 320 320 320 320 320 320 320 320 320 320 318 316
11 06 320 311 309 309 309 309 309 -9999 309 309 309 309 320 320 320 320 320 320 320 320 320 320 320 318
11 07 320 311 309 309 309 309 309 -9999 309 309 309 309 320 320 320 320 320 320 320 320 320 320 309 311
11 08 320 309 309 309 309 302 309 -9999 309 309 309 309 320 320 320 320 320 320 320 316 318 318 309 311
11 09 320 309 309 309 307 302 302 -9999 309 309 309 309 320 320 320 309 320 313 309 309 309 309 300 309
11 10 320 302 302 304 302 300 300 -9999 300 300 300 300 300 302 309 309 309 309 309 309 300 300 300 300
11 11 309 300 291 300 300 300 291 -9999 289 280 289 300 300 300 300 309 309 309 300 300 300 289 289 289
11 12 309 295 289 293 289 300 289 -9999 273 280 280 280 289 300 300 300 300 300 297 289 289 289 280 289
11 13 300 280 289 289 289 289 280 -9999 270 270 280 280 280 280 280 289 289 289 280 280 280 280 280 280
11 14 291 280 280 280 280 280 280 -9999 270 270 280 280 280 280 280 289 289 289 280 280 280 280 280 280
11 15 289 280 280 275 270 277 271 -9999 270 270 270 270 280 280 280 289 289 289 280 280 280 280 280 280
11 16 284 280 280 280 270 277 273 -9999 270 270 280 280 280 280 280 289 289 289 280 289 280 280 280 280
11 17 284 280 280 280 280 280 280 -9999 280 270 280 280 280 280 280 289 289 289 280 280 280 280 280 280
11 18 280 280 280 280 270 270 280 -9999 270 270 270 270 280 280 280 289 280 280 280 280 270 280 280 275
11 19 280 270 280 275 270 270 280 -9999 270 270 270 270 270 280 280 280 280 280 273 270 270 280 277 270
11 20 270 262 270 264 266 270 270 -9999 270 270 270 270 270 270 280 280 284 280 273 270 270 280 277 270
11 21 270 262 270 262 266 262 270 -9999 270 270 270 266 270 270 280 280 270 280 270 270 270 270 271 270
11 22 270 261 270 262 270 262 270 -9999 270 270 270 270 270 270 280 280 270 280 279 270 270 270 277 270
11 23 270 261 270 262 270 262 270 -9999 270 270 270 270 270 280 280 280 270 280 280 280 270 280 280 270
11 24 270 270 270 264 270 270 270 -9999 280 270 280 270 270 280 280 280 280 280 280 280 280 280 280 280
11 25 270 270 270 270 270 270 271 -9999 280 270 280 270 270 280 280 280 280 280 280 280 280 280 280 270
11 26 270 270 270 270 270 270 271 -9999 280 270 270 270 270 280 280 280 280 280 270 270 280 280 280 270
11 27 270 261 261 261 270 270 271 -9999 270 270 270 270 270 280 280 280 270 270 270 270 280 280 280 270
11 28 270 261 261 261 270 270 270 -9999 280 270 280 280 280 280 280 289 280 280 280 280 280 280 280 271
11 29 270 270 270 261 266 270 280 -9999 280 270 270 280 280 280 280 289 280 280 280 280 280 280 280 270
11 30 261 270 270 262 270 270 280 -9999 289 270 270 280 280 280 280 280 280 280 280 280 270 280 280 270
12 01 261 270 270 262 270 270 280 -9999 270 270 270 270 270 280 280 280 270 270 270 270 270 270 271 270
12 02 261 261 261 261 261 262 270 -9999 270 270 270 270 270 270 270 280 270 270 270 270 270 270 270 270
12 03 261 261 261 261 266 262 271 -9999 270 270 270 270 270 280 270 280 280 280 280 270 280 280 271 270
12 04 270 270 270 262 270 270 280 -9999 280 270 270 270 280 280 280 280 280 280 280 280 280 280 271 271
12 05 270 270 270 270 270 270 280 -9999 284 270 270 270 280 280 280 280 280 280 280 280 280 280 270 271
12 06 270 270 270 270 270 270 280 -9999 280 270 270 270 280 280 270 280 280 280 280 270 280 271 270 271
12 07 270 270 261 261 261 261 270 -9999 280 270 270 270 270 270 270 270 270 270 270 270 270 270 261 270
12 08 270 270 261 261 261 261 270 -9999 270 270 270 261 270 270 270 270 270 270 270 270 270 270 261 270
12 09 270 261 261 261 261 261 270 -9999 270 270 270 261 270 270 270 270 280 270 270 270 261 270 261 270
12 10 270 261 261 261 261 261 270 -9999 280 270 270 261 270 270 270 270 270 270 270 270 270 270 270 270
12 11 270 270 262 262 270 261 280 -9999 280 270 270 270 270 270 270 270 280 280 280 280 270 280 270 270
12 12 270 270 270 270 270 270 280 -9999 280 270 270 270 270 270 270 270 280 280 280 280 270 280 270 270
12 13 271 271 279 270 279 270 280 -9999 280 270 270 261 270 270 270 270 270 270 270 270 270 270 261 270
12 14 271 270 270 270 270 262 280 -9999 280 270 270 261 270 270 261 270 270 270 270 270 270 270 266 270
12 15 280 270 270 273 270 262 271 -9999 280 270 270 270 270 270 261 270 270 270 270 280 270 280 270 270
12 16 280 271 270 273 270 261 270 -9999 280 270 270 270 270 270 270 270 270 270 270 270 270 280 270 270
12 17 280 271 270 273 270 270 270 -9999 280 270 280 270 270 270 270 270 280 280 270 270 270 270 270 270
12 18 280 270 270 270 270 270 270 -9999 280 270 270 270 270 270 270 270 270 270 270 270 270 270 266 270
12 19 271 270 262 270 270 261 270 -9999 270 270 270 270 270 270 261 270 270 270 270 270 270 270 261 262
12 20 270 261 261 261 270 261 270 -9999 270 270 270 261 270 270 261 270 270 270 270 270 270 270 270 262
12 21 270 262 261 261 270 261 261 -9999 270 270 270 261 270 270 270 270 270 270 270 270 270 270 270 262
12 22 270 262 261 261 261 261 261 -9999 270 270 270 261 270 270 270 270 270 270 270 270 270 280 270 262
12 23 270 262 261 262 262 261 261 -9999 270 270 270 261 270 270 270 270 270 270 270 270 270 270 270 262
12 24 270 262 261 262 261 261 261 -9999 270 270 270 270 270 270 270 270 270 270 270 270 270 270 270 262
12 25 270 261 261 262 261 261 252 -9999 270 270 270 270 270 270 270 270 261 270 270 270 270 270 270 261
12 26 270 261 261 262 261 261 252 -9999 270 270 270 270 270 270 270 270 261 270 270 270 270 270 270 261
12 27 270 261 250 261 261 261 250 -9999 270 270 261 261 270 270 270 270 261 270 270 261 270 270 270 261
12 28 261 250 250 250 250 261 250 -9999 270 270 261 270 270 270 270 266 261 262 270 261 270 270 261 250
12 29 261 250 250 250 250 250 250 -9999 261 261 252 250 261 261 261 261 261 261 261 261 261 250 261 250
12 30 261 250 250 250 250 250 250 -9999 261 261 250 250 261 261 261 261 261 261 261 261 261 250 261 250
12 31 250 250 250 250 250 250 250 -9999 261 250 250 250 261 261 261 261 261 261 250 250 250 250 250 250
