01 01 289 289 289 289 289 280 280 280 280 289 300 309 309 309 309 309 309 309 309 309 300 300 300 300
01 02 289 289 289 289 289 280 280 289 280 289 300 309 309 309 309 309 309 309 309 300 300 300 300 289
01 03 289 289 289 289 289 280 280 289 280 289 300 300 300 309 309 300 309 309 309 300 300 300 300 289
01 04 289 289 289 289 289 280 280 280 280 289 300 300 309 309 309 300 309 309 309 300 300 300 300 300
01 05 289 289 289 289 289 280 280 280 280 289 300 300 309 309 309 309 309 309 309 300 300 300 300 300
01 06 289 289 289 289 289 280 280 280 280 289 300 300 309 309 309 309 309 309 300 300 300 289 300 289
01 07 289 280 280 280 280 280 280 280 280 280 300 300 300 309 309 309 309 309 300 300 300 289 300 289
01 08 289 280 280 280 280 280 280 280 280 280 300 300 300 309 309 309 309 309 300 300 300 300 300 289
01 09 289 280 280 289 280 280 280 280 280 289 300 300 309 309 309 309 309 309 300 300 300 300 300 289
01 10 289 280 280 280 280 280 280 280 280 280 300 300 300 309 309 309 309 309 300 300 300 300 300 289
01 11 289 280 280 280 280 280 280 280 280 280 300 300 300 309 309 309 309 309 300 300 300 289 300 289
01 12 289 280 280 280 280 280 280 280 270 280 289 300 300 300 300 309 309 309 300 300 300 289 289 289
01 13 289 280 280 280 280 280 270 270 270 280 289 300 300 300 300 309 309 309 300 300 300 289 289 289
01 14 289 280 280 280 280 270 270 270 270 280 289 300 300 300 300 309 309 309 300 300 300 289 289 289
01 15 289 280 280 280 280 280 270 270 270 270 289 289 300 300 300 300 309 309 300 300 300 289 289 289
01 16 289 280 280 280 280 280 270 270 270 270 289 300 300 300 300 309 309 309 300 300 300 289 289 289
01 17 280 280 280 280 280 270 270 270 270 270 289 300 300 300 300 309 309 309 300 300 300 289 289 289
01 18 289 280 280 280 280 270 270 270 270 270 289 289 300 300 300 300 300 309 300 300 300 289 289 289
01 19 280 280 280 280 270 270 270 270 270 270 289 289 300 300 300 300 300 309 300 300 300 289 289 280
01 20 280 280 280 280 270 270 270 270 261 270 280 289 289 300 300 300 300 300 300 300 300 289 280 280
01 21 280 280 280 280 270 270 270 270 270 270 280 289 300 300 300 300 300 309 300 300 300 289 289 289
01 22 289 280 280 280 280 270 270 270 270 280 289 300 300 300 300 309 309 309 300 300 300 300 289 289
01 23 289 280 280 280 280 280 280 270 270 280 289 300 300 300 300 309 309 309 300 300 300 300 289 289
01 24 289 280 280 280 280 280 270 270 270 280 289 300 300 300 309 309 309 309 309 309 300 300 300 300
01 25 300 289 289 289 280 280 280 270 270 280 289 300 300 309 309 309 309 309 309 309 309 300 300 300
01 26 300 289 289 289 280 280 280 270 280 289 300 300 300 309 309 309 309 320 309 309 309 309 309 300
01 27 300 300 289 289 289 280 280 280 280 289 300 309 309 309 320 320 320 320 309 309 309 309 309 300
01 28 300 300 300 300 289 289 289 280 280 289 300 309 309 309 320 320 320 320 309 309 309 309 309 300
01 29 300 300 300 300 289 289 289 280 280 300 300 309 309 309 320 320 320 320 309 309 309 309 309 300
01 30 300 300 289 289 289 289 280 280 280 300 300 309 309 320 320 320 320 331 320 309 309 309 309 300
01 31 300 300 289 289 289 289 289 280 280 300 309 320 320 320 320 320 331 331 320 309 309 309 309 309
02 01 300 300 300 300 300 289 289 280 280 300 300 320 320 320 320 331 331 331 320 309 309 309 309 309
02 02 300 300 300 300 300 289 289 289 289 300 309 320 320 320 331 331 331 331 320 320 320 309 309 309
02 03 309 300 300 300 300 300 300 289 300 300 309 320 320 320 331 331 331 331 320 320 309 309 309 309
02 04 309 300 300 300 300 300 300 300 300 300 309 320 320 331 331 331 331 331 320 320 320 309 309 309
02 05 309 300 300 300 300 300 300 289 289 300 309 320 320 320 331 331 331 331 320 320 309 309 309 309
02 06 309 300 300 300 300 300 300 300 289 300 309 320 320 320 331 331 340 331 320 320 309 309 309 309
02 07 309 300 300 300 300 300 300 300 289 300 309 320 320 320 331 331 331 331 320 320 320 309 309 309
02 08 309 300 300 300 300 300 300 300 300 300 309 320 320 320 331 331 331 331 320 320 320 309 309 309
02 09 309 300 300 300 300 300 300 300 300 300 309 320 320 320 331 331 331 331 320 320 320 309 309 309
02 10 309 300 300 300 300 300 300 300 300 300 311 320 320 320 331 340 340 340 331 320 320 309 309 309
02 11 309 300 300 300 300 300 300 300 300 309 320 320 320 331 331 340 340 340 331 320 320 309 309 309
02 12 309 300 300 300 300 300 300 300 300 309 320 331 331 331 340 340 340 340 331 331 320 320 320 309
02 13 309 309 309 309 309 309 309 300 300 309 320 331 331 340 340 351 340 340 331 331 320 320 320 309
02 14 320 309 309 309 309 309 309 302 302 320 320 331 340 340 351 351 340 340 340 331 331 320 320 320
02 15 320 320 320 309 309 309 309 309 309 320 331 340 340 340 351 351 351 351 351 340 340 331 331 331
02 16 331 320 320 320 309 320 309 309 309 320 331 340 340 351 351 351 360 351 351 351 340 340 331 331
02 17 331 320 320 320 320 320 320 309 309 320 331 340 340 340 351 351 351 351 351 340 340 340 331 331
02 18 331 320 320 320 320 320 320 320 311 320 331 340 340 351 351 351 360 351 351 351 351 340 340 331
02 19 331 320 320 320 320 320 320 320 320 320 331 340 340 351 351 360 360 351 360 351 351 340 340 331
02 20 331 331 331 320 320 320 320 320 320 320 331 340 351 351 360 360 360 360 360 351 351 340 340 340
02 21 331 331 331 331 320 320 320 320 320 331 331 340 351 351 360 360 360 360 360 360 351 351 340 340
02 22 340 331 331 331 331 320 320 320 320 331 340 340 351 360 360 360 360 370 360 360 351 351 340 340
02 23 340 331 331 331 320 320 320 320 320 331 340 340 351 351 360 360 360 370 360 360 351 351 340 340
02 24 340 331 340 331 331 320 320 320 320 331 340 340 351 360 360 370 370 370 360 360 360 351 340 340
02 25 351 340 340 331 331 331 320 320 320 331 340 351 351 360 360 370 370 370 370 360 360 351 351 351
02 26 351 340 340 340 331 331 320 320 320 331 351 351 351 360 360 370 370 370 370 370 360 351 351 351
02 27 351 340 340 340 331 331 331 320 331 340 351 351 351 360 360 370 370 370 370 360 360 351 351 351
02 28 351 340 340 340 331 331 331 320 331 340 351 351 351 360 360 370 370 370 370 370 360 351 351 351
03 01 351 351 340 340 331 340 340 331 331 351 360 360 360 360 370 370 370 370 370 370 360 351 351 351
03 02 351 351 340 340 331 331 331 331 331 340 351 351 360 360 370 370 370 370 370 360 360 351 351 351
03 03 351 351 340 340 331 331 331 331 331 340 360 360 360 360 370 370 370 370 370 370 360 351 360 351
03 04 351 351 340 340 331 331 331 331 331 351 360 360 360 370 370 370 370 379 379 370 370 360 360 360
03 05 360 351 351 340 340 340 340 331 340 360 360 370 370 370 379 370 379 379 379 370 370 360 360 360
03 06 360 360 351 351 351 351 351 340 351 360 370 370 370 370 379 379 379 379 379 370 370 370 370 370
03 07 360 360 360 360 351 351 351 340 351 360 370 379 379 370 379 379 379 379 379 379 370 370 370 370
03 08 370 360 360 360 351 351 351 340 351 360 370 379 379 379 379 379 390 379 379 379 379 370 370 370
03 09 370 360 360 360 351 351 351 340 351 360 379 390 390 390 390 390 390 390 390 379 379 370 370 370
03 10 370 370 360 370 351 351 351 351 351 360 379 390 390 390 390 390 390 390 390 379 379 379 370 370
03 11 370 370 360 370 360 351 351 351 351 360 370 390 390 390 390 390 390 390 390 379 379 379 379 370
03 12 370 370 360 370 360 351 351 351 351 360 370 379 390 390 390 390 390 390 390 390 390 379 379 379
03 13 370 370 360 370 360 351 351 351 351 360 370 379 379 390 379 390 390 390 390 390 390 379 379 379
03 14 370 370 360 370 360 351 351 351 351 360 370 379 390 390 390 390 390 399 390 390 390 390 379 379
03 15 379 370 360 370 360 351 351 351 351 370 370 379 390 390 399 410 399 399 399 399 390 390 379 379
03 16 379 370 370 370 360 360 351 351 360 370 370 379 399 399 399 410 399 399 399 399 390 390 390 390
03 17 379 370 370 370 360 360 360 360 360 370 379 390 399 399 399 410 410 410 410 399 399 399 399 390
03 18 390 379 379 379 370 370 370 360 370 370 379 390 399 410 410 410 410 410 410 399 399 399 399 390
03 19 399 390 390 379 379 379 370 370 379 379 399 399 410 410 410 410 410 410 410 399 399 399 399 399
03 20 399 390 390 390 379 379 370 370 379 390 399 399 410 410 421 421 421 421 421 421 421 410 410 399
03 21 410 399 399 390 390 390 390 390 390 399 410 399 410 421 421 421 421 430 421 421 421 410 410 410
03 22 410 410 399 410 399 399 390 410 399 410 421 421 421 421 421 421 421 430 430 421 421 421 421 421
03 23 421 421 421 421 410 410 410 410 410 421 421 421 421 421 421 430 421 430 430 430 430 421 421 421
03 24 430 421 421 421 421 421 421 410 421 430 430 421 421 421 421 430 421 430 430 430 430 421 421 421
03 25 430 421 421 421 421 421 421 410 421 430 430 430 430 421 421 430 421 430 430 430 430 421 421 421
03 26 430 421 421 421 421 421 421 421 430 430 430 430 430 430 430 430 421 430 441 430 430 421 430 430
03 27 430 430 430 421 430 421 421 430 430 430 430 430 441 430 430 430 430 441 441 441 441 430 430 430
03 28 430 430 430 421 430 421 421 430 430 430 441 441 441 441 430 430 430 441 441 441 441 441 430 430
03 29 450 441 441 430 430 430 421 430 441 441 441 441 450 450 450 441 441 441 441 441 441 441 430 430
03 30 450 441 441 441 430 430 430 430 441 441 441 441 450 450 450 441 441 441 441 441 441 441 441 441
03 31 450 441 441 441 441 430 430 441 441 441 441 450 450 450 450 441 441 441 441 450 441 441 441 441
04 01 450 450 441 441 430 430 430 430 441 441 441 441 450 450 450 441 441 441 441 441 441 441 441 441
04 02 441 441 441 441 430 430 421 430 441 441 441 441 450 450 450 441 441 441 441 441 441 441 441 430
04 03 441 441 441 441 430 430 421 430 441 430 441 441 441 450 450 441 441 441 441 441 441 441 441 441
04 04 441 441 441 441 430 430 430 430 441 441 441 450 450 450 450 441 441 441 441 441 441 441 441 430
04 05 430 441 430 441 430 430 430 430 441 441 441 450 450 450 450 441 441 441 441 441 441 441 441 430
04 06 430 441 441 441 430 430 430 430 441 450 450 450 460 460 450 441 441 441 441 441 441 450 441 441
04 07 430 441 441 441 441 430 430 441 441 450 450 460 460 460 460 450 450 441 450 450 441 450 441 441
04 08 441 441 441 441 441 441 430 441 441 460 460 460 469 469 469 460 450 450 450 450 450 450 450 450
04 09 441 450 450 441 450 441 441 441 450 460 460 460 469 469 469 460 450 450 450 460 450 450 450 450
04 10 441 450 450 450 450 441 441 450 450 460 460 469 469 469 469 469 460 450 460 460 469 460 460 460
04 11 450 460 460 460 450 450 450 460 460 469 469 480 480 480 480 480 469 469 469 469 469 469 469 460
04 12 460 460 460 469 460 460 460 460 469 480 480 480 480 480 480 480 480 480 480 480 469 469 469 480
04 13 460 460 469 469 460 460 460 460 469 480 480 480 480 489 480 480 480 489 489 489 480 480 480 480
04 14 469 469 480 480 469 469 469 469 480 480 480 489 489 489 489 489 489 489 489 489 489 489 489 480
04 15 480 480 480 480 480 469 480 469 489 489 489 489 489 489 489 489 500 489 489 500 489 489 489 489
04 16 480 489 489 480 480 480 480 480 489 500 500 500 500 500 500 500 500 500 500 500 500 500 500 500
04 17 500 500 500 500 500 489 489 500 500 500 511 511 511 500 500 500 500 500 500 500 500 500 500 500
04 18 500 500 500 500 500 500 500 500 500 511 511 511 511 511 500 511 500 500 500 500 500 511 500 500
04 19 500 500 511 511 500 500 500 511 511 520 520 520 520 511 511 511 500 500 500 511 500 511 511 511
04 20 511 500 511 511 500 511 511 511 511 520 520 520 520 511 511 511 500 500 500 511 500 511 511 500
04 21 511 500 511 511 500 511 500 511 511 520 520 520 520 511 511 511 500 500 511 511 500 511 511 500
04 22 511 500 511 511 500 500 500 511 511 520 520 531 520 520 511 520 511 511 511 520 511 511 511 511
04 23 511 500 511 511 500 511 500 500 511 520 520 531 520 520 511 511 511 511 511 520 511 520 511 511
04 24 511 500 511 511 500 511 500 500 511 520 520 520 520 520 511 511 511 511 511 520 511 520 511 511
04 25 511 500 511 511 511 511 500 511 511 520 520 520 520 520 511 511 511 511 511 520 511 520 511 511
04 26 511 500 511 511 511 511 500 500 511 520 520 531 520 520 511 511 511 511 511 520 520 520 511 511
04 27 511 511 511 511 511 511 500 511 520 531 531 531 531 520 520 520 511 511 520 520 520 520 520 511
04 28 511 511 511 511 511 511 500 511 520 531 531 531 531 531 520 520 520 511 520 520 520 520 520 520
04 29 511 511 520 511 511 511 511 520 531 531 531 540 531 540 531 520 520 520 520 531 531 531 531 520
04 30 520 520 520 511 511 511 511 520 531 540 540 540 540 540 531 531 520 531 531 531 531 540 531 531
05 01 520 520 520 520 520 520 520 520 540 540 550 540 540 540 540 540 531 531 531 531 540 540 531 531
05 02 531 531 531 520 531 520 520 520 540 540 550 540 540 540 540 540 531 540 540 540 540 540 540 540
05 03 531 531 531 531 531 531 531 540 550 550 550 559 559 550 550 550 540 540 550 550 540 540 540 540
05 04 531 540 540 540 540 531 531 540 550 559 559 559 559 559 550 550 550 550 559 559 550 550 550 540
05 05 540 540 540 540 540 540 540 540 550 559 559 559 559 559 550 559 559 559 559 559 550 559 550 550
05 06 540 550 550 550 550 540 540 550 559 559 559 559 559 559 559 570 570 559 570 559 559 559 559 550
05 07 550 550 550 550 550 540 550 550 559 559 570 559 570 559 559 559 570 559 570 559 559 559 559 559
05 08 559 550 550 550 550 550 550 559 570 570 579 570 570 570 570 570 570 570 579 570 570 570 570 559
05 09 559 559 559 559 559 550 550 559 570 579 579 579 579 579 579 579 570 570 579 579 579 570 570 570
05 10 570 570 559 559 559 559 559 570 570 579 590 579 579 579 579 579 579 579 579 579 590 579 570 570
05 11 570 570 570 559 559 559 559 570 579 579 590 590 590 579 590 590 590 579 579 579 590 579 579 570
05 12 570 570 570 570 570 559 559 570 579 590 590 590 590 590 590 590 590 590 590 590 590 590 579 579
05 13 579 570 570 570 570 570 570 579 579 590 590 601 590 590 601 601 590 590 590 590 590 590 579 579
05 14 579 579 570 579 570 570 570 579 579 590 601 601 601 601 601 601 601 590 590 601 601 590 590 579
05 15 590 579 579 579 570 570 570 579 590 590 601 601 601 601 601 601 601 601 601 601 601 590 590 590
05 16 590 590 579 590 579 570 579 579 590 601 601 610 610 601 601 610 601 601 601 610 601 601 590 590
05 17 590 590 590 590 579 579 579 590 601 601 601 610 610 610 601 610 610 601 601 610 601 601 590 590
05 18 590 590 590 590 590 579 579 590 601 601 601 610 610 601 601 610 601 601 601 610 601 601 590 590
05 19 590 590 590 590 579 579 579 590 601 601 601 610 610 601 601 610 601 601 601 601 601 601 590 590
05 20 590 590 590 590 579 579 579 590 601 601 601 610 610 610 610 610 610 601 601 610 601 601 601 601
05 21 590 601 590 590 590 579 590 590 601 601 610 610 610 610 610 610 610 610 610 610 610 601 610 610
05 22 601 601 601 601 590 590 590 601 601 601 610 621 610 610 610 621 610 610 610 610 610 610 610 610
05 23 610 610 601 601 601 601 601 601 610 610 621 621 621 621 621 621 621 610 610 610 610 610 610 610
05 24 610 601 601 601 601 590 601 601 610 610 621 621 621 621 621 621 621 610 621 621 621 610 610 610
05 25 610 610 601 601 601 601 601 601 610 610 621 621 621 621 621 621 621 610 621 621 621 610 610 610
05 26 610 610 601 601 601 590 601 601 610 610 621 621 621 621 621 621 621 610 621 621 621 621 621 610
05 27 610 610 601 601 590 590 601 601 610 610 621 621 621 621 621 621 621 610 621 621 621 621 621 621
05 28 610 610 601 601 601 590 601 610 621 621 621 621 621 621 621 621 621 621 621 621 621 621 621 621
05 29 610 610 601 601 601 601 601 610 621 621 621 621 630 630 621 630 621 621 630 630 630 621 621 621
05 30 621 621 610 601 601 601 601 610 621 621 621 621 630 630 621 630 621 621 630 630 630 621 621 621
05 31 621 621 610 610 610 601 601 610 621 621 630 630 630 630 630 630 630 630 630 630 630 630 630 621
06 01 621 621 610 610 610 601 610 621 621 621 630 630 630 640 640 640 630 630 630 640 630 630 630 630
06 02 630 621 621 610 610 601 610 621 621 630 630 640 640 640 640 640 640 640 640 640 640 640 640 630
06 03 630 630 626 621 621 610 610 621 630 630 640 640 640 640 640 649 640 640 640 640 640 640 640 640
06 04 640 640 630 630 621 621 621 630 630 640 640 640 640 649 640 649 640 640 649 649 649 649 649 640
06 05 640 640 630 630 630 630 621 630 630 640 649 649 649 649 660 660 649 649 660 649 649 649 649 649
06 06 649 640 630 630 630 630 630 630 640 640 649 649 649 660 660 660 649 649 660 649 649 649 649 649
06 07 649 640 630 640 630 630 630 640 640 649 649 649 649 660 660 660 649 649 660 649 649 649 649 649
06 08 649 640 640 640 640 630 630 640 640 649 649 649 660 660 660 660 660 660 660 660 660 649 649 649
06 09 649 649 640 640 640 640 640 640 649 660 660 660 660 660 669 660 660 660 660 660 660 660 649 649
06 10 649 649 649 640 640 640 640 649 660 660 660 660 660 660 669 669 669 669 660 660 660 660 660 649
06 11 649 649 649 640 640 640 640 649 660 660 660 669 669 669 669 669 669 669 660 660 669 660 660 649
06 12 649 649 649 649 649 640 640 649 660 660 660 669 669 669 669 669 669 669 669 669 669 660 660 660
06 13 649 649 649 649 649 640 649 649 660 669 669 669 669 669 669 680 680 669 669 669 669 669 660 660
06 14 660 660 660 649 649 649 649 660 660 669 669 680 680 680 680 680 680 680 669 680 680 669 669 669
06 15 660 660 660 649 649 649 649 660 669 669 680 680 680 680 680 680 680 680 680 680 680 680 669 669
06 16 660 660 660 649 649 649 649 660 669 669 680 680 680 691 691 691 680 680 680 680 680 680 669 669
06 17 660 660 660 649 649 649 649 660 669 680 680 680 691 691 691 691 691 680 680 691 691 680 669 669
06 18 660 660 660 649 649 649 649 669 669 680 680 691 691 691 691 691 691 691 691 691 691 680 680 669
06 19 669 660 660 660 649 660 660 669 680 680 691 691 691 691 691 691 691 691 691 691 691 680 680 680
06 20 669 669 660 669 660 660 660 669 680 680 691 691 691 691 691 691 691 691 691 691 691 691 680 680
06 21 669 669 669 669 660 660 669 669 680 680 691 691 700 700 700 700 691 691 691 691 691 691 680 680
06 22 680 669 669 669 669 660 669 680 680 691 691 691 700 700 700 700 691 691 691 700 691 691 691 680
06 23 680 669 669 669 669 669 669 680 680 691 691 691 700 700 700 700 691 691 691 700 700 691 691 680
06 24 680 669 669 669 669 669 669 680 680 691 691 691 700 700 700 700 691 691 691 700 700 691 691 680
06 25 680 669 669 669 669 669 669 680 680 691 691 691 700 700 700 700 691 691 700 700 700 700 691 691
06 26 691 680 680 680 680 669 680 680 691 691 700 700 700 700 700 700 700 700 700 700 700 700 700 691
06 27 691 680 680 680 680 669 680 680 691 691 700 700 700 700 700 700 700 700 700 700 700 700 700 691
06 28 691 680 680 680 680 669 680 680 691 691 700 700 700 700 700 700 700 700 700 700 700 700 700 691
06 29 691 680 680 680 680 669 680 680 691 691 700 700 700 700 700 711 700 700 700 700 711 700 700 700
06 30 691 680 680 680 680 669 680 680 691 691 700 700 700 700 700 711 700 711 700 700 711 700 700 700
07 01 691 691 680 680 680 680 680 680 691 691 700 700 700 700 711 711 711 711 711 711 711 711 700 700
07 02 700 691 680 680 680 680 680 680 691 691 700 700 700 700 711 711 711 711 711 711 711 711 700 700
07 03 700 691 680 680 680 680 680 680 691 691 700 700 700 700 711 711 711 711 711 711 711 711 700 700
07 04 700 691 691 680 680 680 680 680 691 700 700 711 711 700 711 711 711 711 711 711 711 711 705 700
07 05 700 691 691 680 680 680 680 691 691 700 700 711 711 711 711 711 711 711 711 711 711 711 700 700
07 06 700 691 691 680 680 680 680 691 691 700 700 711 711 711 711 711 711 711 711 711 711 711 700 700
07 07 700 691 691 680 680 680 680 691 691 700 700 711 711 711 711 720 720 711 720 720 720 711 711 700
07 08 700 691 691 680 680 680 680 691 691 700 700 711 711 711 720 720 720 720 720 720 720 711 711 700
07 09 700 700 691 680 680 680 680 691 691 700 700 711 711 720 720 720 720 720 730 730 720 720 711 700
07 10 700 700 691 680 680 680 691 691 691 700 700 711 711 720 720 720 730 720 730 730 720 720 711 711
07 11 700 700 691 691 691 680 691 691 691 700 711 711 720 720 720 730 730 730 730 730 730 720 720 711
07 12 700 700 691 691 691 691 691 691 700 700 711 711 720 720 720 730 730 730 730 730 730 730 720 711
07 13 711 700 700 691 691 691 691 691 700 700 711 711 720 720 720 730 730 730 730 739 730 730 720 720
07 14 711 700 700 691 691 680 691 691 700 700 711 711 720 720 720 730 730 730 730 739 730 730 720 720
07 15 711 700 700 691 691 691 691 691 700 711 711 720 730 730 730 730 730 730 730 739 730 730 720 720
07 16 711 700 700 691 691 691 691 691 700 711 711 720 730 730 730 730 730 730 730 739 739 730 730 720
07 17 711 711 700 691 691 691 691 698 700 711 711 720 730 730 730 730 730 730 730 739 739 730 730 720
07 18 711 700 700 691 691 691 691 700 700 711 711 720 730 730 730 730 730 730 739 739 739 730 730 720
07 19 711 700 700 691 691 691 691 698 700 711 711 720 730 730 730 730 730 730 739 739 739 730 730 720
07 20 711 700 700 691 691 691 691 698 700 711 711 720 730 730 730 730 730 730 739 739 739 730 730 720
07 21 720 700 700 691 691 691 691 700 700 711 711 720 730 730 730 730 730 730 739 739 739 730 730 720
07 22 711 700 700 691 691 691 691 698 700 711 711 720 720 720 730 730 730 730 730 739 739 730 730 720
07 23 711 700 700 691 691 691 691 691 700 711 711 720 720 730 730 730 730 730 730 739 739 730 730 720
07 24 720 700 700 691 691 691 691 691 700 711 711 720 720 720 720 730 730 730 730 739 739 730 730 720
07 25 720 711 700 691 691 691 691 691 700 711 711 720 720 720 720 730 730 730 730 739 739 730 730 720
07 26 711 711 700 691 691 691 691 691 700 711 711 711 720 720 720 720 720 720 730 730 739 730 730 720
07 27 720 711 700 691 691 691 691 691 700 711 711 711 720 720 720 720 720 720 730 730 739 730 720 720
07 28 711 700 700 691 691 691 691 691 700 711 711 711 720 720 720 720 720 720 730 730 734 720 720 720
07 29 711 700 700 700 691 691 691 691 700 711 711 711 720 720 720 720 720 720 720 730 730 720 720 720
07 30 711 700 700 700 691 691 691 691 700 711 711 711 720 720 720 720 720 720 720 730 730 720 720 711
07 31 711 700 700 700 691 691 691 691 700 711 711 711 720 720 720 720 720 720 720 730 730 720 711 711
08 01 711 700 700 700 691 691 691 691 700 711 711 711 720 711 720 720 720 720 720 730 730 720 711 711
08 02 711 700 700 700 691 691 691 691 700 711 711 711 720 720 720 720 720 720 730 730 730 720 720 711
08 03 711 700 700 700 691 691 691 691 700 711 711 711 720 720 720 720 720 720 730 730 730 720 720 711
08 04 711 700 700 700 691 691 691 691 700 711 711 711 720 711 720 720 720 720 720 730 730 720 720 711
08 05 711 700 700 691 691 691 691 691 700 711 711 711 711 711 720 720 720 720 720 730 730 720 720 711
08 06 711 700 700 700 691 691 691 691 700 711 711 711 711 711 720 720 720 720 720 730 730 720 720 711
08 07 711 700 700 700 691 691 691 691 700 700 711 711 711 711 711 720 720 720 720 730 730 720 711 711
08 08 700 700 700 700 691 680 691 691 700 700 711 711 711 711 720 720 720 720 720 730 730 720 720 711
08 09 711 700 700 700 691 691 680 691 700 700 711 711 711 711 711 720 720 720 720 730 730 720 720 711
08 10 711 700 700 691 691 691 680 691 700 700 711 711 711 711 711 711 720 720 720 730 720 720 711 711
08 11 700 700 700 691 691 691 680 691 700 700 700 711 711 711 711 711 720 720 720 720 720 720 711 711
08 12 700 700 691 691 680 680 680 680 691 700 700 700 711 711 711 711 720 720 720 720 720 720 711 711
08 13 700 691 691 691 680 680 680 680 691 700 700 700 711 711 711 711 720 720 720 720 720 711 711 711
08 14 700 691 691 691 680 680 680 680 691 691 700 700 711 711 711 711 720 720 720 720 720 711 711 711
08 15 700 691 691 691 680 680 680 680 691 691 700 700 711 711 711 711 711 720 720 720 720 711 711 700
08 16 700 691 680 691 680 680 680 680 691 691 700 700 711 711 711 711 711 720 720 720 720 711 711 700
08 17 700 691 680 680 680 680 669 680 680 691 700 700 711 711 711 711 711 711 720 720 720 711 700 700
08 18 700 691 680 680 680 680 680 680 691 691 700 700 711 711 711 711 711 711 720 720 720 711 711 700
08 19 700 691 680 680 680 680 680 680 691 691 700 700 711 711 711 711 711 720 720 720 720 711 711 700
08 20 700 691 680 680 680 680 680 680 680 691 700 700 711 711 711 711 711 720 720 720 720 711 711 700
08 21 700 691 680 680 680 680 669 680 680 691 700 700 711 711 711 711 711 720 720 720 720 711 711 700
08 22 700 691 680 680 680 669 669 680 680 691 700 700 711 711 711 711 711 720 720 720 720 711 711 700
08 23 700 691 680 680 680 669 669 680 680 691 700 700 700 711 711 711 711 711 720 720 720 711 700 700
08 24 691 680 680 680 680 669 669 680 680 691 700 700 700 700 711 711 711 711 711 720 711 711 700 700
08 25 691 680 680 680 680 669 669 680 680 691 691 700 700 700 700 711 711 711 711 720 711 700 700 691
08 26 691 680 680 680 669 669 669 669 680 691 691 700 700 700 700 700 711 711 711 720 711 700 700 691
08 27 691 680 680 680 669 669 669 669 680 691 691 691 700 700 700 700 700 700 711 711 700 700 700 691
08 28 691 680 680 669 669 669 669 669 680 691 691 691 700 700 700 700 700 700 711 711 700 700 700 691
08 29 691 680 669 669 669 669 669 669 680 691 691 691 691 691 700 700 700 700 700 711 700 700 691 691
08 30 691 680 669 669 660 660 662 669 680 691 691 691 691 691 700 700 691 691 700 700 700 700 691 691
08 31 680 669 669 660 660 660 660 669 669 680 691 691 691 691 691 691 691 691 700 700 700 691 691 680
09 01 680 669 669 660 660 660 660 669 669 680 691 691 691 691 691 691 691 691 700 700 691 691 691 680
09 02 680 669 669 660 660 660 649 660 669 680 680 680 680 691 691 680 691 691 691 691 691 680 680 680
09 03 680 669 660 660 660 649 649 660 669 680 680 680 680 680 680 680 680 680 691 691 680 680 669 669
09 04 669 660 660 649 649 649 649 660 669 669 669 669 680 680 669 680 669 680 680 680 680 669 669 669
09 05 660 660 660 649 649 649 640 649 660 669 669 669 669 669 669 669 669 669 680 680 669 669 669 660
09 06 660 660 649 649 649 640 640 649 660 660 669 669 669 669 669 669 669 669 669 669 669 669 660 660
09 07 660 649 649 640 640 640 640 640 649 660 660 660 660 660 660 660 660 660 669 669 669 660 660 660
09 08 660 649 640 640 640 640 640 640 649 660 660 660 660 660 660 660 660 660 669 669 669 660 660 660
09 09 649 649 640 640 640 640 640 640 649 660 660 660 660 660 660 660 660 660 660 669 660 660 660 649
09 10 649 649 640 640 640 630 630 640 649 660 660 660 660 660 660 660 649 649 660 660 660 660 660 649
09 11 649 640 640 640 630 630 630 640 640 649 649 660 660 660 660 649 649 649 660 660 660 660 649 649
09 12 649 640 640 630 630 630 630 630 640 649 649 660 649 649 649 649 649 649 649 649 649 649 649 640
09 13 640 640 630 630 621 630 621 630 640 649 649 649 649 649 649 640 640 640 640 649 649 640 640 640
09 14 640 630 630 621 621 621 621 630 640 640 649 649 640 640 640 640 640 640 640 640 640 640 630 630
09 15 630 621 621 621 621 621 621 621 630 640 640 640 640 640 640 640 630 630 640 640 630 630 630 630
09 16 630 621 621 610 610 610 610 610 621 640 640 640 630 630 630 640 630 630 630 630 630 630 630 621
09 17 621 621 621 610 610 610 610 610 621 640 640 640 630 630 630 640 630 630 630 630 630 630 630 621
09 18 621 621 621 610 610 610 621 610 621 630 630 640 630 630 630 630 630 630 630 630 630 630 630 621
09 19 621 621 610 610 610 610 621 610 621 621 630 640 630 630 630 630 630 630 621 621 621 621 621 621
09 20 610 610 610 610 610 610 610 610 621 621 630 630 630 630 630 621 621 621 621 621 621 621 610 610
09 21 601 601 601 601 601 601 610 601 610 621 621 630 630 630 630 621 621 621 621 621 621 621 610 601
09 22 601 601 601 601 601 601 601 601 601 610 621 630 621 621 621 610 610 621 621 610 610 610 601 590
09 23 590 590 590 590 590 590 590 590 590 601 621 621 621 621 621 610 601 610 610 601 601 601 590 590
09 24 590 579 590 590 590 579 579 579 590 601 610 621 621 621 610 610 601 601 610 590 590 579 590 579
09 25 590 579 579 579 579 579 579 579 590 601 601 610 610 610 610 601 590 590 590 579 579 579 579 579
09 26 579 570 570 570 570 579 570 570 579 590 601 601 601 601 590 590 579 579 579 579 570 570 570 570
09 27 570 570 570 570 559 570 570 559 570 579 590 590 590 590 590 579 579 579 579 570 570 570 570 570
09 28 570 570 570 570 570 570 570 559 570 579 579 590 579 579 579 579 579 579 579 570 570 570 570 559
09 29 570 570 559 559 559 570 559 559 570 579 579 590 590 579 579 579 570 570 579 570 570 570 570 559
09 30 570 559 559 559 559 559 559 559 570 570 579 579 579 579 579 579 570 570 570 570 570 570 570 559
10 01 570 570 559 559 559 559 559 559 570 570 579 579 570 579 570 579 570 570 570 570 570 570 559 559
10 02 559 559 550 550 559 559 559 550 559 570 570 579 570 570 570 570 570 570 570 570 559 559 559 559
10 03 559 550 550 550 550 550 540 550 550 570 570 570 570 570 570 559 570 559 559 559 559 559 559 559
10 04 550 550 550 540 550 540 540 540 550 559 570 570 570 570 570 559 570 559 559 559 559 559 550 559
10 05 550 550 550 540 550 540 540 540 550 559 570 570 570 570 570 570 570 570 570 570 559 559 559 559
10 06 550 550 540 540 540 540 540 540 550 559 559 559 559 559 559 559 559 559 559 559 559 550 550 550
10 07 550 540 540 540 540 540 540 540 540 550 550 559 559 559 559 550 550 559 550 550 550 550 540 540
10 08 550 540 540 540 531 531 540 531 540 550 550 559 559 559 550 550 550 559 550 550 550 550 550 550
10 09 550 540 540 540 540 540 540 540 540 550 550 559 550 559 550 550 550 559 550 550 550 550 550 550
10 10 550 540 540 540 531 531 531 531 540 550 550 550 550 540 550 550 550 550 550 550 550 550 540 540
10 11 550 540 540 540 531 531 531 520 531 540 540 550 540 540 550 540 540 550 550 540 540 540 540 540
10 12 540 540 540 540 531 531 531 520 531 540 540 550 540 531 540 540 540 540 531 531 540 531 531 531
10 13 531 531 531 531 531 520 520 511 520 520 531 540 531 531 531 520 520 531 531 520 531 531 531 520
10 14 520 520 520 511 511 511 511 500 511 511 520 531 531 520 520 520 520 520 520 520 520 531 520 520
10 15 520 520 511 511 500 511 500 500 511 511 520 531 520 520 520 520 520 520 511 520 520 520 520 511
10 16 511 511 500 511 500 500 500 500 500 511 511 520 520 520 520 520 511 511 511 520 520 520 511 511
10 17 511 500 500 500 489 489 489 489 500 511 511 520 520 511 520 511 511 511 511 511 520 511 511 511
10 18 511 500 489 500 489 489 489 489 500 511 511 511 511 511 511 511 511 511 511 511 511 511 500 511
10 19 500 500 489 489 489 489 489 489 500 500 500 511 511 511 511 500 500 500 500 500 500 511 500 500
10 20 489 489 480 480 480 480 480 480 489 489 500 511 511 500 500 500 500 500 500 500 500 500 489 500
10 21 489 489 480 480 480 480 480 480 489 489 500 500 511 511 511 500 500 500 500 500 500 500 500 500
10 22 489 489 480 480 480 489 480 489 489 500 500 500 511 511 511 500 500 500 489 489 489 500 500 500
10 23 489 480 480 480 480 480 480 480 489 489 500 500 500 500 500 500 500 489 489 489 489 489 489 489
10 24 489 480 480 480 480 480 480 480 480 489 500 500 500 500 489 489 489 489 489 489 489 489 489 489
10 25 480 480 480 480 480 480 480 480 480 489 489 500 500 500 489 500 489 489 489 489 489 489 489 480
10 26 480 480 480 480 480 480 480 480 480 480 489 500 500 500 500 500 500 500 489 489 489 489 489 489
10 27 489 480 480 480 480 480 480 480 480 489 500 500 500 500 500 500 500 500 489 489 489 489 489 489
10 28 480 480 480 480 480 480 480 480 480 489 500 500 500 500 500 500 500 500 489 489 489 489 489 480
10 29 480 469 469 480 480 480 480 480 480 480 489 500 500 500 500 500 500 489 489 489 480 480 480 469
10 30 480 460 469 469 469 480 469 469 469 480 480 480 489 489 489 480 480 480 480 480 469 469 469 460
10 31 469 460 460 469 460 469 469 469 469 469 480 480 489 489 480 480 480 469 480 469 460 460 460 460
11 01 460 460 460 460 460 460 460 460 460 469 480 480 480 480 480 480 480 469 469 469 460 450 450 450
11 02 450 450 450 460 450 460 460 450 460 460 469 469 460 469 460 469 460 460 460 460 450 450 450 450
11 03 441 450 450 450 441 441 441 430 430 450 460 460 460 460 460 460 460 460 460 450 450 450 441 441
11 04 441 441 441 441 430 430 430 421 430 441 450 460 450 460 450 450 450 460 450 450 441 441 441 430
11 05 421 430 430 430 430 421 421 410 410 430 450 460 450 450 450 450 450 450 450 450 441 441 441 430
11 06 421 421 410 421 410 421 410 410 410 421 441 441 441 441 441 441 441 450 441 450 441 430 430 421
11 07 421 421 410 421 410 421 410 410 410 421 430 441 430 441 441 441 441 441 441 441 430 430 430 421
11 08 421 421 410 421 410 421 410 399 410 421 430 430 430 430 430 430 441 430 430 430 430 421 430 421
11 09 421 410 410 410 410 410 399 399 399 410 421 430 421 430 421 421 430 421 421 421 421 421 410 410
11 10 399 399 390 390 399 390 390 399 399 410 421 430 421 430 421 421 421 421 410 410 421 421 410 410
11 11 399 390 390 390 399 390 390 399 399 410 421 421 421 421 421 421 421 421 410 410 421 410 399 399
11 12 399 390 390 390 390 390 390 390 390 410 410 421 421 421 421 421 421 421 410 410 410 410 399 399
11 13 390 390 390 379 390 379 390 379 390 399 410 410 421 410 410 410 410 410 399 399 410 399 390 399
11 14 390 379 379 379 379 379 379 379 379 399 410 410 421 410 410 410 410 410 399 399 399 390 390 390
11 15 390 379 379 379 370 379 370 379 379 390 390 390 399 399 399 399 399 399 399 390 399 390 390 390
11 16 379 379 370 379 370 379 370 379 379 390 390 390 399 399 399 399 399 399 399 390 390 390 390 390
11 17 379 379 370 370 370 370 370 370 370 370 379 379 399 399 399 390 399 399 390 390 379 379 379 379
11 18 370 370 370 370 370 370 370 360 360 370 379 379 399 399 399 390 399 390 390 390 379 379 379 370
11 19 370 370 370 370 360 360 351 360 360 360 370 379 390 390 390 390 399 390 390 390 379 379 370 370
11 20 370 370 360 360 360 351 351 351 351 360 370 370 379 379 379 379 390 390 379 379 379 370 370 370
11 21 370 370 351 360 351 351 351 351 340 351 360 370 379 379 370 370 379 379 370 370 370 360 360 360
11 22 360 360 351 351 351 340 340 331 340 351 360 370 370 370 370 370 370 379 370 360 360 360 351 351
11 23 351 351 351 351 340 340 331 331 331 340 351 351 360 360 360 370 370 370 370 360 360 360 351 351
11 24 351 351 351 351 340 340 331 331 331 340 351 351 351 360 360 370 370 370 360 360 360 360 351 351
11 25 351 351 351 351 340 331 331 331 331 340 351 351 351 360 360 370 370 370 360 360 360 351 351 351
11 26 351 340 340 340 340 331 331 331 320 331 340 351 351 351 351 360 360 351 351 351 351 351 340 340
11 27 340 340 331 331 331 320 320 320 320 331 340 340 351 351 351 351 360 351 351 340 351 351 340 340
11 28 340 331 331 331 320 320 320 320 320 331 331 340 351 351 351 351 351 351 351 340 340 340 340 340
11 29 340 331 331 331 320 320 320 320 320 331 331 340 340 340 340 351 340 351 340 340 340 340 340 331
11 30 331 331 331 320 320 320 320 320 320 320 331 331 340 340 340 340 340 340 340 340 331 331 331 331
12 01 331 320 320 320 320 320 309 309 309 320 331 331 340 340 340 340 340 340 340 331 331 320 320 320
12 02 331 320 320 309 320 309 309 309 309 320 320 331 331 340 340 331 331 340 331 331 331 320 320 320
12 03 320 320 309 309 309 309 309 309 309 320 320 320 331 331 340 331 331 331 331 320 320 320 320 320
12 04 320 309 309 309 309 300 300 300 300 309 320 320 331 331 331 331 331 331 320 320 320 309 309 309
12 05 309 309 309 300 300 300 300 300 300 309 309 320 320 331 331 331 331 331 320 320 320 309 309 309
12 06 309 309 309 309 300 300 300 300 300 309 309 320 320 331 331 331 331 331 320 320 320 309 309 309
12 07 309 309 300 300 300 300 300 300 300 309 309 320 320 331 331 331 331 331 320 320 320 309 309 309
12 08 309 309 300 300 289 300 289 300 300 300 309 320 320 331 331 331 331 331 320 320 320 309 309 309
12 09 309 300 300 289 289 289 289 289 289 300 309 320 320 331 331 331 331 320 320 320 309 309 309 309
12 10 309 300 300 289 289 289 289 289 280 289 300 309 320 320 320 320 320 320 320 309 309 309 300 300
12 11 300 300 289 280 289 280 280 280 280 289 300 309 309 320 320 320 320 320 320 309 309 300 300 300
12 12 300 300 289 280 280 280 280 280 280 289 300 309 309 309 320 320 320 320 309 309 309 300 300 300
12 13 300 300 289 280 280 280 280 280 280 289 300 300 309 309 309 320 320 320 309 309 309 300 300 300
12 14 300 300 289 280 280 280 280 280 280 289 300 300 309 309 320 320 320 320 309 309 300 300 300 300
12 15 300 300 289 280 289 280 280 280 280 289 300 300 309 309 320 320 320 320 309 309 300 300 300 300
12 16 300 300 289 280 280 280 280 280 280 289 300 300 309 309 320 320 320 320 309 309 309 300 300 300
12 17 300 300 289 280 280 280 280 280 280 289 300 300 309 309 320 320 320 309 309 309 300 300 300 300
12 18 300 300 289 280 280 280 280 280 280 289 300 300 309 309 320 320 320 309 309 309 300 300 300 300
12 19 300 300 289 280 280 280 280 280 280 289 300 300 309 309 320 320 320 320 309 309 300 300 300 300
12 20 300 289 289 280 280 280 280 280 280 289 300 300 309 309 320 320 320 320 309 309 300 300 300 300
12 21 300 289 289 280 280 280 280 280 280 280 300 300 309 309 320 320 320 309 309 309 300 300 300 300
12 22 300 289 289 280 280 280 280 280 280 280 289 300 309 309 320 320 320 320 309 309 300 309 300 300
12 23 300 300 289 280 280 280 280 280 280 280 300 300 309 309 320 320 320 320 309 309 300 300 300 300
12 24 289 289 289 280 280 280 280 280 280 280 289 300 309 309 309 320 320 309 309 309 300 300 300 300
12 25 289 289 289 280 280 280 280 280 280 280 289 300 309 309 309 320 320 309 309 309 300 300 300 300
12 26 289 289 289 280 280 280 280 280 280 280 300 300 309 309 320 320 320 309 309 309 300 300 300 300
12 27 289 289 289 280 280 280 280 280 280 280 300 300 309 309 320 320 320 309 309 309 300 300 300 300
12 28 289 289 289 280 289 280 280 280 280 280 300 309 309 309 320 320 320 320 309 309 309 309 300 300
12 29 300 289 289 289 289 280 280 280 289 289 300 309 309 309 320 320 320 320 309 309 309 300 300 300
12 30 289 289 289 289 289 280 280 280 280 289 300 309 309 309 309 309 320 309 309 309 300 300 300 300
12 31 289 289 289 289 289 280 280 280 280 289 300 309 309 309 309 309 320 309 309 309 300 300 300 300
