01 01 441 446 446 446 446 446 446 444 446 446 448 450 459 460 460 460 459 450 446 448 446 446 441 446
01 02 441 446 446 446 446 441 446 444 446 446 450 457 459 460 464 464 459 450 446 448 450 446 442 446
01 03 441 446 446 446 446 441 442 441 446 446 450 453 459 460 464 464 460 450 446 450 450 448 446 446
01 04 446 446 446 446 446 441 442 446 446 446 450 457 459 460 464 464 460 453 450 450 450 450 450 450
01 05 450 450 446 446 446 446 446 446 446 446 450 459 460 464 464 464 460 459 450 450 450 450 450 450
01 06 450 450 446 446 446 446 442 444 446 446 450 459 460 464 464 464 464 459 450 450 450 450 450 450
01 07 450 450 446 446 446 446 446 446 446 446 450 459 464 464 464 464 464 459 450 450 450 450 450 450
01 08 448 446 446 446 446 446 441 441 444 446 450 459 464 464 464 464 464 460 451 450 450 450 446 450
01 09 446 446 446 446 446 446 441 441 441 446 450 459 460 464 464 464 464 459 450 450 450 448 446 450
01 10 446 446 446 441 444 441 441 439 439 441 450 450 460 464 464 464 464 460 450 450 450 446 444 446
01 11 446 446 446 441 444 441 441 441 439 442 450 450 460 464 464 464 464 460 450 450 450 446 446 446
01 12 446 446 442 439 441 439 441 439 437 441 450 450 459 462 464 464 464 460 450 450 446 446 444 446
01 13 446 446 441 439 441 437 439 430 430 439 448 450 450 460 464 464 464 459 450 450 446 446 444 446
01 14 446 446 441 439 441 437 439 430 430 430 446 446 450 460 460 460 464 459 446 450 446 441 441 441
01 15 441 441 439 432 430 430 430 430 430 430 446 446 450 460 460 460 464 459 446 450 446 441 441 441
01 16 441 444 441 437 441 437 439 430 430 439 450 450 450 460 464 464 464 460 450 450 446 441 446 441
01 17 446 442 441 437 441 439 439 430 430 439 450 450 450 460 464 464 464 460 450 450 446 446 446 441
01 18 446 442 441 439 441 439 439 430 430 430 450 450 450 464 464 464 464 460 450 450 446 446 446 441
01 19 441 441 441 437 441 439 439 430 430 430 446 450 450 460 464 464 464 460 450 450 446 441 444 441
01 20 441 441 441 430 430 430 430 430 430 430 446 446 450 460 460 464 464 460 446 450 446 441 441 430
01 21 430 439 430 430 428 430 430 430 430 430 446 446 450 460 460 464 460 464 446 450 446 441 439 430
01 22 430 430 430 428 428 430 430 430 430 430 446 446 450 460 460 464 464 464 450 450 446 446 441 441
01 23 441 441 441 430 441 441 430 441 430 432 446 450 450 460 460 464 464 464 459 450 448 446 446 441
01 24 441 441 441 430 441 441 441 441 432 441 450 450 460 464 464 464 464 464 462 460 450 446 446 446
01 25 446 446 446 441 441 446 446 446 446 446 450 450 460 464 464 464 464 464 460 459 450 446 446 446
01 26 446 446 446 441 441 446 446 441 430 441 446 450 460 460 464 464 464 464 459 450 450 446 446 446
01 27 441 441 441 441 441 446 441 441 430 441 446 450 460 460 464 464 460 464 459 450 450 450 446 446
01 28 446 441 446 441 441 446 446 446 430 446 446 450 460 460 464 464 464 464 460 459 450 450 450 446
01 29 446 441 446 441 441 441 441 441 430 441 448 450 460 460 464 464 460 464 460 457 450 450 446 446
01 30 441 441 441 441 439 441 441 441 430 439 446 450 460 460 464 464 460 464 460 457 450 450 446 446
01 31 441 441 441 439 432 439 435 432 428 432 446 450 459 460 460 460 460 464 459 453 450 450 446 446
02 01 441 441 441 441 439 439 430 432 428 439 446 448 450 460 460 460 460 464 459 453 450 450 446 446
02 02 441 441 441 439 432 437 430 432 430 439 446 450 457 460 460 460 460 460 459 453 450 450 446 446
02 03 441 441 441 441 439 439 430 435 430 441 446 450 457 460 460 460 460 460 459 451 450 450 450 446
02 04 441 441 441 441 432 437 430 432 430 441 446 450 450 460 460 460 460 460 459 453 450 450 450 446
02 05 442 441 441 441 439 439 435 435 430 441 446 450 450 459 460 460 460 460 460 450 450 450 446 446
02 06 441 441 441 441 432 437 430 430 430 439 446 450 450 457 460 460 460 455 459 450 450 450 446 441
02 07 441 441 441 441 430 430 430 430 430 435 446 450 450 455 460 460 459 450 457 450 450 450 446 441
02 08 441 439 441 441 430 430 430 430 430 435 446 450 450 455 460 460 460 455 457 450 450 450 446 441
02 09 441 439 439 435 430 430 430 430 430 439 446 450 450 457 460 460 460 459 459 450 450 450 446 441
02 10 441 439 439 439 430 430 430 430 430 441 450 450 453 457 460 460 460 455 457 450 450 450 446 442
02 11 441 439 439 439 430 430 430 433 430 441 450 450 450 459 460 460 460 451 450 450 450 450 446 441
02 12 441 439 439 439 430 430 430 432 430 441 450 450 450 459 460 460 460 450 450 450 450 448 446 444
02 13 441 441 439 441 432 430 430 433 430 441 450 450 450 460 460 460 460 450 450 450 450 450 446 444
02 14 441 441 439 441 432 430 430 435 432 441 450 450 450 460 460 460 460 450 450 450 450 450 446 446
02 15 442 441 441 441 439 439 430 435 432 441 450 457 453 460 460 460 460 450 460 450 450 450 446 446
02 16 441 441 439 441 430 435 430 433 430 441 450 453 453 460 460 460 460 450 459 450 450 450 450 446
02 17 446 441 441 441 439 439 437 439 441 446 450 459 450 460 460 460 460 459 460 450 450 450 450 446
02 18 446 441 441 441 441 441 439 441 441 446 450 457 450 460 460 460 460 459 460 450 450 450 450 446
02 19 446 441 441 441 439 441 430 441 441 446 450 459 453 460 462 464 460 459 459 450 450 450 446 446
02 20 441 441 441 441 439 439 430 433 441 446 450 460 460 464 464 464 462 460 460 459 450 450 450 446
02 21 446 441 441 441 439 439 430 439 441 446 450 460 460 464 464 464 460 459 459 459 450 450 450 446
02 22 446 441 441 441 439 439 430 439 441 446 450 460 460 464 464 464 462 460 459 459 450 450 450 446
02 23 446 441 441 441 439 439 430 441 441 446 450 455 464 464 460 464 462 460 459 459 450 450 450 446
02 24 446 441 441 441 439 439 430 441 441 446 451 460 464 464 464 464 464 460 460 460 450 450 450 448
02 25 446 441 441 441 441 439 430 430 441 446 451 460 464 469 468 464 464 460 460 460 459 450 450 448
02 26 446 446 441 441 441 441 439 441 441 446 459 460 469 469 469 464 469 460 464 460 460 450 450 448
02 27 446 446 441 441 441 441 432 430 441 446 459 460 469 469 469 464 469 460 464 460 460 460 450 450
02 28 448 446 442 446 446 442 441 441 446 450 460 460 469 469 469 464 469 460 464 460 460 460 450 450
03 01 450 446 446 446 446 442 441 441 446 459 460 460 469 469 469 469 469 466 464 464 460 460 450 450
03 02 450 446 446 446 446 446 446 446 450 460 464 464 469 469 469 469 469 469 466 464 460 460 450 450
03 03 450 450 450 450 450 450 450 450 450 460 464 469 478 478 469 469 473 469 469 469 464 464 459 459
03 04 450 450 450 450 450 450 450 450 455 460 464 469 478 478 469 469 478 478 469 469 464 464 459 459
03 05 450 450 450 450 450 450 450 450 455 460 464 469 478 480 477 469 480 478 469 469 464 464 460 460
03 06 450 450 450 450 450 450 450 450 457 460 464 469 478 480 469 469 480 480 469 469 464 464 460 460
03 07 450 450 450 450 450 450 450 450 457 460 464 469 469 480 469 469 480 480 469 469 464 464 460 460
03 08 450 450 450 450 450 450 450 450 455 460 464 469 469 469 469 469 480 480 469 469 464 464 460 459
03 09 450 450 450 450 450 446 450 450 450 460 464 464 469 469 469 469 480 480 469 464 464 464 460 451
03 10 450 450 450 450 448 446 450 450 450 460 464 464 469 469 469 469 478 478 469 469 464 464 460 459
03 11 450 450 450 450 450 446 450 450 457 460 464 469 469 469 469 469 480 480 469 469 464 464 460 459
03 12 450 450 450 450 450 448 450 450 459 460 464 469 469 478 469 469 478 478 469 469 464 464 460 459
03 13 450 450 450 450 448 446 450 450 459 460 464 469 469 469 469 469 478 478 469 464 464 464 460 459
03 14 450 450 450 450 446 448 450 450 459 460 464 469 469 469 469 469 478 478 469 464 464 464 460 459
03 15 450 450 450 446 446 446 450 450 457 460 464 469 469 469 469 469 473 478 469 469 464 464 460 459
03 16 450 450 450 446 446 446 450 448 457 460 464 469 469 469 469 469 469 473 469 464 464 464 460 450
03 17 450 450 446 446 446 446 446 446 450 459 460 464 464 469 464 464 468 469 464 464 464 464 460 450
03 18 450 450 446 446 446 446 441 446 446 450 459 460 460 464 464 464 464 469 464 460 460 460 450 446
03 19 446 446 446 446 441 441 441 441 446 450 450 460 460 460 464 460 460 464 460 460 460 450 450 446
03 20 446 446 446 441 441 441 441 441 446 450 450 460 460 460 464 460 460 460 460 459 459 450 446 446
03 21 446 446 441 441 441 441 441 441 446 450 450 453 457 460 460 460 460 459 459 450 450 450 446 441
03 22 446 441 441 441 441 441 432 441 444 450 450 450 450 450 460 460 460 450 459 450 450 450 446 441
03 23 446 441 441 441 441 441 430 437 446 450 450 450 450 453 459 460 459 450 450 450 450 450 446 446
03 24 446 441 441 441 441 441 441 441 446 450 450 450 455 459 460 460 459 450 459 450 450 450 450 446
03 25 446 446 446 441 441 441 441 441 446 450 450 459 459 460 460 460 460 450 450 455 451 450 446 446
03 26 446 446 441 441 441 441 439 441 446 450 450 459 455 460 460 460 457 450 450 450 450 450 446 446
03 27 446 446 441 441 441 441 437 441 446 450 450 450 450 450 460 460 450 450 450 450 450 450 446 446
03 28 446 441 441 441 439 439 430 441 446 450 450 450 446 450 453 450 450 450 450 450 446 450 446 446
03 29 446 441 441 441 439 439 430 441 442 450 446 450 450 450 450 450 450 450 450 450 450 450 446 446
03 30 446 442 441 441 441 441 432 441 441 450 450 450 450 450 457 450 450 450 450 450 450 450 446 446
03 31 446 446 441 441 441 441 432 441 442 450 450 450 450 450 460 450 450 450 450 450 450 450 450 446
04 01 446 446 446 446 441 441 439 441 446 450 450 450 450 450 460 459 450 450 450 450 450 450 450 446
04 02 446 446 446 441 441 441 430 441 441 450 450 450 450 450 459 459 450 450 450 450 450 450 446 446
04 03 446 446 446 441 441 441 430 441 441 450 450 450 457 450 459 459 450 450 450 450 455 450 450 446
04 04 446 446 446 446 441 441 439 441 446 450 450 450 457 459 459 460 451 450 450 450 459 450 450 450
04 05 446 446 446 446 446 446 441 446 450 450 450 460 460 460 460 460 460 460 460 459 460 460 459 450
04 06 450 450 450 450 450 446 446 446 450 450 459 460 460 464 460 464 464 460 460 460 464 460 460 459
04 07 450 450 459 455 450 446 446 450 459 460 460 464 464 464 464 469 464 460 464 460 464 464 460 459
04 08 459 450 460 459 450 450 450 459 459 464 464 464 464 464 464 469 464 464 469 469 469 466 464 460
04 09 460 460 460 460 459 450 450 460 460 464 464 469 464 469 464 469 469 469 469 469 469 469 464 460
04 10 464 460 460 460 460 450 450 460 460 464 464 469 464 469 464 469 469 469 475 469 469 469 464 460
04 11 464 460 460 460 459 450 450 460 464 464 469 469 469 473 464 469 469 469 478 469 469 469 469 464
04 12 464 464 464 460 460 457 453 460 464 469 475 469 480 478 469 471 469 469 480 469 471 469 469 464
04 13 464 464 464 464 460 459 459 464 469 471 478 477 482 480 478 477 478 478 480 469 471 469 469 466
04 14 469 464 464 464 460 459 460 464 469 475 478 477 482 480 475 478 480 478 480 478 478 469 469 466
04 15 469 464 464 464 460 459 459 464 469 478 480 477 482 482 480 480 480 478 480 478 478 471 469 468
04 16 469 464 460 460 460 459 459 464 469 478 480 478 482 482 480 480 480 480 482 478 478 478 469 469
04 17 469 464 464 464 460 460 460 464 469 478 480 478 482 482 482 480 482 480 482 478 478 478 469 469
04 18 469 464 464 464 464 460 460 464 477 478 480 478 482 482 482 480 482 480 482 480 480 482 475 469
04 19 469 464 464 464 464 460 460 469 477 480 480 480 482 482 482 480 482 480 482 480 480 482 480 471
04 20 469 464 464 464 464 460 460 469 478 480 480 482 482 489 489 482 489 482 482 482 482 482 482 480
04 21 478 469 464 464 464 464 464 469 478 482 482 482 489 489 489 482 489 489 482 482 482 482 482 480
04 22 478 469 464 469 464 464 464 469 480 482 482 482 489 493 489 489 489 489 489 489 482 482 482 480
04 23 480 469 464 464 464 464 464 471 480 482 482 482 482 489 489 489 489 489 482 489 480 482 480 478
04 24 475 464 464 464 464 464 464 469 478 482 482 482 482 489 489 489 489 489 489 489 482 482 480 480
04 25 480 469 464 469 469 469 469 480 482 482 487 482 482 489 489 489 489 500 489 489 482 482 482 482
04 26 480 469 464 469 469 469 469 480 482 482 489 489 489 493 489 489 489 500 489 489 482 489 484 482
04 27 480 469 469 469 469 469 469 482 482 489 489 489 489 500 489 489 489 500 489 489 489 489 489 482
04 28 482 478 480 469 469 469 478 482 489 500 500 500 500 500 495 500 500 500 489 489 489 489 489 489
04 29 482 482 482 480 478 478 480 482 500 500 500 500 500 500 500 500 500 500 500 500 489 500 489 489
04 30 482 482 482 480 480 480 482 489 500 500 500 500 509 500 500 500 500 500 500 500 500 500 500 489
05 01 482 482 482 480 480 480 482 489 500 500 500 500 509 500 500 500 500 500 500 500 500 500 500 489
05 02 486 487 482 482 482 480 482 489 500 500 500 500 511 500 500 500 500 500 500 500 500 500 500 489
05 03 489 489 487 482 482 480 482 489 500 500 500 500 511 500 500 500 500 509 500 500 500 500 500 489
05 04 489 489 482 482 482 480 482 498 500 500 500 509 511 509 500 500 500 511 504 500 500 500 500 500
05 05 489 489 489 482 482 480 489 500 500 500 500 500 511 500 500 500 500 511 500 500 500 500 500 489
05 06 489 489 489 482 482 480 482 500 500 500 500 500 511 500 500 500 500 509 500 500 500 500 500 500
05 07 498 489 489 489 482 482 489 500 500 500 500 500 511 509 500 500 500 500 500 500 500 500 500 500
05 08 500 489 489 489 482 482 489 500 500 500 500 509 511 511 509 500 500 511 500 500 500 500 500 500
05 09 500 500 495 489 486 482 500 500 500 500 509 509 511 518 518 509 500 511 509 500 500 500 500 500
05 10 500 500 489 489 486 482 493 500 500 500 509 511 518 518 518 511 507 511 509 500 507 500 500 500
05 11 500 500 500 489 489 489 500 500 500 509 509 511 518 518 518 518 518 518 511 500 509 509 500 500
05 12 500 500 500 489 489 489 500 500 500 500 509 511 518 518 520 518 518 518 511 505 509 509 500 500
05 13 500 500 500 489 489 489 500 500 500 500 509 509 518 518 518 518 518 518 511 500 509 509 500 500
05 14 500 500 500 500 489 489 500 500 500 500 509 509 518 518 518 518 518 518 511 507 509 509 500 500
05 15 500 500 500 500 500 489 500 500 500 500 509 509 518 518 518 518 518 518 511 507 509 509 500 500
05 16 500 500 500 500 500 489 500 500 500 500 509 511 518 518 518 518 518 518 514 507 511 509 500 500
05 17 500 500 500 500 500 493 500 500 500 509 511 514 518 518 518 518 518 518 518 509 511 511 507 500
05 18 500 500 500 500 500 500 500 505 509 511 511 518 518 520 520 520 518 518 518 511 518 513 511 511
05 19 509 500 500 500 500 500 500 511 509 511 518 518 520 520 520 520 520 518 518 518 518 518 511 511
05 20 509 500 500 500 500 500 500 511 511 516 518 520 520 520 531 529 529 520 518 518 518 518 518 518
05 21 511 509 509 500 500 500 505 514 511 518 520 522 529 531 536 536 531 520 520 520 518 518 518 518
05 22 511 511 511 500 500 500 511 518 518 518 520 529 529 527 536 536 531 527 520 520 518 520 518 518
05 23 514 511 511 500 500 500 511 518 518 518 520 529 529 531 536 536 531 527 520 520 520 520 518 518
05 24 518 518 513 509 505 500 511 518 518 520 520 531 531 531 536 536 536 531 525 523 520 520 520 520
05 25 518 518 518 511 511 509 516 518 520 520 520 531 531 536 540 536 536 531 520 523 520 520 520 520
05 26 518 518 518 518 511 509 518 518 520 520 520 531 531 536 540 536 536 531 522 529 520 523 520 520
05 27 520 518 518 518 511 511 518 518 520 522 536 536 536 536 540 536 536 531 531 529 520 523 520 520
05 28 520 520 518 518 511 511 518 520 525 531 536 540 536 540 540 536 536 536 536 529 529 531 520 520
05 29 520 520 518 518 518 511 520 520 531 536 536 540 540 540 540 540 540 536 536 531 531 531 520 520
05 30 520 520 520 520 518 516 520 529 536 536 538 540 540 540 540 541 540 536 540 531 531 531 529 520
05 31 529 520 520 520 518 518 520 531 536 536 540 547 540 540 540 541 540 536 540 534 532 531 520 520
06 01 520 520 518 518 518 516 520 529 536 536 540 540 540 540 540 540 540 536 540 531 532 531 520 520
06 02 520 518 518 518 518 516 520 529 536 536 538 540 540 540 540 540 540 536 540 536 531 531 520 518
06 03 520 518 518 518 518 511 520 520 536 536 536 540 540 540 540 540 540 536 540 536 531 531 520 520
06 04 518 518 518 518 518 511 520 520 531 536 536 540 540 540 540 540 540 536 536 536 531 531 520 518
06 05 518 518 518 518 511 511 520 520 531 536 536 536 540 540 540 540 540 536 538 536 532 531 520 518
06 06 518 518 518 518 518 511 520 520 531 536 536 536 540 540 540 540 540 536 540 536 536 531 529 518
06 07 518 518 518 518 518 516 520 529 531 536 536 536 540 540 540 547 547 540 540 536 536 536 531 520
06 08 520 518 518 518 518 518 520 529 531 536 536 536 540 540 540 547 547 538 540 536 536 531 531 520
06 09 518 518 518 518 518 518 520 529 531 536 536 536 540 540 540 541 545 540 540 536 536 536 531 520
06 10 518 518 518 518 518 518 520 529 531 536 536 536 540 540 541 547 545 540 540 540 536 536 536 520
06 11 518 518 518 518 518 518 520 529 531 536 536 536 540 540 540 540 540 536 540 540 536 536 536 520
06 12 520 518 518 518 518 518 520 531 531 536 536 536 540 541 547 541 540 536 540 540 536 536 536 520
06 13 520 518 518 518 518 518 520 520 531 531 536 536 540 541 547 540 540 536 540 540 536 536 536 531
06 14 520 518 520 518 518 518 520 531 531 536 536 536 540 549 547 540 540 536 540 540 536 536 536 532
06 15 531 520 520 518 518 518 520 532 532 536 536 540 540 550 550 541 540 540 540 540 540 536 536 532
06 16 531 520 520 518 518 518 529 536 536 536 536 540 541 550 550 547 545 540 540 540 540 536 536 536
06 17 531 520 520 520 518 518 529 536 536 540 540 540 543 550 550 550 550 550 540 540 540 536 536 536
06 18 531 520 520 520 518 520 536 536 536 540 540 549 550 550 552 550 550 550 540 540 540 536 536 536
06 19 531 520 529 520 520 520 536 536 536 540 540 549 550 552 554 550 550 550 540 540 540 540 536 536
06 20 536 531 531 520 520 520 536 536 540 540 540 550 554 554 554 559 550 550 543 547 540 540 538 536
06 21 536 531 531 531 520 531 536 540 540 540 550 554 554 554 559 559 554 554 550 550 549 549 540 536
06 22 536 536 536 536 531 532 536 540 540 549 554 554 559 559 559 559 554 554 550 550 550 550 549 540
06 23 540 536 536 536 531 536 536 540 545 550 554 554 559 559 559 565 554 559 554 554 550 550 550 540
06 24 540 540 536 536 532 536 536 540 549 550 554 554 559 559 559 570 559 559 559 554 550 550 550 540
06 25 540 540 536 536 536 536 540 540 549 554 554 554 559 565 559 570 559 559 559 556 554 554 550 540
06 26 540 540 536 536 536 536 540 540 550 554 559 554 568 568 568 570 559 559 559 556 554 554 550 545
06 27 541 540 536 536 536 536 540 540 550 554 559 554 568 568 565 570 568 561 559 559 559 554 554 549
06 28 549 540 540 536 536 536 540 549 550 554 559 559 568 568 568 572 570 568 559 559 554 554 554 549
06 29 549 540 540 540 536 540 540 550 550 554 559 559 568 568 568 572 570 570 565 559 559 554 554 549
06 30 549 540 540 540 536 540 540 550 550 554 559 559 570 568 568 572 570 570 570 559 559 559 554 549
07 01 549 540 540 540 536 540 540 550 554 554 559 559 570 568 568 572 570 570 570 559 559 559 554 550
07 02 549 540 540 540 536 540 540 550 554 554 559 559 570 568 568 572 570 570 570 559 559 559 558 550
07 03 549 540 540 540 536 540 540 552 554 559 559 559 570 570 570 572 570 570 570 568 559 559 559 554
07 04 550 540 540 540 540 540 549 554 558 559 563 559 570 570 570 572 572 572 572 568 568 559 559 554
07 05 550 540 540 540 540 540 549 554 558 559 568 563 570 570 572 572 572 572 572 570 568 559 559 554
07 06 554 549 540 540 540 540 550 554 559 559 570 568 572 570 572 572 572 572 572 570 568 559 559 554
07 07 550 547 540 540 540 540 550 554 558 559 570 568 570 570 572 572 572 572 572 570 568 559 554 554
07 08 550 547 540 540 540 540 550 554 558 559 570 568 570 570 572 572 572 572 572 570 568 559 554 554
07 09 550 540 540 540 540 540 550 554 559 559 570 568 572 570 572 572 572 572 572 570 570 559 554 554
07 10 554 549 549 540 540 540 552 554 559 567 570 570 572 572 572 572 572 572 572 570 570 559 559 554
07 11 554 550 554 549 540 549 554 559 563 568 570 572 572 572 572 572 572 572 572 572 570 563 559 559
07 12 554 554 550 549 545 549 554 559 568 570 570 572 572 572 572 572 572 579 572 572 570 568 559 559
07 13 554 554 554 550 549 550 554 559 568 570 572 572 572 572 572 572 572 579 572 572 572 568 559 559
07 14 554 554 554 550 545 549 554 559 568 570 572 572 572 574 579 572 572 579 572 572 572 568 559 559
07 15 556 554 554 550 550 550 559 559 570 570 572 572 579 579 579 579 572 579 572 572 572 570 559 559
07 16 559 554 554 554 554 554 559 567 570 572 572 579 579 579 579 579 579 579 579 579 572 570 561 559
07 17 559 554 554 554 554 554 559 570 572 572 572 579 579 579 579 579 579 583 579 579 572 572 568 568
07 18 559 559 559 554 554 554 559 570 572 572 576 579 579 579 579 579 586 583 579 579 574 572 570 570
07 19 568 559 559 554 554 554 559 572 572 572 576 579 579 586 590 579 579 581 579 579 572 572 570 570
07 20 568 559 559 554 554 554 559 572 572 574 577 579 579 579 590 579 579 581 579 579 579 572 572 572
07 21 570 559 559 554 554 554 568 572 572 576 577 579 579 590 590 583 579 590 579 579 579 572 572 572
07 22 570 561 559 559 559 554 570 572 572 579 579 579 581 590 590 590 590 590 579 579 579 577 572 572
07 23 572 568 559 559 559 554 570 572 572 579 579 579 586 590 590 590 590 590 579 579 579 576 572 572
07 24 572 568 559 559 559 554 570 572 572 579 579 579 583 590 590 590 590 590 579 585 579 579 572 572
07 25 572 570 559 559 559 559 570 572 572 579 579 579 583 590 590 590 579 590 579 579 579 577 572 572
07 26 570 568 559 559 559 554 568 572 572 579 579 579 583 586 590 590 579 586 579 579 579 579 572 572
07 27 570 568 559 559 559 554 570 572 572 579 579 579 588 590 590 590 579 581 579 579 579 579 572 572
07 28 570 568 559 559 559 554 570 572 572 579 579 579 590 590 590 590 579 579 579 579 586 579 572 572
07 29 572 570 565 559 559 559 570 572 579 579 579 590 590 590 590 590 590 585 579 586 590 579 572 572
07 30 572 570 567 559 559 559 570 572 572 579 579 590 590 590 590 590 590 590 579 590 590 579 572 572
07 31 572 570 568 559 559 559 570 572 576 579 579 590 590 590 590 590 590 590 586 590 590 579 574 572
08 01 572 572 570 565 559 559 568 572 572 579 579 590 590 590 590 590 590 590 579 590 590 579 579 572
08 02 572 572 572 570 568 561 570 572 579 579 586 590 590 590 590 590 590 590 579 590 590 579 579 572
08 03 572 572 572 570 567 561 570 572 579 579 579 590 590 590 590 590 590 590 579 588 590 579 579 572
08 04 572 572 572 570 567 561 570 572 579 579 579 590 590 590 590 590 590 585 579 579 579 579 579 572
08 05 572 572 572 570 567 561 570 572 579 579 579 590 590 590 583 590 579 579 579 579 579 579 579 572
08 06 570 570 570 568 567 559 568 572 579 579 579 590 590 590 583 590 579 579 579 579 579 579 579 572
08 07 570 570 570 568 567 559 568 572 579 579 579 590 590 590 588 590 579 579 574 579 579 579 579 572
08 08 570 570 570 568 563 559 568 570 579 579 579 586 590 590 588 590 579 579 574 579 579 579 579 572
08 09 570 570 572 570 567 561 568 572 579 579 586 590 590 590 590 590 583 579 577 581 579 579 579 572
08 10 572 572 572 570 568 568 570 572 579 579 590 590 590 590 590 590 579 579 579 590 583 579 579 572
08 11 572 572 572 570 568 568 570 572 579 579 586 590 590 590 590 590 586 581 579 590 581 579 579 574
08 12 572 572 572 570 568 567 570 572 579 579 586 590 590 590 590 590 586 581 579 590 579 579 579 572
08 13 572 572 572 570 568 568 570 572 579 579 579 586 590 590 590 590 586 579 579 586 579 579 579 579
08 14 572 572 572 570 568 568 570 572 579 579 586 588 590 590 590 590 579 579 577 579 579 579 579 574
08 15 572 572 570 570 568 567 570 572 577 579 579 585 588 590 588 590 579 579 572 579 579 579 577 572
08 16 572 570 570 570 565 561 568 570 576 576 579 583 581 590 579 581 579 579 572 577 576 574 572 570
08 17 570 568 568 568 559 559 559 570 572 574 579 579 579 586 579 579 579 579 572 579 579 579 572 570
08 18 570 568 568 568 559 559 559 570 572 572 579 579 579 579 579 579 579 579 572 577 579 572 572 570
08 19 570 563 561 565 559 558 559 570 572 572 579 579 579 579 579 579 579 579 572 577 576 572 572 570
08 20 568 561 559 559 559 558 559 570 572 572 574 579 579 579 579 579 572 577 572 576 572 572 572 570
08 21 568 559 559 559 554 554 559 568 570 572 572 572 579 579 579 579 572 577 572 577 576 572 572 570
08 22 568 561 559 559 559 559 561 570 572 572 572 579 579 579 579 579 579 579 572 579 579 572 572 570
08 23 570 561 565 568 559 568 568 570 572 572 574 579 579 579 579 579 579 579 572 577 579 572 572 570
08 24 563 559 559 559 559 567 568 570 572 572 572 579 579 579 579 579 572 579 577 577 579 572 570 568
08 25 561 559 559 559 559 559 559 567 570 572 572 572 572 576 577 572 572 572 572 572 572 572 568 563
08 26 559 559 559 559 558 558 559 567 570 572 572 572 572 576 572 572 572 572 572 572 572 572 570 563
08 27 559 559 559 559 554 558 559 567 570 572 572 572 572 572 572 572 572 572 572 572 572 570 568 559
08 28 556 554 554 554 554 554 554 559 570 572 572 572 572 570 570 572 572 570 572 572 572 570 568 559
08 29 559 556 554 554 554 554 554 559 568 572 572 572 570 570 570 570 572 570 572 572 570 570 568 559
08 30 554 554 554 554 554 554 554 559 568 570 572 572 570 570 570 572 572 570 570 572 570 570 568 559
08 31 554 556 554 554 554 554 559 559 570 572 572 572 572 570 570 572 572 570 572 572 570 570 570 559
09 01 559 559 554 554 554 559 559 559 570 572 572 572 572 570 570 572 572 570 572 572 570 570 568 559
09 02 558 556 554 554 554 559 559 559 570 570 572 572 572 570 570 572 572 570 572 572 570 570 568 559
09 03 558 558 554 554 554 559 559 559 568 570 572 572 570 570 568 572 572 570 572 572 570 570 568 559
09 04 559 559 554 554 554 559 559 559 568 570 572 570 570 570 568 572 572 570 570 570 570 568 563 559
09 05 554 554 550 554 554 554 554 559 567 570 572 570 570 568 559 570 570 565 570 568 568 559 559 559
09 06 554 554 549 549 550 550 550 559 559 568 568 568 568 568 559 568 568 563 568 568 568 559 559 554
09 07 550 552 549 549 547 549 550 554 559 563 568 568 563 559 559 559 561 559 568 563 559 559 554 554
09 08 550 550 549 540 540 549 549 554 559 559 561 565 559 559 559 559 559 559 561 563 559 559 554 554
09 09 550 550 549 543 541 549 550 554 559 559 561 568 561 559 559 559 559 559 568 568 559 559 556 554
09 10 550 550 549 549 547 549 550 554 559 559 561 568 559 559 559 559 559 563 568 568 559 559 556 554
09 11 554 550 549 549 547 550 550 554 559 559 561 561 559 559 559 559 559 559 559 559 559 559 554 554
09 12 554 550 549 549 547 550 550 554 559 559 561 561 559 559 559 559 559 559 559 559 559 556 554 550
09 13 550 547 543 543 543 549 549 552 556 559 559 559 559 559 559 559 559 559 559 559 559 554 554 550
09 14 550 547 543 545 543 549 549 550 554 559 559 559 559 559 559 559 559 559 559 559 554 554 550 545
09 15 549 540 540 540 540 545 541 550 554 559 559 559 559 559 559 559 554 559 554 554 554 552 550 540
09 16 540 540 540 536 536 540 540 545 554 559 559 558 559 558 559 558 554 559 554 554 554 550 549 540
09 17 540 540 538 536 536 540 540 549 554 559 559 558 559 558 558 558 554 559 554 554 554 552 550 540
09 18 540 540 540 536 536 540 540 550 554 558 559 558 559 558 554 556 554 559 554 554 554 554 550 540
09 19 540 540 540 540 536 540 540 549 554 556 556 558 559 554 554 556 554 558 554 554 554 550 550 540
09 20 540 540 540 540 536 540 540 550 554 558 559 558 559 559 554 556 554 558 554 554 554 550 550 540
09 21 540 540 540 540 540 540 540 550 554 554 554 558 559 559 554 554 554 554 554 554 554 550 550 540
09 22 540 540 540 540 536 540 540 549 550 554 554 556 559 559 554 554 554 554 554 554 554 550 550 540
09 23 540 540 540 540 540 540 540 550 550 554 554 558 559 559 554 554 554 554 554 554 554 550 550 540
09 24 540 540 540 540 536 540 540 549 550 554 554 554 554 554 554 554 554 554 554 550 550 550 540 540
09 25 538 536 536 536 534 536 540 540 549 554 554 554 554 554 554 554 554 554 554 550 550 549 540 536
09 26 536 536 536 531 531 536 538 540 540 554 554 554 554 554 554 554 554 554 554 550 550 549 540 536
09 27 536 536 536 531 531 536 536 540 540 550 550 554 554 554 554 554 554 554 554 550 550 549 540 536
09 28 536 536 531 531 531 536 536 536 540 550 550 554 554 554 554 554 554 554 550 550 550 550 540 536
09 29 536 536 536 531 531 536 536 536 540 550 550 554 554 554 554 554 554 554 550 550 550 549 540 536
09 30 536 536 536 531 531 536 536 536 540 550 550 554 554 554 554 554 554 554 550 549 550 549 540 536
10 01 536 536 536 531 531 536 536 536 540 550 550 550 554 554 554 554 554 550 550 549 550 543 540 538
10 02 538 536 536 531 531 536 536 536 540 549 550 550 550 550 554 550 554 550 543 540 549 540 540 536
10 03 536 536 536 531 531 532 536 536 540 540 547 549 550 550 550 550 540 545 540 540 540 540 536 536
10 04 536 536 531 531 531 531 536 536 536 540 540 540 549 549 550 545 540 540 540 540 540 536 536 531
10 05 531 532 529 520 529 531 531 532 536 536 540 540 540 540 545 540 540 540 540 540 540 536 536 531
10 06 531 531 520 520 520 527 531 531 536 536 540 540 536 540 540 540 540 540 540 540 536 536 531 531
10 07 531 531 520 520 520 520 529 531 536 536 536 540 536 540 540 540 540 540 536 536 536 536 531 529
10 08 520 520 518 520 520 520 520 523 531 531 536 536 536 540 540 540 540 536 536 536 531 531 531 529
10 09 529 520 518 520 520 520 520 520 531 531 536 536 536 536 536 536 536 536 536 536 531 531 531 529
10 10 520 520 518 520 520 520 520 520 531 531 531 536 536 536 536 536 536 536 536 531 531 531 531 529
10 11 520 518 518 520 520 518 518 520 520 525 529 531 536 536 531 531 536 536 531 529 520 520 520 520
10 12 520 518 518 518 518 518 518 520 520 525 531 531 536 536 536 531 536 536 531 531 520 520 520 520
10 13 520 518 518 518 518 518 520 520 520 529 531 536 536 536 536 531 536 536 531 531 520 520 520 520
10 14 520 518 518 518 518 520 520 520 520 525 529 531 531 531 531 529 531 531 531 520 520 518 518 518
10 15 518 518 518 518 518 518 520 518 520 520 529 531 534 532 529 529 531 531 529 520 518 518 518 518
10 16 518 518 518 518 518 518 518 518 520 520 520 531 531 532 529 527 529 531 520 520 518 518 518 518
10 17 518 511 511 518 518 518 518 518 520 520 520 529 531 531 529 529 527 529 520 518 518 518 518 518
10 18 518 509 511 509 511 511 514 513 518 520 520 529 531 531 529 529 527 529 520 518 518 518 518 518
10 19 518 511 511 509 511 511 514 511 518 520 520 531 536 536 531 529 529 529 520 520 518 518 518 518
10 20 518 511 511 505 500 511 514 511 518 520 520 531 531 532 531 529 527 525 520 518 518 518 518 511
10 21 511 509 509 500 500 511 511 511 511 518 520 520 531 529 525 520 520 518 518 518 518 518 514 511
10 22 509 505 500 500 500 504 509 509 509 518 518 520 529 520 520 520 520 518 518 516 518 511 511 509
10 23 502 500 500 500 500 500 500 500 505 518 518 520 529 520 520 520 518 518 518 518 511 511 511 507
10 24 500 500 500 500 500 500 500 500 500 511 518 520 529 520 520 520 518 518 518 511 511 511 509 500
10 25 500 500 500 498 500 500 500 500 500 511 518 520 520 520 518 520 518 518 518 511 511 511 505 500
10 26 500 500 500 500 500 500 500 500 500 509 518 520 520 520 518 520 518 518 518 511 511 504 500 500
10 27 500 500 500 496 496 500 500 500 500 500 518 518 518 518 518 518 511 518 511 509 511 502 500 500
10 28 500 500 500 489 489 491 496 500 500 500 511 518 518 518 511 518 511 511 511 509 509 500 500 500
10 29 491 500 500 489 489 489 489 493 500 500 511 518 518 518 518 518 511 511 511 505 509 500 500 500
10 30 489 491 496 489 489 489 489 493 500 500 511 518 518 518 518 518 511 511 511 507 509 500 500 500
10 31 491 500 498 489 489 489 489 491 489 500 511 518 518 518 516 518 513 511 511 505 509 500 500 500
11 01 491 500 500 489 489 489 489 489 489 500 511 516 518 511 511 516 511 511 511 500 504 500 500 500
11 02 489 496 496 489 489 489 489 487 489 500 509 511 516 511 511 511 511 511 500 500 500 500 500 500
11 03 489 489 489 489 489 489 489 482 487 500 500 511 511 511 511 511 511 511 500 500 500 500 500 500
11 04 489 489 489 489 484 489 489 482 487 500 500 511 516 514 511 511 511 511 500 500 500 500 500 500
11 05 489 500 498 489 489 489 489 482 487 500 500 511 511 511 511 511 511 511 504 500 500 500 500 500
11 06 491 500 498 489 489 489 489 482 487 500 502 511 516 514 511 516 511 511 507 500 500 500 500 500
11 07 493 500 498 491 489 489 489 482 487 500 500 511 516 511 511 518 511 511 500 500 500 500 500 500
11 08 489 500 489 489 489 482 487 482 482 491 500 509 511 511 511 518 511 511 500 500 500 500 500 500
11 09 489 491 489 489 482 482 482 482 482 489 500 500 509 511 500 511 511 509 500 500 493 489 500 495
11 10 489 489 486 482 482 482 482 480 482 487 491 500 504 509 500 511 500 507 500 500 489 489 500 493
11 11 489 482 482 482 480 480 482 480 482 482 489 500 500 500 500 500 500 500 500 500 489 489 491 489
11 12 482 482 482 482 480 473 480 480 480 482 489 496 500 500 500 500 500 500 495 489 484 482 482 482
11 13 482 482 478 480 471 469 475 469 475 482 482 489 500 498 498 500 500 500 489 489 482 482 482 482
11 14 480 480 473 469 469 469 469 468 469 480 482 487 491 489 489 493 489 496 489 489 482 482 480 482
11 15 480 478 469 469 469 469 466 466 464 480 482 482 489 489 489 489 486 489 489 487 480 482 478 482
11 16 478 469 469 469 469 469 464 464 464 478 482 482 489 482 486 487 482 489 482 482 480 482 478 482
11 17 478 469 469 464 469 464 464 464 464 469 482 482 489 486 486 489 482 489 482 482 480 482 478 482
11 18 469 469 464 464 464 464 464 464 464 469 482 482 482 482 482 487 482 482 482 482 478 478 469 469
11 19 464 464 464 464 464 464 460 464 464 469 480 482 482 480 482 480 482 480 480 469 469 469 464 464
11 20 464 464 460 460 459 460 450 459 450 464 469 480 478 478 482 480 478 478 469 464 464 464 464 460
11 21 460 460 460 450 450 450 450 450 450 460 464 469 469 473 478 480 478 469 464 464 464 464 464 460
11 22 451 450 450 450 450 450 446 450 450 460 464 469 469 469 469 478 469 466 464 464 464 460 460 460
11 23 450 450 450 450 450 446 446 446 450 450 464 464 469 469 464 469 464 464 460 460 459 459 460 459
11 24 450 450 450 450 446 446 446 446 446 450 460 464 464 464 464 464 464 460 460 450 450 450 450 450
11 25 446 446 446 446 446 446 441 446 446 446 460 460 464 464 464 464 464 460 460 450 450 446 446 450
11 26 446 446 446 446 446 446 441 446 446 446 460 460 464 464 464 464 464 460 460 450 450 446 446 450
11 27 446 446 446 446 446 446 442 446 446 446 459 460 464 464 464 464 464 459 460 450 450 446 446 446
11 28 446 442 446 446 446 441 441 441 446 446 450 459 464 464 464 464 464 453 460 450 450 446 446 446
11 29 446 441 446 446 446 446 441 441 441 446 450 460 464 464 464 464 464 459 460 450 450 446 446 446
11 30 446 441 446 446 446 441 441 441 441 441 450 457 460 464 460 464 460 450 450 450 450 446 441 446
12 01 441 441 441 441 446 441 441 430 430 441 446 450 460 460 459 459 459 450 446 446 446 441 441 441
12 02 441 432 437 441 432 430 439 430 430 441 446 450 460 460 457 459 459 450 446 446 446 441 441 441
12 03 441 432 432 432 432 430 441 430 432 441 448 450 460 460 459 459 459 450 446 446 446 441 441 441
12 04 441 435 439 441 442 441 441 430 432 441 448 450 460 460 460 460 459 450 450 450 450 446 441 446
12 05 446 441 441 446 446 446 441 439 439 446 450 450 460 460 460 464 460 450 450 450 450 446 441 446
12 06 446 442 446 446 450 446 446 441 441 446 450 457 460 460 460 464 460 453 451 450 450 446 441 446
12 07 446 441 446 446 450 446 441 441 441 441 450 450 459 460 460 460 459 450 450 450 446 446 441 446
12 08 446 441 441 441 446 441 441 439 441 441 446 450 450 459 459 460 450 450 450 450 446 446 441 446
12 09 446 441 441 441 446 441 441 439 441 441 450 450 450 459 460 460 459 450 450 450 446 446 441 446
12 10 446 439 441 439 446 441 441 441 441 441 450 450 450 459 460 460 459 450 450 450 446 446 441 441
12 11 441 430 430 428 430 430 430 430 439 439 446 450 450 450 450 460 450 450 446 446 446 441 439 439
12 12 441 430 428 428 428 430 430 430 430 439 446 450 450 450 450 451 450 446 446 446 446 441 439 439
12 13 439 428 428 428 428 430 430 430 430 439 446 450 450 450 450 450 450 446 446 446 444 439 439 430
12 14 430 428 428 428 428 430 428 430 430 439 446 450 450 450 450 450 450 446 446 446 444 439 439 430
12 15 439 428 428 428 428 428 428 428 430 435 441 450 450 450 450 450 450 450 446 446 441 439 439 430
12 16 430 428 428 428 428 428 428 428 430 430 441 450 446 450 457 457 450 446 446 446 439 439 435 430
12 17 430 428 428 428 428 428 428 428 430 430 441 446 446 446 450 450 448 446 446 442 430 435 430 430
12 18 430 428 428 428 428 428 428 428 430 430 430 441 441 441 450 450 446 446 444 441 430 430 430 430
12 19 430 428 428 428 428 428 428 421 428 428 430 439 441 441 450 450 446 444 441 439 430 430 428 428
12 20 428 426 421 428 421 428 424 421 428 428 430 439 439 441 450 450 446 446 441 430 430 430 428 428
12 21 428 421 419 421 421 426 421 421 428 421 430 439 441 441 450 450 446 441 439 430 430 430 428 428
12 22 428 421 419 421 421 426 421 421 428 428 430 439 441 441 450 450 446 442 441 430 430 430 428 428
12 23 428 428 428 428 428 428 428 421 428 428 430 441 446 446 450 450 446 446 441 430 430 430 428 428
12 24 428 428 428 428 428 428 428 421 428 428 430 439 446 446 450 446 446 441 441 430 430 430 428 428
12 25 428 428 428 421 428 428 428 428 428 428 432 441 446 446 450 450 446 442 441 441 430 430 430 430
12 26 430 430 428 428 428 428 430 428 430 430 441 446 450 446 450 450 446 446 441 441 441 441 439 430
12 27 430 430 430 428 430 428 430 428 430 430 446 446 450 448 450 450 450 446 441 441 441 446 439 439
12 28 430 430 430 430 430 430 430 428 430 430 446 450 450 450 450 450 450 446 442 446 446 446 439 439
12 29 430 441 439 430 439 430 430 439 437 439 446 450 450 450 459 457 450 446 446 446 446 446 439 439
12 30 433 441 439 439 439 430 430 439 439 439 446 450 450 459 460 460 450 446 446 446 446 446 441 446
12 31 441 446 446 446 446 441 446 446 446 446 448 453 459 460 460 460 453 450 446 450 450 450 446 446
