01 01 122 122 122 122 111 111 109 109 109 111 122 140 140 153 149 149 142 142 131 140 140 140 129 129
01 02 -9999 122 122 122 111 111 109 109 109 118 129 140 142 153 153 151 149 142 140 149 140 142 140 140
01 03 -9999 131 122 122 122 111 111 118 111 118 129 140 149 158 158 151 149 149 142 149 142 142 142 140
01 04 -9999 131 122 122 122 111 111 111 111 118 129 140 149 153 151 149 142 142 140 149 142 142 140 140
01 05 -9999 129 122 122 122 111 111 111 109 118 129 140 140 153 149 149 142 142 140 149 142 142 142 140
01 06 -9999 129 122 122 122 111 111 109 109 111 122 140 140 151 149 142 140 142 140 142 142 142 140 140
01 07 -9999 122 122 122 122 109 109 109 102 111 118 140 140 142 142 140 140 140 140 140 131 131 122 131
01 08 -9999 120 120 122 109 104 104 102 100 111 111 129 131 131 140 131 131 140 131 131 131 122 122 122
01 09 -9999 111 118 120 109 104 99 102 90 109 111 122 129 131 140 131 131 140 131 131 131 122 120 122
01 10 -9999 120 118 120 109 104 102 109 90 109 111 122 129 131 131 122 129 131 131 129 131 122 120 122
01 11 -9999 120 118 120 111 109 109 109 100 109 111 122 129 131 140 131 131 140 140 131 131 131 122 129
01 12 -9999 120 120 122 120 109 109 111 109 122 122 122 131 140 140 140 140 142 142 140 140 142 131 140
01 13 -9999 120 122 122 122 120 122 120 118 129 129 140 140 151 142 140 140 151 153 142 151 142 140 140
01 14 -9999 122 129 129 122 120 140 122 122 140 140 140 151 160 158 153 142 162 158 151 153 153 153 151
01 15 -9999 140 140 142 140 140 151 131 129 149 160 158 158 162 158 160 151 171 160 153 158 153 153 153
01 16 -9999 142 140 149 140 140 151 131 131 149 160 158 158 171 158 162 151 171 172 153 158 153 153 153
01 17 -9999 149 140 142 140 129 142 122 129 149 160 158 158 171 158 162 151 171 172 153 158 153 153 153
01 18 -9999 149 140 140 140 129 142 122 129 149 160 158 160 172 158 160 151 162 160 153 158 153 153 153
01 19 -9999 149 140 129 129 129 140 122 129 142 160 160 160 172 162 162 160 171 172 153 160 158 153 160
01 20 -9999 149 140 131 140 131 142 122 140 153 162 162 160 172 172 172 162 176 180 160 172 160 160 162
01 21 -9999 153 142 142 142 142 149 131 140 160 162 172 162 180 172 172 172 181 180 169 176 171 162 162
01 22 -9999 153 151 149 142 142 153 140 142 162 172 181 172 181 181 180 176 181 180 176 180 171 171 162
01 23 -9999 158 158 153 142 142 153 140 149 172 181 181 181 192 192 181 180 189 181 181 181 180 176 172
01 24 -9999 162 162 160 151 142 153 153 153 172 181 189 181 199 192 181 192 190 181 190 181 181 180 172
01 25 -9999 162 162 160 151 142 153 158 153 172 181 189 189 192 192 181 192 190 181 190 181 181 180 172
01 26 -9999 162 162 160 149 142 153 158 153 172 181 189 181 190 190 181 192 190 181 181 181 190 180 172
01 27 -9999 162 160 151 142 140 149 140 142 171 171 181 180 190 181 181 180 190 181 180 181 181 180 172
01 28 -9999 153 151 142 140 140 140 140 142 171 169 181 180 189 181 180 180 190 181 180 181 181 180 172
01 29 -9999 153 151 142 140 140 131 122 142 160 162 172 180 189 180 162 180 181 181 176 172 180 176 171
01 30 -9999 153 151 142 140 140 131 122 142 153 160 171 172 180 172 162 176 180 180 162 171 172 172 158
01 31 -9999 151 140 131 122 131 122 122 122 140 151 162 162 160 153 153 162 162 176 153 160 171 153 153
02 01 -9999 149 140 129 122 129 122 111 122 131 142 162 153 151 151 142 160 162 172 151 158 153 153 153
02 02 -9999 142 129 129 120 122 122 111 122 142 153 162 153 149 142 142 160 162 169 151 158 149 153 142
02 03 -9999 142 129 129 120 129 122 122 122 142 153 158 142 149 140 142 153 158 162 151 158 149 153 142
02 04 -9999 142 131 129 122 140 122 122 131 153 153 153 142 142 140 142 142 153 158 151 158 153 153 142
02 05 -9999 142 131 129 131 140 140 140 142 153 153 158 153 149 142 142 153 160 162 158 160 153 160 158
02 06 -9999 153 142 140 131 140 140 140 142 153 153 153 153 149 142 142 153 162 169 162 172 158 162 172
02 07 -9999 158 153 142 140 142 142 140 149 153 153 142 142 142 142 142 153 158 171 162 172 153 162 158
02 08 -9999 158 153 140 140 142 142 142 153 158 160 158 142 149 142 142 153 158 171 162 172 153 162 158
02 09 -9999 158 153 151 140 142 142 142 153 162 169 162 162 158 149 142 153 162 172 176 176 158 162 158
02 10 -9999 162 153 153 142 153 142 142 158 162 172 162 172 160 153 153 158 172 172 180 180 153 172 153
02 11 -9999 176 158 153 153 153 151 151 158 172 172 169 172 172 153 158 158 172 172 180 181 162 176 162
02 12 -9999 176 162 153 153 153 151 153 158 172 176 172 172 172 158 160 160 172 172 180 181 169 176 171
02 13 -9999 176 169 158 153 153 153 153 160 172 176 176 176 176 162 162 160 172 172 180 181 172 176 172
02 14 -9999 176 171 160 162 153 160 158 162 176 180 181 180 176 171 171 180 180 176 181 190 180 181 180
02 15 -9999 180 176 171 169 162 169 172 176 180 181 190 181 181 176 180 181 181 181 190 192 181 189 190
02 16 -9999 181 180 176 176 171 176 172 176 181 192 192 192 181 180 181 181 181 180 190 192 181 189 190
02 17 -9999 181 180 176 176 162 172 172 176 180 189 192 181 181 176 180 180 181 180 190 181 180 181 189
02 18 -9999 181 180 169 169 160 162 172 172 180 181 192 181 180 176 171 169 180 176 181 181 176 181 180
02 19 -9999 180 180 162 162 158 160 160 172 176 190 192 181 180 176 171 169 176 172 181 181 176 180 176
02 20 -9999 176 176 162 160 153 158 158 162 176 181 190 192 176 172 160 160 172 171 180 181 176 180 172
02 21 -9999 176 176 160 162 153 158 158 160 176 180 190 192 176 176 171 169 172 171 180 180 172 180 172
02 22 -9999 172 169 158 160 153 151 153 160 169 176 181 181 172 172 160 160 172 171 176 176 172 181 172
02 23 -9999 172 172 158 162 153 151 153 160 176 180 181 181 169 172 160 158 169 171 176 180 176 181 172
02 24 -9999 172 176 160 162 158 149 153 160 169 180 181 181 172 172 160 158 172 176 181 181 176 181 176
02 25 -9999 176 176 169 176 160 153 153 172 176 181 181 192 176 172 169 160 172 180 190 181 180 189 180
02 26 -9999 180 180 176 181 169 158 172 176 181 192 190 194 176 172 171 162 172 181 192 181 181 192 190
02 27 176 180 180 176 181 169 176 172 176 180 180 181 192 176 169 162 162 172 176 192 194 180 181 180
02 28 172 180 176 171 180 160 171 171 176 180 180 180 181 176 169 162 162 172 176 194 194 180 189 181
03 01 169 180 180 176 176 160 171 169 176 180 189 180 180 176 169 162 160 172 176 194 194 181 194 194
03 02 172 180 180 176 176 160 171 169 176 180 189 180 180 176 169 162 160 172 176 194 194 181 194 194
03 03 176 181 180 176 176 169 172 169 176 180 189 180 176 176 160 162 160 172 189 199 199 194 194 199
03 04 192 194 190 180 181 176 176 176 181 192 194 189 194 176 172 176 176 176 190 201 208 199 199 201
03 05 208 194 201 199 194 190 189 180 190 194 194 192 199 189 176 176 176 176 190 201 208 208 199 208
03 06 212 199 210 199 199 194 190 181 190 194 194 194 201 192 180 180 181 180 192 210 210 212 210 210
03 07 212 210 212 199 201 194 192 194 199 201 199 199 208 194 180 180 190 181 194 212 212 212 212 210
03 08 221 212 212 201 201 201 194 194 208 210 208 208 210 201 190 181 192 190 201 212 219 212 212 212
03 09 230 212 212 210 210 208 201 199 212 212 212 212 212 210 194 192 194 194 201 212 230 219 219 219
03 10 230 221 219 212 212 212 210 210 219 230 219 212 219 212 199 199 194 199 210 221 230 221 230 230
03 11 232 230 219 219 219 212 212 212 221 230 230 219 219 210 201 199 194 199 210 219 230 221 230 230
03 12 232 230 219 212 219 212 212 212 221 230 230 219 219 210 199 199 194 199 210 221 230 221 230 221
03 13 230 230 219 212 219 212 212 219 230 230 230 219 219 212 210 201 199 199 210 230 232 230 230 230
03 14 232 230 230 219 221 219 212 221 232 241 230 230 219 212 212 201 199 210 219 230 239 230 230 230
03 15 232 230 230 221 221 219 219 230 239 243 232 230 221 212 212 210 201 212 221 230 241 232 232 230
03 16 243 230 230 230 221 221 219 230 241 248 241 230 230 219 212 210 201 210 221 230 241 230 230 230
03 17 232 230 230 221 221 221 219 230 241 248 241 230 230 212 210 201 199 201 219 230 232 230 230 230
03 18 230 230 230 221 221 219 219 230 239 248 241 230 230 212 210 201 199 201 219 230 232 230 230 230
03 19 230 230 230 221 221 219 219 230 241 248 241 239 221 212 212 201 199 201 219 230 239 230 230 230
03 20 230 230 230 230 221 221 219 230 241 248 241 239 230 212 212 210 199 201 219 230 241 230 230 230
03 21 230 230 230 230 221 219 219 232 241 248 241 239 219 212 210 210 194 199 210 221 232 230 230 230
03 22 221 230 230 230 221 221 221 232 241 248 241 239 221 212 212 210 194 199 210 221 232 230 230 230
03 23 221 230 230 230 221 221 230 230 241 248 241 239 219 212 210 201 194 199 210 219 232 230 230 230
03 24 221 230 230 230 221 230 230 232 243 248 243 241 221 212 212 210 201 199 210 219 232 232 230 230
03 25 230 230 230 230 230 230 230 232 243 248 243 239 221 212 210 199 199 194 210 212 230 230 230 230
03 26 230 230 230 230 230 221 230 232 243 248 243 239 219 212 208 199 194 194 208 212 232 230 230 230
03 27 232 230 230 230 230 230 230 232 248 248 243 241 230 212 210 199 199 194 208 219 230 230 230 232
03 28 230 230 230 230 230 230 230 239 250 248 243 239 230 212 208 199 199 194 208 212 230 230 230 232
03 29 230 230 230 230 230 230 230 241 250 250 243 241 230 212 210 199 199 194 208 219 230 232 232 232
03 30 232 232 230 232 230 230 230 241 250 250 248 243 230 212 210 199 199 194 208 219 230 232 232 239
03 31 232 232 230 232 230 230 230 243 250 250 248 243 230 219 210 212 210 194 210 219 232 241 239 239
04 01 243 241 232 243 239 239 232 248 250 252 248 248 232 219 212 212 212 194 212 221 239 243 243 243
04 02 243 243 239 243 243 241 239 250 261 262 248 248 232 219 212 212 212 194 210 219 239 243 243 243
04 03 243 243 243 248 243 243 243 252 261 262 248 248 232 219 212 212 212 194 212 221 239 243 248 248
04 04 248 248 248 248 248 243 243 252 262 266 259 250 241 230 219 221 212 208 219 230 241 248 248 248
04 05 248 248 250 248 248 248 248 261 266 266 262 250 248 232 230 221 212 212 230 239 248 248 248 252
04 06 250 250 250 250 248 248 248 262 266 266 266 252 248 232 230 221 212 212 230 241 248 248 248 252
04 07 252 250 250 250 248 248 248 262 266 266 266 252 248 241 230 230 219 212 230 239 248 248 248 252
04 08 252 250 250 250 248 248 248 262 266 266 266 252 243 241 230 230 221 212 230 232 248 248 248 252
04 09 252 250 252 250 248 248 248 262 270 270 266 259 248 243 232 230 230 221 232 243 248 248 250 261
04 10 252 259 252 252 250 248 252 266 271 279 270 262 248 248 243 232 230 230 239 248 252 250 252 262
04 11 252 261 252 252 261 250 259 266 271 279 271 266 248 248 243 232 230 230 243 248 252 250 259 266
04 12 262 262 262 252 262 250 252 266 271 282 280 266 248 248 243 232 230 230 232 248 252 250 261 262
04 13 262 262 262 259 261 252 261 266 271 282 280 266 250 248 241 232 230 230 232 248 252 250 259 262
04 14 262 262 262 259 261 252 261 266 271 282 271 266 252 248 243 232 230 230 232 248 259 250 259 266
04 15 262 262 262 259 262 252 262 270 271 282 280 266 261 248 243 241 241 230 241 248 259 252 259 266
04 16 266 262 262 259 261 252 262 270 271 282 280 262 261 248 243 241 243 232 241 248 259 252 262 262
04 17 266 262 262 252 261 252 262 266 271 280 270 262 252 248 243 241 241 232 232 248 259 259 262 262
04 18 262 262 262 259 261 252 262 270 282 282 271 266 252 250 243 243 241 232 232 248 261 262 266 266
04 19 266 266 266 262 262 259 262 271 282 284 280 266 252 250 243 243 232 232 232 248 261 262 266 266
04 20 262 266 266 266 262 261 266 271 282 284 280 266 252 250 243 241 230 232 232 248 261 262 262 266
04 21 262 266 266 262 261 261 266 270 282 280 270 266 252 250 243 241 230 232 232 248 261 262 262 266
04 22 262 266 266 266 262 262 266 271 282 280 270 262 252 250 243 241 230 230 232 248 261 262 262 266
04 23 262 266 266 262 262 261 270 271 282 280 271 262 252 248 243 241 230 230 232 248 261 262 262 266
04 24 266 266 270 262 262 261 270 279 282 280 271 262 252 250 239 239 230 230 230 248 261 262 262 262
04 25 266 266 262 261 262 261 271 271 282 271 270 261 250 248 239 232 230 221 230 248 261 266 262 266
04 26 266 266 262 262 262 261 271 271 279 271 270 261 250 248 232 232 230 221 230 250 261 266 262 266
04 27 266 262 262 261 262 261 271 271 282 271 270 261 250 248 232 232 230 230 232 250 262 266 262 266
04 28 270 266 262 262 262 261 271 271 279 271 270 262 250 248 241 232 230 230 232 250 261 266 266 266
04 29 282 270 266 262 262 261 271 271 271 270 271 262 248 248 241 232 230 230 232 248 252 266 266 266
04 30 279 270 270 270 266 261 279 271 271 270 270 266 250 248 241 232 230 230 232 250 261 270 270 270
05 01 282 270 271 279 270 266 282 282 282 271 271 266 252 248 243 232 241 232 239 250 266 270 279 271
05 02 284 279 271 282 271 271 289 284 291 284 284 271 262 261 250 243 241 241 248 261 270 280 282 284
05 03 284 284 284 284 280 282 298 289 302 284 289 279 266 261 250 248 243 248 250 261 270 280 282 284
05 04 284 284 284 284 282 282 300 291 302 289 289 279 266 259 250 248 243 243 250 261 270 280 284 284
05 05 284 284 284 284 284 282 300 291 302 298 289 279 266 261 252 248 243 241 250 262 270 282 284 289
05 06 -9999 284 284 289 284 284 302 302 302 302 291 279 266 261 250 248 243 241 250 270 280 284 289 298
05 07 -9999 289 289 291 289 289 302 302 309 302 300 280 270 261 252 250 248 243 250 279 284 284 289 300
05 08 -9999 298 300 298 291 298 302 302 309 309 302 284 270 261 261 250 248 248 250 280 289 289 291 302
05 09 -9999 300 302 300 300 300 302 309 320 309 302 289 270 262 261 252 250 252 250 282 291 302 302 302
05 10 -9999 302 302 302 302 302 309 309 320 320 309 289 270 266 266 261 250 259 261 284 300 302 302 309
05 11 -9999 302 302 302 302 302 309 320 320 320 309 298 280 266 270 261 252 261 266 289 302 302 302 311
05 12 -9999 302 302 302 302 302 320 320 320 320 311 300 282 270 270 266 252 261 266 291 302 302 302 311
05 13 -9999 302 302 302 302 302 320 320 320 320 320 300 284 270 271 270 261 266 270 291 302 302 311 311
05 14 -9999 302 309 309 309 309 320 331 331 320 320 300 284 271 271 270 261 266 270 300 309 302 311 320
05 15 -9999 311 311 309 309 320 320 331 331 331 320 302 284 282 271 270 261 266 271 300 309 309 320 320
05 16 -9999 320 320 311 311 320 331 331 331 331 320 302 291 284 280 271 270 270 280 300 311 311 320 320
05 17 -9999 320 320 320 320 320 331 338 338 331 320 309 300 289 282 271 271 280 284 302 320 320 320 320
05 18 -9999 320 331 320 320 320 338 338 340 340 331 320 302 300 284 282 282 284 289 302 320 329 331 331
05 19 -9999 331 331 331 320 320 338 340 340 340 338 320 309 302 302 291 284 289 300 309 331 331 338 338
05 20 -9999 338 338 331 331 331 340 340 351 340 340 331 320 309 320 302 302 300 302 311 331 338 340 340
05 21 -9999 340 340 338 338 331 351 351 356 351 351 338 331 320 320 311 309 311 309 320 338 338 340 349
05 22 -9999 340 340 338 338 338 351 351 356 356 351 338 331 320 320 311 311 311 309 320 338 338 351 351
05 23 -9999 340 340 338 338 338 351 356 360 356 351 338 338 331 329 320 311 320 311 331 338 340 351 351
05 24 -9999 349 351 340 340 340 356 360 360 360 356 338 338 331 331 320 320 320 320 331 340 351 351 351
05 25 -9999 351 351 351 340 351 356 360 360 360 356 338 340 338 331 320 320 320 320 331 340 351 351 351
05 26 -9999 351 351 351 340 356 356 360 370 360 356 340 340 338 331 320 320 320 320 338 340 349 351 351
05 27 -9999 349 351 351 340 356 356 360 360 360 356 340 340 338 331 320 320 320 320 338 351 351 351 351
05 28 -9999 351 351 351 351 356 360 370 370 360 360 340 340 340 338 331 331 320 320 340 351 356 356 360
05 29 -9999 356 356 360 360 360 370 370 370 370 360 349 340 349 340 338 338 331 338 351 356 360 360 360
05 30 -9999 360 360 360 360 370 374 374 374 370 369 351 351 351 351 340 340 331 340 351 360 360 369 369
05 31 -9999 369 369 369 369 374 374 379 379 370 370 360 356 360 356 351 351 340 349 360 360 360 370 370
06 01 -9999 370 370 369 360 374 374 379 379 379 370 360 360 360 360 356 351 351 351 360 360 369 370 374
06 02 -9999 370 370 370 369 379 379 379 379 379 374 370 370 369 360 360 356 351 360 360 360 374 370 374
06 03 -9999 370 370 370 370 379 379 388 379 379 374 370 370 369 360 360 351 351 356 360 360 374 374 379
06 04 -9999 374 374 370 370 379 379 388 379 379 374 370 370 360 360 360 351 351 356 360 360 370 370 374
06 05 -9999 370 374 370 370 379 379 390 379 379 374 370 370 360 360 356 340 351 351 360 360 374 374 374
06 06 -9999 374 374 374 370 379 388 390 390 379 379 374 370 360 360 356 351 351 351 360 360 379 379 374
06 07 -9999 374 374 374 370 379 388 390 390 379 379 374 370 360 360 356 340 351 351 360 360 379 379 379
06 08 -9999 379 374 374 374 388 388 390 390 388 379 374 369 360 360 351 340 351 351 360 360 379 379 379
06 09 -9999 379 379 379 374 388 390 390 390 390 379 374 360 360 356 351 340 351 351 356 360 379 379 390
06 10 -9999 379 379 379 374 388 390 390 390 390 379 374 369 360 360 351 340 351 351 356 360 379 379 390
06 11 -9999 379 379 379 374 388 390 392 392 392 390 379 370 369 360 360 351 351 351 356 360 379 379 379
06 12 -9999 390 379 379 379 390 390 392 392 392 390 374 370 370 360 356 351 351 351 351 360 379 379 390
06 13 -9999 390 379 379 379 388 390 392 392 392 390 374 370 360 356 351 340 351 351 351 369 379 379 390
06 14 -9999 390 388 379 379 388 390 392 392 399 390 379 370 360 360 360 351 351 351 351 369 379 379 390
06 15 -9999 390 388 379 379 390 390 392 392 392 390 379 370 360 360 360 351 351 351 351 370 379 388 390
06 16 -9999 390 388 379 379 390 390 392 392 392 390 379 370 360 356 351 340 351 349 349 369 379 379 379
06 17 -9999 388 379 379 379 388 390 392 392 392 388 374 360 356 351 349 340 349 340 340 370 379 379 379
06 18 -9999 390 390 379 379 390 390 392 392 392 390 374 369 356 351 349 340 340 340 340 370 379 379 379
06 19 -9999 390 390 379 379 390 390 392 392 399 390 379 370 360 351 351 340 340 340 349 370 379 379 390
06 20 -9999 390 390 379 379 390 392 392 399 399 392 379 370 360 351 351 340 349 340 351 374 379 388 390
06 21 -9999 390 390 379 379 390 392 392 399 399 390 379 370 360 351 351 340 349 340 351 374 379 390 390
06 22 -9999 390 390 390 388 390 399 399 399 399 392 379 370 360 356 351 351 351 351 356 374 379 390 390
06 23 -9999 390 390 390 388 392 399 399 399 399 392 390 370 370 360 351 351 351 351 356 374 388 390 390
06 24 -9999 390 390 392 390 392 399 399 399 399 392 390 374 370 360 351 356 351 351 351 374 379 390 390
06 25 -9999 392 390 392 390 399 399 399 399 399 392 390 370 369 360 351 356 351 351 356 374 379 392 392
06 26 -9999 392 392 392 392 399 410 399 410 399 392 390 370 360 360 351 356 351 351 356 374 388 392 392
06 27 -9999 399 392 392 392 399 410 399 410 399 392 390 374 370 360 356 356 351 351 356 374 388 392 392
06 28 -9999 392 392 392 392 399 410 410 410 399 392 390 374 374 360 351 356 351 340 356 374 379 392 390
06 29 -9999 392 392 392 392 399 410 410 399 399 392 390 374 370 360 351 356 351 340 356 374 388 392 392
06 30 -9999 399 399 392 392 399 410 410 410 410 392 390 379 370 360 351 356 351 340 356 374 390 392 392
07 01 -9999 399 399 392 392 399 410 410 410 410 399 390 379 374 370 356 360 351 351 360 374 390 392 399
07 02 410 410 410 399 399 410 410 421 410 410 399 392 379 379 374 360 360 351 351 370 374 392 392 399
07 03 410 410 410 410 399 410 410 421 419 410 399 392 379 379 374 369 370 356 351 370 379 392 399 399
07 04 410 410 410 410 410 410 410 421 421 410 410 392 379 379 374 370 370 356 351 370 379 392 392 399
07 05 410 410 410 410 410 419 419 421 421 421 410 399 379 379 374 370 370 356 351 370 379 390 392 399
07 06 410 410 410 410 410 419 419 421 421 421 410 399 379 379 374 370 370 351 351 370 379 390 392 399
07 07 410 410 410 410 410 419 410 421 421 410 410 392 379 379 374 370 360 351 351 370 379 390 392 399
07 08 410 410 410 410 410 410 421 421 421 419 410 392 379 374 374 370 360 351 351 360 379 390 399 399
07 09 410 410 410 410 410 410 421 421 410 421 410 390 379 374 370 360 360 351 340 360 379 392 399 410
07 10 410 410 421 410 410 421 421 421 421 421 410 399 379 379 370 360 360 351 340 360 379 392 399 410
07 11 421 421 421 410 410 421 421 421 421 421 410 399 379 379 370 360 360 351 340 360 379 390 399 410
07 12 421 421 421 410 421 421 421 421 421 421 410 399 379 379 370 360 360 351 340 360 379 392 399 410
07 13 428 421 428 421 421 421 428 421 428 428 410 410 390 379 370 360 360 351 340 370 390 392 410 410
07 14 428 428 430 428 421 428 430 421 428 428 421 410 390 379 370 360 360 351 340 360 379 392 410 410
07 15 -9999 428 430 428 428 428 430 421 430 428 421 410 390 379 370 360 360 351 340 370 390 399 410 421
07 16 -9999 428 439 430 430 430 430 428 430 430 428 410 390 390 379 370 360 351 340 370 390 399 410 421
07 17 -9999 428 441 430 430 430 430 430 430 430 428 410 392 390 379 370 360 351 340 370 390 399 410 421
07 18 -9999 428 441 430 430 430 430 430 430 430 428 410 392 390 379 360 360 351 351 370 379 399 410 421
07 19 -9999 428 439 430 430 430 441 441 439 430 428 410 399 390 379 370 360 351 351 370 379 399 410 428
07 20 -9999 430 439 430 430 430 441 441 430 430 430 421 399 390 379 370 370 351 356 370 379 399 410 428
07 21 -9999 428 430 430 430 430 441 430 430 430 430 410 399 390 379 360 360 351 351 360 379 399 410 421
07 22 -9999 428 430 428 430 430 441 430 430 430 428 410 399 390 379 360 360 351 356 360 379 399 410 421
07 23 -9999 428 428 428 430 430 439 430 430 430 428 410 399 390 379 360 360 351 351 360 379 392 410 421
07 24 -9999 428 428 428 428 430 430 430 430 430 428 410 399 390 379 360 360 351 351 360 379 392 410 419
07 25 -9999 421 421 421 428 428 430 430 430 430 428 410 399 390 379 370 360 351 351 360 379 390 399 410
07 26 -9999 410 419 421 421 421 430 430 430 430 421 410 399 390 379 370 360 351 356 360 374 390 399 410
07 27 -9999 410 410 421 421 421 430 430 430 430 421 410 399 379 370 360 360 351 351 360 370 390 392 399
07 28 -9999 410 410 410 410 421 430 430 430 430 421 410 399 379 370 360 360 351 351 360 370 390 392 399
07 29 -9999 410 410 410 410 421 430 428 428 428 421 410 399 379 370 360 360 351 351 360 370 379 392 392
07 30 410 410 410 410 410 421 430 428 428 428 421 410 399 379 370 360 356 349 351 351 370 379 392 392
07 31 410 410 410 410 410 421 428 428 428 428 421 410 399 379 370 360 356 349 351 351 370 379 392 392
08 01 -9999 399 410 410 410 421 428 421 428 428 421 410 392 379 370 369 356 351 351 360 370 379 392 392
08 02 -9999 410 410 410 410 419 428 421 428 421 419 410 392 379 370 370 360 356 351 356 370 379 392 392
08 03 -9999 410 399 410 410 410 428 421 428 421 419 410 392 379 370 370 356 351 351 351 370 374 390 392
08 04 -9999 399 399 410 410 410 428 421 428 421 410 399 390 370 369 360 351 340 340 351 369 374 390 392
08 05 -9999 399 399 399 399 410 421 410 428 419 410 399 390 370 369 360 351 340 340 351 369 374 390 392
08 06 -9999 399 399 410 410 410 421 419 428 421 410 399 390 370 370 360 351 340 351 356 370 374 390 392
08 07 -9999 399 410 410 410 419 428 421 428 421 419 410 390 374 370 360 351 351 351 356 370 374 392 392
08 08 -9999 410 410 410 410 421 428 428 428 421 419 410 392 379 374 370 356 356 351 360 370 374 392 392
08 09 -9999 410 410 410 410 421 428 428 428 421 421 410 392 379 379 370 360 360 360 360 370 379 392 392
08 10 -9999 410 410 410 421 421 428 428 428 428 421 410 392 388 379 370 360 356 360 360 370 390 399 392
08 11 -9999 410 410 410 410 421 428 428 428 421 419 410 392 390 379 370 360 356 360 360 374 390 399 392
08 12 -9999 410 410 410 410 419 421 428 428 421 419 410 392 379 379 370 360 356 360 360 374 390 392 392
08 13 -9999 410 410 410 410 410 421 428 428 421 419 410 390 379 379 370 356 356 360 360 370 390 392 392
08 14 -9999 399 410 410 410 410 421 428 428 428 419 399 390 374 374 360 356 356 356 360 370 379 390 392
08 15 -9999 399 399 410 410 410 421 428 428 428 410 399 390 374 370 360 356 351 351 356 370 374 390 392
08 16 -9999 399 399 399 410 410 421 421 428 421 410 399 390 374 360 360 351 351 340 356 370 374 379 390
08 17 -9999 392 392 399 399 410 419 421 428 421 410 399 379 370 356 351 349 340 340 356 360 374 379 390
08 18 -9999 392 392 392 399 410 410 421 428 421 410 399 379 370 356 351 340 340 340 351 360 374 379 390
08 19 -9999 392 392 392 399 399 410 419 421 419 410 399 379 370 356 351 340 340 351 351 360 374 379 390
08 20 -9999 390 390 392 399 399 410 419 421 410 410 399 379 360 351 351 340 340 351 351 360 374 379 388
08 21 -9999 390 390 392 392 399 410 410 410 410 410 392 374 360 351 351 340 340 340 349 360 370 374 379
08 22 -9999 388 388 390 392 399 399 410 410 410 410 392 370 360 349 351 340 340 340 340 360 370 374 379
08 23 -9999 388 390 390 390 399 399 410 410 410 399 390 370 356 349 351 340 340 340 340 360 370 374 379
08 24 -9999 379 388 390 390 392 399 399 410 410 399 390 370 356 340 340 340 340 340 340 360 370 374 379
08 25 -9999 379 388 390 388 392 399 399 410 410 399 390 370 360 340 340 340 340 340 340 360 369 374 379
08 26 -9999 379 388 390 388 392 399 399 410 410 399 390 370 356 340 340 340 338 340 340 360 360 370 379
08 27 -9999 379 388 390 388 392 399 399 410 399 399 390 370 356 340 340 340 338 340 340 360 370 374 379
08 28 -9999 379 388 390 388 392 399 399 399 399 399 390 370 356 340 340 340 340 340 340 360 360 370 379
08 29 -9999 379 388 390 388 390 399 399 399 399 392 379 370 356 340 340 340 340 340 340 356 360 370 374
08 30 -9999 379 379 390 379 390 390 399 399 399 392 379 370 356 349 340 340 338 340 338 356 356 360 370
08 31 -9999 374 379 388 379 388 390 392 392 392 392 379 370 351 349 340 340 338 340 338 356 356 360 370
09 01 -9999 374 379 379 379 379 390 392 392 392 392 379 370 351 340 340 340 331 340 338 356 351 360 360
09 02 -9999 374 374 379 374 379 390 392 390 392 390 379 369 351 340 338 331 331 338 338 356 356 356 360
09 03 -9999 370 374 379 374 374 390 392 390 390 390 379 369 351 340 338 331 331 338 338 356 356 356 360
09 04 -9999 370 374 374 374 374 390 390 390 390 390 374 360 351 340 338 331 320 338 338 356 351 356 360
09 05 -9999 370 374 374 370 374 379 390 390 390 388 374 360 351 340 338 331 320 338 338 351 351 356 360
09 06 -9999 370 370 374 370 370 374 379 390 390 379 374 360 351 340 338 331 320 338 338 351 351 356 360
09 07 -9999 370 370 374 370 370 374 374 388 379 379 374 360 351 340 338 331 320 338 338 351 351 356 360
09 08 -9999 370 370 374 370 370 374 374 388 379 379 374 360 351 340 338 320 320 331 338 351 351 356 360
09 09 -9999 370 370 374 360 370 370 374 379 379 379 374 360 351 338 331 320 320 331 338 351 351 356 356
09 10 -9999 370 369 370 360 370 370 374 374 374 374 370 356 338 338 331 320 320 331 338 351 351 356 356
09 11 -9999 370 360 360 360 370 370 374 374 374 370 370 356 338 331 331 320 320 331 338 351 351 351 356
09 12 -9999 370 360 360 360 360 370 370 374 374 370 370 356 338 331 331 320 320 331 338 351 351 356 356
09 13 -9999 360 360 360 360 360 360 370 370 374 370 370 351 331 320 320 320 311 331 338 351 351 356 356
09 14 -9999 360 360 351 356 360 360 370 370 370 369 360 351 329 320 320 311 309 331 338 351 349 351 356
09 15 -9999 360 360 351 356 360 360 369 370 370 360 360 340 320 320 309 309 309 320 331 351 349 340 351
09 16 -9999 356 351 351 351 351 356 360 360 360 360 356 340 320 320 309 302 309 320 331 349 349 340 351
09 17 351 351 356 349 351 351 351 360 356 360 360 356 340 320 320 309 302 309 320 331 340 340 340 351
09 18 340 351 351 340 340 340 351 356 356 360 356 351 340 320 320 309 302 302 320 331 340 340 340 351
09 19 340 351 351 340 340 340 351 356 356 360 360 356 338 320 311 302 302 302 320 331 340 340 338 340
09 20 338 340 351 340 340 340 351 351 351 360 356 351 338 320 309 291 291 302 309 331 338 338 338 340
09 21 338 338 340 340 338 338 340 351 351 356 356 351 331 302 298 284 284 291 309 320 338 338 338 338
09 22 338 338 340 338 338 338 338 340 351 351 351 340 331 302 291 284 284 291 302 320 331 329 331 331
09 23 338 331 338 338 331 331 338 338 351 351 351 340 331 302 291 284 282 289 302 311 331 329 331 331
09 24 331 331 331 331 329 329 331 331 349 340 340 340 331 302 289 284 282 284 302 309 320 320 331 331
09 25 331 331 331 320 320 320 320 331 340 340 340 340 320 302 284 284 282 284 291 309 320 320 320 320
09 26 329 331 331 320 320 320 320 320 340 331 338 331 320 300 284 284 282 284 289 302 320 311 320 320
09 27 329 320 320 320 309 311 320 320 329 331 331 331 320 291 282 279 280 280 289 300 302 311 311 320
09 28 -9999 320 320 320 309 302 311 320 320 320 331 331 311 289 282 271 279 280 284 302 302 311 311 311
09 29 320 311 309 311 302 302 309 320 320 320 329 320 311 291 284 271 279 282 284 302 302 302 311 311
09 30 320 309 309 302 302 302 309 320 320 320 320 320 311 291 284 280 279 284 284 302 302 302 309 309
10 01 -9999 302 302 302 302 302 302 311 311 320 320 311 309 284 282 271 271 282 284 289 302 302 302 302
10 02 -9999 302 302 302 302 302 302 311 311 320 320 302 300 284 280 270 266 271 282 284 291 300 302 302
10 03 -9999 302 302 291 300 298 291 302 302 302 309 300 289 279 270 262 250 266 271 282 284 284 300 291
10 04 -9999 291 289 289 291 289 284 300 302 302 302 300 284 270 266 250 250 262 270 280 284 284 291 289
10 05 -9999 291 284 289 291 289 284 300 302 302 300 300 284 270 262 250 248 266 271 282 284 284 291 289
10 06 -9999 291 282 289 291 289 284 300 302 300 300 300 284 270 261 250 248 266 271 284 284 284 284 289
10 07 -9999 289 284 291 291 289 284 300 302 300 300 300 284 266 252 250 243 266 270 284 284 284 289 284
10 08 -9999 284 282 284 284 284 282 289 289 291 300 291 284 262 252 248 241 266 270 282 282 284 289 284
10 09 -9999 282 282 284 284 284 279 284 289 289 300 289 282 262 250 248 241 266 270 280 282 280 282 282
10 10 -9999 280 280 280 282 282 271 284 284 289 298 289 282 262 248 243 241 262 266 270 280 280 282 280
10 11 -9999 271 279 280 280 280 271 284 284 289 291 289 279 259 248 243 239 262 266 270 282 280 282 282
10 12 -9999 279 279 280 280 280 271 284 284 289 298 289 280 259 248 243 241 266 266 270 282 280 284 282
10 13 -9999 280 280 280 279 280 271 282 284 289 300 289 282 262 248 243 241 266 266 270 282 280 284 282
10 14 -9999 280 279 271 279 271 271 280 284 289 291 289 282 262 248 243 241 266 262 270 270 280 282 280
10 15 -9999 271 271 271 271 271 270 271 284 289 298 289 282 262 248 243 243 266 261 266 270 271 282 271
10 16 -9999 271 271 271 271 271 266 271 282 289 291 289 282 266 250 248 243 266 262 270 270 280 282 280
10 17 -9999 271 271 271 271 271 270 271 282 289 298 289 282 266 252 248 248 271 266 279 282 282 284 280
10 18 -9999 280 271 271 271 271 270 271 284 291 302 300 284 270 261 250 250 280 270 282 284 282 289 282
10 19 -9999 282 282 280 271 271 271 280 284 300 302 300 284 270 261 250 250 271 270 280 282 282 284 280
10 20 -9999 280 280 271 271 271 270 279 284 291 302 291 284 271 261 250 250 280 266 280 282 282 284 280
10 21 -9999 280 279 271 271 270 266 271 284 291 302 291 284 271 262 250 252 271 270 280 280 280 282 280
10 22 -9999 271 271 271 270 266 262 266 282 289 291 289 282 271 261 250 252 270 266 270 270 270 280 271
10 23 -9999 271 266 266 266 252 252 262 280 282 289 289 282 266 250 248 248 261 261 266 262 261 266 262
10 24 -9999 262 252 261 252 248 248 252 271 282 282 280 271 266 248 243 243 252 252 262 261 252 252 252
10 25 -9999 252 248 248 243 243 243 248 266 266 280 266 270 259 243 243 241 252 248 261 250 248 250 252
10 26 -9999 250 243 243 241 232 230 243 252 252 266 262 266 250 241 241 232 250 243 250 248 243 243 248
10 27 -9999 248 243 232 232 230 230 241 250 250 262 252 262 250 241 232 230 248 243 248 248 243 243 243
10 28 -9999 248 241 230 232 230 230 230 248 248 261 250 259 248 230 232 230 248 243 248 243 243 241 241
10 29 -9999 243 239 230 230 230 221 230 243 248 261 248 250 243 230 232 230 248 243 248 243 243 241 241
10 30 -9999 243 239 230 221 230 219 230 243 248 261 248 250 243 230 230 230 248 243 243 248 243 241 241
10 31 -9999 243 239 230 221 230 219 230 243 248 259 248 250 243 230 232 230 248 243 243 248 243 241 243
11 01 -9999 243 239 230 230 230 219 230 243 248 252 248 248 243 230 232 230 243 243 243 248 243 241 243
11 02 -9999 243 232 230 219 230 219 221 243 248 250 248 248 243 230 232 230 241 239 239 243 230 230 241
11 03 -9999 243 230 221 219 230 219 221 239 243 248 243 248 243 230 230 230 239 239 239 241 230 230 241
11 04 -9999 243 230 221 219 221 219 221 239 243 248 243 243 243 221 230 230 232 239 239 241 230 230 230
11 05 -9999 230 230 219 212 219 219 219 230 241 243 241 243 239 212 219 221 230 230 230 239 230 230 219
11 06 -9999 230 230 212 212 212 212 212 230 232 232 239 243 239 212 219 230 232 230 230 241 230 230 230
11 07 -9999 230 230 219 212 219 219 212 230 232 241 243 243 239 230 230 230 243 239 230 241 230 230 230
11 08 -9999 230 230 219 212 219 212 212 230 241 243 248 248 243 230 232 241 248 243 241 248 241 241 241
11 09 -9999 230 230 230 219 230 219 221 230 243 248 248 248 248 241 243 248 250 248 248 248 248 248 248
11 10 -9999 241 239 239 230 230 221 221 239 248 248 250 248 248 248 248 248 252 248 248 250 248 248 248
11 11 -9999 248 241 239 230 230 221 230 239 248 248 252 248 248 248 248 248 259 250 250 250 248 250 248
11 12 -9999 248 241 239 232 230 221 230 239 248 248 259 250 250 250 252 250 261 259 252 250 248 252 250
11 13 -9999 248 243 239 239 230 221 230 239 243 248 250 248 248 248 248 248 261 250 250 248 248 250 248
11 14 -9999 243 241 239 230 230 221 221 230 241 243 248 248 248 248 248 248 252 248 248 248 248 248 248
11 15 -9999 230 230 230 219 221 212 219 230 232 241 248 243 243 241 241 241 248 243 243 241 243 243 230
11 16 -9999 230 230 221 212 212 212 210 212 230 221 232 241 239 232 232 230 248 230 230 230 239 230 230
11 17 -9999 212 212 212 212 212 199 194 212 219 212 230 230 230 230 230 230 232 230 221 230 230 230 221
11 18 -9999 212 212 212 201 201 199 194 210 212 212 221 230 230 230 230 230 230 221 219 219 221 221 219
11 19 -9999 210 212 212 199 194 194 192 201 212 212 219 230 221 230 230 230 219 221 219 219 221 221 219
11 20 -9999 210 210 210 199 199 194 190 201 212 212 219 230 221 230 230 230 219 221 219 219 221 219 212
11 21 -9999 210 210 210 201 201 199 190 199 212 212 219 219 219 230 221 221 219 219 212 212 212 219 212
11 22 -9999 210 210 210 201 199 199 194 210 212 212 219 219 219 221 221 212 219 219 212 212 212 212 212
11 23 -9999 208 210 210 201 199 194 190 194 201 210 212 212 212 219 219 212 212 212 212 212 212 210 210
11 24 -9999 199 210 199 194 192 180 180 180 194 199 212 210 212 212 212 210 210 210 210 210 210 199 199
11 25 -9999 194 199 189 190 180 176 176 180 190 199 208 201 210 210 210 201 210 210 210 201 199 190 192
11 26 -9999 180 180 176 180 171 158 171 172 190 194 199 194 201 208 199 194 201 199 201 199 192 181 180
11 27 -9999 172 172 171 162 162 153 160 160 180 189 190 190 190 199 194 190 192 192 199 194 190 180 172
11 28 -9999 160 172 169 162 160 151 151 153 180 181 181 190 190 194 194 181 190 190 199 190 190 180 171
11 29 -9999 153 160 153 153 153 140 151 151 172 180 180 189 181 192 190 180 189 189 199 189 180 176 171
11 30 -9999 153 160 153 151 153 140 151 151 172 180 180 190 190 194 194 181 190 189 199 189 180 176 171
12 01 -9999 153 153 151 149 151 140 151 151 172 180 180 181 181 194 194 180 181 181 190 181 180 172 171
12 02 -9999 153 153 151 151 153 151 151 151 172 176 180 181 181 194 194 180 181 181 181 180 176 171 171
12 03 -9999 153 153 151 149 151 140 151 151 171 172 180 181 189 192 190 181 181 181 180 180 171 162 169
12 04 -9999 153 151 140 140 140 140 151 142 162 171 180 181 189 192 190 181 181 180 176 176 171 160 162
12 05 -9999 153 151 140 140 140 140 151 142 162 171 180 180 181 181 181 181 181 180 172 171 162 158 162
12 06 -9999 153 153 140 140 140 140 151 142 160 171 172 180 180 180 181 180 180 180 172 171 162 158 162
12 07 158 153 153 140 140 140 140 151 142 160 171 172 180 180 180 180 180 180 180 172 171 162 158 162
12 08 158 153 151 140 140 140 140 142 142 160 171 172 180 180 181 181 181 180 180 176 171 162 160 158
12 09 158 151 151 140 140 140 140 140 142 153 162 172 180 180 180 181 181 180 180 172 162 162 158 158
12 10 158 151 149 140 140 131 131 129 140 151 162 172 176 180 176 176 180 172 171 162 153 160 153 153
12 11 153 149 142 131 131 129 129 131 129 140 158 162 169 172 172 172 176 162 162 158 151 153 149 142
12 12 153 140 131 129 129 122 129 122 122 140 153 160 160 171 162 172 172 160 158 151 142 149 142 131
12 13 140 131 129 111 120 111 120 122 120 129 153 149 151 158 160 171 158 153 153 142 140 142 140 129
12 14 122 129 111 111 111 109 109 120 118 129 149 140 142 153 140 158 158 151 153 142 140 140 140 122
12 15 122 122 111 111 104 104 102 118 111 122 140 140 140 153 140 151 158 151 151 142 140 140 140 122
12 16 122 122 111 111 104 104 102 118 111 120 140 129 131 151 131 142 142 142 151 131 140 131 122 109
12 17 122 109 104 102 102 102 102 118 111 120 140 129 131 151 131 142 142 140 142 131 129 129 122 104
12 18 104 109 102 102 104 104 104 118 109 111 131 129 129 151 129 140 140 140 129 129 122 122 122 104
12 19 102 109 102 91 90 102 90 109 109 104 122 122 129 142 129 129 131 129 122 122 122 122 120 100
12 20 102 109 100 91 100 104 91 111 109 104 122 129 129 142 140 140 140 131 122 122 122 120 109 91
12 21 91 109 91 90 86 102 86 109 104 102 122 122 129 142 129 140 140 129 122 122 120 111 109 91
12 22 91 102 100 90 100 102 90 109 109 102 122 122 129 140 129 131 131 129 122 122 120 111 111 100
12 23 86 102 100 90 100 102 90 109 109 102 122 122 129 140 129 140 140 129 122 111 111 102 111 86
12 24 91 102 91 90 86 99 86 104 102 102 120 122 129 140 122 131 131 129 122 111 109 102 109 86
12 25 91 102 102 91 100 102 100 104 109 102 120 131 131 140 140 131 131 129 122 111 111 111 111 102
12 26 102 111 104 91 100 102 100 102 102 104 122 140 140 151 140 140 140 140 122 122 122 122 122 118
12 27 111 111 111 102 102 104 102 102 102 111 122 142 140 153 142 142 140 140 122 131 122 129 122 122
12 28 111 122 111 109 109 109 102 102 102 109 122 142 142 153 142 149 140 140 129 131 131 129 122 122
12 29 122 122 120 111 111 104 102 109 109 111 122 140 140 153 142 142 140 140 122 131 131 129 122 122
12 30 -9999 122 120 111 111 109 109 109 109 111 122 140 140 142 142 140 140 140 122 131 131 129 122 122
12 31 -9999 122 120 120 111 109 109 111 109 111 122 140 140 142 142 142 140 142 131 142 131 131 122 122
