01 01 -9999 180 189 181 180 180 172 171 172 181 181 180 171 172 180 180 180 181 189 201 199 190 190 181
01 02 -9999 180 189 181 181 181 180 171 180 181 181 181 181 180 181 181 180 181 192 201 199 190 192 192
01 03 -9999 180 189 189 181 181 172 171 180 180 181 181 181 172 180 180 180 181 192 201 192 190 189 181
01 04 -9999 180 180 180 180 171 169 160 171 172 180 180 171 172 180 176 180 180 181 199 192 181 180 180
01 05 -9999 162 162 169 169 162 162 153 162 162 171 171 160 171 172 172 180 176 181 192 190 181 180 176
01 06 -9999 162 162 162 162 162 160 153 162 162 162 162 162 171 172 172 180 180 181 190 190 181 180 180
01 07 -9999 162 162 162 169 162 162 153 162 169 172 171 171 172 172 176 180 180 181 190 190 181 180 180
01 08 -9999 172 169 169 171 162 162 153 162 172 172 171 171 172 172 172 180 180 181 190 190 181 176 176
01 09 -9999 162 162 162 162 162 162 153 160 162 172 171 171 171 172 172 172 176 180 180 181 180 172 162
01 10 -9999 160 160 160 162 158 158 153 153 160 162 162 160 162 162 160 162 171 180 180 181 180 171 162
01 11 -9999 160 160 160 160 153 153 151 153 160 162 160 153 158 162 153 162 162 176 180 181 172 162 162
01 12 -9999 153 158 160 160 151 153 149 153 160 153 153 153 158 153 153 160 162 176 180 181 172 162 162
01 13 -9999 153 153 160 158 151 153 151 153 162 162 153 153 160 153 153 160 162 176 180 181 180 162 162
01 14 -9999 160 153 160 153 151 151 149 153 162 153 142 149 153 142 151 160 153 172 180 180 171 162 162
01 15 -9999 153 153 158 153 151 151 149 153 162 153 142 149 153 151 153 160 162 172 172 181 172 162 162
01 16 -9999 162 153 160 158 160 151 151 153 172 153 153 153 162 153 153 162 162 172 180 181 180 169 169
01 17 -9999 162 160 160 158 160 151 151 153 172 153 153 153 162 162 153 162 162 172 180 181 180 162 169
01 18 -9999 162 160 160 160 160 151 151 162 172 153 153 153 169 162 158 162 171 172 180 181 180 172 171
01 19 -9999 162 162 160 162 162 160 151 172 172 153 153 153 169 162 153 160 171 180 180 181 180 172 171
01 20 -9999 162 160 160 169 169 160 151 162 172 153 153 153 160 162 153 162 171 180 181 181 180 172 172
01 21 -9999 171 160 162 171 171 160 151 162 171 153 142 151 169 162 153 162 171 180 189 190 181 172 172
01 22 -9999 171 162 162 171 171 160 160 172 172 171 160 151 169 171 153 171 180 181 192 190 181 172 172
01 23 -9999 172 162 162 171 172 162 162 172 176 171 160 153 171 171 162 171 181 181 194 190 181 180 176
01 24 -9999 176 171 171 172 176 162 162 176 180 171 169 171 181 180 180 172 189 189 201 208 192 190 190
01 25 -9999 180 180 180 180 180 172 172 180 181 180 171 171 189 180 180 172 190 190 210 210 199 199 190
01 26 -9999 181 181 181 189 181 180 180 189 190 180 180 172 189 181 180 180 192 199 210 212 199 201 199
01 27 -9999 190 181 190 190 189 180 180 189 190 180 180 180 189 181 181 181 192 199 212 212 210 210 201
01 28 -9999 199 190 192 192 190 180 180 190 190 181 180 180 189 181 181 190 194 208 212 219 219 210 201
01 29 -9999 199 190 192 192 190 181 189 190 192 181 180 180 181 180 181 190 199 210 219 219 219 219 210
01 30 -9999 199 192 192 192 190 189 190 192 192 181 180 180 181 181 180 190 199 210 219 219 219 219 210
01 31 -9999 199 192 192 192 190 181 189 190 190 181 180 180 181 181 180 190 199 208 219 219 219 212 201
02 01 -9999 199 190 190 192 189 181 180 189 190 180 176 180 180 181 180 192 199 208 219 219 219 210 199
02 02 -9999 199 189 190 190 189 180 180 181 189 180 180 172 180 180 180 189 192 208 219 219 219 212 199
02 03 -9999 199 192 190 192 181 180 180 189 190 181 176 180 180 181 181 192 199 210 219 219 230 219 212
02 04 -9999 210 199 199 199 190 190 181 192 192 189 181 181 189 189 190 192 199 210 219 219 230 219 201
02 05 -9999 201 192 192 192 189 189 180 199 190 181 180 180 181 181 181 192 199 208 219 219 221 212 201
02 06 -9999 199 192 190 192 181 181 180 192 189 181 172 180 180 181 181 192 192 208 212 219 219 212 201
02 07 -9999 199 192 190 192 189 181 180 199 190 181 180 180 180 181 181 192 199 208 219 219 219 212 201
02 08 -9999 199 192 189 192 189 189 180 199 190 181 172 180 180 180 181 192 192 208 212 219 219 210 199
02 09 -9999 199 192 181 189 181 181 180 192 181 180 172 180 180 180 181 190 190 208 212 219 219 210 201
02 10 -9999 199 192 181 190 181 189 180 199 190 181 180 181 180 181 189 192 199 210 212 219 221 210 201
02 11 -9999 201 199 190 192 190 190 181 201 192 190 192 181 181 190 192 199 199 212 219 219 230 212 210
02 12 -9999 201 199 190 192 190 190 181 201 199 192 192 181 181 190 192 192 199 212 221 221 230 219 219
02 13 -9999 210 201 199 199 192 192 189 210 199 199 199 199 199 199 199 201 210 212 230 230 241 221 230
02 14 -9999 212 208 201 201 201 199 192 210 201 199 199 201 199 199 208 208 210 219 232 241 243 239 241
02 15 -9999 219 212 210 212 210 210 201 221 210 210 199 201 199 199 208 210 210 219 232 241 243 241 241
02 16 -9999 230 219 219 219 212 212 210 230 219 212 210 210 201 201 210 210 210 230 243 259 250 243 243
02 17 -9999 232 221 219 221 219 219 210 230 219 219 210 210 210 210 212 212 212 230 259 261 250 248 248
02 18 -9999 241 230 230 230 219 219 219 239 219 219 210 210 210 210 219 212 212 230 259 262 252 250 250
02 19 -9999 241 230 219 221 219 219 212 241 219 219 210 210 212 212 221 219 219 230 261 266 252 250 250
02 20 -9999 243 230 230 230 230 230 221 243 230 219 210 219 219 219 230 230 230 241 266 270 262 252 252
02 21 -9999 243 239 230 241 239 239 239 250 241 230 212 219 230 219 230 230 230 241 270 270 262 252 252
02 22 -9999 250 241 232 241 241 232 239 243 221 219 212 219 230 219 230 219 219 230 261 266 261 252 250
02 23 -9999 248 241 232 241 239 230 239 250 239 230 219 221 230 221 230 219 221 239 270 270 270 259 252
02 24 -9999 250 248 241 243 243 243 241 250 241 230 230 230 230 230 230 230 232 241 270 270 270 261 252
02 25 -9999 250 248 241 241 241 241 241 250 241 230 221 221 230 230 230 221 230 241 280 270 270 270 252
02 26 -9999 250 250 243 243 241 241 241 259 243 230 230 230 230 230 230 230 232 241 282 271 271 279 270
02 27 -9999 250 261 250 250 250 250 243 261 250 239 230 239 239 241 232 232 241 250 282 280 279 280 270
02 28 -9999 250 261 250 250 250 250 243 261 250 239 230 239 241 241 239 241 241 250 280 271 271 279 270
03 01 -9999 250 252 250 243 243 243 243 252 243 239 230 232 239 241 232 232 241 250 270 270 271 270 261
03 02 -9999 250 250 243 243 243 241 241 250 239 239 230 230 239 241 239 241 241 250 270 271 270 270 261
03 03 -9999 250 250 250 241 243 241 243 250 232 239 230 239 241 230 241 241 241 250 270 270 270 270 252
03 04 -9999 250 252 243 239 243 243 241 250 239 239 230 241 241 241 243 241 243 250 270 270 271 270 259
03 05 -9999 250 252 243 239 241 241 241 250 239 239 230 241 241 232 243 241 243 250 270 271 271 270 262
03 06 -9999 259 261 252 243 243 243 243 252 248 243 248 241 243 241 252 252 250 252 271 279 280 282 266
03 07 -9999 262 262 252 250 250 243 250 261 250 243 250 243 243 250 252 252 252 252 280 280 282 282 266
03 08 -9999 262 262 261 252 250 243 250 261 250 243 250 243 243 250 261 252 261 261 280 289 289 284 270
03 09 -9999 262 262 262 252 252 250 252 261 252 248 252 250 250 252 261 261 262 262 284 291 291 289 271
03 10 -9999 270 270 266 252 252 250 252 261 259 250 259 250 250 252 261 261 262 270 289 298 298 289 280
03 11 -9999 271 270 270 261 252 250 252 262 262 252 261 252 259 261 262 262 266 271 289 300 300 289 280
03 12 -9999 280 279 270 270 262 252 262 270 262 259 262 252 262 262 270 270 270 271 289 300 302 289 282
03 13 -9999 282 280 271 270 262 259 266 270 262 252 262 259 262 266 270 270 270 271 289 300 302 289 282
03 14 -9999 282 280 271 270 262 262 270 270 262 252 266 262 270 266 279 271 271 279 289 302 302 289 280
03 15 -9999 282 279 271 270 262 262 270 270 261 252 266 261 266 266 279 271 271 271 291 302 302 291 282
03 16 -9999 282 282 271 270 270 262 270 271 270 259 270 270 271 271 279 271 271 279 298 302 309 300 289
03 17 -9999 291 282 282 271 270 270 271 280 271 261 271 270 271 279 280 271 271 280 302 309 320 302 291
03 18 -9999 291 291 282 280 271 271 280 282 282 271 289 280 289 289 289 280 282 284 309 311 320 302 302
03 19 -9999 298 298 289 282 280 280 289 289 282 279 289 284 289 289 289 282 282 289 311 311 320 311 309
03 20 -9999 300 300 289 282 282 282 289 289 282 280 289 289 291 291 289 282 284 289 311 320 320 320 320
03 21 -9999 302 300 291 284 289 282 291 289 289 280 289 289 291 291 289 282 282 291 311 320 320 320 320
03 22 -9999 309 302 298 291 289 289 300 300 289 280 291 289 298 298 291 282 291 302 320 320 331 320 320
03 23 -9999 309 302 300 300 291 289 302 302 291 282 291 289 300 298 291 291 291 302 320 320 331 320 320
03 24 -9999 309 309 302 300 291 291 302 309 291 291 291 289 300 302 300 300 302 309 320 329 331 320 320
03 25 -9999 311 309 309 309 300 300 309 309 300 291 298 289 302 302 300 300 302 309 320 331 331 320 320
03 26 -9999 311 309 309 309 302 300 309 309 300 289 291 289 300 300 300 300 302 309 320 331 331 329 320
03 27 -9999 311 309 309 309 309 302 309 311 300 289 298 289 302 302 300 300 309 311 320 331 340 331 329
03 28 -9999 320 311 309 311 309 309 311 320 302 300 300 291 302 309 302 309 309 320 320 340 340 331 331
03 29 -9999 320 311 311 320 309 309 320 320 302 289 300 291 309 309 309 309 309 320 331 340 340 331 331
03 30 -9999 320 320 320 320 320 311 320 320 309 302 309 302 309 320 320 309 309 320 331 340 340 340 340
03 31 -9999 331 320 320 320 320 320 320 320 320 302 309 309 309 320 309 309 309 320 331 340 340 340 331
04 01 -9999 331 320 320 320 320 320 320 320 320 302 309 309 309 320 320 311 309 320 331 340 340 340 340
04 02 -9999 331 320 320 329 320 320 329 320 311 309 309 309 309 320 309 309 309 320 331 351 340 340 340
04 03 -9999 338 329 329 329 320 320 329 320 320 309 309 309 309 320 320 311 311 320 340 360 351 351 340
04 04 -9999 340 331 331 329 329 320 331 331 320 309 311 320 311 320 320 320 320 320 340 360 360 351 349
04 05 -9999 351 340 331 331 331 329 338 331 329 311 311 311 320 320 320 320 320 329 340 360 360 360 351
04 06 -9999 360 340 340 331 331 331 340 338 320 320 311 320 320 320 320 320 320 331 349 369 360 360 351
04 07 351 360 340 340 331 331 331 340 340 329 320 320 320 320 320 320 320 320 331 351 370 369 369 360
04 08 360 360 349 340 340 340 340 349 340 331 329 320 320 320 331 320 329 320 331 351 370 370 370 360
04 09 360 360 351 340 340 340 340 351 340 340 331 329 320 331 331 331 331 331 331 351 379 379 370 369
04 10 360 360 351 349 340 351 340 351 351 340 331 338 331 340 340 331 331 331 340 351 379 379 370 370
04 11 360 360 356 351 340 351 349 351 356 340 331 338 331 340 340 331 331 338 340 351 379 379 379 370
04 12 360 369 360 351 349 351 351 360 356 340 331 340 331 340 340 338 340 340 340 360 379 379 379 379
04 13 370 370 360 360 356 360 356 360 370 351 351 340 340 351 351 340 340 340 351 370 390 390 390 390
04 14 -9999 370 369 370 360 360 360 370 370 360 356 351 351 356 356 340 340 351 351 370 390 399 399 390
04 15 -9999 390 379 374 360 369 360 374 379 370 369 351 360 360 360 351 351 351 360 390 410 410 399 399
04 16 -9999 390 379 379 370 370 370 379 390 370 370 360 370 360 369 360 360 351 360 390 410 410 399 399
04 17 -9999 392 379 379 379 374 370 392 390 379 379 370 379 379 379 379 379 374 388 410 419 421 419 410
04 18 -9999 399 399 390 388 379 379 399 399 390 388 379 379 390 390 379 390 379 390 410 421 430 421 410
04 19 -9999 399 399 390 390 379 379 399 410 390 390 390 390 390 390 390 390 390 390 410 421 430 421 421
04 20 -9999 410 399 399 399 390 390 399 410 399 390 390 390 390 390 390 390 390 399 410 430 430 428 421
04 21 -9999 410 410 410 399 390 392 410 410 399 399 390 390 390 390 390 390 390 399 419 441 439 430 430
04 22 -9999 419 410 410 410 399 399 419 419 410 399 390 399 390 390 390 390 399 399 430 441 441 441 441
04 23 -9999 421 419 419 410 399 399 428 421 421 399 399 399 410 399 399 399 399 410 441 450 450 450 450
04 24 -9999 430 421 421 419 399 410 430 430 430 410 421 410 410 399 399 399 399 421 450 459 450 459 450
04 25 -9999 430 430 421 421 410 421 439 430 430 421 421 410 419 399 410 410 399 421 450 464 460 459 450
04 26 -9999 439 441 428 421 419 421 441 441 430 421 421 421 421 417 415 410 410 421 450 469 460 460 450
04 27 -9999 441 441 430 421 421 426 442 441 430 421 421 421 421 421 421 410 410 428 459 469 469 469 459
04 28 -9999 446 441 441 430 421 428 450 441 430 428 421 421 421 421 421 419 410 428 450 469 469 469 460
04 29 -9999 450 441 441 430 421 430 450 450 441 430 430 421 430 421 421 421 421 430 460 469 469 469 469
04 30 -9999 450 446 441 439 430 430 450 450 450 430 430 430 430 430 428 430 430 439 460 478 469 469 469
05 01 -9999 460 450 442 441 430 441 450 450 450 430 430 439 439 430 430 430 430 441 469 482 480 480 478
05 02 -9999 460 460 450 450 441 441 459 450 450 439 430 439 439 430 430 430 430 450 469 489 480 480 480
05 03 -9999 469 460 450 450 441 450 460 450 459 441 439 441 441 430 430 441 441 450 469 489 489 489 480
05 04 -9999 469 460 450 450 450 450 460 450 460 446 439 441 441 430 437 441 450 450 469 489 489 489 480
05 05 -9999 469 469 460 459 450 450 469 460 460 450 450 450 450 441 441 446 450 460 489 500 500 489 489
05 06 -9999 480 469 469 464 460 460 480 469 460 459 460 460 459 450 446 450 460 464 489 509 505 500 500
05 07 -9999 489 480 478 469 469 469 480 469 469 460 460 460 460 450 450 460 464 469 489 511 505 500 500
05 08 -9999 489 480 478 469 469 469 480 469 469 460 460 464 460 450 450 460 464 480 489 511 511 500 500
05 09 -9999 489 480 480 469 469 469 480 480 480 469 469 469 464 469 450 460 469 480 500 520 511 511 500
05 10 -9999 489 480 480 469 469 480 489 480 489 480 480 469 469 469 460 469 469 480 500 520 520 511 509
05 11 -9999 489 489 480 480 469 480 489 480 489 480 489 469 469 469 469 469 469 489 511 520 520 511 511
05 12 -9999 489 489 480 480 469 480 489 480 489 489 489 469 469 480 469 469 469 489 511 520 520 511 511
05 13 -9999 489 489 480 480 469 480 489 480 489 489 489 480 469 480 469 464 469 489 511 529 520 511 511
05 14 -9999 500 489 489 480 469 480 489 489 489 489 489 482 480 480 469 469 469 489 511 529 520 511 511
05 15 -9999 500 489 489 480 478 480 500 489 500 489 489 489 480 480 469 469 478 489 511 529 520 511 511
05 16 -9999 500 489 489 480 480 489 500 500 500 500 500 500 489 482 469 480 489 489 520 529 529 520 511
05 17 -9999 500 489 500 489 482 489 509 500 509 500 500 500 489 489 480 480 489 489 520 531 531 520 520
05 18 -9999 511 500 500 489 489 489 511 509 509 500 500 500 489 489 489 480 489 500 520 531 531 531 520
05 19 -9999 511 509 500 500 489 500 511 511 511 500 500 500 500 500 489 489 489 500 520 540 531 531 520
05 20 -9999 520 511 509 500 500 500 520 520 520 500 511 500 500 509 500 500 500 500 520 540 531 531 529
05 21 -9999 520 511 511 500 500 500 520 520 520 500 511 500 500 511 500 500 500 511 531 540 540 531 531
05 22 -9999 520 511 511 500 500 509 520 520 520 509 511 509 500 511 511 500 500 511 531 540 540 536 531
05 23 -9999 520 511 511 500 500 511 531 529 529 520 511 511 511 511 511 509 509 520 531 549 540 540 540
05 24 -9999 529 520 511 509 500 511 531 540 531 520 511 511 511 511 518 509 509 531 540 550 550 549 540
05 25 -9999 531 520 520 511 509 520 540 540 540 520 520 518 520 520 520 511 511 531 549 550 559 550 549
05 26 -9999 540 529 520 520 520 529 549 550 550 531 520 529 531 520 529 520 520 536 550 559 559 559 550
05 27 -9999 540 531 531 520 520 531 550 550 550 540 540 531 531 531 531 531 531 540 559 570 579 568 559
05 28 -9999 550 540 540 531 531 540 559 568 559 550 550 540 540 540 540 540 540 550 570 579 590 570 570
05 29 -9999 559 559 550 540 540 550 559 570 568 559 550 550 550 550 540 540 550 559 579 579 590 579 572
05 30 -9999 559 559 550 550 550 550 559 570 570 559 554 550 559 550 550 550 550 559 579 590 590 579 579
05 31 -9999 570 559 559 550 550 559 570 570 570 570 559 559 559 550 550 550 550 559 579 599 601 590 579
06 01 -9999 570 559 559 559 550 559 579 579 579 572 559 559 559 559 550 554 554 559 579 601 601 590 579
06 02 -9999 570 570 570 559 559 570 579 579 579 579 570 568 568 559 559 559 559 568 579 601 601 599 590
06 03 -9999 579 570 570 559 559 570 579 579 579 579 570 570 570 568 559 559 559 570 590 608 610 601 590
06 04 -9999 579 579 570 570 570 570 579 590 590 579 570 570 570 570 570 559 570 572 590 610 610 610 601
06 05 -9999 579 579 572 570 570 579 590 590 590 590 579 570 579 570 570 559 570 579 601 610 610 610 601
06 06 -9999 579 579 572 570 570 579 590 601 590 590 579 570 572 570 570 559 570 579 601 610 610 610 601
06 07 590 579 590 579 572 570 579 590 601 601 590 579 570 579 570 570 570 570 579 601 619 610 610 601
06 08 590 590 590 579 579 572 590 601 601 601 590 579 570 579 570 570 570 570 579 610 621 610 610 608
06 09 590 599 590 590 579 572 601 601 610 610 590 579 570 579 579 570 579 570 590 621 621 610 610 610
06 10 601 599 590 590 579 579 601 610 610 610 590 579 579 590 579 570 579 570 590 621 621 621 610 610
06 11 601 601 599 590 579 579 599 608 610 601 590 579 579 590 579 570 579 570 590 621 630 621 621 610
06 12 601 599 599 590 590 579 599 610 610 610 601 579 579 590 579 579 579 570 590 621 630 621 621 610
06 13 601 601 599 590 590 590 601 610 619 610 610 590 590 599 590 579 590 579 599 621 630 630 621 621
06 14 -9999 601 601 599 590 590 601 610 621 621 610 601 601 601 599 590 590 590 601 630 630 630 621 621
06 15 -9999 610 610 601 601 590 610 621 630 630 619 608 601 601 601 599 590 590 601 630 640 640 630 626
06 16 621 610 610 601 601 601 610 621 630 630 621 610 601 601 601 601 601 599 610 630 640 640 639 630
06 17 621 610 610 601 601 601 610 621 630 630 621 610 601 610 601 601 601 601 610 640 649 640 640 630
06 18 621 610 610 610 610 601 610 621 630 630 621 621 610 610 601 601 601 601 610 640 640 640 640 630
06 19 621 610 610 601 601 601 610 621 630 630 621 610 601 610 601 601 601 601 610 640 640 640 640 630
06 20 621 610 610 601 610 601 610 621 630 630 621 610 601 601 601 601 601 601 601 630 649 649 640 630
06 21 630 619 619 610 610 601 610 621 640 630 621 610 610 610 601 601 601 601 610 640 649 649 640 630
06 22 630 621 621 610 610 601 610 621 640 639 621 621 610 610 608 601 601 601 610 640 649 649 640 630
06 23 630 621 621 610 610 610 621 630 640 640 621 621 610 610 610 608 601 601 619 644 649 649 640 630
06 24 630 621 621 610 610 610 621 630 649 640 630 621 619 610 610 610 610 610 621 649 658 649 649 639
06 25 -9999 630 621 621 621 610 621 640 649 640 630 630 621 610 610 610 610 610 621 649 660 658 649 640
06 26 640 630 630 630 621 621 630 640 649 649 640 630 630 621 621 621 621 621 630 649 660 660 649 640
06 27 640 630 630 630 630 630 630 649 649 649 644 630 630 621 621 621 621 630 640 660 660 660 658 649
06 28 -9999 640 640 630 630 630 639 649 660 649 649 640 630 630 630 621 630 630 640 660 660 669 658 649
06 29 649 640 640 630 640 630 640 649 660 649 649 640 630 630 630 630 630 630 640 660 669 669 660 649
06 30 -9999 644 640 640 640 630 640 660 660 658 658 644 640 640 630 630 630 630 640 660 662 669 660 649
07 01 -9999 644 649 640 640 639 644 660 669 660 660 649 640 630 640 630 630 640 640 660 669 669 660 658
07 02 -9999 649 649 649 649 639 649 660 669 669 660 649 640 640 640 630 630 640 640 660 669 669 662 658
07 03 -9999 649 649 649 649 640 649 660 669 669 660 649 640 640 640 630 640 640 649 660 669 669 669 660
07 04 -9999 660 658 658 649 644 660 660 669 669 669 649 649 640 649 640 640 649 658 669 680 669 669 662
07 05 -9999 660 660 660 658 649 660 669 680 680 680 660 660 658 669 649 649 660 669 680 680 680 680 669
07 06 -9999 662 662 660 660 660 669 669 680 680 680 669 669 660 669 658 660 660 669 680 680 680 680 669
07 07 -9999 669 669 669 660 660 669 680 680 680 680 669 669 669 669 658 660 660 669 680 680 680 680 669
07 08 -9999 669 669 669 660 660 669 669 680 680 680 680 669 669 669 660 660 660 669 680 680 680 680 669
07 09 -9999 669 669 669 660 660 669 669 680 680 680 680 669 669 669 660 662 660 680 691 691 691 680 680
07 10 -9999 669 669 669 669 662 669 680 691 691 689 680 680 680 669 669 669 669 680 691 691 691 680 680
07 11 -9999 669 669 669 662 662 669 680 691 691 689 680 680 680 669 669 669 669 680 691 691 691 680 680
07 12 -9999 669 669 669 662 662 669 680 691 691 689 680 680 680 669 669 669 669 680 691 691 689 680 680
07 13 -9999 669 669 669 662 669 669 680 691 691 680 680 680 680 669 669 662 669 680 691 691 680 680 680
07 14 -9999 669 669 669 660 662 669 680 691 691 680 680 680 680 669 660 669 669 680 691 691 680 680 680
07 15 -9999 669 669 669 660 662 669 680 691 691 680 680 680 680 669 669 669 669 680 691 691 680 680 680
07 16 -9999 669 669 669 660 662 669 680 691 680 680 680 669 680 669 660 669 669 680 691 691 680 680 669
07 17 -9999 669 669 660 660 660 660 669 680 680 680 680 669 680 669 660 660 669 669 680 680 680 680 669
07 18 -9999 669 669 660 660 660 660 669 680 680 680 680 669 669 660 660 660 669 669 680 680 680 680 669
07 19 -9999 669 662 658 660 649 660 669 680 680 680 680 660 669 660 660 660 660 669 680 680 680 680 669
07 20 -9999 660 660 649 660 649 660 669 680 680 680 669 660 669 660 660 660 660 669 680 680 680 669 669
07 21 -9999 660 660 649 649 649 649 669 680 680 680 669 660 669 660 660 660 660 669 680 680 680 669 669
07 22 -9999 660 658 649 649 649 649 669 680 680 680 680 660 669 660 660 660 660 669 680 680 680 680 669
07 23 -9999 660 660 649 649 649 649 669 680 680 680 680 669 669 660 660 660 660 680 680 680 680 680 669
07 24 -9999 660 660 649 649 649 649 660 680 680 680 680 669 669 660 660 660 660 680 680 680 680 669 669
07 25 -9999 660 658 649 649 649 649 660 680 680 680 680 669 669 660 660 658 660 669 689 689 680 669 669
07 26 -9999 660 660 649 649 649 649 660 680 680 680 680 669 669 658 660 649 660 669 691 691 680 680 669
07 27 -9999 660 660 658 658 649 660 669 680 680 680 680 669 669 660 660 649 660 669 691 691 680 680 669
07 28 -9999 660 660 658 658 649 660 662 680 680 680 680 669 669 660 660 649 660 669 691 691 680 680 680
07 29 -9999 662 660 660 660 649 660 669 680 680 680 680 669 669 660 660 649 660 669 691 691 680 680 669
07 30 -9999 660 660 658 660 649 660 662 680 680 680 680 669 669 660 658 649 660 669 691 691 680 680 669
07 31 -9999 662 660 660 660 649 660 669 680 680 680 680 669 669 660 660 649 660 669 691 691 689 680 669
08 01 -9999 660 660 658 660 658 660 669 680 680 680 680 669 669 660 660 649 660 669 691 691 680 680 669
08 02 -9999 660 660 658 658 658 660 662 680 680 680 669 669 669 660 649 649 660 669 691 691 680 669 669
08 03 -9999 660 660 658 658 649 658 660 680 680 680 669 662 662 660 649 649 660 669 689 689 680 669 669
08 04 -9999 658 649 649 649 649 649 660 680 680 669 669 660 660 658 649 649 649 662 680 680 680 680 669
08 05 -9999 658 660 649 649 649 649 660 680 680 669 660 649 660 649 649 644 649 660 680 680 680 669 669
08 06 -9999 649 649 649 649 649 649 660 669 680 669 660 640 649 640 640 640 640 660 680 680 669 669 669
08 07 -9999 649 649 649 644 644 649 658 669 669 660 649 640 640 630 639 630 639 660 680 680 669 669 662
08 08 -9999 649 644 649 640 640 644 658 669 669 660 644 640 640 630 630 630 630 649 669 669 669 669 662
08 09 -9999 644 640 644 640 640 644 649 669 669 660 640 630 639 630 630 630 630 649 669 669 662 662 660
08 10 -9999 644 640 640 639 630 644 649 662 669 660 640 630 630 626 630 630 630 649 669 662 660 660 660
08 11 -9999 644 630 640 630 630 630 644 660 660 649 630 630 630 621 626 626 630 649 662 662 660 660 649
08 12 -9999 644 630 640 630 630 630 649 660 669 649 630 630 630 626 630 630 630 649 660 662 660 660 649
08 13 -9999 644 630 639 630 630 630 649 660 669 649 630 630 626 621 626 630 630 649 660 660 660 649 649
08 14 -9999 640 630 630 630 630 630 649 660 669 649 630 630 630 621 621 630 630 649 660 662 660 649 649
08 15 -9999 640 630 630 630 630 630 649 660 660 649 630 630 621 621 621 621 630 644 660 662 660 658 649
08 16 -9999 640 630 630 630 626 621 649 649 660 649 630 630 621 621 621 621 630 649 660 662 660 658 658
08 17 -9999 640 630 630 630 626 626 649 649 660 649 630 630 621 621 621 621 630 644 660 662 660 658 658
08 18 -9999 640 630 630 630 621 621 649 649 660 649 630 630 621 621 621 621 630 644 660 662 660 658 649
08 19 -9999 640 630 630 630 621 621 649 658 660 649 630 630 621 621 621 621 630 644 660 662 660 658 660
08 20 -9999 640 630 630 630 626 630 649 660 660 649 640 640 630 626 621 626 630 649 660 669 662 660 660
08 21 -9999 644 639 630 630 630 630 649 660 660 649 640 640 630 630 630 630 630 649 662 669 662 660 660
08 22 -9999 644 639 639 630 630 630 649 660 660 649 640 640 630 630 630 630 630 649 662 669 662 660 660
08 23 -9999 644 640 639 630 630 630 649 660 660 649 640 640 630 626 626 630 630 649 660 662 660 658 658
08 24 -9999 640 639 630 630 626 626 644 658 658 649 640 630 626 621 621 626 630 649 660 662 660 658 649
08 25 -9999 640 639 630 630 621 621 640 649 658 649 640 630 621 621 621 626 630 649 660 660 658 649 649
08 26 -9999 640 639 630 630 621 621 640 649 658 649 640 630 621 621 621 621 630 644 658 658 649 649 649
08 27 -9999 639 630 630 626 621 619 639 644 649 640 630 621 621 610 610 621 621 640 649 649 649 649 644
08 28 -9999 630 630 626 621 619 610 626 639 640 639 621 619 610 610 601 610 610 630 640 640 644 640 640
08 29 -9999 630 626 621 619 610 610 621 630 630 630 610 610 601 601 590 608 601 626 640 630 639 640 630
08 30 -9999 626 621 619 610 608 608 621 630 630 626 610 610 601 601 601 601 601 621 639 630 630 630 626
08 31 -9999 621 621 610 610 601 601 610 630 630 621 608 601 601 601 590 601 601 610 630 630 630 630 626
09 01 -9999 621 610 610 610 599 590 610 630 621 621 610 601 601 601 590 590 601 610 630 630 630 630 621
09 02 -9999 621 610 610 610 599 590 610 630 621 610 601 601 590 590 590 590 590 601 626 626 626 630 621
09 03 -9999 621 610 608 601 579 579 608 621 621 610 599 590 590 590 590 590 590 601 621 619 610 621 610
09 04 -9999 608 601 599 599 579 579 601 610 610 610 590 590 590 590 579 590 590 601 610 610 610 619 610
09 05 -9999 601 601 590 590 579 579 590 601 610 610 590 590 590 590 579 579 579 601 610 610 610 619 610
09 06 -9999 590 601 590 590 579 579 590 601 610 610 590 590 590 579 579 579 579 601 610 610 608 610 601
09 07 -9999 590 590 590 590 572 570 590 601 610 601 579 590 579 579 579 579 579 601 610 608 601 601 590
09 08 -9999 590 590 590 579 570 570 579 590 601 590 579 579 572 570 570 570 570 590 601 601 590 590 590
09 09 -9999 579 579 570 570 559 559 579 590 601 590 572 570 570 568 570 570 570 590 601 601 590 590 579
09 10 -9999 579 570 570 559 550 554 570 579 590 579 570 568 559 559 559 559 559 590 599 601 590 579 572
09 11 -9999 570 559 559 550 540 540 559 579 590 579 570 559 559 559 554 559 559 579 590 590 590 579 570
09 12 -9999 559 559 550 540 531 536 559 570 579 572 559 554 550 554 549 550 554 579 590 590 579 579 568
09 13 -9999 559 550 549 536 531 531 550 570 579 570 550 550 550 549 540 536 540 572 579 579 570 568 559
09 14 -9999 550 540 540 531 531 529 549 559 568 559 550 540 540 540 531 531 540 559 570 579 568 559 559
09 15 -9999 550 540 540 520 529 520 540 559 559 550 550 531 536 531 520 529 531 559 559 570 559 559 550
09 16 -9999 540 531 529 520 520 511 531 540 540 540 531 520 520 518 520 509 520 536 550 550 550 540 540
09 17 -9999 529 520 511 511 511 509 520 531 531 531 520 518 511 500 511 500 500 520 540 540 540 531 529
09 18 -9999 511 511 500 500 511 500 520 529 531 520 511 511 500 489 500 500 500 520 531 531 531 520 520
09 19 -9999 511 511 500 489 489 500 511 529 529 520 511 511 500 489 489 500 489 511 520 531 520 511 511
09 20 -9999 511 500 489 489 489 480 511 511 520 509 489 500 489 480 480 489 489 500 520 520 520 511 500
09 21 -9999 500 489 480 480 480 480 500 500 511 500 480 489 469 469 469 469 478 500 511 511 509 489 489
09 22 -9999 480 480 478 469 469 469 489 500 500 480 480 480 469 469 460 460 469 489 511 500 500 489 489
09 23 -9999 478 469 469 460 460 464 489 500 500 480 469 469 464 460 450 450 460 489 511 500 500 489 482
09 24 -9999 469 469 464 460 459 460 480 500 500 469 469 460 460 450 450 450 460 489 511 500 500 489 482
09 25 -9999 469 460 464 459 459 450 480 500 489 469 460 450 450 450 450 441 460 489 500 500 500 480 480
09 26 -9999 469 460 460 450 450 450 480 489 489 469 450 450 450 441 441 441 450 489 500 500 500 480 480
09 27 -9999 469 460 460 450 450 450 478 489 489 469 450 450 446 441 441 430 450 489 500 500 489 480 478
09 28 -9999 469 459 460 450 450 441 464 480 489 460 450 446 441 441 439 430 441 480 489 489 489 478 469
09 29 -9999 460 450 450 450 446 441 460 478 478 450 441 441 441 430 430 430 441 469 489 489 480 469 469
09 30 -9999 460 450 450 450 441 441 450 469 460 441 439 430 430 430 430 421 430 469 489 480 480 469 469
10 01 -9999 459 450 450 446 430 441 450 469 460 441 430 430 430 430 428 421 430 460 480 480 478 469 460
10 02 -9999 450 450 450 441 430 430 450 469 459 441 430 421 421 421 421 410 430 460 480 480 469 460 460
10 03 -9999 450 441 446 430 430 428 441 460 450 441 421 421 421 419 410 410 430 460 469 469 469 459 459
10 04 -9999 450 441 441 430 421 421 441 460 441 430 421 421 421 410 410 392 421 450 460 469 460 450 450
10 05 -9999 441 439 430 421 419 421 430 450 441 430 421 421 410 410 399 390 421 450 460 460 450 450 450
10 06 -9999 430 430 430 421 410 419 430 441 430 421 410 399 399 399 399 379 410 450 450 459 450 441 441
10 07 -9999 421 421 421 410 410 410 421 441 430 419 399 390 399 390 390 379 410 441 450 450 439 430 430
10 08 -9999 410 421 410 399 399 399 419 441 421 410 399 390 390 379 390 370 390 441 450 450 439 430 430
10 09 -9999 410 410 410 399 390 390 410 430 421 410 390 379 379 379 370 370 379 430 441 441 430 430 428
10 10 -9999 410 410 410 399 390 390 410 430 421 399 390 379 379 370 370 370 379 430 441 441 430 430 428
10 11 -9999 410 410 410 392 390 390 410 428 410 399 379 379 379 370 370 360 379 428 430 439 421 421 421
10 12 -9999 399 399 399 390 379 379 399 421 410 392 379 370 370 360 370 360 374 421 430 430 421 421 421
10 13 -9999 399 399 399 388 379 379 392 419 399 390 374 370 370 360 360 360 374 421 430 430 421 419 419
10 14 -9999 399 392 390 379 379 374 390 410 399 390 379 370 370 360 360 360 379 421 428 430 421 419 419
10 15 -9999 399 392 390 379 379 374 390 399 399 390 374 360 360 360 360 360 374 419 428 428 410 410 410
10 16 -9999 392 390 388 379 379 374 390 399 399 374 374 360 356 356 351 360 370 410 421 421 410 410 410
10 17 -9999 392 388 379 379 374 370 379 392 390 370 360 351 351 351 340 351 369 399 410 410 410 399 399
10 18 -9999 379 379 379 374 360 360 374 390 390 370 360 351 349 340 340 340 360 399 410 410 399 399 392
10 19 -9999 379 379 374 370 360 360 370 390 379 369 356 349 340 340 340 340 356 399 399 410 399 392 392
10 20 -9999 379 370 370 369 360 351 370 379 379 360 351 340 340 340 338 340 356 390 399 399 392 390 390
10 21 -9999 374 370 370 360 360 351 369 379 379 360 340 340 340 340 331 338 351 388 399 399 392 390 390
10 22 -9999 370 370 360 360 360 351 360 379 379 356 340 340 338 340 331 338 351 390 399 399 392 390 379
10 23 -9999 370 360 356 356 351 340 351 379 379 356 340 340 340 340 331 340 356 390 399 399 392 390 379
10 24 -9999 370 360 356 356 351 340 351 379 379 356 340 340 340 340 338 340 356 399 399 399 392 390 379
10 25 -9999 370 360 356 356 351 340 351 370 379 356 340 340 331 340 331 340 356 390 399 399 390 379 379
10 26 -9999 369 351 351 351 340 340 340 369 370 351 338 340 331 331 329 331 351 390 399 390 379 379 370
10 27 -9999 360 351 351 340 340 338 340 360 360 351 331 331 331 320 320 331 351 374 390 379 379 370 370
10 28 -9999 351 351 340 340 338 331 338 360 360 340 331 331 320 320 320 320 340 360 379 379 370 370 369
10 29 -9999 351 340 338 331 331 331 331 356 356 338 331 320 309 302 320 320 331 351 374 360 360 360 351
10 30 -9999 340 331 331 320 320 320 329 351 349 331 320 320 302 300 302 300 320 351 360 356 351 356 340
10 31 -9999 331 320 320 311 309 309 320 340 338 320 311 309 298 300 302 300 311 340 356 351 351 340 331
11 01 -9999 320 320 320 311 309 309 311 338 331 311 309 309 291 291 298 298 311 340 356 349 349 340 331
11 02 -9999 320 311 320 320 309 309 311 338 329 309 302 302 291 289 298 298 320 340 351 349 331 340 331
11 03 -9999 320 311 320 320 309 309 311 331 320 302 302 298 289 284 282 291 302 331 340 338 331 331 320
11 04 -9999 320 311 311 311 309 309 309 320 320 302 298 291 289 284 280 289 302 331 340 331 331 329 320
11 05 -9999 311 309 311 309 302 302 309 320 320 302 302 291 289 284 282 289 298 329 338 331 320 320 309
11 06 -9999 309 309 311 309 302 302 302 311 320 302 291 284 284 279 279 282 289 320 331 320 320 320 302
11 07 -9999 302 302 302 302 300 302 300 309 309 300 289 284 279 271 271 282 291 320 320 320 320 311 302
11 08 -9999 302 298 302 302 298 300 298 309 309 300 289 271 270 270 270 266 289 311 320 320 320 309 302
11 09 -9999 302 291 298 300 289 298 291 309 309 298 282 262 262 266 266 262 284 311 311 320 320 309 302
11 10 -9999 300 289 291 291 289 289 282 302 302 282 271 261 262 252 262 262 284 309 311 311 311 302 302
11 11 -9999 298 289 289 289 289 289 282 302 302 284 271 261 266 266 266 270 289 311 311 311 311 302 302
11 12 -9999 298 289 291 289 289 289 289 302 309 298 284 262 266 266 266 271 289 320 320 311 311 309 302
11 13 -9999 300 291 298 298 289 291 282 302 309 289 280 262 266 261 266 270 289 311 311 311 311 302 302
11 14 -9999 298 291 291 289 289 289 280 302 309 289 280 262 262 261 262 262 284 309 311 311 311 302 300
11 15 -9999 291 289 289 282 282 282 271 298 302 289 280 262 262 261 266 266 291 302 311 311 309 302 300
11 16 -9999 298 289 284 282 282 282 271 298 300 289 271 261 261 261 262 266 291 302 309 311 309 302 300
11 17 -9999 291 289 282 280 271 280 270 289 298 284 271 261 261 252 250 261 284 300 309 309 302 300 298
11 18 -9999 291 284 280 279 271 271 270 284 298 282 270 261 261 252 250 261 289 300 302 309 302 298 298
11 19 -9999 291 282 279 279 271 271 270 284 291 282 270 261 261 252 250 261 289 300 302 302 302 298 298
11 20 -9999 291 282 280 279 270 271 270 282 291 282 270 261 261 250 250 261 284 300 302 302 302 298 298
11 21 -9999 291 282 279 271 270 270 266 284 291 280 266 261 261 252 250 262 282 300 302 302 302 298 298
11 22 -9999 289 282 279 271 270 270 262 282 291 280 262 261 259 250 250 261 280 291 302 300 298 291 289
11 23 -9999 282 279 271 270 270 270 261 282 289 280 261 261 250 243 250 261 280 291 302 300 298 291 289
11 24 -9999 280 279 270 270 270 262 259 280 289 279 261 261 250 243 250 259 270 291 300 300 289 289 282
11 25 -9999 280 271 270 262 270 261 252 280 289 271 261 261 250 243 250 252 270 289 298 300 289 289 280
11 26 -9999 279 270 270 262 262 259 252 280 282 271 259 252 243 243 243 250 262 280 289 282 282 282 271
11 27 -9999 270 270 262 252 252 252 250 271 271 270 252 250 243 239 241 243 261 280 282 280 282 279 270
11 28 -9999 270 261 261 250 250 250 243 270 270 262 250 248 243 232 241 241 261 280 280 271 270 270 270
11 29 -9999 261 252 259 250 250 250 243 270 270 262 250 250 243 239 241 243 261 280 280 271 270 270 266
11 30 -9999 261 252 261 250 250 243 241 262 270 261 250 248 241 232 241 241 261 280 280 270 270 270 262
12 01 -9999 261 250 252 250 250 243 241 261 270 261 250 248 241 239 241 243 261 280 280 270 270 262 261
12 02 -9999 261 250 252 250 243 243 241 252 266 252 250 248 241 239 241 243 261 280 271 270 270 262 261
12 03 -9999 250 250 250 243 241 241 239 250 261 250 243 243 241 239 239 243 261 279 271 270 266 261 259
12 04 -9999 250 248 241 241 239 241 230 250 252 250 241 241 232 230 230 241 259 266 270 270 262 261 252
12 05 -9999 243 243 232 241 230 230 230 241 248 250 239 230 230 221 230 230 241 261 266 266 261 252 250
12 06 -9999 241 241 230 232 230 230 221 241 243 243 232 221 221 221 230 230 241 261 262 262 261 250 250
12 07 -9999 241 241 230 230 230 221 221 239 241 248 232 230 221 221 230 230 241 261 261 261 252 250 248
12 08 -9999 241 241 230 230 230 221 219 232 241 243 230 221 221 221 230 230 241 259 261 259 252 250 243
12 09 -9999 230 230 221 221 221 221 219 232 241 241 230 221 221 221 230 221 241 252 261 252 252 248 241
12 10 -9999 230 230 221 219 219 219 219 232 241 241 230 221 221 221 221 221 232 252 252 250 252 243 241
12 11 -9999 230 230 219 219 219 219 219 232 241 241 221 221 221 221 221 221 232 252 252 250 252 243 232
12 12 -9999 221 212 219 212 219 219 212 230 230 241 221 212 219 219 219 221 232 250 250 250 243 239 230
12 13 -9999 212 210 210 201 210 210 212 221 219 221 201 210 212 212 212 212 232 243 248 243 241 232 219
12 14 -9999 212 210 210 201 210 210 212 221 219 212 201 210 212 210 212 212 219 232 232 232 232 219 212
12 15 -9999 210 201 201 199 201 199 210 210 212 212 199 201 210 201 210 201 212 219 230 219 219 219 212
12 16 -9999 201 199 190 192 192 190 199 199 208 192 192 201 192 192 201 201 210 212 221 212 212 212 210
12 17 -9999 190 190 190 190 190 190 192 199 201 190 192 199 190 190 199 199 199 210 221 201 210 201 201
12 18 -9999 181 181 180 180 172 172 192 181 192 189 181 192 181 190 194 194 199 210 219 201 201 199 199
12 19 -9999 181 172 180 180 172 176 190 190 192 189 181 192 181 190 194 194 192 201 219 201 210 201 208
12 20 -9999 190 190 180 180 180 180 192 192 194 190 181 192 190 190 199 199 199 210 221 201 212 212 210
12 21 -9999 194 190 181 180 190 180 192 190 190 181 181 181 181 190 194 192 192 201 219 201 212 212 210
12 22 -9999 194 194 181 180 190 180 192 190 192 189 181 181 180 190 190 190 190 201 212 199 201 208 201
12 23 -9999 181 190 180 180 189 180 190 172 189 172 172 172 172 181 190 181 189 192 201 199 199 201 194
12 24 -9999 181 189 180 180 180 180 180 172 181 172 176 172 172 181 190 181 189 192 212 199 199 192 192
12 25 -9999 181 190 181 180 189 180 180 172 189 172 172 172 172 180 181 180 189 189 201 199 194 192 192
12 26 -9999 181 190 181 180 189 180 180 172 181 172 171 171 171 180 181 180 181 189 199 199 192 192 192
12 27 -9999 180 190 189 180 180 180 180 180 189 180 176 172 172 180 181 180 189 192 201 199 199 199 194
12 28 -9999 189 190 190 190 190 180 180 180 189 181 180 172 172 180 181 181 189 192 199 199 199 190 192
12 29 -9999 180 189 180 180 180 172 171 171 172 172 172 171 171 162 172 180 181 181 199 190 190 181 181
12 30 -9999 180 189 181 180 180 172 171 171 180 180 172 171 172 172 180 180 189 192 201 201 192 192 192
12 31 -9999 181 190 189 181 181 180 171 180 181 180 180 171 172 176 180 180 189 192 201 199 190 190 181
