01 01 142 147 142 -9999 129 140 140 140 153 162 158 158 153 158 158 153 153 153 158 153 153 158 158 162
01 02 153 153 153 142 140 140 140 153 153 162 158 158 153 160 162 160 153 153 163 158 158 158 158 162
01 03 153 153 153 142 140 140 140 142 153 160 158 153 142 153 156 153 147 142 156 153 158 154 158 153
01 04 140 142 149 140 129 140 140 140 149 158 153 149 142 140 153 145 131 131 142 142 142 142 131 140
01 05 131 131 122 122 122 129 131 131 140 153 142 142 135 131 135 142 127 122 122 135 140 136 131 127
01 06 122 126 122 122 118 122 122 122 131 142 140 140 131 131 131 124 122 122 122 131 131 131 129 127
01 07 122 126 122 122 118 122 122 122 131 142 142 140 131 131 131 131 122 122 131 131 140 131 131 127
01 08 122 126 122 122 118 122 122 122 131 142 142 135 131 131 131 131 131 122 122 131 140 131 131 126
01 09 122 126 122 122 118 122 122 122 129 131 122 122 122 122 124 122 122 122 122 131 131 129 122 122
01 10 122 122 122 122 118 122 122 111 129 122 122 122 122 122 122 122 122 122 122 131 122 129 122 122
01 11 122 122 122 122 122 124 122 122 131 140 122 122 122 118 122 122 118 111 122 129 122 122 122 122
01 12 122 122 122 122 118 122 122 122 131 140 122 122 122 115 122 122 120 113 122 131 129 131 122 122
01 13 122 122 122 122 122 122 122 122 131 140 122 122 122 118 122 122 122 122 122 131 129 131 122 122
01 14 122 122 122 122 118 118 122 118 129 140 122 122 122 118 122 122 122 122 122 131 129 131 122 122
01 15 122 122 122 122 118 122 122 118 129 140 129 122 122 120 122 122 122 122 122 131 140 140 131 131
01 16 122 131 131 122 122 122 122 122 131 142 140 135 122 122 124 124 122 122 129 140 140 140 140 138
01 17 129 131 131 129 131 131 122 122 131 142 140 135 126 122 124 124 122 122 129 140 140 140 140 138
01 18 136 140 138 140 131 131 122 122 140 142 140 135 131 126 140 131 129 122 131 140 140 140 140 138
01 19 136 142 138 140 131 131 131 131 140 142 140 135 140 131 140 131 131 131 131 142 153 142 149 140
01 20 142 149 142 142 140 142 142 140 142 149 142 140 140 140 140 140 140 140 140 149 158 153 153 153
01 21 153 158 153 142 142 142 153 149 158 153 142 140 140 140 142 142 140 140 142 153 158 158 153 153
01 22 158 158 158 153 153 151 153 153 158 158 153 140 140 142 142 142 140 140 140 153 158 158 158 153
01 23 158 158 158 158 158 153 153 153 158 158 153 142 142 142 158 153 140 140 142 158 158 163 160 160
01 24 160 160 158 158 158 153 153 153 158 158 158 153 153 153 158 158 142 142 153 160 169 176 169 162
01 25 167 162 160 160 162 158 158 158 158 160 160 158 153 158 162 160 153 142 158 165 169 176 176 169
01 26 169 176 169 172 162 158 158 158 162 160 160 158 153 156 162 158 142 142 153 165 169 176 176 169
01 27 172 176 160 163 162 158 158 160 162 162 160 158 153 158 162 160 153 158 158 172 169 172 172 169
01 28 172 176 158 162 162 158 158 158 162 160 158 153 153 153 162 158 142 149 153 169 162 169 169 169
01 29 172 174 158 162 162 158 158 158 162 160 158 142 149 149 153 153 142 149 153 169 162 163 162 162
01 30 169 162 158 160 158 153 153 158 158 158 140 140 142 142 153 153 140 149 151 162 160 162 162 162
01 31 162 162 158 158 158 153 153 153 158 153 140 140 142 142 149 153 142 149 151 162 158 162 162 162
02 01 162 162 158 158 153 149 140 140 153 142 140 140 142 142 149 149 142 149 151 162 160 162 162 162
02 02 162 162 158 158 153 153 140 140 153 142 140 140 142 142 149 149 142 149 153 162 160 162 162 162
02 03 162 162 158 158 158 158 149 142 158 149 140 142 142 142 149 153 153 149 158 162 160 162 162 162
02 04 162 160 158 158 158 153 140 140 153 142 140 142 142 142 142 149 142 142 153 162 158 162 160 160
02 05 160 158 153 153 149 149 140 140 153 140 140 140 142 140 131 149 142 142 142 160 158 160 160 153
02 06 158 153 153 142 142 142 131 131 142 140 140 140 140 140 131 142 142 142 142 160 158 160 160 158
02 07 158 153 153 149 142 142 131 131 142 140 140 140 142 140 131 149 142 142 142 158 158 160 153 153
02 08 153 149 153 142 142 142 131 131 142 140 140 140 142 140 131 142 142 142 142 158 158 158 153 153
02 09 153 153 153 149 142 142 131 131 142 140 140 140 142 140 140 142 142 142 142 158 158 160 158 160
02 10 158 153 156 153 142 142 140 147 153 149 142 142 142 142 149 153 153 153 158 162 162 162 162 162
02 11 162 158 162 160 158 153 153 153 158 158 142 142 149 153 153 158 158 153 160 162 162 162 171 162
02 12 165 160 165 162 165 162 162 158 172 172 162 158 154 162 160 162 172 162 172 172 172 172 176 169
02 13 172 162 176 167 172 169 167 162 172 176 176 172 169 172 176 176 176 180 181 180 181 181 181 180
02 14 181 176 181 181 181 176 176 172 176 189 181 180 176 176 180 181 181 189 181 181 192 192 192 189
02 15 192 192 190 192 189 181 180 176 181 194 181 181 181 180 181 189 192 192 192 194 192 199 196 192
02 16 192 194 192 192 192 192 181 180 189 194 192 192 185 192 192 192 194 194 194 199 203 203 199 199
02 17 201 199 194 194 192 192 181 181 192 194 192 192 192 194 196 192 199 199 194 201 212 212 208 201
02 18 201 201 199 198 201 194 187 187 201 201 194 194 194 194 199 194 201 201 201 212 212 212 212 201
02 19 212 203 205 201 210 201 192 192 212 208 199 199 201 208 201 201 212 212 201 212 212 212 221 212
02 20 212 208 208 210 212 208 194 199 212 212 208 201 208 212 217 212 212 216 212 230 232 232 230 230
02 21 221 223 219 219 217 212 208 201 219 217 208 208 208 212 221 212 212 216 212 230 232 232 232 232
02 22 221 221 216 219 212 212 208 201 219 212 208 201 208 212 212 210 212 212 212 230 230 230 232 232
02 23 230 221 217 219 217 212 208 203 225 217 212 208 208 212 212 212 212 212 221 230 230 230 232 239
02 24 230 226 223 225 221 221 216 212 230 217 212 208 208 219 221 212 212 212 230 230 232 232 232 239
02 25 232 230 230 230 221 221 216 212 230 217 216 212 212 221 221 217 212 216 230 230 232 232 232 239
02 26 232 230 230 230 230 228 221 212 230 221 221 219 221 221 221 221 212 216 230 230 232 232 232 239
02 27 232 230 230 230 230 228 221 216 234 230 221 221 221 228 221 225 212 221 232 230 239 243 232 239
02 28 232 230 230 230 230 228 221 216 232 221 219 219 221 221 221 221 212 216 230 230 232 232 232 239
03 01 230 230 230 221 221 221 212 212 230 219 212 212 219 219 212 212 212 212 221 221 230 230 232 232
03 02 230 230 230 219 219 217 212 212 230 219 216 214 221 219 212 212 212 212 221 221 230 230 230 232
03 03 230 226 223 221 221 217 212 212 230 219 212 212 212 212 212 210 212 212 219 219 230 230 230 232
03 04 230 230 223 221 219 219 212 212 230 219 212 212 219 216 212 212 212 212 221 221 230 230 230 232
03 05 230 230 230 221 221 217 212 212 230 221 219 219 221 219 212 212 212 212 230 230 232 230 230 239
03 06 230 230 230 221 221 212 216 221 230 221 221 221 221 221 212 212 219 212 232 232 232 230 230 239
03 07 232 230 230 230 221 217 216 221 232 221 221 230 230 221 212 221 219 212 232 232 232 232 230 239
03 08 232 230 230 230 230 219 221 230 232 232 230 230 230 230 212 230 221 221 232 232 235 239 232 243
03 09 232 243 232 230 230 221 230 232 248 232 230 230 230 230 212 230 221 230 232 243 243 248 243 243
03 10 243 248 241 232 230 221 230 232 248 239 230 232 232 230 221 230 230 232 243 243 248 250 250 250
03 11 248 252 243 243 232 230 230 243 252 248 243 232 243 230 232 239 232 243 248 250 252 252 259 252
03 12 250 252 243 243 243 230 232 246 252 248 243 232 248 230 232 239 232 243 248 248 252 252 252 252
03 13 248 259 243 243 243 230 232 248 252 248 243 232 248 230 232 243 232 243 248 248 252 252 252 250
03 14 250 259 243 243 243 230 230 248 252 243 243 232 243 230 232 239 232 232 243 248 248 250 250 250
03 15 252 262 243 243 243 230 232 250 259 243 243 232 243 230 239 239 232 243 248 252 252 252 259 259
03 16 266 266 259 259 248 243 248 252 266 262 252 243 248 243 243 246 243 243 248 252 259 259 259 266
03 17 266 266 266 266 259 248 252 252 271 262 252 243 248 243 250 250 248 248 250 262 262 262 266 266
03 18 279 270 270 266 266 252 252 262 271 266 259 250 252 262 259 259 252 250 252 262 271 266 266 279
03 19 282 282 280 271 266 259 252 266 279 266 266 262 262 262 262 266 255 252 259 266 279 266 271 282
03 20 282 282 282 282 271 262 259 268 279 266 266 262 270 266 262 266 262 259 262 271 282 282 282 291
03 21 291 282 282 284 271 270 266 282 282 270 271 270 270 268 262 270 266 259 262 271 282 284 284 291
03 22 298 282 282 284 271 271 271 282 284 271 282 271 282 279 266 271 271 262 270 284 282 291 291 298
03 23 302 291 284 291 282 282 279 284 284 282 284 279 284 282 271 279 271 262 270 284 284 291 291 300
03 24 302 291 284 291 282 282 279 284 284 282 284 271 282 282 271 279 271 266 282 298 289 302 291 302
03 25 302 298 284 291 282 284 282 289 289 282 282 271 282 282 271 273 271 266 282 298 298 298 298 302
03 26 302 298 284 291 282 284 282 289 289 282 282 271 282 279 270 271 271 262 270 298 298 302 302 302
03 27 302 291 289 291 282 284 282 289 291 282 282 271 282 279 270 271 271 266 282 302 302 302 302 302
03 28 302 302 291 291 289 291 284 289 298 284 284 279 284 282 270 273 271 266 282 302 302 302 302 309
03 29 309 302 302 302 298 291 284 291 298 284 284 282 284 284 271 279 284 271 284 302 302 311 318 311
03 30 311 311 302 302 302 291 291 291 302 289 284 282 284 284 271 279 284 271 284 302 302 311 318 309
03 31 311 302 302 302 298 291 289 302 302 284 284 282 284 284 271 282 284 279 289 302 302 311 316 309
04 01 313 311 309 302 302 298 291 302 302 284 284 282 284 284 279 282 284 270 289 302 302 311 320 309
04 02 320 311 311 306 302 302 291 309 302 284 284 282 284 289 279 282 284 282 291 307 309 315 320 318
04 03 320 320 311 309 302 302 302 311 309 298 284 284 284 291 282 289 291 284 291 311 311 320 320 320
04 04 320 320 311 311 309 302 302 320 320 300 289 284 291 298 284 291 291 289 298 311 311 320 320 320
04 05 331 320 320 311 311 311 302 320 320 302 289 289 291 302 284 298 291 289 291 311 311 320 320 331
04 06 331 329 320 311 311 311 302 320 320 302 289 284 291 302 284 298 291 289 291 309 311 320 320 331
04 07 331 331 320 320 320 318 304 331 320 309 291 298 291 302 289 302 302 291 302 311 320 320 331 331
04 08 331 331 329 329 320 320 309 338 320 320 302 302 302 302 289 302 302 298 302 309 320 320 331 331
04 09 338 331 329 329 320 320 311 338 327 320 302 302 302 302 291 302 302 302 302 311 320 329 331 338
04 10 338 331 331 331 320 320 311 340 338 320 302 311 302 311 302 302 302 302 302 311 320 331 338 338
04 11 338 331 331 331 329 320 320 340 340 320 311 320 307 320 302 311 309 302 302 320 329 338 338 340
04 12 338 338 331 331 329 320 320 340 340 329 320 320 320 320 311 311 316 311 311 320 331 340 340 340
04 13 340 340 338 338 331 320 320 351 351 338 320 329 320 329 320 316 320 320 320 331 340 351 351 340
04 14 340 349 340 340 338 329 331 360 356 340 331 336 329 331 320 320 320 320 320 338 351 360 356 360
04 15 356 356 340 340 340 338 338 369 360 356 338 338 331 338 324 331 329 320 320 340 360 360 360 360
04 16 356 356 351 351 340 340 340 370 369 360 338 338 338 338 331 331 331 320 336 349 360 370 370 369
04 17 360 356 356 356 351 351 351 374 374 369 356 349 351 351 340 340 340 338 340 356 374 374 374 374
04 18 370 360 360 356 351 351 351 379 376 370 356 356 351 356 340 351 340 340 351 360 379 379 379 379
04 19 370 370 370 360 356 356 356 388 379 370 360 356 356 356 340 351 349 349 356 369 379 388 379 379
04 20 374 370 370 360 356 356 356 390 379 370 360 356 360 356 351 356 351 351 356 370 388 390 379 379
04 21 379 379 370 360 360 360 360 392 390 379 360 360 360 360 356 356 356 356 360 374 392 392 392 390
04 22 379 379 379 370 360 360 369 399 390 379 374 360 360 370 370 360 360 360 370 379 399 399 399 392
04 23 388 390 379 374 370 374 370 410 392 390 378 370 374 374 379 370 370 370 374 390 410 410 410 410
04 24 410 399 399 392 392 390 388 410 403 392 379 379 390 390 388 374 374 379 388 408 421 428 421 410
04 25 410 410 410 399 399 390 390 410 410 399 392 390 392 392 392 388 390 390 392 410 428 428 428 421
04 26 428 421 410 410 410 399 399 421 419 410 399 399 397 399 399 392 392 392 399 421 435 439 433 428
04 27 428 421 410 410 410 401 399 428 421 410 399 399 410 399 410 399 392 399 399 428 439 441 439 428
04 28 430 428 412 410 410 410 401 428 428 410 399 399 410 399 410 410 399 399 410 430 439 441 441 430
04 29 430 428 419 412 410 410 410 428 430 410 410 410 410 410 410 410 399 410 421 430 446 446 446 439
04 30 439 428 421 419 410 410 410 430 430 428 410 410 410 410 410 410 399 410 428 439 450 450 450 441
05 01 441 428 421 421 410 410 410 439 441 430 410 410 410 410 410 410 410 410 428 441 450 450 459 446
05 02 446 430 428 428 419 410 421 446 446 441 419 414 410 419 412 421 421 410 430 446 460 460 460 450
05 03 446 430 430 430 421 417 428 460 450 441 421 428 428 421 421 421 428 421 430 446 460 464 464 460
05 04 450 441 430 430 421 421 428 460 453 446 430 428 430 428 428 428 428 421 430 450 464 464 464 460
05 05 450 441 441 430 428 421 430 464 460 446 441 430 430 430 430 430 441 430 441 460 469 469 469 464
05 06 464 450 446 446 430 430 441 469 469 450 446 441 441 441 441 441 441 441 446 460 469 469 469 469
05 07 464 460 450 450 441 430 446 478 469 460 446 441 441 441 441 441 441 441 446 460 469 469 469 469
05 08 464 460 450 450 441 432 446 480 480 460 446 446 446 446 441 446 446 446 450 464 469 480 480 469
05 09 469 464 460 450 441 441 450 480 480 464 450 446 446 446 446 446 446 450 450 469 480 482 480 478
05 10 469 464 460 450 446 450 460 482 482 464 460 450 450 451 450 450 446 450 450 480 482 482 480 480
05 11 469 464 460 450 446 450 460 482 482 464 464 460 450 460 459 460 450 460 460 482 500 489 489 480
05 12 473 464 464 460 450 450 464 482 482 469 464 464 460 460 460 464 450 460 460 482 500 489 489 480
05 13 478 469 466 464 451 460 464 489 489 469 464 464 460 460 460 464 450 460 464 489 500 489 489 480
05 14 478 469 469 464 464 464 469 489 500 478 469 469 464 464 464 466 450 464 464 489 500 500 489 480
05 15 480 469 469 464 464 464 469 491 500 482 469 469 464 464 464 469 450 464 469 489 500 500 500 482
05 16 482 480 480 469 469 469 480 500 500 489 482 478 464 469 469 469 464 464 480 491 500 500 500 489
05 17 489 482 480 480 473 469 482 500 509 500 482 480 478 478 480 482 468 469 482 500 509 513 500 500
05 18 491 489 482 482 478 475 489 500 509 500 482 482 480 480 480 489 469 473 482 500 513 518 511 500
05 19 500 489 489 482 482 480 500 513 518 500 489 482 482 482 482 489 475 480 489 504 518 518 516 504
05 20 500 493 489 482 482 482 500 516 518 500 498 489 489 482 482 500 480 482 500 511 518 518 518 509
05 21 500 498 489 484 482 482 500 516 518 509 498 500 489 482 482 500 482 484 500 511 520 518 518 509
05 22 500 493 489 484 482 482 500 516 518 511 500 500 489 489 482 500 489 489 500 518 520 520 518 511
05 23 500 500 489 489 482 482 500 518 520 518 500 500 500 493 486 500 500 489 500 518 527 520 518 511
05 24 500 500 500 489 489 489 500 520 527 520 511 500 500 500 500 500 500 500 500 520 531 531 531 520
05 25 511 511 511 500 500 500 511 529 531 531 518 511 511 500 500 511 511 500 511 531 540 540 536 531
05 26 520 518 518 511 500 500 518 536 536 531 520 518 518 509 511 520 518 511 520 531 540 541 540 536
05 27 529 520 520 518 511 509 520 540 540 536 531 520 520 518 518 529 520 531 531 538 550 550 550 540
05 28 536 531 529 520 518 511 529 540 549 540 536 531 531 520 531 536 531 540 540 540 554 554 554 550
05 29 536 540 536 531 520 518 531 550 550 550 536 536 531 529 531 540 536 540 540 550 559 559 559 550
05 30 540 540 536 531 529 520 540 554 554 554 540 540 531 531 536 549 540 540 549 550 559 559 559 554
05 31 547 540 540 536 531 531 540 559 559 559 550 540 531 536 536 540 540 540 540 554 568 570 559 556
06 01 550 550 540 540 531 531 540 559 572 570 554 540 540 536 540 549 549 540 550 559 572 572 568 559
06 02 550 550 540 540 536 536 550 570 579 572 559 550 550 540 550 549 550 549 550 570 579 572 568 559
06 03 559 550 543 540 540 536 550 572 579 572 570 554 554 549 550 550 554 550 559 579 586 579 570 570
06 04 559 559 550 550 550 549 554 579 590 579 572 568 570 554 559 554 559 559 570 579 590 579 572 570
06 05 568 559 550 550 550 550 559 579 590 590 572 568 570 565 559 559 559 565 570 579 590 579 572 570
06 06 568 559 550 550 550 550 559 579 590 590 572 568 570 554 559 559 568 567 572 579 590 579 574 570
06 07 570 568 559 554 554 554 570 590 590 590 572 568 570 559 559 559 570 570 572 579 590 579 579 572
06 08 572 572 568 559 559 559 572 590 590 590 579 572 572 568 559 561 572 572 572 579 590 579 579 574
06 09 572 572 570 568 559 559 579 590 601 590 590 572 572 572 568 572 572 572 572 590 590 579 590 579
06 10 572 572 570 568 559 559 579 590 601 590 579 572 572 570 561 570 572 572 572 579 590 579 590 579
06 11 572 572 570 568 559 559 579 590 590 590 579 572 572 570 561 570 572 572 572 583 590 585 590 579
06 12 579 572 570 570 559 559 579 599 599 590 590 572 572 572 570 572 572 572 572 590 590 590 590 590
06 13 590 579 572 570 570 568 579 601 608 601 590 585 579 572 576 576 579 572 579 590 601 608 601 601
06 14 590 590 579 579 570 570 579 606 610 608 599 590 579 590 590 588 581 579 590 599 608 608 601 601
06 15 590 590 579 579 572 572 590 608 610 610 601 590 590 590 590 590 590 585 590 599 610 610 608 601
06 16 597 590 590 579 579 572 590 610 619 619 608 590 590 590 590 590 585 579 590 601 610 610 608 608
06 17 601 590 590 579 579 574 592 610 619 619 608 590 590 590 590 590 590 585 590 608 610 610 610 610
06 18 601 590 590 590 579 579 601 610 619 619 608 590 599 590 590 590 590 585 590 608 610 610 610 610
06 19 601 599 590 590 579 579 601 610 619 610 608 590 590 590 590 590 590 579 590 601 610 619 610 610
06 20 601 599 590 590 583 579 601 610 617 610 608 590 590 590 590 590 590 579 590 601 610 619 610 610
06 21 601 599 594 590 590 579 601 610 619 619 608 590 590 590 590 590 590 579 590 608 610 621 610 610
06 22 608 601 601 590 590 590 608 619 621 621 608 590 599 592 590 590 590 590 592 610 626 626 621 621
06 23 610 608 608 599 590 590 610 626 626 626 610 603 608 601 599 601 590 590 601 610 626 626 626 621
06 24 610 621 610 608 601 601 610 626 626 626 621 608 608 608 599 601 599 590 606 621 630 630 626 626
06 25 621 621 610 608 601 608 610 630 626 626 621 608 608 608 601 604 601 601 610 621 630 633 626 626
06 26 626 626 621 610 608 608 624 631 637 630 626 610 610 610 610 608 608 608 610 628 630 633 630 630
06 27 630 626 626 617 610 610 626 640 644 640 639 626 621 621 621 610 610 610 619 630 639 642 630 630
06 28 630 630 626 621 612 610 626 640 644 640 639 626 621 622 621 610 610 615 621 631 640 642 639 630
06 29 633 630 626 621 619 610 626 640 644 640 639 626 621 622 626 617 610 621 621 637 640 644 639 630
06 30 631 630 628 621 619 610 626 640 644 640 639 626 626 624 622 621 619 626 624 639 640 644 639 630
07 01 631 630 630 621 621 610 626 644 644 644 642 630 626 626 626 621 626 626 630 640 644 649 644 640
07 02 639 633 630 621 621 621 630 644 644 644 644 630 626 635 626 621 626 626 630 644 640 649 646 640
07 03 640 639 630 628 621 622 630 644 648 644 644 630 626 639 628 626 628 626 639 644 649 649 649 644
07 04 640 639 630 630 621 626 635 648 649 649 644 635 640 640 630 628 630 630 640 649 649 660 653 649
07 05 644 644 640 635 635 630 640 653 658 660 649 649 644 640 639 630 637 640 644 660 660 660 660 660
07 06 649 649 644 640 640 639 649 660 660 662 649 649 649 644 639 639 640 640 644 660 662 662 660 660
07 07 657 649 644 640 640 639 640 660 660 662 655 651 649 644 640 640 640 640 644 660 662 662 662 660
07 08 657 649 644 640 640 640 640 660 660 660 649 653 649 644 639 640 640 640 644 660 662 662 662 660
07 09 657 649 644 640 640 639 640 660 660 662 660 660 649 644 639 642 644 640 644 660 666 669 669 660
07 10 660 658 649 644 644 640 649 662 667 669 660 660 649 644 640 644 644 644 649 660 662 662 669 660
07 11 658 649 649 640 640 640 649 662 666 662 660 649 649 640 639 640 640 640 644 660 662 662 662 660
07 12 651 649 644 640 640 639 649 660 662 662 649 649 644 640 630 640 640 640 644 657 660 662 660 658
07 13 649 644 640 640 640 639 649 658 662 662 649 649 640 640 630 640 640 640 644 649 660 660 660 658
07 14 649 649 644 640 640 639 649 655 660 662 649 649 640 639 630 640 640 639 644 649 660 660 658 649
07 15 649 644 640 640 635 630 644 649 660 660 649 649 640 640 630 640 640 635 640 649 660 660 657 649
07 16 649 644 640 640 630 630 640 649 649 655 649 644 640 631 630 630 630 630 640 644 655 649 649 649
07 17 644 640 635 630 628 626 628 644 649 649 649 640 640 630 630 626 630 630 639 644 649 649 649 649
07 18 644 640 635 630 628 626 628 644 649 649 649 640 640 628 630 626 626 630 630 644 649 649 649 649
07 19 644 640 635 630 628 626 628 644 649 649 649 640 639 630 630 626 626 630 630 644 649 649 649 649
07 20 644 640 630 630 628 626 628 644 649 649 644 640 630 628 630 626 630 630 630 649 658 660 651 649
07 21 644 640 630 630 626 621 626 644 649 649 640 639 630 626 626 626 630 630 630 649 658 660 651 649
07 22 644 640 630 630 626 626 628 644 649 649 644 640 630 628 626 626 630 630 637 649 658 658 657 649
07 23 644 640 630 630 626 626 626 649 649 649 649 640 639 630 626 626 630 630 639 649 660 660 658 649
07 24 644 640 630 630 626 626 626 649 649 649 644 640 640 630 630 630 630 630 639 649 658 658 649 649
07 25 644 640 630 630 626 626 626 649 649 644 640 640 640 630 630 630 630 630 639 649 660 660 660 658
07 26 649 644 637 635 630 626 630 649 658 649 649 640 640 640 630 630 630 630 640 649 660 660 660 658
07 27 649 644 639 639 630 626 630 649 657 649 649 640 640 640 630 630 630 630 640 649 660 660 660 660
07 28 649 644 640 640 630 626 630 649 658 649 649 644 640 640 633 630 630 630 640 649 660 660 660 660
07 29 649 646 640 640 630 630 630 649 658 649 649 644 644 640 631 630 639 639 644 649 660 660 660 660
07 30 649 649 644 640 630 630 630 649 658 649 649 644 644 640 630 640 633 639 644 649 660 660 660 660
07 31 649 649 644 640 630 630 630 649 658 649 649 644 644 644 639 640 639 640 644 649 660 660 660 660
08 01 649 649 649 640 639 630 630 649 658 649 649 649 644 644 639 640 639 640 644 649 660 660 660 660
08 02 649 649 640 640 630 626 630 644 649 644 644 649 644 644 630 640 639 640 644 649 660 660 658 658
08 03 649 644 640 639 630 626 626 644 649 644 644 644 644 642 630 640 640 640 644 649 660 658 649 649
08 04 649 644 639 639 630 626 626 644 644 644 644 644 644 642 630 640 640 640 644 649 649 649 649 649
08 05 649 644 639 630 628 621 626 640 644 640 644 644 644 640 630 640 639 630 640 649 649 644 649 649
08 06 644 640 630 626 628 621 619 640 640 640 640 640 640 630 626 630 630 630 640 644 649 644 640 640
08 07 640 630 626 626 626 610 610 640 630 640 640 630 630 626 626 626 626 626 640 644 644 644 640 640
08 08 640 630 626 622 621 610 610 630 630 640 640 630 626 621 621 626 621 621 630 644 644 644 640 640
08 09 640 630 626 621 610 610 608 630 630 640 639 630 621 610 610 621 610 621 626 630 644 640 640 640
08 10 631 630 621 621 610 608 608 626 630 630 630 626 610 610 608 621 612 621 626 630 644 640 640 640
08 11 639 630 621 621 610 608 601 626 630 630 630 622 610 608 608 610 610 621 626 630 644 640 640 640
08 12 631 626 621 619 610 608 601 626 626 630 630 621 610 610 608 610 610 621 626 630 642 640 640 639
08 13 630 626 619 619 610 608 601 626 626 630 626 621 610 608 608 610 608 619 626 630 640 640 640 637
08 14 630 621 619 619 610 608 601 626 630 630 626 621 610 608 608 610 608 615 626 630 640 640 640 637
08 15 630 621 619 619 610 608 601 626 630 630 626 621 610 608 608 610 608 615 626 630 640 640 640 637
08 16 630 626 621 621 610 610 601 630 630 640 626 621 610 608 608 610 610 619 626 630 640 640 640 639
08 17 630 626 619 621 610 608 601 626 630 630 626 622 610 610 610 610 610 619 626 630 640 640 639 630
08 18 630 621 619 621 610 608 601 626 626 630 626 621 610 610 610 610 610 615 626 630 640 640 639 630
08 19 626 621 619 617 610 608 601 626 626 626 626 621 610 608 610 606 608 612 621 630 640 640 639 630
08 20 626 621 619 619 610 608 601 626 630 630 626 621 610 610 610 608 610 615 626 630 640 639 631 630
08 21 626 626 619 619 610 608 601 626 639 630 626 621 610 610 610 606 608 610 621 630 640 640 631 630
08 22 626 626 619 617 610 608 608 626 639 626 626 621 610 610 610 608 610 612 621 630 630 630 630 626
08 23 624 621 619 613 610 608 608 626 626 626 626 610 610 610 608 608 608 610 619 626 630 630 626 626
08 24 621 621 615 610 610 608 608 621 626 626 621 610 608 608 608 601 608 608 610 621 626 626 626 621
08 25 621 610 610 608 608 608 608 610 621 621 619 608 608 608 608 601 601 608 608 621 626 621 621 619
08 26 610 610 610 608 608 601 601 610 621 621 619 608 608 608 599 590 599 601 608 617 621 621 621 610
08 27 601 601 601 601 590 590 590 608 612 615 610 608 601 590 590 590 590 599 601 610 613 621 615 610
08 28 601 601 590 590 590 585 585 601 608 608 601 601 590 579 579 585 579 583 590 608 610 608 608 601
08 29 595 590 590 581 579 570 572 599 601 601 597 590 590 579 576 579 576 579 590 599 608 606 601 590
08 30 590 590 579 572 570 559 559 590 599 590 590 590 579 572 570 570 568 572 590 599 603 601 592 590
08 31 590 579 579 570 570 559 559 590 595 590 590 588 572 570 559 570 559 572 586 590 601 599 590 590
09 01 590 579 579 570 565 559 559 590 590 579 585 574 570 570 559 559 554 558 579 590 590 590 590 579
09 02 579 579 570 568 559 559 550 572 579 579 572 572 561 559 554 554 554 550 572 579 588 590 579 572
09 03 579 572 570 559 559 554 550 570 579 572 570 568 554 550 550 550 550 549 559 572 572 579 579 570
09 04 570 565 563 559 554 554 549 568 579 570 568 550 549 550 550 550 549 540 559 570 572 572 572 559
09 05 568 559 559 552 550 550 540 559 579 568 568 550 549 549 549 550 549 540 554 570 572 572 570 559
09 06 559 559 554 552 550 550 540 559 572 565 559 550 549 541 540 540 540 540 554 570 572 570 567 559
09 07 554 554 550 549 540 540 540 559 572 563 559 550 540 540 540 538 540 540 554 568 570 565 559 559
09 08 550 550 549 540 540 540 536 550 570 559 554 549 536 531 531 531 536 536 549 559 570 559 559 550
09 09 549 540 540 540 536 531 531 549 559 554 550 540 536 525 529 529 536 536 540 559 568 559 554 549
09 10 540 540 536 536 536 529 529 540 559 550 540 536 531 520 520 520 529 529 540 559 559 554 549 540
09 11 536 536 531 531 527 518 518 540 550 549 540 531 529 518 518 518 520 520 536 554 554 550 545 540
09 12 536 536 531 520 520 513 511 540 549 540 536 522 520 518 518 518 518 518 536 549 554 550 540 540
09 13 536 536 531 520 520 513 511 540 540 540 534 520 520 518 518 518 518 518 536 549 550 549 536 536
09 14 536 531 531 518 518 511 511 536 536 531 522 518 518 518 518 518 511 518 531 540 549 540 536 531
09 15 529 520 520 518 511 511 500 531 531 529 518 511 511 509 509 500 500 509 531 536 536 536 531 520
09 16 520 520 518 511 500 500 500 520 518 518 500 500 489 489 482 500 489 489 518 520 520 520 520 518
09 17 511 511 509 500 500 489 489 509 511 500 489 484 482 482 482 489 482 482 509 520 518 518 514 500
09 18 500 500 500 489 482 480 482 500 500 500 489 482 480 482 480 482 482 482 500 518 511 511 511 500
09 19 489 489 482 480 478 478 469 482 489 489 480 480 469 469 464 464 469 469 489 500 500 500 500 500
09 20 482 480 469 469 460 459 450 480 482 480 469 464 464 464 464 464 464 469 482 500 493 493 489 489
09 21 469 480 464 459 459 450 450 469 482 477 464 464 460 460 450 450 459 464 482 500 489 489 482 482
09 22 469 464 460 450 450 446 446 464 480 464 450 450 446 441 446 450 446 460 480 489 482 482 482 471
09 23 464 460 460 450 446 441 446 460 478 464 450 446 441 441 441 446 446 450 464 480 480 478 469 464
09 24 460 450 450 446 446 441 446 460 469 459 450 430 439 430 430 430 441 446 459 464 466 469 460 460
09 25 450 450 446 441 441 430 441 459 464 450 446 428 430 428 428 428 430 441 450 464 464 460 460 450
09 26 450 446 441 430 439 428 430 448 460 446 441 428 428 421 421 428 430 428 450 460 460 460 455 450
09 27 450 446 439 430 430 428 428 446 450 446 441 428 428 419 412 410 428 421 446 460 460 450 450 446
09 28 446 439 428 421 430 428 421 441 446 439 430 419 421 410 410 399 410 419 430 450 450 446 446 441
09 29 430 428 421 421 410 410 419 430 441 430 421 410 410 399 399 392 392 410 428 441 441 441 430 430
09 30 428 421 414 419 410 410 410 428 430 428 410 410 399 399 392 392 392 399 421 441 439 439 428 430
10 01 428 421 410 410 410 410 399 421 430 430 410 405 399 399 392 392 392 410 428 446 441 441 430 430
10 02 428 421 410 410 410 410 410 421 441 430 410 405 399 399 392 392 392 410 428 446 441 441 428 430
10 03 428 421 410 410 399 399 399 421 430 421 410 399 390 390 390 379 388 399 421 430 430 428 428 421
10 04 421 410 410 399 399 399 392 410 430 410 399 390 379 379 390 379 379 392 419 428 428 428 421 419
10 05 412 410 410 399 392 392 392 410 428 410 397 390 379 379 390 374 379 392 410 421 428 421 419 410
10 06 410 410 399 394 392 390 390 399 421 410 392 388 379 374 379 374 374 374 399 410 410 410 410 410
10 07 410 399 399 392 390 388 379 392 421 399 390 379 374 370 374 370 370 370 399 410 410 410 410 410
10 08 399 392 392 392 390 388 379 392 421 408 390 388 374 370 379 370 374 374 399 410 410 410 410 410
10 09 399 392 392 390 390 388 379 390 410 399 390 374 374 370 372 370 365 374 399 410 410 410 410 410
10 10 392 392 390 390 388 388 379 390 410 399 390 374 370 369 360 369 360 374 399 410 410 410 410 399
10 11 390 390 388 390 379 379 374 390 399 399 388 370 370 360 360 356 360 370 396 410 410 408 399 392
10 12 390 388 379 388 379 374 374 387 399 390 379 370 360 358 356 352 356 370 392 410 410 408 399 392
10 13 390 390 379 388 379 374 374 385 399 392 379 370 360 358 356 356 356 370 396 410 410 399 399 392
10 14 390 390 379 379 379 374 370 379 399 390 379 370 360 360 360 356 360 374 399 410 410 408 399 392
10 15 390 388 379 379 379 374 370 374 399 390 379 370 356 358 356 351 351 374 392 410 399 399 396 390
10 16 390 383 374 370 370 360 369 370 399 390 379 369 356 356 356 340 340 360 388 399 399 392 392 390
10 17 379 379 374 370 369 360 356 369 392 379 374 356 349 340 340 340 340 360 374 399 390 390 388 379
10 18 379 374 369 369 360 356 356 360 390 374 361 356 349 340 340 340 338 356 374 392 390 388 379 374
10 19 374 370 360 356 351 351 349 356 390 370 360 351 340 338 338 338 338 351 370 390 379 379 374 370
10 20 374 360 360 356 351 351 340 356 381 363 356 349 340 338 331 338 338 351 370 390 374 374 372 369
10 21 369 356 360 356 349 340 338 349 374 360 351 340 340 320 320 331 331 340 370 379 370 374 370 360
10 22 360 356 356 351 340 340 338 340 369 360 349 340 331 320 320 329 329 340 369 374 369 374 360 360
10 23 356 352 351 351 340 338 331 338 360 356 342 338 331 320 320 320 320 340 360 360 360 369 360 360
10 24 356 349 351 347 340 338 331 338 360 356 340 338 331 320 320 329 320 340 356 360 360 369 360 356
10 25 354 349 340 340 340 338 329 338 356 356 340 338 331 320 320 320 320 340 356 360 360 360 351 351
10 26 351 340 340 340 340 331 320 331 356 340 338 331 320 311 309 320 313 331 351 356 351 351 351 349
10 27 340 338 338 338 338 320 320 329 351 338 331 320 320 311 302 309 311 320 340 356 340 349 340 338
10 28 338 329 331 331 320 320 320 320 340 338 331 320 302 302 295 302 302 320 338 351 338 340 338 338
10 29 329 320 331 329 320 311 311 320 338 331 320 320 302 302 289 291 298 302 320 331 329 331 320 320
10 30 320 311 311 309 302 302 302 302 327 320 320 302 298 284 282 277 279 291 311 320 320 320 313 311
10 31 302 304 302 302 291 291 297 291 320 320 309 298 291 282 271 277 282 291 311 320 320 322 320 311
11 01 302 302 302 302 291 289 291 291 320 311 302 297 291 282 270 277 279 289 302 311 320 320 313 309
11 02 302 302 302 291 291 284 291 291 320 302 298 289 284 279 270 271 271 284 302 311 318 320 313 309
11 03 302 302 302 291 291 282 284 284 309 302 289 284 282 271 262 262 264 282 302 311 311 309 311 302
11 04 302 302 291 284 284 279 282 279 302 298 286 282 282 271 262 262 264 282 302 302 302 302 302 298
11 05 291 291 284 279 280 271 271 271 302 302 289 284 284 273 262 264 266 282 298 302 302 302 302 291
11 06 284 284 282 277 271 270 266 266 302 298 288 282 282 271 262 262 262 279 284 298 302 298 302 288
11 07 284 284 271 271 270 266 262 262 298 298 284 282 282 270 259 262 259 271 284 291 298 298 297 284
11 08 284 284 270 270 266 262 262 262 291 291 284 279 282 266 259 253 259 266 282 289 284 284 284 282
11 09 271 279 266 262 262 252 252 252 284 282 279 270 266 266 248 248 248 262 266 282 279 279 279 271
11 10 270 270 262 259 252 252 250 252 282 282 279 270 259 262 248 248 250 266 266 282 282 280 279 271
11 11 270 266 262 257 252 252 252 252 282 282 280 270 266 262 259 252 259 266 279 282 282 282 279 271
11 12 271 270 266 262 262 252 252 252 284 284 282 271 268 270 259 262 262 271 282 284 284 284 282 279
11 13 271 270 266 262 262 252 252 252 282 282 280 271 266 262 252 259 259 266 279 282 284 284 279 271
11 14 270 266 266 262 261 252 250 252 271 271 279 266 262 252 248 252 259 266 270 282 282 282 277 271
11 15 266 262 259 257 252 252 248 250 266 271 279 266 259 250 248 252 252 262 266 277 266 271 266 266
11 16 262 262 252 252 252 250 248 248 266 270 270 259 252 248 243 248 248 262 266 271 266 271 270 266
11 17 262 262 252 248 248 248 243 243 262 266 262 252 252 232 232 248 248 252 262 266 266 266 266 262
11 18 262 259 252 248 248 248 243 243 262 266 262 252 252 248 243 248 248 259 266 271 266 266 266 264
11 19 262 259 252 248 248 248 243 243 262 266 262 252 252 248 243 252 248 257 266 266 266 266 262 266
11 20 262 259 252 248 248 244 243 235 262 262 252 250 248 232 234 248 248 252 266 266 266 266 262 266
11 21 266 259 252 248 248 243 237 232 262 262 252 250 248 239 241 243 243 250 259 266 266 266 262 264
11 22 262 252 250 248 243 243 232 230 252 262 252 250 248 230 232 239 234 243 259 266 266 262 259 264
11 23 262 252 250 248 243 243 232 230 252 262 252 250 243 230 230 232 232 243 252 266 266 262 255 262
11 24 261 252 250 243 239 239 232 230 252 259 252 248 243 230 230 230 232 243 252 266 266 262 252 262
11 25 257 250 248 243 239 239 232 230 250 259 252 248 239 230 230 230 230 243 252 262 266 252 252 259
11 26 252 248 244 239 232 232 230 225 248 252 248 243 232 230 230 221 230 237 248 252 252 250 248 250
11 27 248 248 243 230 230 225 221 221 239 248 232 232 223 221 221 212 217 230 239 244 250 243 243 243
11 28 243 232 230 221 221 214 217 216 230 243 230 230 221 219 219 212 212 221 232 244 248 237 243 234
11 29 232 232 230 221 221 214 217 212 230 243 230 230 223 219 221 212 212 221 235 244 248 239 243 241
11 30 232 230 223 221 221 212 212 212 223 230 230 230 221 219 219 212 212 221 232 244 248 243 243 232
12 01 232 230 223 221 219 212 212 212 225 230 230 230 214 219 219 212 212 221 232 243 248 232 241 232
12 02 230 230 221 219 212 212 212 212 221 230 226 223 212 212 212 212 212 212 230 243 243 230 230 230
12 03 230 230 221 216 212 208 212 203 221 230 219 212 212 212 212 208 207 212 230 230 230 230 230 223
12 04 230 221 219 212 212 208 203 199 219 221 212 212 207 210 208 201 199 201 219 225 223 221 219 219
12 05 221 212 212 201 208 201 201 194 212 212 212 201 201 201 201 194 196 198 212 221 221 216 212 212
12 06 217 212 212 201 205 199 199 192 212 208 208 198 199 194 196 192 192 194 212 219 219 214 208 201
12 07 203 205 201 199 194 192 194 192 208 201 201 194 192 192 187 192 192 194 212 212 212 212 201 201
12 08 199 199 194 192 192 187 194 189 205 201 199 192 192 190 181 181 192 194 199 203 212 212 199 194
12 09 194 189 192 181 181 176 181 183 194 199 194 189 185 181 181 181 189 192 192 201 201 201 194 192
12 10 187 181 180 180 176 172 181 181 192 192 181 187 181 181 181 181 181 189 192 201 201 201 194 192
12 11 181 181 176 172 172 172 178 180 187 183 181 181 181 181 181 176 180 181 192 194 194 194 192 192
12 12 181 181 172 172 172 169 172 172 181 181 181 176 181 181 176 176 176 176 181 190 190 189 181 181
12 13 178 176 171 172 162 162 169 172 178 176 162 163 181 172 172 172 172 172 176 181 176 181 176 172
12 14 172 172 163 172 162 153 162 172 178 172 162 158 181 172 172 171 172 172 172 176 172 176 172 169
12 15 162 153 153 158 149 142 153 158 172 165 158 142 172 158 162 160 162 162 162 172 172 172 172 158
12 16 158 153 153 149 142 140 149 153 162 158 153 142 158 158 162 158 158 162 162 162 162 162 162 158
12 17 158 142 140 142 142 140 142 149 153 153 153 140 149 153 158 153 153 158 158 158 158 162 158 153
12 18 142 140 131 140 138 127 140 131 140 142 142 140 142 142 142 153 153 153 153 153 153 158 140 153
12 19 140 140 122 122 122 122 122 126 131 140 140 140 142 142 142 153 153 142 153 153 142 158 142 153
12 20 142 140 140 140 140 127 140 131 142 153 149 140 145 153 158 153 153 158 153 158 158 162 156 153
12 21 144 142 140 142 140 140 142 149 153 158 153 142 151 153 158 153 158 158 158 158 158 162 158 153
12 22 144 142 142 142 153 140 142 153 153 169 153 149 151 153 162 153 158 158 158 153 153 158 142 153
12 23 144 140 140 140 140 140 140 149 153 153 149 142 142 153 158 153 158 158 153 153 153 158 140 153
12 24 142 140 140 140 140 140 140 131 142 154 147 142 142 153 158 153 158 158 158 158 142 158 140 153
12 25 153 140 140 -9999 -9999 140 140 131 153 154 149 149 142 153 158 153 153 153 158 158 142 158 140 153
12 26 -9999 -9999 -9999 -9999 -9999 -9999 140 131 142 153 153 149 142 153 149 149 153 149 154 153 147 154 156 -9999 
12 27 -9999 -9999 -9999 -9999 -9999 126 140 131 142 162 158 160 156 158 158 153 153 153 158 158 158 169 158 -9999 
12 28 -9999 -9999 -9999 -9999 -9999 -9999 140 140 142 160 153 160 142 158 158 153 153 142 158 158 153 158 158 -9999 
12 29 -9999 -9999 -9999 -9999 -9999 -9999 140 140 140 158 153 153 142 153 153 153 144 131 153 142 147 158 158 -9999 
12 30 -9999 -9999 -9999 -9999 -9999 -9999 140 149 153 162 158 160 151 153 158 153 153 149 158 158 158 169 158 162
12 31 -9999 -9999 -9999 -9999 -9999 140 140 149 153 162 158 158 142 153 158 153 147 142 153 142 147 158 158 158
