01 01 -71 -51 -51 -51 -60 -60 -51 -51 -51 -40 -40 -40 -40 -29 -40 -40 -29 -40 -51 -51 -51 -51 -51 -60
01 02 -71 -51 -60 -60 -71 -71 -60 -51 -60 -40 -40 -40 -40 -40 -40 -40 -40 -51 -51 -60 -51 -51 -51 -60
01 03 -71 -60 -60 -60 -71 -71 -60 -71 -71 -60 -51 -51 -51 -40 -40 -40 -51 -51 -51 -60 -60 -60 -60 -60
01 04 -71 -71 -71 -71 -71 -71 -71 -71 -71 -71 -60 -60 -51 -40 -40 -40 -51 -51 -51 -60 -71 -60 -60 -60
01 05 -80 -71 -80 -71 -71 -80 -80 -80 -80 -71 -71 -60 -51 -51 -40 -51 -51 -51 -51 -60 -71 -71 -71 -71
01 06 -80 -71 -80 -71 -80 -80 -80 -80 -80 -71 -80 -60 -51 -51 -51 -51 -51 -60 -60 -71 -71 -71 -71 -80
01 07 -99 -80 -80 -80 -80 -90 -99 -99 -90 -80 -90 -80 -60 -60 -60 -71 -60 -71 -71 -80 -80 -80 -80 -90
01 08 -110 -90 -99 -99 -99 -99 -110 -110 -110 -99 -99 -90 -90 -90 -80 -80 -90 -80 -90 -90 -90 -90 -90 -90
01 09 -110 -99 -99 -110 -110 -110 -110 -119 -110 -110 -110 -99 -90 -90 -90 -90 -94 -90 -90 -90 -90 -90 -99 -99
01 10 -119 -110 -110 -119 -119 -119 -119 -119 -119 -110 -110 -99 -99 -99 -90 -90 -99 -99 -99 -90 -90 -99 -99 -110
01 11 -130 -119 -119 -130 -130 -130 -130 -130 -130 -119 -119 -110 -110 -99 -99 -99 -99 -99 -99 -99 -99 -99 -110 -110
01 12 -141 -130 -130 -130 -130 -141 -130 -130 -141 -130 -119 -110 -99 -99 -99 -99 -99 -99 -99 -99 -99 -110 -110 -119
01 13 -141 -130 -130 -130 -141 -141 -130 -141 -141 -130 -130 -110 -99 -99 -90 -99 -99 -99 -99 -99 -99 -110 -110 -119
01 14 -141 -130 -130 -141 -141 -141 -141 -141 -150 -130 -130 -110 -119 -99 -99 -99 -99 -99 -110 -110 -110 -119 -119 -130
01 15 -141 -141 -141 -141 -141 -150 -150 -150 -161 -141 -130 -119 -119 -110 -110 -99 -99 -99 -110 -110 -110 -119 -130 -130
01 16 -141 -141 -141 -141 -150 -150 -150 -150 -161 -130 -130 -119 -119 -99 -110 -99 -99 -110 -110 -110 -110 -119 -130 -130
01 17 -141 -141 -141 -141 -150 -150 -150 -150 -150 -130 -130 -119 -119 -99 -110 -110 -110 -110 -110 -110 -119 -119 -130 -130
01 18 -141 -141 -141 -141 -150 -150 -150 -161 -150 -130 -130 -130 -119 -110 -110 -110 -110 -110 -110 -110 -110 -119 -130 -130
01 19 -141 -141 -141 -141 -141 -150 -161 -161 -161 -141 -141 -130 -119 -119 -110 -110 -110 -110 -110 -110 -110 -119 -130 -141
01 20 -141 -141 -141 -141 -150 -150 -161 -161 -161 -141 -141 -130 -130 -119 -110 -110 -110 -110 -110 -110 -110 -119 -130 -130
01 21 -141 -141 -141 -141 -150 -150 -161 -161 -161 -141 -141 -130 -130 -119 -110 -110 -110 -110 -110 -99 -99 -110 -119 -130
01 22 -130 -130 -141 -141 -141 -141 -150 -150 -150 -130 -119 -110 -110 -99 -99 -110 -99 -99 -99 -99 -99 -99 -119 -119
01 23 -119 -130 -130 -130 -141 -141 -141 -141 -141 -130 -119 -110 -110 -90 -90 -90 -90 -90 -90 -99 -90 -99 -110 -119
01 24 -110 -119 -119 -119 -130 -130 -130 -130 -141 -130 -110 -99 -99 -90 -90 -80 -90 -80 -90 -90 -80 -90 -90 -99
01 25 -110 -110 -110 -119 -130 -130 -119 -130 -141 -119 -99 -99 -90 -90 -80 -80 -80 -80 -80 -90 -80 -90 -90 -99
01 26 -99 -110 -110 -110 -110 -119 -119 -119 -130 -110 -99 -90 -80 -80 -80 -80 -80 -76 -80 -71 -80 -80 -80 -90
01 27 -99 -99 -99 -110 -110 -110 -110 -119 -119 -110 -90 -90 -80 -80 -71 -71 -71 -71 -71 -71 -71 -80 -80 -90
01 28 -90 -99 -99 -99 -110 -110 -110 -119 -110 -110 -90 -90 -80 -80 -71 -71 -71 -71 -71 -71 -60 -71 -71 -71
01 29 -90 -80 -99 -99 -99 -99 -110 -119 -110 -99 -80 -80 -80 -71 -71 -71 -71 -71 -71 -60 -60 -71 -71 -71
01 30 -80 -80 -99 -99 -99 -99 -110 -110 -110 -90 -80 -80 -80 -71 -60 -60 -60 -71 -60 -60 -51 -60 -71 -60
01 31 -80 -80 -90 -99 -99 -99 -110 -119 -110 -99 -80 -80 -80 -71 -60 -71 -60 -60 -60 -60 -51 -60 -71 -60
02 01 -71 -80 -90 -99 -99 -99 -110 -119 -110 -99 -80 -80 -80 -71 -60 -60 -60 -60 -60 -60 -51 -60 -71 -60
02 02 -71 -80 -90 -90 -90 -99 -110 -110 -99 -90 -71 -71 -71 -71 -60 -60 -60 -60 -60 -60 -51 -60 -71 -60
02 03 -71 -80 -90 -90 -90 -99 -110 -110 -99 -90 -71 -71 -71 -60 -60 -60 -51 -51 -51 -60 -51 -60 -51 -60
02 04 -60 -71 -80 -80 -80 -90 -90 -99 -99 -80 -71 -71 -71 -60 -51 -60 -51 -51 -51 -60 -51 -60 -60 -60
02 05 -71 -80 -80 -80 -90 -99 -99 -110 -99 -80 -71 -71 -71 -60 -60 -60 -60 -60 -60 -60 -60 -60 -71 -60
02 06 -80 -80 -90 -90 -90 -99 -99 -110 -99 -90 -71 -71 -71 -60 -60 -60 -71 -60 -71 -60 -60 -60 -71 -60
02 07 -80 -80 -80 -90 -90 -99 -99 -110 -99 -80 -71 -71 -71 -60 -60 -60 -60 -60 -71 -60 -60 -60 -71 -60
02 08 -80 -80 -90 -90 -90 -99 -99 -110 -99 -90 -71 -71 -71 -60 -60 -60 -71 -71 -71 -71 -60 -60 -71 -71
02 09 -80 -80 -90 -90 -90 -99 -110 -119 -99 -90 -80 -71 -71 -60 -60 -60 -71 -71 -71 -71 -71 -71 -71 -71
02 10 -80 -90 -90 -90 -99 -99 -119 -119 -99 -90 -80 -80 -71 -60 -60 -60 -71 -71 -71 -71 -71 -71 -71 -80
02 11 -80 -90 -90 -90 -99 -99 -119 -119 -99 -90 -80 -80 -71 -60 -60 -71 -71 -71 -71 -71 -71 -71 -71 -80
02 12 -80 -90 -90 -90 -99 -110 -119 -119 -99 -90 -80 -80 -71 -60 -60 -60 -71 -71 -71 -71 -71 -71 -71 -80
02 13 -80 -90 -90 -90 -90 -99 -110 -119 -99 -90 -80 -71 -71 -51 -60 -60 -71 -71 -71 -71 -71 -71 -71 -71
02 14 -80 -80 -90 -80 -90 -99 -99 -110 -99 -80 -80 -71 -71 -51 -60 -60 -71 -60 -71 -71 -60 -60 -71 -71
02 15 -80 -80 -80 -80 -80 -80 -90 -99 -90 -80 -71 -71 -60 -51 -60 -60 -60 -60 -71 -60 -60 -60 -60 -71
02 16 -71 -71 -76 -80 -80 -80 -80 -90 -90 -71 -71 -60 -60 -51 -60 -60 -60 -60 -71 -60 -60 -60 -51 -60
02 17 -71 -71 -71 -71 -71 -71 -80 -90 -80 -71 -60 -51 -51 -40 -51 -51 -51 -51 -51 -51 -40 -40 -40 -51
02 18 -60 -51 -60 -60 -71 -71 -80 -80 -80 -71 -71 -60 -51 -40 -51 -51 -60 -51 -51 -51 -51 -60 -51 -51
02 19 -71 -71 -60 -71 -71 -71 -80 -90 -80 -71 -71 -60 -60 -51 -51 -51 -51 -51 -51 -51 -40 -51 -40 -40
02 20 -60 -40 -51 -60 -71 -71 -71 -80 -80 -60 -60 -51 -51 -40 -40 -40 -29 -29 -40 -40 -29 -40 -29 -40
02 21 -51 -40 -51 -60 -60 -71 -71 -80 -71 -60 -60 -40 -40 -40 -40 -29 -29 -20 -29 -20 -29 -29 -29 -29
02 22 -40 -40 -51 -60 -60 -71 -71 -80 -71 -60 -60 -51 -51 -40 -29 -29 -29 -20 -29 -20 -9 -20 -20 -29
02 23 -29 -40 -40 -51 -60 -71 -71 -71 -60 -51 -51 -40 -40 -29 -20 -20 -20 -20 -20 -9 -9 -20 -20 -20
02 24 -29 -29 -40 -51 -51 -60 -71 -71 -60 -51 -40 -29 -29 -29 -20 -20 -9 -20 -20 -9 -9 -20 -9 -20
02 25 -29 -29 -40 -51 -51 -60 -71 -60 -60 -51 -40 -20 -20 -20 -20 -9 0 -9 -9 -9 -9 -9 -9 -9
02 26 -20 -20 -29 -40 -40 -51 -60 -60 -51 -40 -29 -20 -20 -20 -9 -9 0 -9 -9 -9 0 -9 -9 -9
02 27 -20 -20 -20 -29 -40 -40 -51 -51 -51 -40 -29 -20 -20 -20 -20 -9 -9 -9 -9 -9 -9 -9 -9 -9
02 28 -20 -20 -20 -29 -40 -40 -51 -51 -51 -40 -29 -20 -20 -20 -20 -20 -9 -20 -20 -9 -9 -9 -9 -9
03 01 -20 -20 -20 -40 -40 -40 -60 -51 -51 -40 -29 -29 -20 -20 -20 -20 -9 -20 -20 -9 -9 -9 -9 -9
03 02 -20 -20 -29 -40 -40 -51 -60 -60 -51 -40 -40 -29 -29 -20 -20 -20 -9 -20 -20 -20 -9 -9 -9 -9
03 03 -20 -29 -29 -40 -40 -51 -60 -60 -51 -40 -40 -29 -29 -20 -20 -20 -9 -20 -20 -20 -9 -9 -9 -9
03 04 -20 -29 -29 -40 -40 -51 -60 -60 -51 -40 -40 -29 -20 -20 -20 -20 -9 -20 -20 -20 -20 -20 -9 -9
03 05 -20 -29 -20 -40 -40 -40 -60 -60 -51 -40 -29 -29 -20 -20 -9 -9 -9 -20 -20 -20 -9 -9 -9 -9
03 06 -20 -29 -20 -40 -40 -40 -51 -51 -40 -20 -20 -20 -9 -9 0 0 0 -9 -9 -9 -9 0 -9 -9
03 07 -9 -20 -9 -20 -29 -29 -40 -40 -20 -20 -9 -9 -9 -9 0 0 0 -9 -9 -9 0 0 0 -9
03 08 -9 -9 -9 -20 -20 -20 -29 -29 -20 -9 -9 -9 0 0 10 10 10 0 0 0 0 0 0 10
03 09 0 -9 -9 0 -20 -20 -20 -20 -9 -9 -9 0 0 0 10 10 10 0 0 0 10 0 10 10
03 10 0 -9 0 0 -9 -9 -20 -9 -9 0 -9 0 0 0 10 10 10 10 0 0 0 0 0 0
03 11 0 -9 0 0 0 -9 -9 -9 0 0 0 10 10 10 10 19 10 10 10 10 10 10 10 10
03 12 0 10 0 0 0 -9 -9 0 10 10 0 10 10 10 19 19 10 19 19 10 10 10 10 10
03 13 0 10 0 0 10 -9 0 0 10 10 0 10 10 10 19 19 10 19 19 10 10 10 10 10
03 14 0 10 0 0 0 -9 -9 0 0 10 0 10 10 10 19 19 10 19 19 19 10 19 19 10
03 15 10 10 10 0 0 -9 -9 0 0 10 0 10 10 19 19 19 19 30 19 30 19 19 19 19
03 16 19 19 10 10 10 0 0 10 10 19 10 19 19 19 19 30 30 30 39 39 19 30 39 30
03 17 30 30 30 19 19 10 10 19 19 19 19 30 30 30 39 39 39 39 39 50 39 50 50 39
03 18 39 39 39 30 30 30 19 30 30 30 30 39 30 39 39 39 39 39 50 50 50 50 50 50
03 19 39 50 39 39 30 39 30 39 30 30 30 39 39 39 39 39 39 39 50 50 50 50 50 50
03 20 50 61 50 50 39 39 39 39 30 39 39 39 39 39 39 39 50 50 50 50 61 61 61 61
03 21 61 61 61 70 61 61 50 50 61 50 50 50 39 50 50 50 50 50 61 61 70 61 70 61
03 22 70 70 70 70 61 61 50 50 61 50 50 50 39 50 50 50 50 50 61 61 61 61 70 61
03 23 70 70 70 70 61 61 61 61 61 50 50 61 50 50 61 61 61 61 61 70 70 70 70 70
03 24 81 70 81 81 70 70 61 61 81 70 61 61 61 50 61 61 61 61 70 70 70 81 81 81
03 25 81 81 81 81 70 70 61 70 70 70 61 61 61 50 61 61 70 70 70 70 81 81 81 81
03 26 90 90 90 90 81 81 70 81 81 81 70 70 70 61 70 70 70 70 70 70 81 90 90 90
03 27 90 90 100 90 90 81 81 81 90 81 81 81 70 61 70 70 70 70 81 70 81 90 90 90
03 28 100 100 100 90 90 90 81 90 100 90 81 81 81 81 81 81 81 81 81 90 90 100 100 100
03 29 100 100 100 100 90 100 90 100 100 100 90 90 90 100 100 100 109 100 100 100 109 109 109 120
03 30 120 109 120 120 109 120 100 109 109 109 109 100 100 109 109 109 109 109 109 109 109 120 120 120
03 31 129 129 129 120 120 129 120 120 120 109 109 109 109 109 109 109 109 120 109 109 120 120 129 129
04 01 140 140 140 140 129 129 129 129 129 120 120 120 120 120 120 120 109 120 120 120 129 120 129 140
04 02 140 151 151 151 140 140 140 140 140 129 120 129 120 120 120 120 109 120 129 129 129 120 129 151
04 03 151 151 151 151 140 140 140 151 140 129 129 129 129 120 129 120 120 129 129 129 129 129 140 151
04 04 158 160 160 160 160 151 151 160 151 140 140 140 140 129 129 129 120 129 140 140 140 140 140 151
04 05 160 160 160 160 160 160 160 171 151 140 140 140 140 129 129 129 129 140 140 140 140 151 151 160
04 06 160 160 160 171 171 160 160 171 151 140 140 140 140 129 129 129 140 140 151 140 151 151 151 160
04 07 160 160 160 171 171 160 160 171 160 140 140 140 140 129 140 129 140 140 151 140 151 151 160 171
04 08 160 171 171 171 171 171 171 171 171 151 151 151 140 140 140 140 140 140 151 151 151 151 160 171
04 09 160 171 171 171 171 171 171 180 171 158 151 160 140 151 140 140 140 140 151 151 151 151 160 171
04 10 160 171 171 171 180 171 171 180 171 160 151 160 151 151 140 140 140 151 151 151 151 160 160 171
04 11 160 160 171 171 171 171 171 180 171 160 151 160 151 151 140 140 140 151 151 151 151 160 160 171
04 12 160 171 171 171 180 171 171 180 171 160 151 160 151 151 151 140 151 151 151 151 160 160 171 171
04 13 171 180 180 180 180 180 180 180 180 160 160 160 151 151 151 151 151 151 151 160 160 171 180 171
04 14 180 180 180 180 180 180 180 180 180 160 160 160 151 151 151 151 151 151 160 160 171 180 180 180
04 15 180 180 180 180 180 180 180 180 180 160 171 160 160 160 151 160 160 160 160 160 171 180 190 180
04 16 180 190 190 190 180 180 190 190 180 171 180 171 160 160 160 160 171 160 160 171 171 190 190 190
04 17 180 190 190 190 180 180 190 190 190 180 180 171 171 171 160 171 171 160 160 171 180 190 190 190
04 18 190 199 190 190 190 190 199 199 190 180 180 180 171 171 160 171 171 171 171 180 180 199 190 199
04 19 199 199 199 199 199 199 199 210 190 180 190 180 180 171 171 180 180 180 171 180 190 199 210 210
04 20 210 210 199 199 210 210 199 210 199 190 190 190 190 180 180 190 190 180 180 190 199 210 210 210
04 21 210 210 219 219 219 210 210 219 199 199 199 190 190 180 180 190 190 190 190 190 199 219 219 219
04 22 219 219 219 219 219 219 219 219 210 199 199 199 199 190 190 199 190 190 199 199 210 219 230 230
04 23 230 230 230 219 219 219 230 219 210 210 210 199 199 199 199 199 199 199 199 210 219 230 230 241
04 24 241 241 230 230 230 230 230 230 219 210 210 210 210 199 199 199 199 199 199 210 219 230 241 241
04 25 241 241 230 230 230 230 241 230 219 210 210 210 210 210 199 210 210 210 210 210 219 241 241 241
04 26 241 241 241 241 241 230 241 241 219 219 210 210 210 210 210 210 210 210 210 219 230 241 241 250
04 27 241 241 241 241 241 241 241 241 230 230 219 219 210 219 210 219 210 210 210 219 230 241 241 250
04 28 241 250 250 241 241 241 241 241 230 241 230 219 219 219 219 219 210 210 219 219 230 241 241 250
04 29 250 261 250 250 250 241 250 250 241 241 230 219 219 219 219 230 219 219 219 230 241 241 250 261
04 30 261 261 261 250 250 250 250 261 250 250 241 230 219 230 230 230 219 219 230 230 241 241 250 261
05 01 261 261 261 261 250 250 261 261 261 250 241 230 230 230 230 230 219 219 230 219 230 241 250 270
05 02 270 270 270 261 261 261 261 261 261 261 241 241 230 230 230 230 230 219 230 230 241 250 261 270
05 03 270 270 270 270 261 261 270 261 261 261 250 241 241 241 230 230 230 230 230 230 241 250 261 270
05 04 270 280 270 270 270 270 280 270 270 261 250 241 241 241 230 230 230 230 241 241 241 261 270 280
05 05 280 280 280 280 270 270 280 280 270 270 261 261 248 250 241 241 230 230 241 241 250 261 270 280
05 06 280 289 280 280 270 270 280 280 270 270 270 261 250 250 241 241 230 241 241 241 250 261 270 289
05 07 300 289 289 280 280 280 289 289 270 280 270 261 261 261 250 241 241 241 241 250 250 270 270 289
05 08 300 289 289 289 280 280 289 289 289 280 280 270 261 261 250 250 250 250 250 250 261 270 280 289
05 09 300 289 289 289 280 280 289 289 289 280 280 270 261 270 261 250 250 250 250 250 261 270 280 289
05 10 300 300 300 289 280 289 289 289 289 280 280 270 270 270 261 250 250 250 250 261 270 280 300 300
05 11 300 300 300 289 289 289 300 300 300 289 280 280 280 270 270 261 261 261 270 261 280 289 300 300
05 12 309 300 300 300 298 298 309 309 300 289 289 284 280 270 280 270 270 261 270 280 289 300 309 309
05 13 309 309 309 309 300 300 309 309 300 300 289 289 280 280 280 270 270 270 280 289 289 300 309 309
05 14 320 309 309 309 309 309 309 309 309 300 289 289 289 280 280 280 280 280 280 289 300 309 309 320
05 15 320 320 309 309 309 309 320 320 309 309 300 300 289 289 289 289 289 284 300 300 309 309 320 320
05 16 331 331 320 320 320 320 320 331 320 309 309 300 300 300 300 300 289 289 300 300 320 320 331 331
05 17 331 331 331 320 320 320 331 331 320 309 309 302 309 300 300 309 300 300 309 309 320 320 331 331
05 18 331 331 331 320 320 320 331 331 320 320 309 300 309 309 300 309 300 300 309 309 320 331 331 331
05 19 331 331 331 320 320 320 331 331 320 320 309 309 309 309 300 309 300 300 309 309 320 340 340 340
05 20 340 331 340 331 331 331 331 331 331 320 309 309 309 309 309 309 309 300 309 320 320 340 351 340
05 21 351 340 340 331 340 331 340 340 340 331 320 320 309 309 309 320 320 309 320 331 340 351 360 351
05 22 351 351 351 340 340 340 340 340 340 340 320 320 320 320 309 320 320 309 320 331 340 360 360 360
05 23 360 360 351 351 351 340 340 351 340 340 331 331 320 320 309 320 320 309 320 331 340 360 360 360
05 24 360 360 360 351 351 340 351 351 351 340 331 340 331 320 320 320 331 320 331 338 351 360 370 360
05 25 360 360 360 360 351 351 360 360 360 351 351 340 340 320 320 331 331 331 331 340 351 370 370 370
05 26 370 370 360 360 360 360 360 370 370 360 360 360 340 331 340 340 340 340 340 351 360 379 379 379
05 27 370 370 370 370 370 370 370 370 370 370 370 360 351 340 351 351 340 351 351 360 370 379 379 379
05 28 379 379 370 370 370 370 379 379 379 370 370 370 360 340 351 351 351 351 351 360 370 379 379 379
05 29 379 379 370 370 370 370 379 379 379 370 370 370 360 351 360 360 360 360 360 370 379 379 390 390
05 30 390 379 379 370 370 370 379 390 379 379 379 370 360 351 360 360 360 360 370 370 379 390 390 390
05 31 390 390 390 379 379 379 390 390 390 379 379 379 370 360 360 360 370 360 370 370 379 390 390 390
06 01 390 390 390 379 379 379 390 390 390 379 379 379 370 370 360 370 370 370 370 370 379 390 399 399
06 02 390 390 390 379 379 379 390 390 390 390 390 379 370 370 370 379 370 379 370 379 379 390 399 399
06 03 390 390 390 390 379 379 399 390 390 390 390 379 370 370 370 379 379 379 379 379 390 390 399 399
06 04 390 399 399 390 390 390 399 399 399 390 390 390 379 379 370 379 379 379 379 390 390 399 399 399
06 05 399 399 399 399 390 390 399 399 399 399 399 390 379 379 370 379 379 379 390 390 390 399 410 410
06 06 399 410 399 399 390 399 410 410 410 399 399 399 399 379 379 390 390 390 390 399 399 410 421 410
06 07 410 410 410 399 399 399 410 421 421 410 399 399 399 390 379 390 390 390 390 399 399 410 421 421
06 08 421 421 410 410 410 399 410 421 421 410 399 399 399 390 379 390 390 390 390 399 399 410 421 421
06 09 421 421 410 410 410 410 410 421 421 410 410 399 399 390 390 390 390 390 390 399 410 421 421 430
06 10 421 421 421 421 410 410 421 430 430 421 410 410 399 399 390 390 399 399 399 410 410 421 421 430
06 11 421 430 430 421 421 421 430 441 441 430 421 421 410 399 399 399 399 410 410 410 421 430 441 441
06 12 430 430 441 430 430 430 441 441 441 441 430 430 421 410 410 410 410 410 421 421 430 441 450 450
06 13 441 441 450 441 430 441 441 450 450 441 430 430 421 410 410 410 410 410 421 421 421 450 450 450
06 14 450 450 450 441 430 441 450 450 450 441 441 430 421 410 410 410 421 410 421 421 430 450 450 450
06 15 450 450 450 441 441 441 450 460 460 450 441 441 430 421 410 410 421 421 430 430 430 450 450 460
06 16 460 460 450 441 441 441 450 460 460 460 450 441 430 421 421 410 421 421 441 430 430 460 450 460
06 17 460 460 450 441 441 441 450 460 460 460 460 450 441 430 421 421 421 430 441 441 441 460 460 460
06 18 460 460 450 450 450 450 460 460 460 460 460 450 441 441 430 430 430 441 441 450 450 469 469 469
06 19 460 460 460 450 450 450 460 469 469 469 460 460 450 441 430 430 430 441 441 450 460 469 469 469
06 20 460 460 460 450 450 450 460 469 469 469 469 460 450 441 441 441 441 441 450 460 469 469 480 480
06 21 469 460 460 450 460 450 469 469 469 469 469 460 450 441 441 441 441 441 450 450 460 469 469 469
06 22 460 460 460 450 460 450 469 469 469 469 469 460 450 441 430 430 441 441 441 450 460 469 480 469
06 23 460 460 460 450 460 460 469 469 469 469 469 460 450 441 441 441 441 441 450 460 469 480 480 480
06 24 469 469 469 460 460 460 469 469 480 469 469 460 450 441 441 441 441 441 450 460 469 469 480 480
06 25 469 469 469 460 460 460 469 469 480 469 469 460 450 441 441 441 441 441 450 450 469 469 480 480
06 26 469 469 469 460 460 469 469 469 480 469 469 460 450 441 441 441 441 441 450 460 469 469 480 480
06 27 469 469 469 460 460 460 469 480 480 469 469 460 450 441 441 441 441 441 450 460 469 480 480 489
06 28 469 480 469 460 460 469 469 480 480 469 469 469 450 450 450 450 441 450 460 460 469 480 489 489
06 29 480 480 469 469 469 469 480 480 480 469 469 469 450 450 450 450 450 450 460 460 469 480 489 489
06 30 480 480 469 469 469 469 480 480 480 480 469 469 460 450 450 450 450 460 460 469 480 489 489 489
07 01 480 480 469 469 469 469 480 480 489 480 480 469 469 460 450 450 450 460 460 469 480 489 500 489
07 02 480 489 480 480 480 480 489 489 489 489 480 469 469 460 460 460 460 469 469 480 480 489 500 489
07 03 489 489 489 480 480 480 489 489 489 489 480 469 469 460 460 460 460 460 469 480 480 489 500 489
07 04 489 489 489 480 480 480 489 489 489 489 480 469 469 460 460 460 460 460 460 469 480 489 500 500
07 05 489 489 489 489 480 480 489 489 489 489 480 469 469 460 460 460 460 469 469 480 480 489 500 500
07 06 489 500 500 489 480 480 489 489 489 489 480 480 480 469 460 460 460 469 469 480 480 500 500 500
07 07 500 500 500 489 489 489 500 500 500 489 480 480 480 469 469 469 469 469 480 480 480 500 511 500
07 08 500 500 500 500 489 489 500 500 500 500 489 489 480 469 469 469 469 469 480 489 489 511 511 511
07 09 500 511 500 500 500 500 500 511 511 500 500 489 489 469 469 469 480 480 480 489 500 511 511 511
07 10 511 511 511 500 500 500 511 511 511 500 500 489 489 480 480 480 480 489 489 500 500 520 520 520
07 11 511 511 511 500 500 500 511 511 511 511 500 500 489 489 480 489 489 489 500 500 500 520 520 520
07 12 511 511 511 511 500 500 511 520 511 511 500 500 489 489 480 489 489 489 500 500 500 520 520 520
07 13 511 511 511 500 500 500 511 511 511 511 500 500 489 489 489 489 489 489 500 500 500 520 520 520
07 14 520 511 511 511 500 500 511 520 520 511 511 500 500 500 489 489 489 500 500 500 500 520 520 520
07 15 520 520 511 511 500 500 511 520 520 511 511 500 489 489 489 489 489 489 500 500 500 520 520 520
07 16 520 520 511 511 500 500 511 520 520 511 511 500 500 489 489 489 489 489 500 500 500 520 520 520
07 17 520 511 511 511 500 500 511 520 520 511 511 500 489 489 489 489 489 489 500 500 500 520 520 520
07 18 511 511 511 511 500 500 511 520 520 511 511 500 500 489 489 489 489 500 500 500 511 520 531 520
07 19 520 520 511 511 500 500 511 520 520 520 511 511 500 500 489 489 489 500 500 511 511 520 531 520
07 20 520 520 520 511 511 500 511 531 531 520 511 511 500 500 489 489 489 500 500 511 511 520 531 520
07 21 520 520 511 511 500 500 511 520 520 520 511 511 500 489 489 489 489 500 500 500 511 520 520 520
07 22 511 520 511 511 500 500 511 520 520 511 511 500 489 489 489 489 489 500 500 500 511 520 520 520
07 23 511 511 511 511 500 500 511 520 520 511 511 500 489 489 489 489 489 500 500 500 511 520 520 520
07 24 511 511 511 511 500 500 511 520 520 511 511 500 489 489 489 489 489 500 500 500 511 520 520 520
07 25 511 511 511 500 500 500 511 520 520 511 511 500 489 489 489 489 489 500 500 500 511 520 520 520
07 26 511 511 511 500 500 500 511 511 520 511 511 500 489 489 489 489 489 489 500 500 511 520 520 520
07 27 511 511 511 500 500 500 511 511 520 511 511 500 489 489 489 489 489 489 500 511 511 520 520 520
07 28 511 511 511 511 500 500 511 520 520 520 511 511 500 489 489 489 489 489 500 511 520 531 531 520
07 29 511 520 511 511 500 500 511 520 520 520 511 500 489 489 489 489 489 489 500 511 511 520 523 520
07 30 511 511 511 511 500 500 511 520 520 520 511 500 489 489 489 489 489 489 500 511 511 520 523 520
07 31 511 511 511 511 500 500 511 520 520 520 511 500 500 489 489 489 489 489 500 511 511 531 531 520
08 01 511 520 511 511 500 500 511 520 520 520 511 511 500 489 489 489 489 489 500 511 511 531 531 531
08 02 520 520 511 511 500 500 511 520 520 520 511 500 500 489 489 489 489 489 500 511 511 531 531 520
08 03 511 520 511 511 500 500 511 520 520 520 511 500 500 489 489 489 489 489 500 511 511 531 531 520
08 04 511 520 511 511 500 500 511 520 520 520 511 500 500 489 489 489 489 489 500 511 511 531 531 520
08 05 520 520 511 511 500 500 511 511 511 511 511 500 500 489 489 489 489 489 500 511 511 520 531 520
08 06 520 511 511 511 500 500 511 511 511 511 511 500 500 489 489 489 480 489 500 511 511 531 531 520
08 07 520 511 511 511 500 500 511 511 520 520 511 500 500 489 489 489 489 489 500 511 511 531 531 520
08 08 520 511 511 511 500 500 511 511 520 520 511 500 500 489 489 489 489 489 500 511 511 531 531 531
08 09 520 520 511 511 511 500 511 520 520 520 511 500 500 489 489 489 489 489 500 511 511 531 531 520
08 10 520 511 511 511 500 500 511 520 520 520 511 500 500 489 480 480 480 489 500 511 511 520 520 520
08 11 520 511 511 500 500 500 500 511 511 511 511 500 489 480 480 480 480 480 489 500 500 520 520 520
08 12 511 500 500 489 489 489 489 500 511 511 511 500 489 480 480 469 469 480 480 500 500 511 511 511
08 13 511 500 489 489 480 480 489 500 511 500 500 489 489 480 469 469 469 469 480 500 500 511 511 511
08 14 500 489 489 489 480 469 480 500 500 500 489 480 480 469 469 469 469 469 480 489 500 500 500 500
08 15 500 489 489 480 480 469 480 489 500 489 480 480 480 469 460 460 469 469 480 489 489 500 500 500
08 16 489 489 489 480 480 469 480 489 500 489 480 480 469 460 460 460 460 469 480 489 489 500 500 500
08 17 489 489 480 480 469 469 480 489 489 489 480 480 469 460 460 460 460 460 469 480 480 500 500 489
08 18 489 480 480 480 469 460 480 480 489 480 480 480 469 460 460 460 460 464 469 480 480 489 489 489
08 19 480 480 469 469 469 460 469 480 489 480 480 480 469 460 460 460 460 460 469 480 480 489 489 489
08 20 480 480 469 469 469 460 469 480 480 480 469 480 469 460 460 460 460 460 469 480 480 489 480 480
08 21 480 480 469 469 460 460 469 480 480 480 469 469 469 460 460 460 460 460 469 480 480 489 480 480
08 22 469 480 469 469 460 460 469 480 480 480 469 469 469 460 460 450 460 460 469 469 480 489 480 480
08 23 469 469 469 469 460 450 460 469 480 480 469 469 469 450 450 450 450 460 469 469 480 480 480 480
08 24 469 469 469 460 460 450 460 469 469 469 469 469 460 450 450 450 450 460 469 469 469 480 469 480
08 25 469 469 460 460 460 450 460 469 469 469 469 460 460 450 450 450 450 460 460 460 469 480 469 480
08 26 469 469 460 460 450 450 460 469 469 469 460 460 450 450 446 441 450 450 460 460 469 469 469 469
08 27 469 469 460 460 450 450 460 469 469 469 460 450 441 441 441 441 441 450 460 460 469 469 469 469
08 28 469 469 460 460 450 450 450 469 469 469 450 450 441 441 441 441 441 441 450 460 460 469 469 469
08 29 460 460 460 450 450 441 450 460 469 460 450 441 441 441 430 441 441 441 450 450 460 469 469 469
08 30 460 460 450 450 441 441 450 460 469 460 450 441 430 430 430 430 441 441 450 450 460 469 469 469
08 31 460 460 450 450 441 441 441 460 469 460 450 441 430 430 430 430 441 441 450 450 460 469 469 469
09 01 460 460 450 441 441 441 441 460 460 460 450 441 430 430 430 430 430 441 450 450 460 469 469 460
09 02 460 460 450 441 441 441 441 460 460 460 450 441 430 430 430 430 430 441 450 450 460 469 469 460
09 03 460 450 450 441 441 430 441 450 460 450 441 430 430 430 421 430 430 430 441 450 460 464 460 460
09 04 460 450 450 441 430 430 441 450 450 450 441 430 430 430 421 421 430 430 441 450 460 460 460 450
09 05 450 450 441 441 430 430 430 450 450 450 441 430 430 430 410 421 430 430 441 450 450 460 460 450
09 06 450 441 441 430 430 430 430 450 450 450 441 430 430 430 410 421 421 430 441 450 450 460 450 450
09 07 450 441 441 430 430 421 430 441 450 450 441 430 421 421 410 421 421 430 441 450 450 450 450 450
09 08 430 441 430 430 430 421 421 441 441 441 430 421 421 410 410 410 421 421 421 441 450 450 450 441
09 09 430 430 421 421 410 410 410 430 441 441 430 421 421 410 410 410 410 421 421 430 450 450 441 441
09 10 430 430 421 421 410 410 410 421 441 441 421 421 421 410 399 410 410 410 421 430 441 450 441 441
09 11 421 421 421 410 410 399 399 421 430 430 421 421 421 410 399 410 410 410 421 430 441 441 441 430
09 12 421 421 410 410 410 399 399 421 430 421 421 410 410 410 399 399 399 399 410 430 441 441 430 421
09 13 410 410 410 410 399 399 399 410 421 421 421 410 410 399 390 390 399 399 421 421 430 441 430 421
09 14 421 410 410 399 399 399 399 410 421 421 421 410 399 399 390 390 399 399 410 421 430 430 430 421
09 15 410 410 399 399 399 390 390 399 421 421 421 410 399 390 390 390 390 399 410 421 430 430 430 421
09 16 410 410 399 399 399 390 390 399 421 421 410 410 399 390 390 390 390 399 399 421 421 430 421 410
09 17 410 399 399 390 390 390 379 399 410 410 410 399 390 379 379 379 379 390 399 410 421 421 410 410
09 18 399 399 390 390 390 379 379 399 410 410 399 399 390 379 370 379 379 390 399 410 410 421 410 399
09 19 399 399 390 390 379 379 379 390 399 399 399 399 390 379 370 379 379 390 399 410 410 410 410 399
09 20 399 390 390 379 379 379 370 390 399 399 399 390 390 379 370 370 379 390 399 410 410 410 410 399
09 21 399 390 390 379 379 370 370 379 399 399 390 379 379 370 360 370 370 379 399 399 399 410 399 399
09 22 390 390 379 379 370 370 370 379 390 399 379 370 370 370 360 370 370 379 390 390 390 390 399 390
09 23 379 379 370 370 360 360 360 370 390 390 379 370 370 370 360 360 360 370 379 390 379 390 390 390
09 24 379 370 370 370 360 360 360 370 379 379 370 370 360 360 351 351 360 360 370 370 379 390 379 379
09 25 370 370 370 360 360 360 360 370 379 379 370 360 360 351 351 351 360 360 370 370 379 379 379 379
09 26 370 370 370 360 360 360 351 370 379 379 360 360 351 340 340 340 351 351 360 370 370 370 370 370
09 27 360 370 360 360 351 351 351 360 370 360 351 351 340 340 340 340 351 351 351 360 370 370 360 360
09 28 351 360 351 351 351 340 340 351 360 360 351 351 340 331 331 340 340 340 340 351 351 360 360 351
09 29 351 351 351 340 340 340 331 340 351 351 340 340 331 320 320 320 331 331 331 340 340 351 351 351
09 30 331 340 340 331 331 331 331 340 340 351 331 331 320 309 309 309 309 320 320 331 331 340 340 340
10 01 320 340 331 320 320 320 320 331 340 340 331 320 320 309 309 309 309 309 320 331 331 331 331 331
10 02 320 320 320 320 320 320 320 331 340 340 331 320 320 309 309 300 309 309 320 320 320 331 331 331
10 03 320 320 320 320 320 309 309 331 340 340 331 320 309 309 300 300 309 309 309 309 320 320 320 320
10 04 309 320 309 309 309 300 300 320 331 320 309 300 309 300 289 300 300 300 309 309 309 309 309 309
10 05 300 309 309 309 309 300 300 309 320 320 309 300 300 300 289 300 289 300 309 309 309 309 309 309
10 06 300 300 300 300 300 300 289 309 320 309 309 300 300 289 289 289 289 300 300 309 300 300 300 300
10 07 300 300 300 300 300 289 289 300 309 309 300 289 289 289 289 289 280 300 300 300 300 300 300 300
10 08 289 300 300 289 300 289 289 300 309 309 300 289 289 289 280 280 280 289 300 300 300 300 300 300
10 09 289 300 300 289 289 289 280 300 309 309 300 289 289 289 280 280 280 289 289 289 300 300 300 300
10 10 289 300 289 280 289 280 280 289 300 300 289 289 280 280 280 280 280 289 289 289 289 289 300 289
10 11 280 289 289 280 280 280 270 280 300 300 289 289 280 280 280 280 270 280 289 289 289 289 289 289
10 12 280 280 280 280 280 280 270 280 289 289 289 289 280 280 270 270 270 270 280 289 289 289 289 280
10 13 280 280 280 280 270 270 270 270 289 289 289 289 280 280 270 270 270 270 280 280 289 280 289 280
10 14 280 280 280 270 270 270 270 270 289 289 289 280 270 270 270 270 270 270 280 280 280 280 280 280
10 15 280 270 280 270 270 270 270 270 280 289 280 280 270 261 261 261 270 270 270 280 280 270 270 270
10 16 270 270 270 270 261 261 261 270 280 280 280 270 270 261 261 261 261 261 270 270 270 270 270 270
10 17 270 270 270 270 261 261 261 270 280 280 280 270 261 261 261 261 261 261 261 270 270 270 270 270
10 18 270 270 270 261 261 261 261 261 280 280 280 270 261 261 261 261 261 261 261 270 270 270 270 270
10 19 270 270 261 261 261 261 261 261 280 280 280 270 261 261 261 261 261 261 261 270 270 270 270 270
10 20 270 270 261 261 261 261 261 261 280 280 280 270 261 261 261 261 250 261 261 270 270 270 270 270
10 21 270 270 261 261 261 261 261 261 270 280 270 270 261 261 261 261 250 261 261 270 270 261 270 270
10 22 261 261 261 261 261 250 250 250 270 270 270 261 250 261 250 250 250 250 261 261 261 261 261 261
10 23 261 261 261 250 250 250 250 250 261 270 261 250 250 250 241 241 241 241 250 261 261 261 261 261
10 24 250 250 250 250 241 241 241 241 261 261 250 250 241 241 241 241 241 241 250 250 250 250 250 250
10 25 241 250 250 250 241 241 241 241 250 261 250 250 241 241 241 241 241 241 250 250 250 250 250 241
10 26 241 241 241 241 241 241 241 241 250 250 250 241 241 241 241 230 230 241 241 241 241 250 241 241
10 27 241 241 230 241 241 241 230 230 250 250 241 241 241 230 230 230 230 241 241 241 241 241 241 241
10 28 230 230 230 230 230 230 230 230 250 250 241 241 230 230 230 230 230 230 241 241 241 241 241 241
10 29 230 230 230 230 230 230 230 230 241 241 241 241 230 230 230 230 230 230 241 241 230 241 241 230
10 30 230 230 230 230 230 230 219 230 241 241 241 230 230 230 230 230 230 230 241 241 230 241 241 230
10 31 219 219 230 230 230 219 219 219 230 241 241 230 230 219 230 219 219 219 230 230 230 230 230 230
11 01 210 219 219 219 219 219 210 219 230 230 230 219 219 219 219 219 219 219 219 219 219 219 219 219
11 02 210 219 210 210 210 210 210 210 230 219 219 219 219 219 210 210 210 210 210 210 210 210 210 210
11 03 199 210 199 199 199 199 199 199 219 219 219 210 210 210 199 199 210 199 210 210 210 199 210 199
11 04 199 199 199 199 199 199 199 199 210 210 210 210 199 199 199 190 199 199 199 199 199 199 199 199
11 05 190 199 190 199 199 199 199 199 199 210 199 190 199 190 190 190 190 190 190 190 190 190 190 190
11 06 180 190 190 190 190 180 190 190 199 199 190 190 180 180 180 180 180 180 180 190 190 190 190 190
11 07 180 190 180 180 180 180 180 180 190 190 190 180 180 180 180 180 180 180 180 190 190 190 180 180
11 08 180 190 180 180 180 180 180 180 180 190 180 180 180 180 180 180 180 180 180 180 180 180 180 180
11 09 171 180 171 171 171 171 171 171 180 180 180 180 171 171 171 171 180 180 171 180 180 180 180 180
11 10 171 180 171 171 160 171 160 160 180 180 171 171 171 171 171 171 180 180 171 180 180 180 180 180
11 11 171 180 171 171 160 171 160 160 180 180 171 171 171 171 171 171 180 180 171 180 180 180 180 180
11 12 171 171 160 160 160 160 160 151 171 171 171 171 171 171 171 171 171 180 171 171 180 171 171 171
11 13 171 171 160 160 160 151 160 151 171 171 171 171 171 160 171 171 171 171 171 171 180 171 171 171
11 14 160 171 160 160 160 151 151 151 160 171 171 160 160 160 171 160 171 171 171 171 171 171 171 171
11 15 160 160 160 151 151 151 151 151 160 160 171 160 160 160 160 160 171 171 171 171 171 171 171 160
11 16 160 160 151 151 151 151 151 140 151 160 160 160 151 151 160 160 160 160 160 160 171 160 160 151
11 17 151 151 151 151 151 140 140 140 151 151 151 151 151 151 151 151 151 151 151 151 140 151 151 140
11 18 151 151 140 140 140 140 129 129 140 151 151 140 140 151 140 140 151 140 151 140 140 140 140 140
11 19 140 140 140 140 140 140 129 129 140 151 140 140 129 140 140 140 151 140 151 140 140 140 140 140
11 20 140 140 140 129 129 129 129 129 140 140 140 140 129 140 129 140 140 140 140 140 140 140 140 129
11 21 140 129 140 129 140 129 129 120 140 140 140 140 129 140 129 140 140 140 140 140 140 140 140 140
11 22 140 140 140 140 140 129 129 129 140 140 140 140 129 140 129 140 140 140 140 140 140 140 140 140
11 23 140 140 140 129 140 129 129 129 140 140 140 140 129 140 129 140 140 140 140 140 140 140 129 129
11 24 140 129 129 129 129 120 129 129 140 140 140 140 129 129 129 129 120 129 129 129 129 129 120 129
11 25 129 120 120 120 120 120 120 120 129 129 129 129 120 120 120 120 120 120 120 120 120 120 120 120
11 26 120 120 120 120 109 109 120 109 120 120 120 120 109 109 120 120 109 109 120 109 120 109 109 109
11 27 109 109 120 109 109 109 109 109 109 109 109 109 109 109 109 109 109 109 109 109 120 109 109 109
11 28 109 109 109 100 100 109 100 100 100 109 109 109 109 109 100 100 100 100 100 100 100 100 100 100
11 29 90 90 100 90 100 100 100 100 100 100 109 100 109 100 109 100 100 100 109 100 100 100 100 100
11 30 90 90 100 90 100 100 100 100 100 100 109 100 109 100 100 100 100 100 100 100 100 100 90 90
12 01 81 81 90 90 90 81 81 81 90 90 90 90 90 90 90 90 90 90 90 81 90 81 81 70
12 02 70 70 70 70 70 70 70 81 81 81 90 90 81 81 90 90 81 90 90 81 81 70 70 70
12 03 70 70 61 61 61 50 61 61 70 70 81 81 81 70 81 81 81 81 81 81 70 70 70 70
12 04 61 61 61 61 61 50 50 50 61 70 70 70 70 70 70 70 61 70 70 61 70 61 61 61
12 05 50 61 50 61 50 50 50 50 50 50 50 61 61 61 61 50 61 61 50 61 61 50 50 50
12 06 39 50 50 39 50 39 19 19 19 30 39 39 50 50 50 39 39 39 39 39 39 30 39 39
12 07 30 39 39 39 39 39 19 19 19 30 39 39 39 39 39 30 30 30 30 30 39 30 30 30
12 08 19 19 30 30 19 19 10 10 10 19 30 30 32 30 30 30 30 30 30 19 30 19 19 19
12 09 10 19 30 19 10 19 10 10 10 19 30 30 32 30 30 30 30 30 30 19 30 19 19 19
12 10 10 10 19 19 10 10 10 10 10 19 19 19 30 30 30 30 19 30 30 19 19 19 10 19
12 11 10 10 10 19 10 0 10 0 0 19 19 19 30 30 30 19 19 30 30 10 10 19 10 19
12 12 10 10 10 10 10 0 10 0 0 10 10 19 19 30 19 19 19 19 10 10 10 10 10 10
12 13 10 10 10 0 0 0 10 0 0 10 10 19 19 19 19 19 19 10 10 10 10 10 0 0
12 14 0 0 0 -9 0 -9 -9 0 -9 0 10 19 19 19 10 19 19 10 10 10 10 10 0 0
12 15 -9 0 -9 -9 -9 -9 -9 -9 -9 0 10 19 19 19 19 19 19 10 10 10 10 10 0 0
12 16 0 0 -9 -9 -9 -9 -9 0 -9 0 10 19 19 19 19 19 19 10 10 10 10 10 10 0
12 17 0 0 0 -9 -9 -9 -9 0 -9 0 10 19 19 19 19 19 19 10 10 10 10 10 0 0
12 18 -9 0 -9 -9 -9 -9 -9 0 -9 0 10 10 19 10 10 19 10 10 0 0 0 0 0 -9
12 19 -20 -9 -9 -9 -9 -9 -9 -9 -9 0 10 10 19 10 10 10 10 10 -9 -9 0 0 0 -9
12 20 -20 -20 -9 -9 -9 -9 -9 -9 -9 -9 10 10 10 10 10 10 0 0 -9 0 0 0 0 -9
12 21 -20 -9 -9 -9 -9 -9 -9 -9 0 0 10 10 19 19 10 10 10 10 0 0 0 0 0 -9
12 22 -20 0 -9 -9 -9 -9 -9 -9 -9 0 10 10 10 10 10 10 0 10 0 0 0 0 0 -9
12 23 -20 0 0 -9 -9 0 -9 -9 -9 0 10 10 10 10 10 10 0 0 -9 -9 -9 0 0 -9
12 24 -20 -9 -9 -9 -9 -9 -9 -9 -9 0 0 0 0 -9 0 0 0 0 -9 -9 -9 -9 -9 -20
12 25 -20 -20 -9 -9 -20 -9 -9 -9 -9 -9 0 0 -9 -9 -9 0 0 -9 -9 -9 -9 -9 -9 -20
12 26 -20 -20 -20 -20 -29 -9 -9 -9 -9 -9 -9 -9 -9 -20 -9 -9 -9 -9 -20 -20 -20 -20 -20 -29
12 27 -29 -29 -29 -29 -29 -20 -20 -20 -20 -9 -9 -9 -9 -20 -9 -9 -20 -20 -20 -20 -20 -29 -29 -40
12 28 -40 -40 -29 -29 -40 -40 -29 -29 -20 -20 -9 -9 -20 -20 -20 -9 -20 -29 -29 -20 -29 -29 -29 -40
12 29 -40 -40 -29 -29 -40 -29 -29 -29 -29 -20 -20 -9 -20 -20 -20 -20 -20 -29 -29 -29 -40 -40 -40 -51
12 30 -51 -40 -51 -40 -40 -40 -40 -40 -29 -29 -20 -20 -20 -20 -29 -20 -20 -29 -40 -40 -40 -40 -40 -51
12 31 -60 -40 -51 -40 -40 -40 -40 -40 -40 -29 -29 -20 -20 -29 -29 -29 -29 -40 -40 -51 -40 -51 -51 -60
