01 01 -80 -69 -71 -81 -89 -89 -80 -90 -81 -78 -62 -40 -40 -51 -40 -40 -58 -51 -58 -58 -58 -58 -69 -69
01 02 -89 -71 -78 -81 -89 -90 -80 -90 -81 -78 -69 -49 -51 -58 -51 -51 -58 -58 -51 -58 -58 -62 -71 -71
01 03 -89 -78 -78 -89 -90 -98 -90 -108 -98 -90 -78 -62 -58 -58 -58 -58 -62 -62 -58 -69 -71 -71 -76 -78
01 04 -90 -89 -89 -89 -90 -101 -99 -110 -108 -98 -78 -69 -58 -58 -58 -58 -60 -62 -58 -69 -71 -71 -78 -78
01 05 -94 -89 -89 -90 -98 -108 -101 -117 -117 -108 -81 -71 -58 -58 -58 -62 -62 -71 -71 -71 -76 -78 -78 -78
01 06 -98 -89 -89 -98 -98 -110 -108 -117 -117 -108 -81 -81 -62 -58 -58 -58 -62 -71 -76 -71 -78 -80 -90 -89
01 07 -98 -90 -98 -99 -112 -117 -110 -128 -128 -117 -99 -98 -78 -78 -78 -69 -78 -78 -81 -80 -89 -90 -98 -98
01 08 -110 -98 -117 -117 -128 -130 -128 -139 -139 -121 -108 -108 -98 -90 -94 -89 -89 -89 -98 -98 -98 -98 -108 -108
01 09 -117 -110 -128 -130 -128 -148 -141 -148 -139 -128 -117 -110 -98 -98 -98 -94 -89 -90 -98 -98 -108 -98 -110 -117
01 10 -9999 -117 -141 -139 -139 -159 -150 -148 -148 -139 -121 -119 -108 -110 -108 -101 -101 -98 -99 -108 -110 -110 -110 -117
01 11 -9999 -139 -148 -148 -148 -161 -159 -159 -148 -148 -128 -128 -128 -117 -110 -108 -108 -108 -110 -110 -117 -117 -117 -128
01 12 -9999 -148 -148 -159 -161 -168 -161 -159 -148 -148 -128 -128 -112 -110 -108 -99 -108 -108 -108 -110 -117 -117 -110 -119
01 13 -9999 -141 -148 -152 -161 -168 -161 -159 -159 -148 -128 -128 -110 -110 -108 -99 -108 -108 -108 -110 -117 -110 -110 -119
01 14 -9999 -141 -148 -152 -161 -168 -161 -168 -161 -150 -130 -128 -117 -110 -108 -108 -108 -108 -110 -110 -117 -117 -128 -128
01 15 -9999 -148 -159 -161 -168 -170 -179 -171 -168 -159 -139 -141 -128 -112 -110 -110 -110 -110 -110 -117 -128 -128 -128 -139
01 16 -9999 -152 -159 -161 -171 -171 -179 -179 -168 -159 -141 -141 -119 -110 -110 -108 -110 -110 -110 -112 -130 -128 -130 -139
01 17 -9999 -150 -159 -161 -171 -170 -171 -179 -168 -159 -139 -139 -128 -112 -110 -108 -110 -110 -110 -117 -130 -128 -130 -139
01 18 -9999 -150 -159 -161 -179 -171 -179 -179 -168 -159 -141 -141 -128 -117 -110 -108 -110 -117 -110 -112 -128 -128 -128 -139
01 19 -9999 -148 -150 -161 -170 -170 -179 -171 -170 -159 -148 -141 -128 -117 -117 -110 -110 -117 -112 -117 -130 -130 -130 -139
01 20 -9999 -148 -150 -166 -170 -171 -179 -179 -179 -159 -148 -141 -130 -117 -117 -110 -112 -117 -112 -117 -128 -128 -130 -139
01 21 -9999 -148 -150 -161 -170 -171 -171 -179 -170 -159 -148 -139 -130 -117 -110 -110 -110 -110 -110 -110 -119 -119 -128 -128
01 22 -9999 -141 -148 -161 -161 -168 -166 -170 -161 -150 -130 -130 -119 -110 -108 -99 -110 -110 -108 -110 -117 -110 -117 -119
01 23 -9999 -141 -148 -159 -159 -159 -159 -168 -161 -148 -130 -130 -112 -94 -99 -90 -99 -101 -108 -110 -110 -108 -110 -112
01 24 -9999 -139 -141 -148 -150 -148 -159 -161 -150 -141 -128 -119 -110 -90 -98 -90 -94 -99 -101 -108 -108 -101 -108 -110
01 25 -9999 -130 -130 -141 -150 -148 -150 -161 -150 -139 -119 -112 -110 -90 -94 -89 -90 -99 -99 -99 -108 -99 -101 -101
01 26 -9999 -119 -128 -139 -148 -141 -141 -150 -148 -130 -119 -110 -99 -89 -89 -80 -89 -98 -89 -90 -90 -90 -90 -98
01 27 -9999 -110 -117 -139 -130 -130 -141 -141 -148 -121 -117 -99 -90 -81 -90 -80 -89 -94 -81 -90 -90 -90 -94 -99
01 28 -9999 -117 -117 -139 -130 -130 -141 -141 -148 -121 -117 -99 -90 -81 -89 -80 -89 -90 -80 -89 -90 -89 -90 -98
01 29 -9999 -108 -117 -121 -121 -130 -130 -141 -141 -112 -99 -90 -89 -71 -89 -78 -78 -89 -80 -89 -89 -80 -89 -94
01 30 -9999 -99 -110 -119 -119 -119 -130 -130 -139 -108 -98 -89 -89 -71 -81 -78 -78 -89 -78 -80 -81 -80 -89 -90
01 31 -9999 -99 -110 -119 -119 -117 -130 -139 -141 -112 -101 -89 -89 -71 -81 -78 -81 -89 -80 -80 -81 -78 -89 -89
02 01 -9999 -99 -110 -119 -121 -119 -130 -139 -141 -112 -101 -89 -90 -71 -81 -80 -81 -89 -78 -80 -81 -78 -80 -89
02 02 -9999 -94 -108 -110 -110 -110 -121 -130 -130 -110 -98 -81 -81 -71 -80 -78 -78 -81 -71 -78 -80 -78 -89 -80
02 03 -9999 -98 -99 -101 -110 -101 -119 -130 -130 -110 -99 -81 -81 -71 -78 -78 -78 -80 -71 -71 -78 -71 -80 -76
02 04 -9999 -81 -90 -90 -98 -101 -110 -119 -117 -99 -90 -76 -78 -71 -76 -71 -76 -78 -69 -71 -78 -71 -80 -78
02 05 -9999 -81 -90 -94 -98 -108 -110 -119 -119 -101 -89 -78 -78 -71 -78 -71 -78 -81 -78 -80 -90 -80 -90 -80
02 06 -9999 -90 -90 -99 -110 -117 -119 -128 -130 -112 -94 -81 -89 -71 -78 -78 -80 -89 -80 -89 -98 -90 -90 -80
02 07 -9999 -90 -90 -98 -110 -110 -110 -121 -130 -108 -90 -78 -81 -71 -78 -78 -80 -89 -80 -89 -90 -89 -90 -80
02 08 -9999 -90 -90 -98 -108 -108 -110 -119 -117 -108 -90 -81 -89 -76 -78 -78 -81 -89 -80 -89 -90 -94 -94 -80
02 09 -9999 -90 -90 -99 -110 -110 -110 -121 -117 -110 -90 -89 -89 -71 -78 -78 -81 -81 -80 -89 -90 -90 -94 -80
02 10 -9999 -90 -94 -99 -110 -110 -110 -121 -117 -110 -94 -89 -89 -76 -80 -78 -81 -78 -80 -89 -94 -94 -94 -89
02 11 -9999 -94 -98 -99 -110 -110 -110 -128 -117 -110 -94 -89 -81 -76 -78 -78 -81 -80 -80 -89 -90 -94 -94 -89
02 12 -9999 -94 -98 -98 -110 -110 -112 -128 -117 -112 -94 -89 -81 -76 -78 -76 -81 -78 -80 -89 -90 -90 -94 -80
02 13 -9999 -94 -98 -98 -108 -110 -110 -128 -110 -110 -94 -80 -78 -71 -78 -71 -78 -76 -78 -78 -90 -89 -90 -78
02 14 -9999 -90 -89 -89 -99 -101 -110 -121 -108 -108 -80 -71 -69 -60 -71 -69 -76 -71 -78 -78 -89 -80 -90 -78
02 15 -9999 -90 -89 -89 -99 -99 -108 -119 -101 -101 -71 -71 -62 -58 -60 -69 -71 -69 -76 -76 -80 -78 -89 -78
02 16 -9999 -89 -81 -89 -94 -98 -108 -119 -101 -99 -71 -71 -51 -58 -58 -62 -60 -62 -76 -71 -78 -78 -89 -78
02 17 -9999 -89 -81 -89 -94 -94 -99 -112 -99 -94 -71 -69 -49 -51 -58 -58 -58 -60 -69 -69 -62 -71 -69 -71
02 18 -9999 -81 -80 -78 -81 -89 -89 -108 -90 -89 -71 -71 -49 -51 -51 -58 -58 -60 -71 -69 -69 -78 -71 -78
02 19 -9999 -89 -81 -80 -90 -89 -94 -110 -94 -90 -71 -71 -51 -58 -58 -58 -58 -60 -71 -69 -69 -78 -71 -76
02 20 -81 -89 -81 -80 -90 -90 -99 -101 -90 -80 -62 -71 -49 -40 -40 -40 -51 -58 -58 -58 -58 -69 -60 -62
02 21 -76 -78 -76 -78 -80 -81 -89 -94 -81 -78 -60 -60 -40 -40 -40 -38 -40 -58 -51 -49 -49 -40 -51 -51
02 22 -69 -62 -69 -78 -76 -80 -89 -94 -81 -78 -62 -60 -49 -40 -40 -38 -40 -51 -49 -40 -49 -40 -49 -51
02 23 -58 -51 -60 -69 -69 -71 -71 -81 -71 -62 -51 -51 -40 -31 -40 -27 -38 -38 -40 -38 -40 -38 -40 -38
02 24 -51 -51 -51 -62 -69 -71 -71 -81 -71 -60 -51 -51 -40 -29 -31 -27 -38 -38 -40 -38 -40 -38 -40 -38
02 25 -51 -51 -51 -62 -71 -71 -69 -78 -69 -58 -49 -40 -40 -29 -29 -20 -27 -31 -20 -27 -31 -29 -38 -29
02 26 -38 -38 -49 -51 -60 -60 -60 -71 -58 -51 -40 -40 -38 -27 -27 -20 -20 -27 -20 -20 -20 -22 -20 -27
02 27 -38 -29 -40 -40 -58 -51 -58 -69 -58 -49 -40 -40 -38 -29 -27 -20 -27 -27 -20 -20 -20 -29 -38 -29
02 28 -38 -38 -49 -51 -69 -60 -62 -71 -58 -51 -40 -40 -40 -29 -27 -20 -27 -27 -20 -27 -31 -38 -38 -38
03 01 -49 -38 -49 -51 -69 -69 -62 -71 -58 -51 -49 -40 -40 -31 -27 -20 -38 -31 -22 -29 -31 -38 -38 -38
03 02 -9999 -40 -49 -51 -69 -71 -71 -76 -60 -58 -58 -40 -40 -40 -27 -22 -29 -29 -27 -29 -38 -38 -40 -40
03 03 -9999 -51 -58 -58 -69 -76 -76 -76 -60 -58 -58 -40 -40 -40 -29 -27 -38 -31 -27 -31 -38 -38 -40 -40
03 04 -9999 -51 -58 -51 -60 -76 -71 -76 -60 -58 -58 -40 -40 -40 -27 -27 -27 -29 -27 -38 -38 -38 -49 -49
03 05 -9999 -51 -58 -51 -62 -76 -76 -76 -58 -58 -51 -40 -38 -40 -22 -20 -22 -27 -27 -31 -38 -38 -40 -40
03 06 -9999 -49 -49 -49 -58 -69 -69 -71 -58 -51 -40 -38 -29 -29 -20 -18 -18 -22 -20 -27 -27 -38 -38 -40
03 07 -9999 -40 -40 -49 -49 -58 -58 -69 -51 -49 -40 -38 -29 -27 -18 -18 -18 -20 -20 -20 -20 -31 -38 -38
03 08 -9999 -31 -40 -40 -49 -51 -58 -60 -49 -38 -27 -27 -18 -18 -8 -9 -9 -11 -18 -18 -9 -22 -18 -20
03 09 -9999 -27 -38 -38 -40 -49 -51 -58 -49 -31 -22 -20 -11 -18 -4 -4 -8 -11 -18 -18 -9 -22 -18 -18
03 10 -9999 -27 -29 -29 -40 -49 -51 -51 -40 -29 -22 -20 -11 -9 -4 -4 -8 -11 -18 -18 -9 -22 -20 -27
03 11 -9999 -29 -38 -29 -40 -49 -51 -51 -38 -27 -20 -18 -9 -9 0 0 -4 -4 -11 -9 -9 -20 -18 -18
03 12 -9999 -27 -27 -22 -31 -40 -49 -40 -31 -22 -18 -18 -9 -4 0 0 -4 -4 -11 -9 -9 -20 -18 -11
03 13 -9999 -22 -22 -22 -22 -38 -40 -40 -31 -22 -9 -9 -8 -4 1 0 -4 -4 -18 -9 -9 -20 -18 -18
03 14 -9999 -22 -22 -20 -27 -40 -40 -40 -31 -22 -18 -18 -9 -8 1 0 -4 -4 -11 -8 -8 -11 -9 -8
03 15 -9999 -11 -18 -11 -20 -31 -38 -38 -22 -22 -8 -18 -8 -4 10 9 1 0 0 0 0 -4 -4 -4
03 16 -9999 -8 -11 -8 -20 -27 -31 -31 -20 -18 -4 0 -4 10 14 14 12 9 0 1 0 0 0 0
03 17 -9999 0 -9 -4 -9 -20 -22 -18 -8 -4 9 12 14 14 19 21 19 12 19 19 21 19 14 14
03 18 -9999 10 0 0 -4 -9 -9 0 10 10 19 19 21 19 19 30 21 14 21 30 30 21 19 21
03 19 -9999 12 10 10 0 0 0 1 14 19 21 21 30 30 30 32 30 21 21 30 30 21 21 30
03 20 -9999 14 12 10 0 0 0 10 21 28 30 30 30 32 41 39 32 32 30 32 32 28 32 32
03 21 -9999 28 19 21 10 12 12 21 39 41 50 39 41 41 50 50 52 41 39 52 41 30 39 39
03 22 -9999 30 19 30 10 19 14 21 39 50 50 50 50 41 50 50 52 41 39 52 41 32 50 39
03 23 -9999 32 21 30 12 19 19 21 39 52 50 50 50 50 50 50 61 52 50 61 50 39 50 50
03 24 -9999 32 30 32 21 21 32 32 50 61 52 52 50 50 52 52 61 61 52 63 52 41 52 52
03 25 -9999 39 39 41 39 39 39 50 50 61 52 52 50 50 52 52 63 63 61 72 61 52 61 63
03 26 -9999 52 52 52 50 52 50 52 63 70 63 70 61 61 70 61 72 72 72 82 72 68 70 81
03 27 -9999 70 68 68 61 63 61 70 72 82 81 72 72 70 81 63 72 72 72 82 72 72 81 82
03 28 -9999 70 70 72 79 70 63 81 82 90 82 90 90 82 90 81 90 90 82 91 90 90 90 91
03 29 -9999 86 81 82 82 81 82 90 91 102 99 100 100 100 99 90 102 91 91 102 102 102 91 100
03 30 -9999 91 91 90 90 90 91 91 100 109 102 102 102 102 104 102 109 99 102 102 109 111 109 109
03 31 -9999 91 91 91 90 91 100 109 104 120 111 109 109 102 109 102 109 102 102 109 111 118 111 120
04 01 -9999 102 102 102 102 102 109 111 109 122 118 111 111 109 111 109 111 104 109 118 120 122 120 122
04 02 -9999 118 109 109 120 109 118 129 129 129 122 120 120 111 118 111 120 109 118 122 129 131 122 129
04 03 -9999 120 118 111 122 120 122 131 129 131 122 122 129 118 118 122 129 120 122 131 131 140 129 129
04 04 -9999 122 122 122 140 140 140 140 140 131 122 129 129 120 118 129 129 122 122 131 140 140 140 140
04 05 -9999 140 122 140 140 140 140 140 140 140 122 129 129 122 120 129 129 122 122 131 131 140 140 140
04 06 -9999 129 129 140 140 140 140 140 140 131 122 129 129 122 120 129 129 129 129 131 140 140 140 142
04 07 142 140 140 140 142 142 140 149 140 140 129 131 129 122 120 129 129 129 129 131 140 140 142 151
04 08 149 142 140 140 142 149 142 153 140 140 129 131 129 122 120 129 129 129 129 131 140 142 142 151
04 09 142 142 140 140 142 149 142 153 149 140 129 131 129 129 120 129 129 129 129 131 140 142 142 151
04 10 142 142 140 140 142 151 149 158 151 140 131 131 129 129 120 129 131 131 131 140 140 142 142 151
04 11 142 149 140 140 142 149 142 153 149 142 140 140 131 131 131 131 131 140 131 140 142 142 151 151
04 12 142 151 140 151 151 151 149 158 149 142 140 140 140 140 129 131 131 140 140 140 149 151 153 153
04 13 151 151 149 151 151 151 151 160 151 149 140 140 140 140 131 140 140 140 140 142 151 153 160 158
04 14 153 153 158 153 160 153 153 171 160 158 142 140 140 142 131 140 140 131 140 140 151 151 160 160
04 15 158 160 160 153 162 160 160 172 171 160 142 142 142 149 140 142 142 142 151 151 153 160 162 160
04 16 153 160 158 153 162 160 169 172 172 162 151 149 142 151 140 149 151 149 153 151 153 160 162 160
04 17 153 162 160 160 160 160 171 176 180 169 151 151 151 151 140 149 149 149 153 153 153 160 171 162
04 18 -9999 162 162 171 162 171 172 181 189 171 158 151 151 151 149 151 151 149 158 169 160 171 180 171
04 19 -9999 176 172 176 176 171 180 190 192 176 160 151 160 153 151 151 151 151 160 171 160 172 180 172
04 20 -9999 176 172 176 176 172 189 194 194 180 169 153 160 160 153 160 153 153 162 172 172 180 190 181
04 21 -9999 180 180 181 180 180 190 201 199 181 181 176 171 171 160 172 171 160 172 180 181 189 194 190
04 22 -9999 181 180 189 180 180 194 201 199 181 181 180 171 172 171 176 172 171 180 189 192 192 199 192
04 23 -9999 190 190 190 190 190 199 210 210 199 190 190 180 180 180 180 180 180 180 190 199 199 210 199
04 24 -9999 199 199 199 199 199 208 219 219 199 194 192 190 181 181 190 181 180 180 194 199 199 210 199
04 25 -9999 201 199 199 210 208 212 221 221 199 199 194 192 194 190 190 189 181 189 194 199 201 210 201
04 26 -9999 210 210 210 219 212 219 230 230 201 199 199 199 194 192 190 190 190 190 194 201 210 219 210
04 27 -9999 219 212 212 219 212 221 232 230 208 201 201 201 194 199 194 194 194 199 201 208 219 221 221
04 28 -9999 221 221 221 221 219 230 239 230 212 210 208 208 199 199 199 194 194 199 201 210 219 230 221
04 29 -9999 230 221 221 230 221 232 241 239 221 210 210 210 199 199 208 199 199 208 212 212 230 230 230
04 30 -9999 230 230 241 230 221 239 248 241 230 212 212 212 201 199 210 199 199 212 212 212 221 230 230
05 01 -9999 241 232 241 232 230 241 250 243 230 212 219 212 208 201 210 199 199 212 212 212 230 230 230
05 02 -9999 241 241 241 241 230 243 252 248 241 219 219 212 208 208 210 208 201 212 219 219 230 230 230
05 03 -9999 243 241 248 241 232 248 252 250 241 219 219 219 210 210 210 210 210 212 219 219 232 230 232
05 04 -9999 243 241 248 243 239 250 261 250 241 221 221 219 210 212 212 212 210 212 221 221 232 241 243
05 05 -9999 250 248 250 248 241 252 262 261 248 230 221 219 212 212 212 212 212 212 221 232 232 241 248
05 06 -9999 250 250 252 248 243 262 266 262 250 230 230 221 219 219 219 219 219 219 232 232 241 243 250
05 07 -9999 259 252 259 252 252 270 271 270 252 241 239 230 230 221 221 221 219 230 241 241 241 250 250
05 08 -9999 262 261 262 261 261 271 280 271 261 243 241 232 232 230 232 230 230 230 241 241 243 252 252
05 09 -9999 262 262 262 261 261 279 282 271 262 252 241 241 232 239 232 232 232 230 250 248 243 259 259
05 10 -9999 266 262 266 262 261 279 282 280 262 252 241 243 241 241 239 239 232 232 250 250 259 261 262
05 11 -9999 270 262 270 270 266 282 289 284 270 261 250 250 243 250 241 243 243 243 252 252 261 262 270
05 12 -9999 271 271 271 279 270 289 300 289 271 262 250 250 250 259 243 250 250 252 262 270 270 271 271
05 13 -9999 280 280 280 280 280 291 302 302 282 270 262 261 252 262 252 252 252 261 270 270 271 280 282
05 14 -9999 282 280 282 282 280 298 309 302 289 270 270 261 262 270 261 261 261 270 270 271 280 282 282
05 15 -9999 291 284 289 289 289 302 311 309 302 280 279 270 270 279 270 270 270 280 280 289 289 300 302
05 16 -9999 300 298 300 298 300 309 320 320 320 298 284 280 280 280 280 279 282 289 291 298 300 302 309
05 17 -9999 302 300 302 300 300 320 331 320 320 298 289 289 282 282 282 282 282 289 300 302 302 309 309
05 18 -9999 302 300 300 300 300 320 331 320 320 300 289 289 284 282 282 282 282 289 300 302 302 309 311
05 19 -9999 309 302 302 300 302 320 331 329 320 300 291 289 289 289 284 284 289 300 300 302 309 311 311
05 20 -9999 309 302 309 309 309 320 340 331 320 302 300 300 291 298 289 289 291 302 302 309 311 311 320
05 21 -9999 309 309 309 309 309 331 340 338 329 309 302 302 302 302 298 300 300 311 309 320 320 320 320
05 22 -9999 320 320 311 320 320 340 349 340 331 311 311 309 309 309 302 300 309 311 311 320 331 320 329
05 23 -9999 329 320 320 320 320 340 351 340 331 320 311 311 309 309 302 309 309 311 311 320 331 331 331
05 24 -9999 331 331 320 320 320 340 351 340 331 329 320 320 309 311 309 309 320 320 329 331 340 331 340
05 25 -9999 340 338 331 320 331 351 351 351 340 331 331 331 320 320 320 320 320 331 331 340 340 340 340
05 26 -9999 340 340 340 331 340 351 356 351 351 340 340 340 338 320 331 331 331 338 338 340 351 351 349
05 27 -9999 340 340 340 338 340 351 360 360 356 351 340 340 340 338 338 340 340 340 340 356 356 356 356
05 28 -9999 349 349 349 340 340 356 360 360 360 351 349 351 351 349 340 340 340 351 351 360 360 360 356
05 29 -9999 351 349 349 340 349 356 360 360 360 356 351 351 356 351 349 351 349 351 351 360 369 369 360
05 30 -9999 356 351 351 349 351 360 374 370 360 360 356 351 356 351 351 351 351 351 360 370 370 369 369
05 31 -9999 360 351 351 349 351 360 379 374 374 369 360 356 360 356 360 351 351 356 360 370 370 370 369
06 01 -9999 360 351 351 349 351 360 379 379 379 370 360 360 360 360 360 351 356 360 370 370 374 370 370
06 02 -9999 360 351 351 351 360 369 379 379 379 370 369 360 360 369 360 360 360 360 370 379 379 370 370
06 03 -9999 360 356 356 351 360 370 379 390 390 370 370 360 369 370 370 369 360 360 379 379 379 379 370
06 04 -9999 370 360 360 356 360 374 390 390 390 374 370 370 370 374 370 374 369 369 379 390 388 379 374
06 05 -9999 370 369 370 360 360 379 390 392 392 379 379 370 379 379 374 374 370 374 388 390 390 388 379
06 06 -9999 379 370 379 360 370 379 392 399 399 390 379 379 379 379 379 379 379 379 390 390 390 390 379
06 07 -9999 379 379 379 379 379 399 410 410 399 399 390 379 390 390 390 390 388 379 390 399 392 390 379
06 08 -9999 390 379 390 379 379 399 410 410 410 399 390 388 379 390 390 390 388 379 399 399 399 390 390
06 09 -9999 390 388 390 379 379 410 410 419 410 410 390 388 390 390 390 392 390 390 399 399 399 392 390
06 10 -9999 392 390 390 379 390 410 421 421 421 410 399 390 399 392 392 399 392 390 399 399 399 399 392
06 11 -9999 399 392 392 390 392 421 430 430 421 421 410 399 410 410 399 410 410 410 410 410 410 410 399
06 12 -9999 399 399 399 390 399 421 439 441 430 430 421 410 421 421 410 419 410 410 421 421 421 410 410
06 13 -9999 410 410 410 410 410 421 441 450 441 430 421 410 421 421 421 421 410 410 421 428 421 410 410
06 14 -9999 410 410 410 410 410 430 441 450 446 430 421 410 421 421 421 421 410 421 430 430 428 421 410
06 15 -9999 410 419 419 410 410 430 450 450 450 441 430 421 430 430 421 430 421 428 439 430 430 421 421
06 16 -9999 421 421 419 410 419 430 450 450 450 441 430 421 430 430 430 430 421 421 430 430 430 430 421
06 17 -9999 430 421 421 410 421 439 450 459 450 441 439 421 430 430 430 439 430 430 441 441 439 430 430
06 18 -9999 430 430 421 421 430 441 459 460 450 450 441 430 430 441 441 450 441 441 450 450 441 441 441
06 19 -9999 439 430 430 421 430 446 460 460 460 450 441 430 430 441 441 450 441 450 450 450 450 441 441
06 20 -9999 441 430 430 428 430 450 460 460 460 450 450 441 441 450 450 450 450 450 450 460 450 450 450
06 21 -9999 441 441 439 430 439 450 464 464 460 450 450 441 441 450 450 450 441 450 450 459 450 450 450
06 22 -9999 441 441 439 430 430 450 464 469 460 450 450 441 441 450 450 450 450 450 459 460 460 450 450
06 23 -9999 450 441 439 430 439 450 469 469 469 450 450 450 450 450 450 460 450 460 460 460 460 460 460
06 24 -9999 450 450 441 439 441 460 469 480 469 460 450 450 450 450 450 459 450 460 460 460 460 460 460
06 25 -9999 450 450 450 441 441 460 469 480 469 459 450 441 450 450 450 450 450 459 460 460 460 460 460
06 26 -9999 460 450 450 441 441 460 469 480 469 459 450 441 450 450 450 450 450 460 460 460 460 460 460
06 27 -9999 460 450 450 441 441 460 469 480 469 459 450 450 450 450 450 450 450 460 460 469 460 460 460
06 28 -9999 460 450 450 441 441 460 469 482 469 460 450 450 450 450 450 459 459 460 460 469 469 460 460
06 29 -9999 460 450 450 450 450 460 480 489 469 460 460 450 450 459 459 460 460 460 460 469 469 460 460
06 30 -9999 460 450 450 450 450 464 480 489 469 469 464 450 459 459 459 460 460 464 469 469 469 469 464
07 01 -9999 469 460 460 450 450 469 480 489 480 469 469 460 460 464 460 460 469 469 469 480 469 469 469
07 02 469 469 460 460 459 460 478 489 500 482 469 469 460 469 469 460 469 469 469 469 480 478 469 469
07 03 -9999 469 464 460 460 460 480 489 500 482 469 469 469 469 469 460 464 469 469 469 480 480 469 469
07 04 -9999 469 469 460 460 460 480 489 500 482 469 469 469 469 469 460 469 469 469 469 480 480 469 469
07 05 -9999 469 469 464 460 460 480 489 500 482 469 469 469 469 469 460 469 469 469 480 480 480 469 469
07 06 -9999 469 469 464 460 464 480 489 500 489 469 469 469 478 469 464 469 469 478 489 489 480 480 480
07 07 -9999 480 469 469 460 469 480 500 500 489 480 469 469 478 469 469 478 469 478 489 489 482 480 480
07 08 -9999 480 469 469 460 469 480 500 500 489 489 480 478 478 469 469 480 469 480 489 489 489 489 482
07 09 -9999 480 469 469 469 469 482 500 511 500 489 480 480 480 480 480 480 480 480 489 500 489 489 489
07 10 -9999 480 480 469 469 469 489 500 511 511 500 480 482 480 489 482 489 489 489 500 500 500 489 489
07 11 -9999 482 480 480 480 480 489 509 511 511 500 482 489 482 489 482 489 489 489 500 500 500 500 489
07 12 -9999 489 482 480 480 480 489 509 511 511 500 489 489 489 489 489 489 489 489 500 500 500 500 489
07 13 -9999 489 482 480 480 480 489 511 518 511 500 489 489 489 489 489 489 489 489 500 500 500 500 489
07 14 -9999 489 489 482 480 480 489 511 520 518 500 489 489 489 489 489 500 500 500 500 500 500 500 500
07 15 -9999 489 489 482 480 480 489 511 520 518 500 489 489 489 489 489 489 489 500 500 500 500 500 500
07 16 -9999 489 489 482 480 480 489 511 520 518 511 489 489 489 489 489 489 489 500 509 500 500 500 500
07 17 -9999 489 489 482 480 480 489 511 520 511 500 489 489 489 489 489 489 489 500 509 500 500 500 500
07 18 489 489 489 482 480 480 500 511 520 511 500 500 489 489 489 489 489 489 500 511 511 500 500 500
07 19 489 500 489 489 482 482 500 511 520 520 511 500 489 489 489 489 500 500 500 511 511 511 509 500
07 20 500 500 489 489 489 489 500 511 520 520 511 500 489 489 489 489 489 489 500 511 511 511 511 500
07 21 -9999 500 489 489 482 482 500 511 520 520 511 500 489 489 489 489 489 489 500 509 511 500 509 500
07 22 -9999 489 489 489 480 482 500 511 520 520 500 500 489 489 489 489 489 489 500 500 511 500 509 500
07 23 489 489 489 482 480 480 489 511 520 520 511 489 489 489 489 489 489 489 500 500 511 500 500 500
07 24 489 489 489 482 480 480 489 511 520 520 511 500 489 489 489 489 489 489 500 509 511 500 511 500
07 25 489 489 489 482 480 480 489 511 520 520 511 500 489 489 489 489 489 489 500 509 511 500 500 500
07 26 489 489 489 480 480 480 489 500 520 520 511 500 489 489 489 489 489 489 500 500 511 500 500 500
07 27 -9999 489 489 480 480 480 489 509 520 520 511 500 489 489 500 489 489 500 500 509 511 500 500 500
07 28 -9999 489 489 482 480 480 489 511 520 520 511 500 500 489 500 500 500 500 500 511 511 500 509 500
07 29 -9999 489 489 482 482 480 489 511 520 520 511 500 489 489 489 489 489 500 500 509 511 500 500 500
07 30 -9999 489 489 480 480 480 489 500 520 520 511 500 489 489 489 489 500 500 500 509 511 500 500 500
07 31 -9999 489 489 480 480 480 489 500 520 520 500 489 489 482 489 489 482 489 500 509 511 500 500 500
08 01 -9999 489 489 480 480 480 489 500 520 520 511 489 489 489 489 489 489 489 500 511 511 500 500 500
08 02 -9999 489 482 480 480 480 489 500 520 520 511 489 489 489 489 489 489 500 500 511 511 500 500 500
08 03 -9999 489 482 480 480 480 489 500 520 520 511 489 489 489 489 489 489 489 500 511 511 500 500 500
08 04 -9999 489 489 480 480 480 489 500 520 520 511 489 489 489 489 489 489 489 500 511 511 500 500 500
08 05 489 489 482 480 480 480 489 500 518 520 511 489 489 489 489 489 482 489 500 511 500 500 500 500
08 06 489 482 480 480 469 478 482 500 518 520 511 489 489 482 489 489 482 482 500 511 500 500 500 500
08 07 489 482 480 480 469 478 480 500 518 520 511 489 489 489 489 489 482 482 500 511 500 500 500 500
08 08 489 482 480 478 469 478 480 500 518 520 511 489 489 489 489 489 482 482 500 511 500 500 500 500
08 09 489 482 480 480 469 478 480 500 518 520 511 489 489 489 489 489 482 500 500 511 500 500 500 500
08 10 489 482 480 480 469 480 480 500 518 520 511 489 489 489 489 482 480 482 500 511 500 500 500 500
08 11 489 480 480 478 469 469 480 489 509 511 500 489 482 480 482 480 480 480 482 500 500 500 482 489
08 12 482 480 469 469 464 464 469 482 500 511 500 480 480 480 480 469 469 469 480 500 489 489 480 480
08 13 -9999 469 469 464 460 460 464 480 500 509 500 480 469 469 469 469 469 469 480 489 489 482 480 480
08 14 480 469 464 460 460 450 460 480 489 500 500 480 469 469 469 464 469 469 480 489 480 480 480 469
08 15 -9999 460 464 460 460 450 460 480 489 500 500 480 469 469 469 464 469 469 480 489 480 480 480 469
08 16 -9999 460 460 460 459 450 450 469 489 500 489 480 469 469 469 460 469 469 469 482 478 480 469 469
08 17 -9999 460 460 460 450 450 450 469 489 489 482 478 469 469 460 460 464 464 469 480 469 480 469 469
08 18 -9999 460 460 450 450 441 450 469 482 489 480 478 469 469 469 460 460 460 469 480 469 478 469 469
08 19 -9999 459 460 450 450 441 441 460 480 489 480 478 469 460 469 460 460 460 469 480 469 469 469 460
08 20 -9999 450 460 446 446 441 441 460 480 489 480 469 469 460 469 460 460 460 469 480 469 478 469 460
08 21 -9999 459 460 446 441 441 441 460 478 480 480 469 469 460 469 459 460 460 469 478 469 469 469 460
08 22 -9999 450 450 441 441 441 441 459 469 480 469 469 460 460 460 450 459 460 469 469 469 469 464 460
08 23 -9999 450 450 441 441 439 441 450 469 480 469 469 460 460 460 450 459 460 469 469 469 469 460 450
08 24 -9999 450 446 439 439 430 439 450 469 478 469 469 460 459 460 450 450 459 464 464 469 460 460 450
08 25 -9999 450 441 430 439 430 430 450 460 469 464 460 460 450 450 450 450 450 460 460 460 460 460 450
08 26 -9999 441 441 430 430 430 430 446 459 469 460 450 441 450 450 446 450 450 460 460 460 459 459 450
08 27 -9999 441 441 430 430 430 430 446 459 469 459 441 441 441 450 450 450 450 460 460 460 450 450 441
08 28 -9999 441 441 430 430 428 430 441 450 469 450 441 441 441 450 441 450 450 460 460 460 450 450 441
08 29 -9999 439 430 430 428 421 421 441 450 460 450 430 430 439 441 441 441 441 460 450 450 450 441 441
08 30 -9999 430 430 430 421 421 421 430 450 460 441 430 430 430 441 430 430 430 450 450 450 441 441 439
08 31 -9999 430 430 421 419 410 419 430 450 460 450 430 430 430 441 430 430 430 450 450 441 441 439 430
09 01 -9999 430 430 421 410 410 410 430 450 460 450 430 430 439 441 430 430 430 450 450 441 441 439 430
09 02 -9999 430 430 421 410 410 410 430 450 460 450 430 430 430 439 430 430 430 450 450 441 441 439 430
09 03 -9999 430 428 419 410 410 410 430 446 460 450 430 430 428 428 421 421 421 441 450 439 441 439 430
09 04 -9999 430 421 410 410 399 399 430 441 450 441 421 421 421 421 421 421 421 441 441 439 439 430 430
09 05 -9999 421 410 410 399 399 399 421 441 450 430 421 421 421 421 421 410 419 430 439 430 430 430 421
09 06 -9999 419 410 410 399 399 392 419 441 450 430 421 421 421 419 421 410 419 430 439 430 430 430 421
09 07 -9999 419 410 410 399 399 390 419 439 441 430 421 421 410 410 410 410 410 430 439 421 428 428 419
09 08 -9999 410 399 399 399 399 390 410 430 430 430 419 419 410 399 410 399 410 421 430 421 421 421 410
09 09 -9999 399 399 399 390 388 379 399 421 430 428 410 410 399 399 399 399 410 410 421 419 421 421 410
09 10 -9999 390 390 390 390 379 379 390 421 430 428 410 410 399 399 399 399 410 410 421 410 419 410 410
09 11 -9999 390 390 390 379 379 379 390 410 421 421 410 410 399 390 399 399 399 410 421 399 399 399 410
09 12 -9999 390 379 379 379 370 370 388 399 410 410 399 399 399 390 399 390 399 410 410 399 399 399 399
09 13 -9999 390 379 379 370 370 370 379 399 410 410 399 390 390 390 390 390 399 410 410 399 399 399 399
09 14 -9999 390 379 379 370 370 370 379 399 410 399 390 390 388 388 390 390 399 399 399 399 399 399 399
09 15 -9999 379 379 379 370 370 370 379 390 410 399 390 379 379 379 379 388 390 399 399 399 399 399 399
09 16 -9999 388 379 379 370 370 370 379 390 399 399 390 379 379 379 379 388 390 399 399 399 390 390 390
09 17 390 379 379 370 370 360 360 370 379 399 390 379 379 370 370 374 379 379 390 390 390 388 388 379
09 18 379 379 370 360 360 360 356 370 379 390 390 379 370 370 370 370 370 379 390 390 390 379 388 379
09 19 -9999 370 360 360 360 360 351 369 379 390 379 379 370 370 370 370 370 379 390 390 379 379 379 379
09 20 -9999 370 360 351 356 351 351 360 379 390 379 379 370 370 369 370 370 379 390 390 379 374 379 370
09 21 -9999 360 360 351 351 351 340 351 374 388 379 374 369 369 360 360 370 370 379 379 379 370 370 370
09 22 -9999 360 356 351 351 349 340 351 369 379 379 370 360 360 356 360 360 360 370 370 370 360 360 360
09 23 -9999 351 351 349 340 340 338 340 360 370 370 360 360 351 351 351 351 356 369 360 369 360 360 351
09 24 -9999 351 349 340 340 338 331 340 360 370 369 351 349 340 349 340 340 349 360 351 360 349 349 351
09 25 -9999 340 340 340 340 338 329 338 360 360 351 340 340 338 340 338 340 340 351 351 351 340 340 349
09 26 -9999 340 340 338 338 338 329 331 360 360 349 340 338 331 331 331 331 331 331 340 340 340 338 340
09 27 -9999 340 340 338 331 331 320 331 351 351 340 331 331 329 331 320 320 320 331 338 338 338 331 338
09 28 -9999 338 338 331 320 320 320 320 340 340 331 331 329 320 320 320 320 320 320 320 320 320 320 331
09 29 -9999 331 331 320 311 311 309 311 331 338 331 331 320 302 320 302 309 311 320 320 309 311 309 311
09 30 -9999 311 320 302 309 302 302 309 320 329 320 320 311 302 302 291 291 302 309 302 302 309 309 309
10 01 -9999 309 302 300 302 302 300 302 311 320 320 320 309 302 302 289 291 300 302 302 302 309 302 309
10 02 -9999 302 302 300 300 300 298 302 309 320 320 320 309 300 300 289 289 300 302 300 302 302 302 298
10 03 -9999 298 298 298 289 291 291 300 309 320 311 309 302 291 298 280 280 291 300 300 300 300 300 298
10 04 -9999 291 289 289 282 289 284 291 309 309 302 300 289 279 284 271 271 282 289 291 291 291 289 289
10 05 -9999 289 282 282 280 280 280 289 302 302 300 289 284 271 282 271 270 282 289 291 291 291 289 289
10 06 -9999 289 282 279 279 279 271 280 300 302 300 284 282 266 279 270 270 280 289 282 289 282 282 289
10 07 -9999 282 280 279 271 270 270 279 291 300 289 271 271 262 270 266 266 271 282 271 282 279 279 282
10 08 -9999 279 270 270 270 266 262 271 289 289 289 270 270 262 266 262 266 270 280 271 280 279 279 280
10 09 -9999 271 270 270 270 262 261 270 289 289 289 270 270 262 262 262 262 262 280 270 279 270 271 279
10 10 -9999 270 270 270 266 262 261 266 284 289 284 270 266 262 261 259 261 262 270 270 270 270 270 270
10 11 -9999 266 262 261 261 252 250 261 280 280 270 266 266 261 259 252 252 261 266 262 266 266 266 266
10 12 -9999 261 259 250 259 250 250 261 279 280 270 262 262 252 252 250 250 252 259 261 261 262 261 259
10 13 -9999 250 252 250 250 250 250 252 270 271 266 262 261 250 250 250 250 252 252 259 259 261 252 259
10 14 -9999 250 252 250 250 250 250 250 262 271 262 262 250 250 248 250 248 250 250 252 259 252 250 252
10 15 -9999 248 250 248 250 248 248 250 262 270 262 262 250 250 248 248 248 248 250 250 252 250 248 250
10 16 -9999 248 248 241 243 243 243 250 261 266 261 259 248 241 243 243 243 243 248 250 250 250 243 243
10 17 -9999 243 243 241 241 241 241 248 261 266 261 252 248 241 239 241 241 241 243 243 243 241 241 243
10 18 -9999 241 241 239 241 241 241 243 261 262 261 252 248 243 241 243 241 241 243 243 243 241 241 241
10 19 -9999 241 241 239 241 241 239 243 261 266 261 250 243 243 239 241 241 241 243 243 241 241 241 241
10 20 -9999 241 241 239 241 241 241 241 259 266 261 250 243 243 232 241 241 241 243 241 241 241 241 241
10 21 -9999 241 239 232 241 239 232 241 252 262 259 250 243 241 230 232 232 241 241 241 241 241 239 232
10 22 -9999 239 232 230 232 230 230 230 250 261 250 250 241 239 230 230 230 239 241 241 232 232 232 230
10 23 -9999 230 230 230 230 221 221 221 248 250 243 243 232 230 230 230 219 230 232 230 230 230 230 230
10 24 -9999 221 221 221 219 212 212 219 243 250 241 241 230 230 221 230 219 230 230 230 230 230 221 221
10 25 -9999 219 219 221 212 212 212 219 241 250 241 241 230 230 221 221 212 221 230 219 221 221 219 219
10 26 -9999 219 219 219 212 210 210 212 239 248 232 232 230 221 219 219 210 219 221 212 219 219 219 219
10 27 -9999 212 212 212 208 201 201 208 230 232 232 230 219 221 212 219 210 219 219 212 219 219 219 219
10 28 -9999 210 212 210 201 201 201 201 230 230 230 230 219 219 212 219 210 219 219 212 219 212 219 219
10 29 -9999 210 212 210 201 199 201 201 221 230 230 230 219 219 210 212 210 219 219 212 219 212 219 212
10 30 -9999 210 210 210 201 199 201 201 221 230 230 221 212 219 210 212 210 212 219 210 210 210 212 212
10 31 -9999 210 210 208 199 194 201 199 219 230 221 219 210 212 201 201 201 210 201 201 201 210 210 201
11 01 -9999 201 199 199 199 192 199 199 212 219 219 208 201 190 190 199 192 199 192 192 192 194 199 199
11 02 -9999 192 192 199 192 190 192 190 201 201 210 199 192 181 181 190 181 192 190 181 190 190 192 190
11 03 -9999 190 190 190 189 180 190 189 192 199 208 192 181 180 180 180 180 181 181 180 181 190 190 189
11 04 -9999 190 181 189 181 180 181 181 190 199 201 190 180 176 180 180 180 180 180 172 180 181 181 181
11 05 -9999 181 180 180 180 176 180 180 189 190 192 181 172 171 172 180 180 180 172 171 176 180 181 180
11 06 -9999 176 171 171 176 171 160 162 172 180 189 172 171 162 160 171 172 172 171 162 172 172 180 172
11 07 -9999 171 162 162 172 169 160 160 169 172 176 162 162 160 158 153 171 171 162 162 171 171 172 172
11 08 -9999 171 162 162 171 169 160 153 160 162 172 160 162 158 151 151 162 162 160 162 171 162 171 162
11 09 -9999 160 153 158 160 162 153 149 153 162 171 158 153 153 149 149 160 160 153 158 162 160 162 160
11 10 -9999 160 151 153 158 158 151 142 153 160 169 153 153 153 149 142 160 153 153 158 162 160 160 160
11 11 -9999 160 153 153 160 153 151 142 153 160 171 158 153 153 149 149 153 151 153 158 160 160 160 153
11 12 -9999 153 153 153 153 151 140 140 149 158 162 153 151 153 142 142 153 151 151 153 153 158 153 151
11 13 -9999 151 151 151 151 149 140 140 142 153 160 151 149 151 142 142 153 151 151 153 151 153 153 151
11 14 -9999 142 149 142 149 140 131 131 140 153 158 149 142 151 140 140 151 142 151 153 151 151 151 151
11 15 -9999 140 151 140 142 140 122 129 131 153 153 149 142 151 140 142 153 151 151 153 151 151 142 142
11 16 -9999 140 140 140 142 131 122 122 131 151 151 142 140 142 140 140 151 142 151 151 142 142 140 129
11 17 -9999 131 129 129 122 131 122 111 129 140 151 140 140 131 140 131 140 140 140 140 140 140 129 122
11 18 -9999 122 122 122 122 129 111 109 122 129 140 140 129 129 131 129 140 129 131 129 129 131 129 122
11 19 -9999 122 122 120 111 122 111 104 111 129 140 131 129 129 129 122 131 122 129 129 129 129 122 122
11 20 -9999 122 120 120 111 118 109 104 109 122 131 131 129 129 129 120 122 118 118 122 122 122 120 109
11 21 -9999 109 109 109 109 109 109 102 109 118 129 129 129 129 129 122 122 120 122 122 129 122 122 111
11 22 122 118 120 118 111 111 109 104 109 118 129 129 129 129 129 122 131 122 129 129 129 122 122 111
11 23 122 118 120 109 111 109 109 104 109 118 129 129 122 122 122 120 129 120 122 129 129 122 122 111
11 24 122 109 118 109 109 109 104 102 109 111 120 122 120 122 118 118 120 111 109 111 120 120 109 109
11 25 -9999 104 104 90 100 100 100 91 100 109 118 122 109 111 109 102 109 109 102 109 118 104 109 104
11 26 109 102 100 86 90 90 82 82 90 102 109 118 102 104 102 90 90 100 91 100 100 100 100 99
11 27 99 91 86 81 82 81 81 81 82 90 102 109 102 100 91 90 86 90 90 91 91 99 100 91
11 28 91 90 81 72 72 72 81 72 81 90 100 100 91 91 90 82 81 81 86 86 86 90 90 82
11 29 81 81 72 63 70 68 70 70 81 82 91 91 91 90 90 82 79 81 86 82 86 82 90 82
11 30 81 79 70 61 70 68 70 70 72 82 91 91 90 90 90 81 79 72 82 79 82 82 82 79
12 01 -9999 63 70 59 63 61 61 50 59 70 72 82 81 82 70 70 63 68 79 70 70 63 70 59
12 02 -9999 50 50 50 59 50 41 50 50 68 70 72 72 81 63 63 61 61 72 61 61 52 61 50
12 03 -9999 50 50 41 50 32 32 41 39 50 63 63 70 70 61 61 52 59 70 61 61 50 52 50
12 04 -9999 50 39 39 41 30 30 39 32 32 39 52 61 61 52 52 50 52 61 52 41 50 39 39
12 05 -9999 39 21 21 21 19 30 32 21 21 39 50 61 41 50 52 41 50 52 41 39 30 19 19
12 06 -9999 19 14 19 19 9 1 1 0 0 12 19 30 21 32 39 32 32 41 39 21 19 19 9
12 07 -9999 9 0 9 9 -8 -9 -9 -8 0 9 19 21 19 21 32 28 30 39 30 19 10 12 1
12 08 -9999 0 -8 -8 -18 -18 -27 -27 -27 -8 0 10 19 19 19 21 19 30 30 21 14 10 10 0
12 09 -9999 -8 -8 -9 -20 -20 -27 -27 -27 -8 1 10 19 19 19 19 19 28 21 21 14 10 10 0
12 10 -9999 -4 -11 -20 -27 -29 -38 -29 -27 -8 0 10 9 12 12 19 19 21 21 19 10 10 1 -8
12 11 -9999 -9 -20 -29 -29 -38 -40 -49 -40 -27 -9 1 9 10 12 12 19 19 21 19 1 0 0 -9
12 12 -9999 -18 -29 -38 -29 -40 -51 -51 -40 -29 -9 1 1 1 10 10 10 12 19 12 1 0 0 -11
12 13 -9999 -11 -29 -38 -31 -40 -51 -51 -40 -29 -9 1 1 1 10 10 10 12 19 1 0 0 -4 -20
12 14 -9999 -20 -29 -38 -40 -51 -62 -58 -51 -38 -20 -8 -9 0 9 1 1 10 14 -8 0 -4 -9 -20
12 15 -9999 -20 -31 -40 -40 -51 -69 -60 -58 -40 -20 -9 -9 0 9 10 1 10 14 -8 0 -4 -9 -20
12 16 -9999 -20 -31 -40 -40 -51 -69 -58 -58 -40 -20 -8 0 1 10 12 10 14 14 0 0 0 -4 -11
12 17 -9999 -18 -29 -38 -40 -51 -69 -58 -58 -38 -20 -9 -9 0 9 10 12 14 14 0 0 -4 -9 -20
12 18 -9 -20 -29 -38 -40 -51 -69 -58 -60 -40 -20 -18 -11 -4 1 0 0 1 -8 -18 -8 -18 -20 -27
12 19 -9999 -27 -40 -51 -51 -60 -71 -60 -62 -40 -22 -18 -9 -4 1 0 -8 -4 -8 -20 -8 -18 -27 -27
12 20 -49 -31 -49 -51 -58 -71 -78 -71 -71 -49 -29 -18 -18 -8 0 0 -9 -9 -18 -20 -22 -27 -29 -27
12 21 -51 -40 -49 -51 -51 -60 -71 -60 -69 -40 -20 -9 -8 -4 1 0 -9 -8 -8 -18 -8 -18 -18 -20
12 22 -27 -27 -29 -51 -40 -51 -69 -60 -60 -40 -20 -9 -9 -8 -8 -9 -9 -18 -9 -20 -8 -18 -18 -20
12 23 -49 -27 -38 -51 -49 -51 -60 -60 -58 -40 -20 -9 -9 -8 -8 -18 -18 -22 -18 -20 -9 -20 -27 -20
12 24 -58 -40 -40 -51 -51 -60 -69 -60 -60 -40 -22 -18 -9 -8 -11 -20 -22 -29 -20 -20 -9 -22 -27 -20
12 25 -60 -49 -49 -51 -51 -60 -71 -60 -69 -49 -27 -18 -18 -8 -18 -27 -29 -38 -22 -27 -22 -27 -29 -22
12 26 -62 -49 -49 -51 -51 -60 -69 -60 -62 -49 -27 -20 -18 -9 -20 -27 -31 -38 -27 -27 -29 -31 -38 -27
12 27 -60 -49 -49 -51 -51 -58 -60 -58 -62 -49 -27 -20 -18 -9 -22 -22 -29 -29 -27 -38 -31 -38 -40 -31
12 28 -62 -51 -51 -58 -58 -69 -71 -71 -71 -51 -38 -22 -20 -11 -22 -27 -31 -38 -31 -38 -40 -40 -51 -49
12 29 -69 -51 -51 -71 -60 -69 -71 -76 -71 -51 -38 -22 -20 -11 -29 -27 -38 -38 -38 -38 -40 -49 -58 -58
12 30 -71 -60 -71 -76 -71 -76 -78 -80 -76 -58 -40 -27 -29 -20 -31 -38 -40 -40 -49 -40 -49 -49 -58 -58
12 31 -71 -58 -60 -78 -69 -76 -78 -80 -78 -71 -40 -29 -29 -40 -40 -40 -51 -49 -49 -51 -49 -58 -69 -60
