01 01 -9999 70 50 39 30 30 19 19 30 90 120 129 129 140 140 140 140 129 109 120 109 109 100 100
01 02 -9999 81 61 39 39 39 30 30 39 90 120 129 129 140 140 140 140 129 120 120 120 109 100 100
01 03 -9999 81 61 50 50 50 39 39 39 100 129 140 140 140 140 140 151 140 129 120 120 120 109 100
01 04 -9999 90 70 50 50 50 39 39 39 109 129 140 140 151 140 140 151 140 129 120 120 120 109 100
01 05 -9999 81 70 61 50 50 39 39 39 100 129 140 140 151 140 151 151 140 129 120 120 109 100 100
01 06 -9999 81 61 61 50 50 39 39 39 100 120 140 140 151 140 140 151 140 120 120 120 109 90 90
01 07 -9999 70 61 50 39 50 50 39 39 90 120 129 140 140 140 140 151 140 129 120 120 109 100 100
01 08 -9999 81 61 61 50 50 50 39 61 100 120 129 140 140 140 140 151 140 129 120 120 109 100 100
01 09 -9999 81 61 61 50 50 50 39 61 90 120 129 140 140 140 140 151 140 129 120 120 109 90 90
01 10 -9999 81 61 50 50 50 50 39 61 90 120 129 140 140 140 140 140 140 120 120 109 100 81 81
01 11 -9999 70 50 50 50 50 50 39 61 90 120 129 140 151 140 151 151 140 120 120 100 100 81 81
01 12 -9999 70 50 50 50 50 50 39 61 90 120 129 140 151 140 151 140 140 120 120 100 90 70 70
01 13 -9999 61 39 50 50 50 50 39 61 90 120 129 140 151 140 151 140 140 120 120 100 90 70 70
01 14 -9999 61 39 50 50 50 50 50 61 90 120 129 140 151 151 151 140 140 120 109 100 90 70 70
01 15 -9999 61 30 50 50 50 50 39 61 90 109 129 140 140 140 151 140 140 120 109 100 90 70 61
01 16 -9999 50 39 50 50 39 50 30 50 90 109 120 140 140 140 151 140 140 120 109 90 81 61 61
01 17 -9999 50 30 50 39 39 50 30 39 90 109 120 140 140 140 140 129 140 120 100 90 81 61 61
01 18 -9999 50 30 39 39 39 39 30 39 90 109 120 129 140 140 140 129 140 120 100 90 81 61 61
01 19 -9999 50 30 39 30 30 30 19 30 81 109 120 140 140 140 140 129 140 120 109 90 81 70 70
01 20 -9999 50 30 39 39 30 30 19 30 90 109 129 140 140 140 140 140 140 129 120 100 100 81 81
01 21 -9999 61 39 50 39 39 39 30 50 90 109 129 140 140 140 140 140 140 129 120 109 109 90 90
01 22 -9999 61 50 50 50 39 39 39 50 90 120 129 140 140 140 151 140 140 140 120 109 109 90 90
01 23 -9999 61 61 50 50 39 39 30 50 90 120 129 140 140 140 151 140 151 140 120 120 109 100 100
01 24 -9999 61 61 61 50 50 39 39 50 100 120 140 140 140 140 140 140 151 140 129 129 120 100 100
01 25 -9999 70 70 70 61 50 39 39 50 100 120 140 140 140 140 140 140 140 140 140 129 120 100 100
01 26 -9999 90 70 70 61 50 39 39 61 109 120 140 140 140 140 140 140 140 140 140 129 120 109 100
01 27 -9999 90 81 70 61 50 39 39 61 109 129 140 151 140 140 140 140 140 140 151 140 129 109 109
01 28 -9999 100 90 70 61 50 39 39 61 109 129 140 151 140 140 140 140 140 140 151 140 -9999 120 -9999 
01 29 -9999 -9999 90 70 61 50 39 39 61 109 129 140 151 140 140 140 140 140 140 151 -9999 -9999 -9999 -9999 
01 30 -9999 -9999 90 70 61 50 39 39 61 109 129 140 151 140 140 140 140 140 129 -9999 -9999 -9999 -9999 -9999 
01 31 -9999 -9999 90 81 70 50 39 39 61 109 129 140 140 140 140 140 140 140 129 -9999 -9999 -9999 -9999 -9999 
02 01 -9999 -9999 90 81 70 50 39 39 61 109 129 129 140 140 140 129 129 129 129 -9999 -9999 -9999 -9999 -9999 
02 02 -9999 -9999 90 81 70 50 39 39 70 109 129 129 140 140 140 129 129 129 129 -9999 -9999 -9999 -9999 -9999 
02 03 -9999 -9999 90 81 70 50 39 39 70 109 129 129 129 129 129 120 129 120 129 -9999 -9999 -9999 -9999 -9999 
02 04 -9999 -9999 90 81 81 61 50 50 81 120 129 129 140 129 129 120 129 120 129 -9999 -9999 -9999 -9999 -9999 
02 05 -9999 -9999 100 90 81 61 50 50 90 120 129 129 140 140 129 129 129 129 129 -9999 -9999 -9999 -9999 -9999 
02 06 -9999 -9999 100 90 81 61 50 50 90 120 129 129 140 140 129 129 129 129 129 -9999 -9999 -9999 -9999 -9999 
02 07 -9999 -9999 100 90 81 70 61 61 90 129 140 140 140 140 129 129 129 129 140 -9999 -9999 -9999 -9999 -9999 
02 08 -9999 -9999 100 90 81 70 61 61 100 129 140 140 151 140 140 140 129 140 140 -9999 -9999 -9999 -9999 -9999 
02 09 -9999 -9999 109 100 81 81 70 70 100 129 140 151 151 140 140 140 140 140 140 -9999 -9999 -9999 -9999 -9999 
02 10 -9999 -9999 109 100 90 90 70 81 109 140 140 151 151 140 151 140 140 140 140 -9999 -9999 -9999 -9999 -9999 
02 11 -9999 -9999 109 109 100 90 81 90 109 140 151 151 151 151 151 151 151 151 151 -9999 -9999 -9999 -9999 -9999 
02 12 -9999 -9999 120 109 100 100 100 100 109 140 151 160 151 151 151 151 151 151 151 -9999 -9999 -9999 -9999 -9999 
02 13 -9999 -9999 120 120 109 109 109 109 120 140 151 160 151 140 151 151 151 151 160 -9999 -9999 -9999 -9999 -9999 
02 14 -9999 -9999 129 120 109 120 109 109 120 140 151 160 151 140 151 151 151 160 160 -9999 -9999 -9999 -9999 -9999 
02 15 -9999 -9999 140 120 120 120 109 109 129 151 151 160 160 140 151 151 151 160 160 -9999 -9999 -9999 -9999 -9999 
02 16 -9999 -9999 140 129 129 120 120 120 140 151 160 160 160 151 151 151 151 160 160 -9999 -9999 -9999 -9999 -9999 
02 17 -9999 -9999 151 140 129 120 129 129 151 151 160 160 160 151 151 151 151 160 160 -9999 -9999 -9999 -9999 -9999 
02 18 -9999 -9999 151 140 129 129 129 129 151 160 160 160 160 151 151 151 151 151 160 -9999 -9999 -9999 -9999 -9999 
02 19 -9999 -9999 151 140 129 129 129 129 151 151 160 160 160 151 151 151 151 151 160 -9999 -9999 -9999 -9999 -9999 
02 20 -9999 -9999 151 140 129 129 129 120 151 151 160 160 160 151 151 151 140 151 160 -9999 -9999 -9999 -9999 -9999 
02 21 -9999 -9999 151 129 129 129 129 120 151 160 160 160 160 151 151 140 140 151 160 -9999 -9999 -9999 -9999 -9999 
02 22 -9999 -9999 151 140 129 129 129 129 151 160 160 160 160 151 151 140 140 151 160 -9999 -9999 -9999 -9999 -9999 
02 23 -9999 -9999 151 140 140 129 140 140 160 171 160 160 160 151 151 140 140 151 160 -9999 -9999 -9999 -9999 -9999 
02 24 -9999 -9999 151 140 129 129 140 140 160 171 160 160 160 151 151 140 140 140 151 -9999 -9999 -9999 -9999 -9999 
02 25 -9999 -9999 151 140 129 129 129 140 160 171 160 160 160 151 151 140 140 140 151 -9999 -9999 -9999 -9999 -9999 
02 26 -9999 -9999 151 129 129 129 129 129 160 171 160 160 160 151 151 140 140 140 151 -9999 -9999 -9999 -9999 -9999 
02 27 -9999 -9999 151 129 129 129 129 140 160 171 160 160 160 151 151 140 140 140 151 -9999 -9999 -9999 -9999 -9999 
02 28 -9999 -9999 151 140 129 129 129 140 160 171 160 160 160 151 151 140 140 140 151 -9999 -9999 -9999 -9999 -9999 
03 01 -9999 -9999 151 140 129 129 129 140 171 171 160 160 160 160 151 151 151 140 151 -9999 -9999 -9999 -9999 -9999 
03 02 -9999 -9999 151 140 129 129 129 140 171 171 160 160 160 160 151 140 151 140 151 -9999 -9999 -9999 -9999 -9999 
03 03 -9999 -9999 151 140 140 129 129 140 171 171 160 160 160 160 151 151 151 151 160 -9999 -9999 -9999 -9999 -9999 
03 04 -9999 -9999 151 151 140 140 140 140 171 180 171 160 160 160 151 151 151 151 160 -9999 -9999 -9999 -9999 -9999 
03 05 -9999 -9999 151 151 140 140 140 140 171 180 171 171 160 160 151 151 151 151 160 -9999 -9999 -9999 -9999 -9999 
03 06 -9999 -9999 151 151 151 140 140 140 171 180 171 160 160 160 151 140 151 151 151 -9999 -9999 -9999 -9999 -9999 
03 07 -9999 -9999 151 151 140 140 140 151 180 180 171 160 160 160 151 140 140 140 151 -9999 -9999 -9999 -9999 -9999 
03 08 -9999 -9999 151 151 140 140 140 151 180 180 171 160 160 151 151 140 140 140 151 -9999 -9999 -9999 -9999 -9999 
03 09 -9999 -9999 151 151 151 140 140 151 180 180 171 160 151 151 151 140 140 140 151 -9999 -9999 -9999 -9999 -9999 
03 10 -9999 -9999 151 151 140 140 140 151 180 180 180 160 151 151 140 140 140 140 151 -9999 -9999 -9999 -9999 -9999 
03 11 -9999 -9999 140 151 140 140 140 160 180 180 180 160 151 151 140 140 140 140 151 -9999 -9999 -9999 -9999 -9999 
03 12 -9999 -9999 151 151 151 140 151 160 180 180 180 160 151 151 140 140 140 140 151 -9999 -9999 -9999 -9999 -9999 
03 13 -9999 -9999 151 151 151 140 151 160 180 190 180 171 151 151 140 140 140 140 151 -9999 -9999 -9999 -9999 -9999 
03 14 -9999 -9999 151 151 151 140 151 160 180 190 180 160 151 151 140 129 129 129 151 -9999 -9999 -9999 -9999 -9999 
03 15 -9999 -9999 151 151 151 151 151 171 180 180 180 171 151 151 140 129 129 129 151 -9999 -9999 -9999 -9999 -9999 
03 16 -9999 -9999 151 151 151 151 151 160 180 180 180 160 151 151 140 129 129 129 140 -9999 -9999 -9999 -9999 -9999 
03 17 -9999 -9999 151 151 140 140 151 171 180 190 180 160 151 151 140 129 129 129 140 -9999 -9999 -9999 -9999 -9999 
03 18 -9999 -9999 151 151 140 140 151 171 180 180 180 160 151 151 140 129 129 129 140 -9999 -9999 -9999 -9999 -9999 
03 19 -9999 -9999 140 151 140 140 151 171 180 180 171 160 151 151 129 129 129 129 140 -9999 -9999 -9999 -9999 -9999 
03 20 -9999 -9999 151 151 140 140 151 171 180 180 171 151 151 140 129 129 120 120 129 -9999 -9999 -9999 -9999 -9999 
03 21 -9999 -9999 140 140 140 140 151 171 180 180 171 151 151 140 129 129 120 120 129 -9999 -9999 -9999 -9999 -9999 
03 22 -9999 -9999 140 140 140 140 151 171 180 171 160 151 140 140 129 129 120 120 129 -9999 -9999 -9999 -9999 -9999 
03 23 -9999 -9999 140 140 140 140 140 160 171 171 160 151 140 140 129 120 120 109 120 -9999 -9999 -9999 -9999 -9999 
03 24 -9999 -9999 140 140 129 129 129 160 171 171 160 151 140 140 120 120 109 109 120 -9999 -9999 -9999 -9999 -9999 
03 25 -9999 -9999 140 129 129 129 129 160 171 171 160 151 140 140 120 120 109 109 120 -9999 -9999 -9999 -9999 -9999 
03 26 -9999 -9999 140 140 129 129 129 160 171 171 160 151 140 129 120 120 109 109 109 -9999 -9999 -9999 -9999 -9999 
03 27 -9999 -9999 140 129 129 129 129 160 171 171 160 151 140 129 120 120 109 109 109 -9999 -9999 -9999 -9999 -9999 
03 28 -9999 -9999 140 129 129 129 129 160 171 171 151 140 129 129 109 109 109 100 109 -9999 -9999 -9999 -9999 -9999 
03 29 -9999 -9999 129 129 120 120 129 160 160 160 151 140 129 129 120 109 109 100 109 -9999 -9999 -9999 -9999 -9999 
03 30 -9999 -9999 129 129 120 120 120 160 160 160 151 140 129 129 109 109 100 100 109 -9999 -9999 -9999 -9999 -9999 
03 31 -9999 -9999 129 129 120 120 120 160 160 160 151 140 120 120 109 109 109 100 100 -9999 -9999 -9999 -9999 -9999 
04 01 -9999 -9999 129 129 120 120 120 160 160 160 151 140 120 120 109 109 100 100 100 -9999 -9999 -9999 -9999 -9999 
04 02 -9999 -9999 129 129 120 120 120 151 151 151 151 140 120 120 109 109 100 100 100 -9999 -9999 -9999 -9999 -9999 
04 03 -9999 -9999 129 120 120 120 120 151 151 151 140 140 120 120 109 109 100 100 100 -9999 -9999 -9999 -9999 -9999 
04 04 -9999 -9999 120 120 120 120 120 151 160 160 140 140 120 120 109 109 109 100 100 -9999 -9999 -9999 -9999 -9999 
04 05 -9999 -9999 129 120 120 120 120 160 160 160 140 140 120 120 109 109 109 100 100 -9999 -9999 -9999 -9999 -9999 
04 06 -9999 -9999 129 120 120 129 129 160 171 160 151 140 120 129 120 120 109 100 100 -9999 -9999 -9999 -9999 -9999 
04 07 -9999 -9999 129 129 129 129 129 171 171 160 140 140 120 129 120 120 109 100 109 -9999 -9999 -9999 -9999 -9999 
04 08 -9999 -9999 129 129 129 129 129 171 171 160 151 140 129 129 120 120 109 109 109 -9999 -9999 -9999 -9999 -9999 
04 09 -9999 -9999 129 129 129 129 129 171 171 171 151 140 129 129 120 120 109 109 109 -9999 -9999 -9999 -9999 -9999 
04 10 -9999 -9999 129 129 129 129 129 171 171 160 151 140 129 129 120 120 109 109 109 -9999 -9999 -9999 -9999 -9999 
04 11 -9999 -9999 129 129 129 129 140 171 171 171 151 140 129 140 120 120 120 109 109 -9999 -9999 -9999 -9999 -9999 
04 12 -9999 -9999 129 129 129 129 140 171 180 171 151 140 129 140 129 120 120 109 109 -9999 -9999 -9999 -9999 -9999 
04 13 -9999 -9999 129 129 129 140 140 171 180 171 160 151 140 140 129 129 120 120 120 -9999 -9999 -9999 -9999 -9999 
04 14 -9999 -9999 129 129 140 140 140 171 180 171 160 151 140 140 140 140 120 120 120 -9999 -9999 -9999 -9999 -9999 
04 15 -9999 -9999 129 140 140 140 140 180 190 180 160 151 140 151 140 140 120 129 129 -9999 -9999 -9999 -9999 -9999 
04 16 -9999 -9999 140 140 140 140 140 180 190 180 160 151 140 151 140 140 129 129 129 -9999 -9999 -9999 -9999 -9999 
04 17 -9999 -9999 140 140 140 140 151 180 190 180 171 160 151 160 151 140 129 129 129 -9999 -9999 -9999 -9999 -9999 
04 18 -9999 -9999 140 140 151 151 151 180 190 180 171 171 160 160 151 140 129 129 129 -9999 -9999 -9999 -9999 -9999 
04 19 -9999 -9999 140 151 151 151 160 180 190 190 180 171 160 160 151 140 129 129 140 -9999 -9999 -9999 -9999 -9999 
04 20 -9999 -9999 151 151 151 151 160 180 190 190 180 180 160 160 151 140 129 129 140 -9999 -9999 -9999 -9999 -9999 
04 21 -9999 -9999 151 151 160 151 160 180 190 190 180 171 160 160 151 140 129 129 140 -9999 -9999 -9999 -9999 -9999 
04 22 -9999 -9999 151 151 160 160 171 190 199 190 180 171 160 160 140 140 129 129 140 -9999 -9999 -9999 -9999 -9999 
04 23 -9999 -9999 160 160 171 160 180 199 199 190 180 171 160 160 151 140 129 129 140 -9999 -9999 -9999 -9999 -9999 
04 24 -9999 -9999 160 171 171 171 180 199 210 199 180 171 160 160 151 151 129 129 140 -9999 -9999 -9999 -9999 -9999 
04 25 -9999 -9999 171 171 171 171 180 199 210 190 180 171 160 160 151 140 129 129 140 -9999 -9999 -9999 -9999 -9999 
04 26 -9999 -9999 171 171 171 171 180 199 210 199 180 171 160 160 151 140 129 129 140 -9999 -9999 -9999 -9999 -9999 
04 27 -9999 -9999 171 171 171 171 180 199 199 190 180 171 160 160 151 151 129 129 140 -9999 -9999 -9999 -9999 -9999 
04 28 -9999 -9999 171 171 171 171 180 199 199 199 180 171 160 160 151 140 129 129 140 -9999 -9999 -9999 -9999 -9999 
04 29 -9999 -9999 160 171 171 160 180 199 199 199 180 171 171 160 151 140 129 129 140 -9999 -9999 -9999 -9999 -9999 
04 30 -9999 -9999 160 171 171 160 180 199 199 199 180 171 160 151 140 140 129 120 129 -9999 -9999 -9999 -9999 -9999 
05 01 -9999 -9999 160 171 171 171 180 199 199 199 180 171 160 151 140 129 129 120 129 -9999 -9999 -9999 -9999 -9999 
05 02 -9999 -9999 160 171 171 160 180 190 199 190 180 171 160 140 140 129 129 120 129 -9999 -9999 -9999 -9999 -9999 
05 03 -9999 -9999 160 171 171 160 180 190 199 190 180 171 160 151 140 129 129 129 129 -9999 -9999 -9999 -9999 -9999 
05 04 -9999 -9999 171 171 171 171 190 190 199 199 180 171 160 151 140 140 129 129 129 -9999 -9999 -9999 -9999 -9999 
05 05 -9999 -9999 180 171 171 171 190 199 199 199 180 171 160 151 140 140 129 129 129 -9999 -9999 -9999 -9999 -9999 
05 06 -9999 -9999 171 171 171 171 190 199 199 199 180 171 160 151 151 140 129 129 129 -9999 -9999 -9999 -9999 -9999 
05 07 -9999 -9999 171 171 171 171 190 199 199 199 180 171 171 160 151 140 140 129 129 -9999 -9999 -9999 -9999 -9999 
05 08 -9999 -9999 180 171 171 171 190 199 199 199 190 171 171 171 160 151 140 140 140 -9999 -9999 -9999 -9999 -9999 
05 09 -9999 -9999 180 180 171 171 190 199 199 199 190 180 171 160 160 140 140 140 140 -9999 -9999 -9999 -9999 -9999 
05 10 -9999 -9999 180 180 180 171 199 210 199 199 199 180 180 171 160 151 140 140 140 -9999 -9999 -9999 -9999 -9999 
05 11 -9999 -9999 180 180 180 171 199 210 210 199 199 180 180 171 160 151 151 151 151 -9999 -9999 -9999 -9999 -9999 
05 12 -9999 -9999 180 180 180 180 199 219 210 210 199 190 180 171 160 151 151 151 151 -9999 -9999 -9999 -9999 -9999 
05 13 -9999 -9999 190 190 180 180 210 219 219 210 199 190 180 171 160 160 160 151 151 -9999 -9999 -9999 -9999 -9999 
05 14 -9999 -9999 199 190 190 190 210 219 219 219 199 190 180 171 160 160 160 160 151 -9999 -9999 -9999 -9999 -9999 
05 15 -9999 -9999 199 190 190 190 210 230 219 219 199 190 190 171 171 171 171 160 160 -9999 -9999 -9999 -9999 -9999 
05 16 -9999 -9999 199 190 190 199 210 230 230 219 210 190 190 180 180 171 171 171 160 -9999 -9999 -9999 -9999 -9999 
05 17 -9999 -9999 210 199 199 199 219 241 230 219 210 199 199 180 180 180 180 171 171 -9999 -9999 -9999 -9999 -9999 
05 18 -9999 -9999 210 199 199 210 230 241 241 230 210 210 210 190 190 180 180 171 171 -9999 -9999 -9999 -9999 -9999 
05 19 -9999 -9999 210 210 199 210 230 241 241 230 219 210 210 190 190 190 180 180 180 -9999 -9999 -9999 -9999 -9999 
05 20 -9999 -9999 219 210 210 219 241 250 241 241 219 210 210 199 190 190 190 180 180 -9999 -9999 -9999 -9999 -9999 
05 21 -9999 -9999 219 219 219 219 241 250 250 241 230 219 219 210 199 190 199 180 190 -9999 -9999 -9999 -9999 -9999 
05 22 -9999 -9999 219 219 219 219 241 250 250 241 230 219 219 210 199 199 199 190 190 -9999 -9999 -9999 -9999 -9999 
05 23 -9999 -9999 219 230 219 219 250 261 250 250 230 230 219 210 210 199 199 190 190 -9999 -9999 -9999 -9999 -9999 
05 24 -9999 -9999 219 230 219 219 241 261 250 250 241 230 219 210 210 199 199 190 190 -9999 -9999 -9999 -9999 -9999 
05 25 -9999 -9999 230 230 219 219 250 261 250 250 241 230 219 210 210 199 199 199 199 -9999 -9999 -9999 -9999 -9999 
05 26 -9999 -9999 230 230 230 230 261 261 250 250 241 230 219 219 210 199 210 199 199 -9999 -9999 -9999 -9999 -9999 
05 27 -9999 -9999 230 241 230 230 250 261 250 250 241 230 219 210 210 199 199 199 199 -9999 -9999 -9999 -9999 -9999 
05 28 -9999 -9999 241 241 230 230 261 261 250 250 241 230 219 210 210 199 199 199 199 -9999 -9999 -9999 -9999 -9999 
05 29 -9999 -9999 241 241 230 230 261 261 270 250 241 230 219 219 210 210 210 199 199 -9999 -9999 -9999 -9999 -9999 
05 30 -9999 -9999 241 241 230 230 261 261 270 261 250 241 230 219 210 210 210 199 199 -9999 -9999 -9999 -9999 -9999 
05 31 -9999 -9999 241 241 230 230 270 270 270 261 250 241 230 219 210 210 210 199 199 -9999 -9999 -9999 -9999 -9999 
06 01 -9999 -9999 241 241 241 230 270 270 270 261 250 241 230 219 199 199 199 190 199 -9999 -9999 -9999 -9999 -9999 
06 02 -9999 -9999 241 241 241 230 261 270 270 261 250 230 230 219 210 199 199 190 199 -9999 -9999 -9999 -9999 -9999 
06 03 -9999 -9999 241 241 241 230 261 261 270 261 250 241 230 219 210 199 199 190 199 -9999 -9999 -9999 -9999 -9999 
06 04 -9999 -9999 241 241 230 230 261 270 270 261 250 241 230 219 210 199 210 199 210 -9999 -9999 -9999 -9999 -9999 
06 05 -9999 -9999 241 241 241 241 261 270 270 261 250 241 219 219 210 199 199 199 210 -9999 -9999 -9999 -9999 -9999 
06 06 -9999 -9999 241 241 241 241 261 270 270 261 250 241 230 219 210 199 210 199 210 -9999 -9999 -9999 -9999 -9999 
06 07 -9999 -9999 250 241 241 241 261 270 270 261 250 241 230 219 199 199 210 199 210 -9999 -9999 -9999 -9999 -9999 
06 08 -9999 -9999 250 241 241 250 270 270 270 261 250 241 230 219 210 199 199 190 210 -9999 -9999 -9999 -9999 -9999 
06 09 -9999 -9999 250 241 241 250 261 270 270 261 250 241 219 219 199 199 199 190 210 -9999 -9999 -9999 -9999 -9999 
06 10 -9999 -9999 241 241 230 241 261 270 261 250 241 230 219 210 199 199 190 180 199 -9999 -9999 -9999 -9999 -9999 
06 11 -9999 -9999 241 241 230 241 261 261 261 250 241 230 219 210 190 199 190 180 190 -9999 -9999 -9999 -9999 -9999 
06 12 -9999 -9999 230 219 230 230 250 261 261 250 241 230 219 210 190 199 180 180 190 -9999 -9999 -9999 -9999 -9999 
06 13 -9999 -9999 230 219 230 230 250 261 261 250 241 219 219 199 190 199 180 180 190 -9999 -9999 -9999 -9999 -9999 
06 14 -9999 -9999 230 219 230 230 250 261 261 250 241 219 219 199 190 199 180 180 190 -9999 -9999 -9999 -9999 -9999 
06 15 -9999 -9999 219 219 230 230 250 261 261 250 241 219 210 199 190 199 180 180 190 -9999 -9999 -9999 -9999 -9999 
06 16 -9999 -9999 219 219 219 230 250 250 261 250 241 219 210 199 190 190 180 171 180 -9999 -9999 -9999 -9999 -9999 
06 17 -9999 -9999 219 210 219 230 241 250 261 250 241 219 210 199 190 190 180 171 180 -9999 -9999 -9999 -9999 -9999 
06 18 -9999 -9999 219 210 219 230 241 250 250 250 241 219 199 199 190 190 180 171 180 -9999 -9999 -9999 -9999 -9999 
06 19 -9999 -9999 219 210 210 219 241 250 250 250 241 219 210 199 190 190 180 171 180 -9999 -9999 -9999 -9999 -9999 
06 20 -9999 -9999 219 199 210 219 241 250 250 250 241 219 210 199 190 190 180 171 180 -9999 -9999 -9999 -9999 -9999 
06 21 -9999 -9999 219 199 210 219 241 250 250 250 241 219 210 199 190 190 180 171 190 -9999 -9999 -9999 -9999 -9999 
06 22 -9999 -9999 219 199 199 219 241 250 250 250 241 219 210 199 190 190 180 180 190 -9999 -9999 -9999 -9999 -9999 
06 23 -9999 -9999 210 199 199 219 230 250 250 250 241 219 210 199 190 190 190 180 190 -9999 -9999 -9999 -9999 -9999 
06 24 -9999 -9999 210 199 199 210 230 250 250 250 241 219 199 199 190 190 190 180 190 -9999 -9999 -9999 -9999 -9999 
06 25 -9999 -9999 219 199 199 210 219 250 250 250 241 230 210 210 199 199 190 180 199 -9999 -9999 -9999 -9999 -9999 
06 26 -9999 -9999 219 199 210 219 230 250 250 250 241 241 219 210 210 199 199 190 199 -9999 -9999 -9999 -9999 -9999 
06 27 -9999 -9999 230 210 210 219 241 261 261 250 241 241 230 219 210 210 199 199 199 -9999 -9999 -9999 -9999 -9999 
06 28 -9999 -9999 230 199 199 219 241 261 261 250 250 241 230 219 210 210 199 199 199 -9999 -9999 -9999 -9999 -9999 
06 29 -9999 -9999 230 199 199 219 241 250 261 250 250 241 241 219 210 210 199 199 199 -9999 -9999 -9999 -9999 -9999 
06 30 -9999 -9999 230 210 210 219 241 250 250 250 250 250 241 219 210 210 210 199 199 -9999 -9999 -9999 -9999 -9999 
07 01 -9999 -9999 230 210 210 219 241 250 250 250 250 250 241 219 219 219 210 199 210 -9999 -9999 -9999 -9999 -9999 
07 02 -9999 -9999 230 210 210 219 250 261 261 250 250 250 241 219 219 219 210 210 210 -9999 -9999 -9999 -9999 -9999 
07 03 -9999 -9999 230 210 210 219 250 261 261 250 250 250 230 219 219 219 210 210 210 -9999 -9999 -9999 -9999 -9999 
07 04 -9999 -9999 230 210 210 219 241 250 261 250 250 241 230 219 210 210 210 199 199 -9999 -9999 -9999 -9999 -9999 
07 05 -9999 -9999 219 210 210 219 241 250 261 250 250 241 230 219 210 210 210 199 199 -9999 -9999 -9999 -9999 -9999 
07 06 -9999 -9999 219 210 210 219 241 250 261 250 250 241 219 219 210 210 210 199 199 -9999 -9999 -9999 -9999 -9999 
07 07 -9999 -9999 219 210 210 219 241 250 261 250 250 241 230 219 210 210 210 199 199 -9999 -9999 -9999 -9999 -9999 
07 08 -9999 -9999 219 210 219 219 241 250 261 261 241 230 230 219 210 210 210 199 199 -9999 -9999 -9999 -9999 -9999 
07 09 -9999 -9999 219 210 219 219 250 250 261 261 250 241 230 219 210 210 210 199 199 -9999 -9999 -9999 -9999 -9999 
07 10 -9999 -9999 219 210 219 219 241 250 261 250 241 241 230 219 210 210 210 199 190 -9999 -9999 -9999 -9999 -9999 
07 11 -9999 -9999 210 210 219 219 241 250 261 250 241 241 230 219 210 210 210 199 180 -9999 -9999 -9999 -9999 -9999 
07 12 -9999 -9999 210 210 219 219 241 250 250 250 250 241 230 219 210 199 210 199 190 -9999 -9999 -9999 -9999 -9999 
07 13 -9999 -9999 210 210 210 219 241 250 250 250 250 241 230 219 210 199 199 199 190 -9999 -9999 -9999 -9999 -9999 
07 14 -9999 -9999 210 210 210 210 241 250 250 261 250 241 230 219 210 199 199 199 190 -9999 -9999 -9999 -9999 -9999 
07 15 -9999 -9999 210 210 210 210 230 250 261 261 250 241 230 230 210 210 210 199 190 -9999 -9999 -9999 -9999 -9999 
07 16 -9999 -9999 210 210 210 210 230 250 270 270 261 241 230 230 210 210 210 199 190 -9999 -9999 -9999 -9999 -9999 
07 17 -9999 -9999 210 210 210 210 230 250 261 270 261 241 230 230 210 210 210 199 190 -9999 -9999 -9999 -9999 -9999 
07 18 -9999 -9999 210 210 210 210 230 250 270 270 261 250 230 230 219 210 210 199 190 -9999 -9999 -9999 -9999 -9999 
07 19 -9999 -9999 199 210 210 210 230 250 270 270 261 250 230 230 219 210 199 199 190 -9999 -9999 -9999 -9999 -9999 
07 20 -9999 -9999 199 210 210 210 230 250 270 270 261 250 230 230 219 210 210 199 190 -9999 -9999 -9999 -9999 -9999 
07 21 -9999 -9999 210 210 210 210 230 250 261 261 261 250 230 230 219 210 199 199 190 -9999 -9999 -9999 -9999 -9999 
07 22 -9999 -9999 199 210 210 210 230 250 261 261 261 250 230 230 219 210 199 199 190 -9999 -9999 -9999 -9999 -9999 
07 23 -9999 -9999 199 210 210 210 230 250 261 261 261 250 230 230 230 210 210 199 190 210 -9999 -9999 -9999 -9999 
07 24 -9999 -9999 199 210 210 210 230 250 261 261 261 250 230 230 219 210 199 199 190 -9999 -9999 -9999 -9999 -9999 
07 25 -9999 -9999 210 210 210 210 230 250 261 261 261 250 230 230 219 210 199 199 190 -9999 -9999 -9999 -9999 -9999 
07 26 -9999 -9999 199 210 210 199 219 241 261 261 261 250 219 230 219 210 199 190 190 -9999 -9999 -9999 -9999 -9999 
07 27 -9999 -9999 210 199 199 199 219 241 261 261 261 241 219 230 230 210 199 190 190 210 -9999 -9999 -9999 -9999 
07 28 -9999 -9999 210 199 199 199 219 241 261 261 261 250 230 230 230 210 199 180 190 -9999 -9999 -9999 -9999 -9999 
07 29 -9999 -9999 210 199 199 199 219 241 261 261 261 250 230 230 219 210 199 190 180 -9999 -9999 -9999 -9999 -9999 
07 30 -9999 -9999 210 199 199 199 230 241 261 250 261 241 230 230 219 199 199 180 180 -9999 -9999 -9999 -9999 -9999 
07 31 -9999 -9999 210 199 199 199 230 241 261 250 261 241 230 230 219 210 199 199 180 -9999 -9999 -9999 -9999 -9999 
08 01 -9999 -9999 210 199 199 199 219 241 261 261 250 241 230 230 219 210 199 199 190 -9999 -9999 -9999 -9999 -9999 
08 02 -9999 -9999 210 199 199 199 219 241 261 261 250 241 241 230 219 210 199 199 190 -9999 -9999 -9999 -9999 -9999 
08 03 -9999 -9999 210 199 199 199 219 241 250 261 261 241 230 230 219 210 199 199 190 -9999 -9999 -9999 -9999 -9999 
08 04 -9999 -9999 210 199 199 199 219 241 261 261 261 250 230 219 210 199 199 190 190 -9999 -9999 -9999 -9999 -9999 
08 05 -9999 -9999 210 199 199 199 219 241 261 261 261 250 230 219 210 199 190 199 190 -9999 -9999 -9999 -9999 -9999 
08 06 -9999 -9999 210 199 199 199 219 241 261 261 261 250 230 219 210 199 190 199 190 -9999 -9999 -9999 -9999 -9999 
08 07 -9999 -9999 199 190 199 199 219 241 250 261 261 250 230 219 210 199 190 199 190 -9999 -9999 -9999 -9999 -9999 
08 08 -9999 -9999 199 199 199 199 219 241 261 261 261 241 230 219 210 199 190 199 190 -9999 -9999 -9999 -9999 -9999 
08 09 -9999 -9999 199 190 199 199 219 241 261 261 261 250 241 219 210 199 199 199 199 -9999 -9999 -9999 -9999 -9999 
08 10 -9999 -9999 199 190 199 199 210 241 250 261 261 250 241 230 210 210 199 199 199 -9999 -9999 -9999 -9999 -9999 
08 11 -9999 -9999 190 190 199 199 210 230 250 261 261 250 241 230 210 210 210 199 199 -9999 -9999 -9999 -9999 -9999 
08 12 -9999 -9999 190 190 199 199 199 230 250 261 250 250 230 230 210 210 210 199 210 -9999 -9999 -9999 -9999 -9999 
08 13 -9999 -9999 190 190 199 190 199 230 250 261 250 250 230 219 210 210 210 199 210 -9999 -9999 -9999 -9999 -9999 
08 14 -9999 -9999 190 190 199 190 199 230 250 250 250 250 230 219 210 210 210 199 199 -9999 -9999 -9999 -9999 -9999 
08 15 -9999 -9999 180 190 190 190 199 230 241 250 250 241 230 219 210 210 199 199 199 -9999 -9999 -9999 -9999 -9999 
08 16 -9999 -9999 180 190 190 190 199 219 241 250 250 241 230 219 210 199 199 199 199 -9999 -9999 -9999 -9999 -9999 
08 17 -9999 -9999 180 190 190 190 199 219 241 250 241 241 219 219 210 199 190 199 199 -9999 -9999 -9999 -9999 -9999 
08 18 -9999 -9999 180 180 180 180 190 219 241 241 241 230 219 219 210 199 199 199 199 -9999 -9999 -9999 -9999 -9999 
08 19 -9999 -9999 180 180 180 180 190 219 241 241 241 230 219 219 210 199 199 199 199 -9999 -9999 -9999 -9999 -9999 
08 20 -9999 -9999 180 180 180 180 180 210 241 241 241 230 219 219 210 210 199 199 199 -9999 -9999 -9999 -9999 -9999 
08 21 -9999 -9999 180 180 180 171 180 210 241 241 241 230 219 219 210 210 199 199 199 -9999 -9999 -9999 -9999 -9999 
08 22 -9999 -9999 190 180 180 171 180 210 241 230 241 219 219 219 210 210 199 199 199 -9999 -9999 -9999 -9999 -9999 
08 23 -9999 -9999 180 180 180 171 180 210 241 230 241 219 219 219 210 199 199 199 199 -9999 -9999 -9999 -9999 -9999 
08 24 -9999 -9999 190 180 180 171 180 210 241 241 241 219 219 219 210 199 199 199 199 -9999 -9999 -9999 -9999 -9999 
08 25 -9999 -9999 190 180 180 180 180 210 241 241 241 219 219 219 199 199 199 199 199 -9999 -9999 -9999 -9999 -9999 
08 26 -9999 -9999 190 180 180 171 180 210 241 241 230 219 219 219 199 199 190 199 190 -9999 -9999 -9999 -9999 -9999 
08 27 -9999 -9999 190 180 180 171 180 210 241 241 230 219 219 219 199 199 190 199 199 -9999 -9999 -9999 -9999 -9999 
08 28 -9999 -9999 180 180 180 171 180 210 230 241 230 219 219 219 199 199 190 199 199 -9999 -9999 -9999 -9999 -9999 
08 29 -9999 -9999 180 180 171 171 180 210 230 241 230 230 219 210 199 199 199 190 199 -9999 -9999 -9999 -9999 -9999 
08 30 -9999 -9999 180 180 171 171 180 210 230 241 230 230 219 219 199 199 199 190 190 -9999 -9999 -9999 -9999 -9999 
08 31 -9999 -9999 180 180 171 171 171 210 230 230 230 230 219 210 199 199 190 190 190 -9999 -9999 -9999 -9999 -9999 
09 01 -9999 -9999 180 180 171 171 171 199 219 230 230 230 219 210 199 199 199 190 190 -9999 -9999 -9999 -9999 -9999 
09 02 -9999 -9999 180 180 171 171 171 199 219 230 230 230 219 210 199 199 199 190 190 -9999 -9999 -9999 -9999 -9999 
09 03 -9999 -9999 171 180 171 171 171 199 219 230 230 230 219 210 199 199 190 180 190 -9999 -9999 -9999 -9999 -9999 
09 04 -9999 -9999 171 180 171 171 171 199 219 230 219 219 210 210 190 190 180 180 190 -9999 -9999 -9999 -9999 -9999 
09 05 -9999 -9999 162 180 171 171 171 199 210 230 219 219 210 199 190 180 180 180 190 -9999 -9999 -9999 -9999 -9999 
09 06 -9999 -9999 160 171 160 171 171 199 210 230 219 219 199 199 190 180 180 171 180 -9999 -9999 -9999 -9999 -9999 
09 07 -9999 -9999 160 171 160 160 171 190 199 219 219 210 199 199 190 180 180 171 180 -9999 -9999 -9999 -9999 -9999 
09 08 -9999 -9999 160 171 160 160 160 190 199 219 219 199 190 190 180 180 171 171 180 -9999 -9999 -9999 -9999 -9999 
09 09 -9999 -9999 160 160 151 160 160 180 199 219 219 199 190 190 180 180 171 160 171 -9999 -9999 -9999 -9999 -9999 
09 10 -9999 -9999 160 160 151 160 160 180 199 210 210 199 190 190 180 180 180 171 171 -9999 -9999 -9999 -9999 -9999 
09 11 -9999 -9999 160 151 151 151 160 180 199 210 210 199 190 190 180 180 180 171 171 -9999 -9999 -9999 -9999 -9999 
09 12 -9999 -9999 160 151 151 151 160 180 199 210 210 199 190 190 180 180 180 171 171 -9999 -9999 -9999 -9999 -9999 
09 13 -9999 -9999 160 151 151 151 151 180 199 210 210 199 199 190 180 180 180 171 171 -9999 -9999 -9999 -9999 -9999 
09 14 -9999 -9999 160 151 151 151 151 171 190 210 210 199 190 190 180 180 171 171 171 -9999 -9999 -9999 -9999 -9999 
09 15 -9999 -9999 160 140 151 151 151 171 190 210 210 199 190 180 180 180 171 160 171 -9999 -9999 -9999 -9999 -9999 
09 16 -9999 -9999 160 140 151 140 151 171 190 210 210 199 190 180 171 180 160 160 160 -9999 -9999 -9999 -9999 -9999 
09 17 -9999 -9999 160 140 140 140 151 171 190 210 210 199 190 180 171 171 160 160 160 -9999 -9999 -9999 -9999 -9999 
09 18 -9999 -9999 151 140 140 140 140 160 190 210 199 199 190 180 171 171 160 160 160 -9999 -9999 -9999 -9999 -9999 
09 19 -9999 -9999 140 140 140 140 140 160 190 199 199 199 190 180 171 171 160 160 160 -9999 -9999 -9999 -9999 -9999 
09 20 -9999 -9999 140 140 129 140 129 160 180 199 199 199 190 180 171 171 160 151 160 -9999 -9999 -9999 -9999 -9999 
09 21 -9999 -9999 140 140 129 140 129 151 180 199 190 190 180 180 171 171 160 151 160 -9999 -9999 -9999 -9999 -9999 
09 22 -9999 -9999 140 140 129 129 129 151 180 199 199 190 180 180 171 171 160 151 160 -9999 -9999 -9999 -9999 -9999 
09 23 -9999 -9999 129 129 120 120 120 151 171 190 190 190 180 180 171 171 160 151 160 -9999 -9999 -9999 -9999 -9999 
09 24 -9999 -9999 120 129 120 120 120 151 171 190 190 190 180 171 171 171 160 151 160 -9999 -9999 -9999 -9999 -9999 
09 25 -9999 -9999 109 129 109 120 109 151 171 190 190 190 171 171 171 171 160 151 160 -9999 -9999 -9999 -9999 -9999 
09 26 -9999 -9999 109 120 109 109 109 151 171 180 190 190 171 171 171 171 160 151 160 -9999 -9999 -9999 -9999 -9999 
09 27 -9999 -9999 109 120 109 109 109 140 160 180 190 190 171 171 171 171 160 151 160 -9999 -9999 -9999 120 -9999 
09 28 -9999 -9999 109 120 109 109 109 140 160 180 190 190 171 171 171 171 160 151 160 -9999 -9999 129 129 109
09 29 -9999 120 109 120 109 109 109 151 160 180 190 190 180 171 171 171 160 151 160 140 129 129 129 109
09 30 -9999 120 120 129 109 120 109 151 171 190 199 190 180 171 171 171 160 151 160 140 129 129 129 120
10 01 -9999 120 109 120 109 120 109 151 171 180 190 190 180 171 171 171 171 151 160 140 129 129 129 120
10 02 -9999 120 120 120 109 109 109 149 171 180 190 190 180 171 180 171 171 151 160 140 129 129 129 120
10 03 -9999 120 120 120 109 109 109 149 171 180 190 190 180 180 180 171 171 151 160 129 129 140 129 129
10 04 -9999 129 120 120 109 120 109 149 171 180 190 190 180 171 180 171 171 151 151 140 129 140 129 129
10 05 -9999 129 120 120 109 120 109 140 171 180 190 180 180 171 171 171 160 151 149 140 129 129 129 129
10 06 -9999 129 120 120 109 109 109 140 171 180 190 180 180 180 171 171 160 151 140 129 129 129 129 120
10 07 -9999 120 109 109 109 100 109 129 160 171 180 180 180 180 171 160 160 151 140 120 120 120 120 120
10 08 -9999 120 109 109 109 100 109 120 160 171 171 171 180 171 171 160 160 140 129 120 109 109 120 109
10 09 -9999 120 109 100 100 100 100 120 151 160 171 171 171 171 171 160 151 140 129 120 120 120 120 120
10 10 -9999 120 109 109 100 100 90 120 151 160 171 171 171 171 171 160 151 140 120 120 109 109 120 109
10 11 -9999 120 100 100 100 100 90 109 140 151 171 171 171 171 171 151 151 140 120 109 109 109 109 109
10 12 -9999 109 100 100 100 100 90 109 140 151 171 171 171 160 171 151 140 140 120 109 100 100 90 100
10 13 -9999 90 90 90 90 90 81 100 129 151 160 160 160 160 160 151 140 129 120 109 100 100 90 100
10 14 -9999 90 81 90 90 81 81 100 129 151 160 160 160 160 151 151 140 129 109 100 90 100 90 90
10 15 -9999 81 81 81 81 81 81 100 129 151 160 160 160 160 151 140 140 129 109 100 90 90 90 90
10 16 -9999 81 81 81 81 81 81 100 129 151 160 160 160 160 151 140 140 129 109 90 90 90 81 90
10 17 -9999 81 81 81 81 81 81 90 129 151 160 151 160 160 151 140 140 129 109 81 90 81 81 81
10 18 -9999 70 70 70 81 70 70 81 120 151 160 151 151 151 151 140 129 129 109 81 90 81 81 81
10 19 -9999 70 70 70 70 70 61 81 120 140 151 151 151 151 151 140 129 129 109 81 90 90 81 81
10 20 -9999 70 61 70 70 70 61 81 120 151 160 151 151 151 151 140 129 129 109 90 90 90 81 81
10 21 -9999 70 70 70 81 70 61 81 120 151 160 160 151 151 151 140 140 129 109 90 90 100 90 81
10 22 -9999 81 70 81 81 81 70 90 129 151 171 160 151 160 151 140 140 129 120 100 100 100 90 90
10 23 -9999 81 70 81 81 81 70 90 129 151 171 171 160 160 151 140 140 129 120 109 100 100 90 90
10 24 -9999 81 70 81 81 81 81 90 129 160 171 171 171 160 160 151 140 140 120 109 109 100 90 90
10 25 -9999 81 70 81 81 81 70 90 129 160 171 171 160 160 151 151 140 140 120 109 109 100 90 90
10 26 -9999 81 70 81 81 81 81 90 129 160 171 171 160 160 151 140 140 140 120 109 109 109 100 90
10 27 -9999 81 70 81 81 81 70 90 129 151 171 160 160 151 151 140 140 140 120 109 109 109 100 90
10 28 -9999 81 81 81 81 81 81 90 140 160 171 160 160 151 151 140 140 129 120 109 109 109 100 90
10 29 -9999 81 81 81 81 81 81 90 140 160 171 160 151 151 151 140 140 129 120 109 109 109 100 90
10 30 -9999 81 81 81 81 81 70 90 129 151 171 160 151 151 151 140 140 129 120 109 109 109 100 90
10 31 -9999 81 81 81 81 70 70 81 129 151 171 160 151 151 151 151 140 129 129 120 109 120 109 100
11 01 -9999 100 90 81 81 81 81 90 140 160 171 160 151 151 151 151 140 140 129 129 120 120 109 109
11 02 -9999 100 90 90 90 81 81 90 140 160 171 171 160 151 151 151 140 140 140 129 129 129 120 109
11 03 -9999 109 100 90 90 81 81 90 140 171 171 171 171 151 151 151 140 140 140 140 129 129 120 120
11 04 -9999 109 100 90 90 81 81 90 140 171 171 171 171 151 151 151 140 140 140 140 129 129 120 120
11 05 -9999 109 100 90 90 90 81 90 140 171 171 171 171 151 151 151 140 140 151 151 140 140 129 120
11 06 -9999 109 100 100 90 90 81 90 140 171 171 171 160 151 151 151 140 140 151 151 140 140 140 129
11 07 -9999 120 109 100 90 90 81 90 140 160 171 160 160 151 151 151 140 140 140 151 140 140 129 120
11 08 -9999 109 109 90 90 90 81 90 129 160 171 160 160 151 140 140 140 140 140 151 151 140 140 129
11 09 -9999 120 109 90 90 90 81 90 129 160 171 160 151 151 151 151 140 140 140 151 151 140 140 129
11 10 -9999 120 120 100 90 90 90 90 129 160 171 171 160 151 151 151 140 140 151 151 151 140 140 129
11 11 -9999 120 120 100 90 90 90 90 129 160 171 171 160 151 160 151 140 140 151 151 151 140 140 129
11 12 -9999 120 120 100 90 90 90 90 129 160 171 171 160 151 160 151 151 140 151 151 151 140 140 140
11 13 -9999 129 129 100 90 90 90 90 140 160 171 171 171 151 160 151 151 151 160 160 160 151 151 151
11 14 -9999 129 129 109 90 100 100 100 140 160 171 171 171 151 160 151 151 151 151 151 151 151 140 151
11 15 -9999 129 120 109 100 100 100 90 140 160 171 171 160 151 160 151 140 140 151 151 151 140 140 140
11 16 -9999 120 120 100 90 90 90 90 129 160 171 160 160 151 160 151 140 140 140 140 151 140 140 129
11 17 -9999 100 109 100 90 81 81 81 120 151 160 151 151 151 140 140 140 120 140 140 129 140 129 120
11 18 -9999 100 100 90 81 81 81 70 109 151 151 151 151 151 140 129 140 120 140 129 120 129 120 109
11 19 -9999 100 90 81 81 70 70 61 109 140 151 151 151 140 140 129 129 120 129 129 120 120 120 109
11 20 -9999 100 90 81 81 70 61 61 109 140 151 151 140 140 129 129 140 120 129 129 120 120 120 109
11 21 -9999 100 90 81 81 70 61 61 109 140 151 151 140 140 129 129 140 120 129 120 120 120 120 109
11 22 -9999 90 90 81 70 61 61 61 109 140 140 140 140 140 140 129 140 120 140 120 120 120 120 109
11 23 -9999 90 90 81 70 61 61 61 109 140 140 140 140 140 140 129 140 129 140 129 120 120 120 109
11 24 -9999 90 90 81 70 61 61 61 100 140 140 140 151 151 140 140 140 140 140 129 120 120 120 109
11 25 -9999 90 81 81 70 61 61 61 100 140 140 140 151 140 140 140 140 140 140 129 120 120 109 100
11 26 -9999 81 81 70 70 50 50 50 100 129 140 140 140 140 140 129 140 140 140 120 120 109 109 100
11 27 -9999 81 81 70 61 50 50 50 100 129 140 140 140 140 140 129 140 129 129 120 109 100 100 90
11 28 -9999 81 81 70 61 50 50 50 90 120 129 140 140 140 140 129 140 129 129 109 109 100 100 81
11 29 -9999 70 70 70 61 50 50 39 90 120 129 140 151 140 140 140 140 129 129 109 109 100 100 81
11 30 -9999 70 70 70 61 50 39 39 90 120 129 140 151 140 140 140 140 140 129 120 109 100 100 81
12 01 -9999 70 70 70 61 50 50 39 90 120 140 140 151 140 140 140 140 140 140 120 109 100 100 81
12 02 -9999 70 70 70 61 50 39 50 90 129 140 151 151 151 151 140 151 140 140 120 109 100 100 81
12 03 -9999 70 70 70 61 50 39 50 90 129 140 151 151 151 151 151 151 140 140 120 109 100 90 81
12 04 -9999 70 70 70 61 50 50 50 90 129 140 151 151 151 151 151 151 140 129 109 109 100 90 81
12 05 -9999 70 70 70 61 50 50 50 90 129 140 151 151 151 151 151 151 140 129 109 109 100 90 81
12 06 -9999 70 70 70 61 61 50 50 90 129 140 151 151 151 151 151 151 140 140 109 109 100 90 81
12 07 -9999 70 70 61 61 50 50 50 81 129 140 151 151 151 151 151 151 142 140 120 109 100 90 90
12 08 -9999 70 70 61 61 50 50 50 81 129 140 151 151 151 151 151 151 151 129 109 109 100 90 81
12 09 -9999 70 70 61 61 50 50 50 81 120 140 151 151 151 151 140 151 140 129 109 109 100 90 81
12 10 -9999 70 70 61 61 50 50 50 81 120 140 151 151 151 151 140 151 140 129 109 100 100 90 81
12 11 -9999 61 61 50 50 39 39 50 81 120 140 151 151 151 151 140 151 140 129 109 109 100 90 81
12 12 -9999 70 61 50 50 39 39 39 70 120 140 151 140 151 151 140 151 140 122 109 109 100 90 81
12 13 -9999 70 61 50 50 39 39 39 70 120 129 140 140 140 140 140 140 140 120 109 109 100 90 81
12 14 -9999 70 61 50 50 39 39 39 61 109 129 140 140 140 140 140 140 129 120 109 100 100 90 81
12 15 -9999 70 61 50 39 39 39 39 61 109 129 140 140 129 140 140 129 129 120 109 100 90 81 70
12 16 -9999 61 61 50 30 30 30 30 50 100 129 140 129 129 129 129 129 129 109 100 90 81 81 70
12 17 -9999 61 61 39 19 30 19 30 39 90 120 129 129 129 129 120 120 120 109 100 90 81 81 70
12 18 -9999 61 50 30 19 19 19 19 39 90 109 129 129 129 129 120 129 120 109 109 90 81 81 70
12 19 -9999 61 61 30 19 19 10 19 39 90 109 120 129 129 129 120 129 120 109 100 90 81 81 70
12 20 -9999 61 50 30 19 10 10 10 30 90 109 129 129 129 129 120 129 120 100 100 90 81 81 70
12 21 -9999 50 50 19 10 10 10 10 30 84 109 120 129 129 129 120 129 120 100 100 90 81 81 70
12 22 -9999 50 50 30 10 10 10 10 30 81 109 120 129 129 120 120 120 120 100 100 90 81 81 70
12 23 -9999 50 39 30 10 10 10 10 30 81 109 120 129 120 120 120 120 120 100 100 90 81 70 70
12 24 -9999 50 39 19 10 0 10 0 10 81 109 120 120 120 120 109 120 120 100 100 90 81 70 70
12 25 -9999 50 39 19 10 0 0 0 10 81 109 120 120 120 120 120 120 120 100 100 90 81 81 70
12 26 -9999 50 39 30 10 10 10 0 19 81 109 120 120 129 120 120 120 120 100 100 100 81 81 70
12 27 -9999 50 39 30 10 0 0 0 10 81 109 120 120 129 120 120 120 120 109 100 100 90 81 81
12 28 -9999 61 39 30 10 10 10 0 19 70 109 120 120 129 129 120 129 120 109 109 100 90 81 81
12 29 -9999 61 39 30 10 19 10 0 19 81 109 120 120 129 129 120 129 120 109 109 100 90 81 81
12 30 -9999 61 39 30 19 19 10 0 19 81 109 120 120 129 129 129 129 120 109 120 100 90 81 81
12 31 -9999 70 50 39 30 30 19 10 30 81 109 120 129 129 129 129 140 120 109 120 109 109 90 81
