01 01 169 162 162 158 158 145 149 151 153 162 158 140 140 131 131 131 140 131 149 162 169 176 169 172
01 02 162 162 162 158 153 145 144 149 149 162 153 142 140 131 131 131 131 131 142 158 162 172 169 169
01 03 162 160 158 153 153 145 151 149 149 162 153 140 140 129 129 129 129 131 142 158 162 172 169 169
01 04 162 158 158 153 144 142 149 149 142 160 153 140 131 122 126 126 124 122 140 149 149 158 162 162
01 05 158 153 142 142 140 140 142 140 140 156 142 131 122 122 122 113 122 122 131 140 140 156 158 160
01 06 158 149 142 142 140 140 140 140 140 145 140 122 118 118 111 104 117 118 129 140 140 153 158 158
01 07 153 142 142 140 140 140 140 138 140 142 140 122 115 118 111 109 118 122 131 140 140 153 158 158
01 08 153 142 140 140 135 140 140 131 131 142 131 122 111 109 109 104 111 118 126 140 140 153 153 153
01 09 153 142 140 140 131 138 131 131 131 131 122 111 106 108 104 104 104 111 122 140 140 140 151 142
01 10 140 131 131 131 122 122 122 122 122 122 122 108 104 104 102 102 104 104 122 131 129 138 142 142
01 11 140 131 122 122 122 122 111 111 122 122 122 104 104 102 99 91 104 102 111 129 122 131 140 138
01 12 131 129 122 118 111 111 109 111 117 111 109 104 91 86 86 86 86 91 104 111 122 122 133 131
01 13 129 122 122 111 111 111 109 111 111 111 111 104 91 86 86 86 86 90 102 111 122 122 131 129
01 14 122 122 122 118 111 118 111 111 111 109 104 104 86 82 86 82 82 86 99 108 122 122 124 126
01 15 122 122 122 118 111 118 111 111 111 111 104 91 86 82 86 82 82 82 97 104 122 122 122 122
01 16 122 122 122 118 111 111 104 111 111 109 104 91 86 82 86 82 82 82 91 104 118 122 122 122
01 17 122 122 122 122 111 111 104 111 111 109 102 91 82 82 86 82 82 82 91 104 118 122 124 126
01 18 122 122 122 122 111 118 104 111 111 109 102 91 82 82 86 82 86 86 102 111 122 122 140 131
01 19 122 122 122 122 120 122 111 111 111 109 102 91 86 82 86 82 86 86 102 111 122 122 140 140
01 20 129 122 122 122 122 122 111 111 117 111 102 102 86 86 86 82 86 86 99 109 122 131 122 140
01 21 129 122 120 122 120 122 111 111 111 111 102 91 86 86 86 72 82 86 99 109 122 122 122 131
01 22 122 122 111 122 120 122 111 111 111 111 102 91 86 86 86 72 82 86 97 109 122 122 122 140
01 23 129 129 122 122 122 122 118 118 118 111 104 102 102 86 86 82 86 90 104 122 131 140 140 140
01 24 140 131 122 122 129 122 122 122 122 122 104 104 104 91 91 86 86 102 111 138 140 140 140 140
01 25 140 140 140 131 140 131 122 122 122 122 122 122 111 104 102 104 102 104 122 140 153 153 147 153
01 26 142 140 140 142 140 140 140 140 131 122 131 122 122 111 104 109 104 111 131 149 156 153 153 153
01 27 153 140 140 153 149 142 142 142 140 140 140 131 122 111 111 111 109 111 140 153 158 158 158 158
01 28 153 147 149 158 158 153 158 158 153 153 140 131 122 122 120 120 118 122 142 153 158 158 158 158
01 29 153 147 149 153 158 147 158 158 153 153 140 131 122 118 118 111 111 122 142 153 158 158 158 158
01 30 153 147 149 153 158 142 153 154 145 158 140 131 122 118 120 118 118 122 142 153 158 158 158 158
01 31 153 142 149 153 158 142 153 142 153 153 140 131 122 122 122 122 122 122 142 153 158 158 162 162
02 01 153 147 153 154 158 147 153 153 153 153 140 131 122 122 122 122 122 122 142 153 158 158 162 162
02 02 153 142 153 153 158 142 153 142 145 145 140 122 122 118 118 118 111 111 140 153 153 158 158 160
02 03 153 142 149 153 149 140 142 140 145 142 140 122 122 115 111 111 109 111 140 149 153 158 162 162
02 04 153 142 153 153 158 153 153 142 153 158 140 122 122 118 120 111 111 111 142 158 172 172 169 162
02 05 158 153 158 160 160 158 153 153 153 158 142 129 131 122 122 122 118 111 140 153 169 172 169 162
02 06 158 151 158 158 158 156 153 149 153 158 142 122 122 122 120 118 111 111 131 153 158 169 162 160
02 07 158 151 158 158 158 153 153 149 153 153 140 122 122 122 120 122 111 111 131 153 158 169 167 162
02 08 158 151 158 160 160 153 153 149 158 158 140 122 129 122 122 122 111 109 131 153 153 169 167 162
02 09 158 153 158 160 158 153 153 149 153 158 140 122 122 122 120 111 111 104 122 149 153 165 162 160
02 10 158 153 153 154 153 153 153 142 153 145 140 122 122 122 120 122 111 109 122 142 153 169 165 162
02 11 158 153 158 158 153 153 153 142 153 153 140 122 129 122 122 122 111 111 122 142 153 165 162 162
02 12 158 153 158 158 153 153 153 142 149 153 140 122 122 122 122 122 122 111 122 149 158 169 169 163
02 13 158 158 162 162 162 158 158 153 158 158 142 138 131 131 122 122 122 122 140 163 169 176 172 172
02 14 172 172 172 172 169 169 172 162 162 176 156 140 140 140 131 131 122 122 140 172 172 181 172 176
02 15 176 172 172 172 172 172 172 162 176 176 158 142 142 140 131 122 140 122 140 172 176 181 176 176
02 16 176 172 176 172 172 176 172 162 176 176 158 142 142 140 135 122 140 122 140 172 172 185 176 178
02 17 176 176 176 176 180 180 176 172 181 181 172 153 142 142 142 140 142 136 140 176 183 187 176 180
02 18 180 176 176 176 180 180 178 172 189 181 172 153 149 140 140 140 140 129 140 172 180 185 172 176
02 19 181 176 176 176 180 176 178 176 189 181 169 147 142 140 140 140 140 129 140 169 169 176 171 176
02 20 176 172 176 172 176 176 176 176 189 181 172 149 142 140 142 140 149 140 140 169 172 180 176 178
02 21 189 176 181 176 181 181 181 181 192 189 172 154 151 149 153 149 149 153 153 176 189 194 192 189
02 22 192 183 192 181 181 187 185 190 192 189 172 158 158 153 158 149 153 149 153 169 180 181 176 180
02 23 189 176 181 181 181 183 181 181 192 181 172 158 158 153 158 149 153 153 153 169 180 185 176 181
02 24 181 176 189 181 189 192 192 192 194 194 172 160 158 153 158 153 153 153 153 176 189 192 181 181
02 25 190 189 192 189 194 194 194 194 199 201 176 163 162 158 158 158 158 153 160 181 194 194 192 183
02 26 192 192 192 190 194 198 194 194 199 201 176 169 169 158 162 158 158 158 163 185 201 201 199 189
02 27 192 192 192 192 198 199 194 194 201 205 178 176 169 160 163 158 158 162 165 185 201 212 201 194
02 28 194 198 199 194 199 199 199 196 201 205 178 176 172 160 163 158 160 160 163 181 201 201 199 189
03 01 192 192 194 192 199 199 194 194 201 201 176 176 169 160 163 158 158 158 162 176 194 201 194 183
03 02 181 181 192 192 194 194 192 194 196 194 176 176 169 158 160 153 158 153 160 176 194 201 194 189
03 03 181 183 192 192 194 194 192 194 194 194 176 176 169 158 160 158 158 160 163 181 196 201 199 192
03 04 181 189 192 192 194 194 192 189 194 194 180 178 172 162 165 162 160 162 176 185 201 212 208 199
03 05 192 192 199 192 196 198 192 194 196 199 181 181 176 163 172 162 162 172 178 192 207 219 212 201
03 06 199 201 201 201 201 199 194 194 201 208 190 181 181 176 176 171 176 178 192 201 212 221 212 212
03 07 212 201 212 212 212 212 208 201 212 212 190 185 176 176 176 172 176 178 192 201 212 221 212 208
03 08 199 201 212 208 212 212 199 194 212 212 189 185 176 176 176 171 176 178 192 201 212 221 212 212
03 09 199 201 208 203 212 212 201 194 212 212 190 189 176 176 176 172 176 176 181 199 208 221 212 212
03 10 199 201 208 203 212 212 199 194 212 208 190 189 176 176 181 176 176 178 183 201 212 219 212 208
03 11 199 201 208 208 212 212 201 201 212 208 189 185 176 172 176 176 176 178 183 201 208 226 221 212
03 12 212 208 212 208 212 212 212 201 212 208 192 181 176 165 176 172 176 178 183 199 208 226 219 212
03 13 212 212 212 212 212 212 212 212 212 208 194 189 176 172 181 172 180 181 192 194 201 221 219 212
03 14 212 212 212 212 212 212 212 201 212 212 194 189 176 172 189 176 181 181 192 194 208 221 212 212
03 15 208 208 212 208 212 212 208 201 212 201 192 189 176 172 189 176 181 178 192 189 212 221 212 212
03 16 212 212 212 208 212 212 208 201 212 208 192 181 176 172 189 176 180 178 192 201 221 230 230 219
03 17 221 219 219 219 221 219 212 212 221 212 194 192 180 181 192 189 189 189 192 201 230 232 232 230
03 18 230 221 221 221 221 219 212 217 221 212 194 192 189 189 192 192 192 192 192 210 232 243 243 232
03 19 232 230 230 221 230 228 221 221 230 212 205 194 189 189 192 192 192 192 192 212 232 243 243 243
03 20 248 232 230 230 230 230 230 230 230 212 212 201 194 192 194 201 194 201 194 221 243 250 248 250
03 21 252 248 250 243 243 232 232 232 232 230 212 212 201 194 196 212 201 212 201 230 248 252 248 259
03 22 255 250 252 248 243 232 232 243 252 232 221 221 212 201 208 212 212 221 212 237 252 262 261 262
03 23 266 252 252 250 248 243 243 250 252 243 230 230 225 219 212 212 221 230 221 248 262 264 266 266
03 24 270 259 266 252 250 250 248 252 262 250 232 232 230 230 212 216 226 230 230 248 266 266 270 266
03 25 271 266 266 262 262 252 250 259 262 250 232 237 230 230 221 221 230 230 232 250 271 271 271 282
03 26 282 282 270 266 262 262 262 266 266 259 248 239 230 232 221 226 230 230 230 252 271 271 279 282
03 27 284 284 282 271 266 262 262 271 266 262 248 248 232 232 230 230 232 232 234 262 279 282 282 284
03 28 289 289 282 282 271 271 271 279 271 262 248 244 230 232 230 230 230 232 239 262 279 271 282 282
03 29 284 289 284 282 282 271 271 282 279 262 250 239 232 230 230 230 230 232 237 262 279 271 282 284
03 30 289 289 284 282 282 271 271 282 284 266 252 248 241 230 230 230 230 232 248 266 282 289 284 289
03 31 291 298 291 284 284 282 279 284 300 270 259 248 241 239 230 230 232 239 243 262 284 291 284 289
04 01 291 291 289 284 284 279 279 282 298 270 252 248 239 239 230 230 232 239 248 266 291 293 291 298
04 02 291 291 289 284 282 282 279 284 291 266 252 248 239 239 230 230 230 239 248 266 284 291 284 289
04 03 291 289 282 282 271 271 273 282 284 266 250 248 241 239 230 230 230 239 243 262 284 291 291 291
04 04 291 289 284 282 282 279 279 282 291 266 252 250 243 239 232 232 232 243 248 262 284 291 291 291
04 05 291 289 284 284 282 279 279 282 298 266 252 250 243 243 232 241 232 243 248 262 282 293 298 302
04 06 302 291 289 284 282 279 279 284 298 270 259 252 244 243 232 243 232 243 248 262 282 293 298 302
04 07 302 298 289 284 282 282 279 289 298 270 252 252 244 243 232 243 232 243 243 266 282 298 300 302
04 08 302 302 289 289 282 282 282 291 300 277 261 252 244 239 232 243 232 243 243 266 284 302 302 309
04 09 302 302 291 289 284 284 284 291 302 279 262 252 248 239 243 243 239 243 248 266 289 302 302 309
04 10 302 302 291 289 286 284 288 291 302 282 266 259 248 243 248 248 243 248 252 271 289 302 302 309
04 11 302 298 289 289 286 286 289 291 300 282 266 262 252 248 250 248 246 248 252 271 291 306 311 320
04 12 302 302 291 291 289 286 289 298 302 284 271 262 252 248 250 252 248 248 252 271 298 311 311 320
04 13 311 302 302 298 293 293 295 302 306 291 279 271 266 261 259 262 252 252 262 284 302 320 320 320
04 14 311 302 302 302 302 302 302 302 320 295 282 282 266 266 266 266 262 266 266 291 320 320 331 322
04 15 320 320 311 311 302 311 302 313 320 300 284 284 271 282 271 271 266 279 275 297 320 320 338 331
04 16 320 320 320 320 320 320 302 320 324 302 291 284 279 284 279 282 270 282 279 309 320 331 338 338
04 17 320 331 329 320 320 320 311 320 324 302 291 284 282 284 284 284 282 284 284 311 320 340 340 349
04 18 340 340 331 329 331 320 320 331 338 306 298 291 291 291 284 291 288 289 302 311 338 340 340 349
04 19 340 340 340 331 331 320 320 338 338 311 300 300 302 291 286 291 291 298 302 320 349 352 351 356
04 20 340 351 349 340 340 331 329 340 340 311 302 302 302 302 302 291 297 302 302 320 356 356 351 356
04 21 356 354 349 340 340 331 329 340 349 311 298 300 302 291 291 298 293 302 302 320 349 356 351 360
04 22 360 354 349 340 340 338 329 340 349 311 302 300 302 291 291 302 293 302 302 320 351 356 360 360
04 23 356 354 351 349 340 340 331 349 351 320 302 302 309 302 302 302 302 302 309 331 356 360 370 360
04 24 360 356 356 351 351 340 349 356 356 329 320 311 320 311 302 318 320 320 320 340 370 379 379 370
04 25 370 370 367 360 360 356 360 370 369 349 320 320 320 320 320 320 320 320 329 351 374 392 388 383
04 26 379 379 374 370 360 360 367 374 374 356 331 331 338 338 331 331 338 331 331 356 379 399 390 390
04 27 383 379 379 374 370 365 370 379 374 360 338 338 338 338 338 340 338 331 338 360 390 410 392 390
04 28 390 390 379 374 374 370 370 379 374 360 340 340 340 338 340 340 340 338 338 360 392 410 392 390
04 29 388 388 379 374 374 370 374 379 379 369 340 340 351 340 345 351 340 340 338 370 392 410 392 390
04 30 390 388 379 374 374 372 374 390 379 369 349 340 351 340 351 351 340 349 340 374 399 410 399 399
05 01 390 390 379 379 374 374 379 392 390 374 356 351 351 351 356 356 351 351 356 379 399 410 399 410
05 02 399 392 390 379 379 379 379 399 390 379 360 356 356 356 356 356 356 356 370 390 410 419 410 410
05 03 410 399 392 392 379 379 388 399 392 390 360 360 356 360 360 356 360 356 370 390 410 421 410 419
05 04 410 410 399 399 390 390 390 410 399 392 370 370 370 369 369 360 369 360 374 392 421 430 423 421
05 05 410 410 410 399 399 392 392 410 406 392 374 374 370 370 370 374 374 374 379 399 421 430 428 424
05 06 410 421 410 410 399 399 399 410 410 392 379 379 374 374 379 379 379 379 388 399 428 432 430 428
05 07 421 421 410 410 410 399 399 421 421 410 392 392 390 379 390 390 388 379 390 399 430 441 446 430
05 08 430 428 421 421 410 410 410 428 428 410 392 399 399 392 392 390 392 392 392 410 441 446 450 430
05 09 430 428 421 421 419 410 410 428 428 410 399 399 399 399 399 392 392 392 392 403 439 446 450 441
05 10 439 428 421 421 410 410 410 428 430 410 399 399 399 399 392 390 392 392 392 403 439 446 450 441
05 11 439 428 421 421 410 410 410 430 439 421 399 399 399 399 399 392 392 392 392 410 441 446 450 441
05 12 441 430 428 430 421 410 421 439 441 428 410 410 410 410 399 399 392 396 397 410 441 450 450 446
05 13 441 439 430 430 428 421 421 441 446 428 410 410 410 410 399 410 392 399 399 412 446 450 455 450
05 14 450 441 433 430 430 430 430 442 446 430 419 410 410 410 410 410 399 399 406 423 450 459 460 459
05 15 450 450 441 441 430 430 433 446 450 430 421 410 410 410 410 419 408 399 410 428 450 460 460 460
05 16 459 450 441 441 430 430 439 450 450 430 421 410 410 410 410 410 399 399 410 423 460 464 464 464
05 17 464 450 450 446 439 437 441 450 453 441 430 419 419 410 410 421 410 410 410 430 464 469 469 469
05 18 466 460 450 455 450 442 446 459 464 459 437 428 428 421 426 428 428 419 430 441 469 482 480 473
05 19 475 464 464 460 457 446 450 464 469 462 446 428 430 430 428 428 428 421 430 446 477 489 482 480
05 20 480 464 464 464 459 450 450 468 469 464 450 432 437 430 428 430 430 430 437 459 482 489 486 480
05 21 482 469 469 464 464 460 460 469 469 464 459 441 446 435 430 441 439 435 441 464 489 498 489 482
05 22 482 480 478 469 464 464 464 477 480 464 460 446 450 450 446 450 446 446 450 469 489 500 500 489
05 23 489 482 480 480 464 464 464 480 482 469 464 450 450 459 450 459 450 446 450 469 491 500 500 500
05 24 489 482 480 480 469 464 469 482 484 480 464 460 459 460 460 460 462 460 464 469 500 509 509 500
05 25 500 489 482 482 469 469 478 489 489 482 469 464 464 464 464 464 464 464 464 478 500 513 511 500
05 26 500 489 489 482 480 480 480 500 500 482 480 469 464 464 469 469 469 464 469 480 511 518 518 511
05 27 500 500 500 500 489 484 500 500 509 500 482 478 480 480 482 478 482 469 478 482 518 520 520 518
05 28 518 509 500 500 500 489 500 509 516 500 489 482 480 482 482 480 482 478 480 498 518 529 520 520
05 29 520 518 500 509 500 500 500 511 518 500 500 482 482 482 486 482 482 482 489 500 520 531 531 531
05 30 529 518 518 511 509 500 500 518 520 509 500 500 500 489 489 500 489 487 500 509 529 536 536 536
05 31 531 529 520 520 518 502 509 522 531 518 511 500 500 500 500 500 500 500 500 511 536 540 536 536
06 01 536 531 520 522 518 509 511 529 536 518 511 509 511 500 500 500 500 500 500 518 536 540 540 540
06 02 536 536 531 531 520 511 518 531 536 529 518 518 511 518 500 504 500 500 500 518 536 550 550 540
06 03 540 536 536 531 520 518 518 531 536 531 518 518 511 518 500 504 500 500 500 518 536 550 550 540
06 04 536 536 531 531 520 518 518 531 540 531 520 520 518 518 511 511 500 500 500 520 540 550 554 540
06 05 540 536 536 536 520 520 520 536 540 531 531 529 520 520 518 518 511 514 511 531 540 550 554 540
06 06 540 540 536 536 531 520 531 540 549 536 536 531 529 520 520 518 518 518 520 536 550 554 554 550
06 07 550 540 536 536 531 520 531 540 550 540 536 531 531 529 520 520 518 520 531 536 550 554 559 554
06 08 550 550 540 540 531 531 540 550 554 540 536 536 531 531 520 520 518 520 531 536 554 559 559 554
06 09 559 559 550 550 540 536 540 554 559 550 540 536 536 536 531 525 520 520 536 540 559 570 570 559
06 10 568 559 554 550 550 540 550 559 559 554 540 536 536 536 531 531 531 532 536 540 559 570 570 559
06 11 568 559 559 554 550 540 550 559 559 554 540 536 536 536 531 531 529 536 536 549 568 572 570 559
06 12 568 559 559 554 550 540 550 559 559 554 540 536 536 536 534 536 531 536 536 549 568 572 572 572
06 13 572 570 568 559 554 550 554 570 572 559 554 540 536 540 536 540 536 536 540 554 570 572 579 579
06 14 572 572 570 570 559 554 559 572 579 570 554 550 549 540 550 540 536 538 540 554 572 572 590 590
06 15 579 579 572 572 570 568 570 572 579 570 554 554 550 549 554 550 540 540 550 559 579 590 590 590
06 16 579 579 572 579 570 570 570 579 590 572 559 554 554 554 554 554 549 549 554 559 588 590 599 590
06 17 590 590 579 579 572 570 572 579 590 572 559 559 554 554 554 554 550 549 554 559 590 590 601 590
06 18 590 590 579 579 572 570 572 579 590 579 570 570 561 559 554 556 552 554 559 570 590 601 601 601
06 19 599 590 590 590 579 572 572 590 590 579 572 570 568 559 559 559 558 559 570 572 590 603 608 601
06 20 599 590 590 590 579 572 579 590 590 590 572 570 568 568 568 559 559 559 570 572 590 601 608 601
06 21 599 590 590 590 579 572 579 590 590 590 572 570 568 568 568 570 559 568 570 572 590 608 608 608
06 22 601 590 590 590 590 579 590 590 601 590 579 570 570 568 570 570 559 568 570 579 601 608 608 608
06 23 601 601 590 590 590 590 590 590 608 590 579 570 570 568 570 570 563 568 570 579 601 608 610 608
06 24 601 601 599 590 590 590 590 590 608 590 577 570 570 570 572 570 563 570 570 572 601 608 610 608
06 25 601 601 590 590 590 579 590 590 601 590 579 570 570 570 570 570 567 570 570 579 599 608 608 608
06 26 601 601 590 590 590 590 585 590 608 590 579 572 570 570 572 570 570 570 570 574 599 608 608 608
06 27 601 601 599 590 590 590 590 601 608 590 579 572 570 570 572 570 568 570 570 574 590 608 608 601
06 28 601 601 594 590 590 590 590 601 608 597 579 572 570 570 572 570 570 570 570 579 599 608 608 608
06 29 608 601 601 601 590 590 590 608 610 601 590 579 572 572 574 570 572 572 572 581 601 610 610 608
06 30 608 601 601 601 590 590 590 608 610 608 590 590 574 572 577 570 572 572 572 583 601 608 608 608
07 01 608 601 601 601 590 590 590 608 610 608 590 590 572 572 577 570 572 572 572 588 601 610 610 608
07 02 608 601 601 601 590 590 590 608 610 610 590 590 574 572 579 572 579 572 572 590 601 610 610 610
07 03 608 608 610 608 601 601 601 610 619 610 599 590 579 579 579 579 579 579 579 590 601 615 617 617
07 04 610 608 610 610 601 606 601 613 621 619 601 590 588 585 579 579 579 579 579 590 608 617 617 624
07 05 615 617 613 612 608 608 608 621 621 621 601 599 590 590 590 590 590 590 590 601 608 621 626 626
07 06 626 626 621 622 612 610 615 621 626 626 608 601 601 590 590 590 590 590 594 601 610 626 626 626
07 07 626 626 626 626 621 610 619 626 626 626 608 603 601 590 592 590 590 590 594 601 610 626 626 626
07 08 626 626 626 626 624 613 621 626 626 626 608 603 601 590 592 590 590 590 597 601 610 628 630 626
07 09 626 626 626 626 626 619 621 630 630 626 610 608 608 599 599 590 590 590 597 601 621 630 630 630
07 10 630 628 626 626 626 621 626 630 635 630 626 626 608 608 608 601 608 601 608 610 626 644 639 639
07 11 639 630 630 630 626 626 626 639 640 630 626 626 621 608 608 608 608 608 610 621 640 644 644 644
07 12 644 640 640 633 630 626 626 640 644 640 630 630 626 617 619 608 610 610 619 626 644 649 644 644
07 13 649 644 640 640 640 631 630 644 644 644 630 630 626 626 621 610 610 619 626 626 644 649 649 649
07 14 649 644 644 640 640 639 628 644 644 644 630 626 626 621 621 610 610 621 626 630 644 649 649 649
07 15 649 644 644 644 644 644 630 644 644 644 644 630 626 626 626 626 621 626 626 640 649 660 660 660
07 16 655 649 649 644 644 644 644 649 649 649 644 640 630 630 626 626 626 626 630 642 649 662 662 660
07 17 658 651 657 644 649 644 644 649 660 649 644 640 633 631 626 626 626 626 630 644 649 662 662 660
07 18 658 660 658 649 649 646 644 660 660 655 644 644 639 631 626 626 626 626 630 644 658 662 662 662
07 19 658 660 657 649 649 644 644 649 658 655 644 640 630 637 630 626 626 626 630 644 660 662 662 662
07 20 660 660 658 649 649 649 644 660 662 658 644 640 640 640 639 633 630 630 639 644 660 662 662 662
07 21 660 660 660 649 649 649 648 660 662 660 649 644 644 640 640 640 639 639 640 649 662 669 669 662
07 22 662 660 660 649 649 649 648 660 662 662 658 644 644 644 644 640 644 640 644 657 662 666 666 662
07 23 660 660 660 649 649 649 644 660 660 662 660 649 644 644 644 644 644 644 644 658 662 669 669 662
07 24 662 662 660 649 653 649 649 660 660 662 660 649 644 644 644 644 644 644 644 660 662 669 669 662
07 25 662 662 660 649 649 649 649 649 660 660 660 649 644 644 644 644 644 644 644 657 662 662 662 662
07 26 662 660 660 649 644 644 644 649 660 660 660 649 644 644 644 644 644 640 640 649 660 662 662 660
07 27 660 660 655 644 644 644 640 649 660 660 658 644 644 640 640 640 626 630 639 649 660 662 662 660
07 28 660 658 649 644 644 640 640 649 649 660 655 644 640 630 631 640 626 630 630 644 649 660 662 660
07 29 651 649 649 642 642 640 640 649 660 660 655 644 639 630 630 635 626 626 630 644 649 660 660 660
07 30 649 649 648 640 640 640 640 644 649 649 649 640 626 626 626 626 621 626 626 639 649 649 660 649
07 31 649 646 644 640 630 630 633 644 649 649 649 640 626 626 626 621 610 610 626 630 644 649 649 649
08 01 649 640 640 639 630 626 630 640 644 648 644 630 626 621 619 610 608 608 610 626 640 644 649 644
08 02 644 640 639 630 626 621 626 630 640 644 644 626 621 615 601 599 590 590 608 626 626 640 644 640
08 03 640 639 630 630 626 619 626 630 640 644 644 626 621 610 601 597 590 590 608 621 626 640 644 640
08 04 639 639 630 630 626 619 621 630 640 640 640 626 610 610 601 590 590 590 608 617 626 640 640 640
08 05 630 639 626 626 621 619 619 626 639 640 630 621 610 608 599 590 590 590 608 612 626 639 640 630
08 06 630 639 626 626 621 619 619 621 630 626 626 608 608 608 590 590 590 590 599 610 621 630 630 626
08 07 626 630 626 626 621 610 610 621 630 626 626 608 608 601 590 590 585 590 599 608 621 626 630 626
08 08 626 630 626 626 621 610 619 621 630 626 610 608 608 601 590 590 590 590 595 608 621 626 626 626
08 09 626 626 626 626 621 608 610 621 630 626 630 621 610 608 590 590 590 590 599 608 621 626 630 626
08 10 626 630 626 626 621 610 619 621 630 626 630 621 610 608 601 590 590 592 608 610 626 630 639 626
08 11 626 639 626 626 626 621 621 626 639 630 640 621 619 610 606 599 599 601 608 621 626 630 640 630
08 12 630 640 630 626 626 626 626 630 640 630 640 622 626 610 608 604 601 601 608 626 631 640 640 639
08 13 630 640 630 630 626 626 621 630 639 630 640 621 626 610 608 604 601 601 608 621 631 640 640 630
08 14 626 639 626 626 626 619 619 626 639 630 626 621 626 610 608 604 601 608 608 621 633 640 640 630
08 15 626 635 626 626 626 619 619 621 630 630 626 619 619 610 608 604 601 608 608 621 630 640 640 630
08 16 630 639 630 626 626 621 619 621 630 630 626 619 626 617 610 608 608 608 610 626 637 644 644 640
08 17 639 640 630 630 630 621 621 626 639 630 626 619 626 617 610 608 608 610 612 630 640 644 644 644
08 18 640 640 639 630 630 626 621 626 630 630 621 619 621 621 610 608 608 610 612 630 640 640 640 640
08 19 639 635 630 626 626 621 610 621 630 630 621 621 626 617 610 608 608 610 619 630 640 644 640 640
08 20 639 639 630 626 626 621 610 621 630 630 626 621 626 621 610 610 610 617 621 630 640 644 644 640
08 21 640 639 630 626 626 621 610 626 639 639 626 626 626 626 619 621 619 621 626 639 644 644 644 644
08 22 640 639 639 630 630 626 619 626 639 639 626 626 626 626 619 621 619 621 626 639 644 644 644 644
08 23 640 639 630 630 626 621 610 621 639 639 626 621 626 626 619 621 610 621 626 639 644 644 644 640
08 24 639 635 630 626 626 621 610 621 630 630 621 621 619 621 610 619 610 619 621 630 640 644 640 640
08 25 630 630 626 610 608 608 601 615 626 630 619 619 610 610 610 610 608 610 621 630 633 640 640 630
08 26 630 626 610 608 601 601 590 610 621 621 608 608 608 608 608 608 608 610 621 626 630 640 630 630
08 27 626 621 610 601 601 590 590 601 610 613 608 608 603 603 608 608 608 608 610 621 630 630 630 626
08 28 621 610 608 601 597 590 590 599 610 610 601 601 601 599 590 597 599 601 610 621 626 630 621 621
08 29 612 610 601 599 590 590 579 595 610 610 594 599 590 590 590 590 590 590 601 608 621 626 621 619
08 30 610 601 599 590 581 579 579 590 608 608 592 592 590 590 590 590 590 590 601 608 615 621 610 610
08 31 610 601 590 590 579 579 572 585 601 601 590 590 590 583 581 590 590 590 601 601 610 619 610 608
09 01 608 599 590 590 579 579 570 579 599 599 590 590 590 579 579 579 576 579 590 601 608 610 608 601
09 02 601 590 590 579 579 570 568 576 590 590 579 579 579 572 570 572 570 572 579 597 601 599 599 595
09 03 590 590 590 579 570 568 559 570 590 590 579 579 572 572 570 570 568 568 572 579 590 590 590 590
09 04 590 590 579 572 570 559 559 568 579 590 572 572 572 570 554 559 559 559 570 579 590 590 590 590
09 05 579 579 579 570 561 556 554 559 579 579 572 570 570 561 550 559 554 559 570 576 590 590 590 585
09 06 579 577 572 568 559 554 554 559 579 579 572 570 570 561 554 554 554 559 570 576 590 590 590 579
09 07 572 572 570 559 559 554 550 559 572 579 572 570 568 559 550 554 550 554 559 572 579 590 590 577
09 08 572 572 568 559 554 550 550 559 572 579 570 568 554 554 549 540 549 540 554 572 572 579 579 572
09 09 572 568 559 554 550 550 540 554 570 572 559 554 547 540 536 536 536 534 540 559 572 572 572 568
09 10 559 554 550 540 540 540 531 549 554 554 540 540 531 536 525 520 520 520 536 554 559 559 559 554
09 11 550 549 536 536 531 520 520 536 550 550 540 536 531 531 520 518 518 518 536 554 554 554 550 549
09 12 540 540 536 531 520 518 518 520 540 550 536 531 529 531 518 518 518 518 531 554 554 554 550 540
09 13 536 536 536 520 518 518 509 520 540 540 536 520 520 529 518 518 518 518 531 552 554 552 540 540
09 14 536 536 520 518 518 511 500 518 536 540 531 520 520 529 518 518 518 514 531 554 554 554 549 540
09 15 536 531 520 518 514 500 500 511 536 540 531 518 518 518 518 511 511 514 531 554 554 552 540 536
09 16 534 520 518 518 500 500 500 511 520 536 518 518 507 500 500 500 500 500 518 540 540 531 531 529
09 17 518 509 500 489 489 489 489 500 518 520 511 500 500 500 500 500 500 500 516 536 536 531 531 520
09 18 511 500 489 489 480 482 482 489 500 518 509 500 500 495 498 500 500 500 511 531 531 529 520 518
09 19 500 500 489 489 480 480 480 489 500 518 500 500 493 489 489 489 496 500 511 525 531 520 520 518
09 20 500 500 489 489 480 480 480 482 500 511 500 489 482 489 489 482 482 489 507 520 520 518 518 500
09 21 500 489 482 482 480 469 469 480 489 500 489 482 482 482 480 469 480 482 500 518 520 518 511 500
09 22 489 489 480 469 464 469 464 469 489 489 482 480 469 480 469 464 464 469 489 511 518 518 500 500
09 23 482 480 473 469 464 462 459 464 482 484 480 469 469 464 464 450 460 464 487 511 518 511 500 489
09 24 482 480 469 469 460 460 459 460 482 482 480 464 464 460 450 450 460 460 482 509 518 511 500 489
09 25 482 480 469 468 460 457 450 460 480 480 464 450 450 450 446 446 446 450 480 500 507 500 500 489
09 26 480 475 469 464 460 450 446 450 471 469 460 441 450 441 441 446 446 446 464 489 500 500 489 487
09 27 480 464 460 459 457 446 441 446 469 469 459 441 441 439 433 441 441 441 460 482 500 489 489 480
09 28 469 460 459 450 446 430 428 441 460 464 450 430 432 430 430 430 439 441 459 480 489 489 480 478
09 29 469 459 450 441 441 428 426 430 459 459 446 428 428 428 428 430 430 433 450 478 482 480 480 469
09 30 460 446 441 441 430 428 421 430 446 450 430 421 421 421 415 428 421 421 450 469 478 469 464 450
10 01 450 441 430 423 428 421 410 421 446 448 430 419 421 417 410 410 410 419 446 464 469 460 460 450
10 02 441 430 421 421 421 410 410 410 439 446 428 414 421 410 410 410 399 419 441 464 469 459 459 446
10 03 433 430 419 419 410 410 410 410 428 439 428 410 410 410 410 410 399 410 441 460 466 450 441 441
10 04 430 428 419 419 410 410 399 410 421 430 419 401 410 410 399 410 399 410 430 460 460 450 439 435
10 05 430 424 419 410 410 410 399 410 410 421 410 399 399 399 399 399 392 399 428 460 460 446 430 430
10 06 428 419 410 410 410 399 392 399 410 421 410 399 399 399 392 392 390 399 428 459 450 441 430 430
10 07 421 410 410 410 399 390 390 392 410 421 410 399 392 392 390 390 388 399 428 446 450 439 430 428
10 08 421 410 410 399 399 388 379 390 399 410 399 392 390 392 379 379 379 390 419 439 446 430 430 421
10 09 419 410 399 392 390 379 379 388 399 410 392 390 379 379 374 370 374 379 415 430 441 430 428 419
10 10 410 399 392 390 388 379 379 379 399 410 390 379 379 374 370 369 370 379 419 430 441 430 428 419
10 11 410 399 392 385 379 374 374 379 399 410 390 379 374 374 370 369 374 379 415 430 441 430 421 410
10 12 410 392 390 379 379 374 370 370 392 399 379 370 370 360 360 360 369 379 410 430 430 428 410 410
10 13 399 390 383 379 370 370 360 360 388 390 379 358 360 356 356 356 351 370 401 430 430 421 410 399
10 14 399 390 379 374 365 361 360 360 379 390 379 358 360 356 351 351 351 360 399 428 428 421 410 399
10 15 394 390 379 370 360 360 356 356 374 390 374 356 356 352 351 349 351 360 399 421 421 410 399 388
10 16 390 378 370 369 360 356 356 354 370 388 370 356 356 351 340 340 349 356 392 417 410 410 392 387
10 17 388 374 370 360 356 351 351 351 370 379 361 351 356 340 340 340 342 356 392 410 410 405 390 379
10 18 379 370 369 360 356 351 351 351 367 379 360 351 356 340 338 338 340 351 390 410 410 392 388 374
10 19 379 370 363 360 352 351 340 347 360 374 360 349 356 338 338 338 338 351 390 410 408 392 387 374
10 20 374 363 360 356 351 340 340 338 356 360 356 340 351 338 338 338 338 345 379 392 399 390 379 372
10 21 374 360 356 356 345 340 338 338 356 360 356 340 342 338 338 333 338 340 379 392 399 379 379 370
10 22 370 360 356 351 338 338 338 331 351 360 340 338 338 320 338 331 320 338 374 392 392 379 374 370
10 23 360 356 351 340 338 331 331 331 351 356 338 338 329 320 320 320 320 338 374 390 392 379 374 370
10 24 360 356 351 340 338 331 331 331 351 356 338 338 320 320 320 320 320 331 374 390 392 379 374 370
10 25 360 356 351 340 338 331 331 331 351 356 338 336 320 320 320 320 320 331 374 390 392 379 374 370
10 26 360 356 351 340 338 331 331 331 351 356 338 331 320 320 320 320 320 320 370 379 379 374 374 370
10 27 356 356 351 338 338 331 331 320 349 356 331 329 320 320 311 311 311 320 370 379 379 374 374 370
10 28 356 351 351 338 331 331 320 320 340 351 331 320 320 318 311 309 309 320 370 374 379 374 374 356
10 29 356 351 340 338 331 320 320 320 340 340 331 311 311 311 307 302 302 313 356 370 360 360 356 351
10 30 351 338 336 320 320 320 313 311 331 338 320 302 309 302 302 291 291 302 349 360 356 351 349 340
10 31 338 331 329 320 318 311 311 302 320 329 320 300 302 291 284 284 284 302 338 356 354 338 338 338
11 01 329 320 320 320 311 309 302 302 320 329 316 289 291 284 282 282 282 291 331 356 347 338 338 331
11 02 322 320 320 316 311 304 302 302 311 320 313 289 291 282 282 282 282 291 322 343 338 338 331 320
11 03 320 320 320 311 309 302 302 298 309 320 311 289 289 279 282 282 282 291 322 349 338 338 331 320
11 04 320 320 315 309 302 302 302 293 302 320 311 289 284 273 279 282 271 289 320 340 333 338 327 320
11 05 320 320 311 302 302 302 298 284 302 320 302 284 280 270 271 279 271 284 320 338 329 325 320 320
11 06 302 302 302 298 297 284 284 284 298 309 298 282 271 266 266 266 262 273 302 320 320 320 320 320
11 07 302 302 291 284 282 271 282 279 289 302 291 271 266 262 266 259 252 266 302 309 320 311 311 302
11 08 298 282 282 282 275 271 271 271 284 302 284 270 266 261 262 250 248 253 298 302 302 309 302 302
11 09 284 279 277 271 271 270 270 266 279 291 284 266 266 252 252 248 248 248 291 302 302 300 298 284
11 10 282 271 266 266 266 262 266 262 270 284 271 261 252 248 243 232 239 248 284 298 298 291 289 282
11 11 282 268 266 266 266 252 255 252 266 282 271 248 250 248 243 232 232 243 284 291 291 291 286 282
11 12 282 268 266 266 266 252 252 252 266 282 271 252 252 248 243 232 230 243 282 291 284 291 286 282
11 13 282 268 266 266 266 253 262 252 266 282 271 262 262 248 243 239 239 248 284 298 289 291 286 282
11 14 282 268 266 266 266 252 259 252 266 279 266 248 250 248 239 232 230 243 282 284 282 284 282 282
11 15 271 266 266 262 262 252 252 248 259 271 262 235 243 248 230 230 221 243 271 282 282 271 282 271
11 16 266 262 262 252 248 248 248 243 250 266 248 232 230 230 230 219 221 232 266 282 279 270 270 266
11 17 262 252 252 252 248 248 248 239 250 266 248 232 230 223 221 219 221 232 262 271 271 266 262 252
11 18 252 252 252 248 243 234 232 232 248 259 248 230 230 221 212 216 217 230 257 266 266 262 262 252
11 19 252 248 252 243 243 232 232 230 248 252 243 230 221 214 212 212 212 230 252 266 266 262 262 252
11 20 252 250 252 248 243 232 230 230 248 252 248 230 221 212 212 212 212 223 252 266 266 266 262 252
11 21 252 250 252 248 243 232 230 230 248 255 248 230 230 214 219 216 212 230 252 266 266 266 262 252
11 22 252 250 252 248 243 234 232 232 248 259 248 232 230 219 221 219 221 230 252 262 266 259 255 250
11 23 248 248 252 248 243 234 232 230 248 252 243 230 221 212 212 212 212 223 252 266 266 259 255 248
11 24 248 248 248 248 243 232 232 232 248 252 243 221 212 212 212 212 212 221 257 262 266 259 255 248
11 25 248 248 248 243 243 232 230 230 243 255 243 221 212 212 201 201 208 212 248 259 262 252 252 248
11 26 248 248 248 243 232 232 230 230 243 252 243 212 212 212 201 201 208 201 239 248 248 248 252 243
11 27 243 243 243 239 232 232 230 221 237 250 243 212 205 201 194 194 194 194 228 246 248 243 248 243
11 28 243 239 232 232 230 230 221 221 230 243 230 201 194 194 192 192 192 192 221 237 243 232 232 239
11 29 239 232 230 230 230 230 221 214 219 232 230 201 194 194 192 192 192 194 221 243 232 232 232 239
11 30 239 232 230 230 230 230 221 214 226 232 230 208 201 194 194 192 192 194 221 237 232 232 232 237
12 01 230 230 221 223 221 221 217 212 212 232 230 201 194 194 192 192 189 194 221 230 232 230 230 230
12 02 230 221 221 221 221 212 212 212 212 221 221 194 194 194 192 192 181 192 221 230 232 230 230 230
12 03 230 221 212 221 217 212 212 212 212 212 219 194 194 192 181 185 181 189 212 221 230 212 217 219
12 04 221 212 212 212 212 201 212 201 201 212 212 194 192 176 181 176 176 183 212 212 212 212 212 212
12 05 212 212 212 212 201 194 201 194 201 212 201 192 192 176 176 172 176 181 208 212 212 210 201 208
12 06 208 208 201 201 194 194 194 192 196 212 194 190 176 169 162 162 171 176 194 207 201 201 199 194
12 07 194 194 194 194 192 189 189 181 192 201 194 181 176 162 158 158 158 158 187 201 194 201 194 192
12 08 194 192 192 190 189 181 181 181 192 199 192 176 162 158 151 149 149 153 176 194 192 201 192 192
12 09 194 189 192 185 189 181 181 181 189 199 192 176 162 158 151 149 149 153 176 192 190 194 189 192
12 10 192 189 181 181 181 178 181 176 181 194 192 176 160 158 149 149 145 153 172 181 190 192 183 189
12 11 192 189 181 181 181 176 181 172 181 194 192 176 158 156 142 142 144 153 172 181 181 181 181 181
12 12 189 181 181 181 181 172 172 172 181 192 192 176 160 158 153 149 149 153 172 181 181 181 181 181
12 13 187 181 181 176 172 172 172 172 172 176 172 172 158 156 142 142 142 149 162 176 181 181 181 176
12 14 181 176 172 162 162 162 160 158 158 169 172 162 153 142 140 140 140 142 158 176 176 181 180 176
12 15 180 176 171 162 162 162 158 153 153 167 169 158 142 142 140 131 140 142 158 176 176 176 180 176
12 16 180 176 172 162 162 162 158 153 153 163 169 158 142 142 140 131 140 142 158 176 176 176 180 176
12 17 176 176 171 162 162 162 158 153 153 162 169 158 149 140 140 131 140 142 158 169 172 176 176 174
12 18 176 169 169 162 162 158 158 153 153 162 162 153 142 131 127 122 136 140 153 169 172 172 176 172
12 19 176 169 158 158 162 158 153 149 153 158 160 149 140 122 122 122 131 140 153 162 172 172 169 169
12 20 172 162 158 153 158 158 153 142 153 158 153 149 140 129 122 122 131 140 153 162 171 172 169 162
12 21 169 162 158 153 158 158 153 142 153 162 153 153 142 131 131 129 140 142 158 169 169 174 169 169
12 22 169 169 158 158 158 158 153 153 142 162 158 153 142 140 140 131 140 142 163 169 169 176 169 169
12 23 169 169 158 158 158 158 158 153 153 162 158 153 140 131 129 122 136 140 158 162 169 172 169 169
12 24 169 169 158 153 158 158 153 149 153 162 158 153 142 131 131 129 140 140 158 162 169 172 169 169
12 25 169 169 158 158 158 153 149 142 153 162 153 149 140 131 127 122 140 140 153 162 169 172 169 169
12 26 169 169 158 158 158 153 153 149 153 162 153 149 140 129 122 122 131 140 153 160 169 176 169 169
12 27 169 169 160 158 158 158 153 149 149 162 153 149 140 129 122 122 122 140 153 158 162 176 172 176
12 28 176 169 169 160 162 158 158 153 158 169 158 149 140 131 131 122 140 140 153 160 163 176 172 176
12 29 172 169 169 162 162 158 158 153 160 169 158 149 140 129 129 122 140 131 142 153 162 172 169 169
12 30 169 169 162 158 158 158 151 153 158 169 158 153 140 131 131 131 140 136 153 160 163 172 169 169
12 31 169 162 162 158 158 153 149 153 154 169 158 153 142 131 131 131 140 140 153 162 169 176 169 172
