01 01 68 63 63 63 63 52 52 52 48 50 57 72 82 91 102 104 102 102 91 90 82 79 72 68
01 02 70 68 64 63 63 52 52 55 50 50 57 72 86 100 109 108 102 102 100 91 90 82 82 72
01 03 70 72 70 63 63 52 52 59 50 52 63 72 90 102 109 111 104 104 102 91 91 82 82 72
01 04 79 72 72 66 70 59 59 63 52 63 63 82 91 102 111 113 111 109 102 100 91 91 90 82
01 05 82 86 82 72 73 63 63 63 59 63 63 84 91 102 111 113 111 104 102 99 91 90 82 82
01 06 79 82 72 72 64 63 59 63 52 63 63 82 91 102 111 113 111 104 102 91 90 82 82 72
01 07 72 79 72 72 64 63 59 63 52 63 63 82 91 102 111 113 111 111 102 99 91 86 82 82
01 08 82 82 72 72 70 63 59 63 59 63 68 82 91 102 111 113 111 111 102 91 91 82 82 82
01 09 82 72 72 72 70 63 59 63 59 63 70 82 91 102 111 117 111 109 102 91 91 90 91 82
01 10 82 82 82 72 72 72 63 68 63 63 72 84 97 102 111 118 118 111 109 102 99 91 91 86
01 11 91 86 86 79 79 72 72 72 72 68 82 91 102 111 120 122 122 122 111 113 104 102 102 91
01 12 95 88 86 82 82 72 77 70 70 68 86 102 102 111 120 122 122 122 111 111 104 102 102 91
01 13 95 86 86 82 73 72 72 72 68 66 86 102 102 111 120 122 122 122 111 111 104 102 100 91
01 14 95 86 86 82 73 72 68 70 63 63 86 102 102 111 118 122 122 122 109 102 102 91 91 86
01 15 82 82 82 82 68 72 63 63 52 52 72 86 102 111 115 122 122 111 102 102 99 91 86 86
01 16 82 77 72 72 72 68 68 68 61 63 82 86 102 111 118 122 122 111 104 102 102 91 90 86
01 17 82 77 72 72 72 68 68 68 61 63 82 91 102 109 122 122 122 111 104 102 99 91 90 86
01 18 82 77 72 72 77 68 68 68 61 63 82 91 102 109 118 122 122 111 102 102 91 91 86 86
01 19 82 75 72 72 72 68 63 63 52 52 79 82 102 109 115 122 122 111 102 99 90 90 82 82
01 20 81 72 72 68 68 68 63 63 52 59 79 86 102 111 115 122 122 111 102 102 91 91 91 86
01 21 82 79 82 72 72 68 72 68 63 68 86 99 104 122 122 122 129 117 111 102 102 91 99 86
01 22 82 82 82 82 72 68 72 68 63 68 86 99 104 122 122 122 127 111 111 102 102 91 99 86
01 23 82 82 82 82 72 68 68 72 63 68 86 99 104 122 122 122 122 111 104 102 102 99 99 86
01 24 86 84 82 82 72 70 72 68 63 70 86 99 111 122 122 122 127 117 104 102 102 100 100 90
01 25 86 84 82 82 72 72 72 72 68 72 86 102 111 122 122 122 129 118 104 102 102 99 100 90
01 26 82 82 79 82 72 72 72 70 63 72 82 102 111 122 122 122 122 118 102 102 102 100 99 86
01 27 82 82 79 79 72 70 70 70 63 72 82 102 111 122 122 122 122 111 102 102 95 99 91 86
01 28 82 82 72 72 72 68 63 63 55 63 81 93 111 118 122 122 122 111 102 102 93 91 91 86
01 29 82 79 72 72 70 63 63 59 52 61 79 91 111 118 122 122 122 111 102 102 91 91 91 86
01 30 82 79 72 72 70 68 63 63 52 63 81 93 111 118 122 122 122 113 102 102 91 99 91 86
01 31 82 75 72 72 70 68 63 63 52 63 81 91 111 118 122 122 122 111 102 102 91 91 91 86
02 01 82 72 72 68 68 63 50 52 50 59 72 86 104 111 111 120 122 111 102 99 90 91 90 82
02 02 72 72 70 68 68 63 50 50 50 52 72 86 104 109 111 118 118 111 102 102 90 91 90 82
02 03 72 72 70 68 68 63 50 50 50 59 72 86 104 104 109 111 117 104 102 99 86 91 86 82
02 04 72 72 68 68 63 63 50 50 50 50 72 86 104 104 111 118 118 111 102 99 86 91 86 82
02 05 72 72 68 68 63 63 50 50 41 50 70 86 104 104 111 118 122 111 102 99 86 91 82 82
02 06 72 72 68 68 63 59 50 50 41 50 70 86 104 109 111 122 122 111 102 102 86 91 86 86
02 07 72 72 68 68 68 63 50 50 50 52 72 86 104 111 120 122 122 122 102 102 95 99 90 91
02 08 82 82 72 68 68 63 50 50 50 52 72 86 104 118 122 122 122 122 104 102 102 100 91 91
02 09 82 82 72 68 68 68 52 52 50 59 72 86 109 122 122 122 122 122 104 102 102 102 91 91
02 10 86 82 72 72 70 68 63 63 52 63 79 86 109 122 122 122 131 122 104 104 104 102 91 91
02 11 86 86 77 79 72 68 68 63 52 63 82 90 111 122 127 131 131 129 122 118 104 104 102 102
02 12 91 86 86 82 72 72 68 68 63 68 82 102 122 122 131 140 140 131 122 122 122 104 104 111
02 13 102 91 91 86 86 82 72 68 68 72 91 104 122 131 140 140 142 140 129 122 122 111 104 113
02 14 104 102 100 90 86 82 72 70 68 79 99 104 131 140 140 142 149 140 140 140 131 122 122 122
02 15 111 104 104 99 86 86 82 81 82 86 104 109 140 140 142 153 153 140 140 140 133 122 122 122
02 16 118 109 109 102 91 90 91 90 86 91 104 122 140 149 149 156 153 149 140 140 140 126 122 122
02 17 122 118 111 102 102 102 95 91 97 102 111 122 142 153 153 158 158 153 153 142 140 131 129 129
02 18 126 122 118 104 104 104 104 104 102 104 122 133 153 158 158 158 158 158 158 153 144 140 140 138
02 19 131 131 122 111 111 111 118 108 106 108 122 140 149 158 158 160 158 158 160 153 149 140 142 140
02 20 140 131 122 118 118 111 118 109 109 109 129 133 149 153 158 158 158 153 158 153 149 142 142 138
02 21 131 131 122 118 111 109 111 108 106 104 122 131 149 153 153 158 154 158 158 153 149 140 140 131
02 22 129 131 122 117 111 109 104 104 104 104 122 133 149 153 154 158 154 158 158 153 153 142 142 140
02 23 140 131 124 122 127 122 122 111 111 118 129 142 158 158 158 162 158 158 158 158 158 151 147 145
02 24 140 140 131 131 131 131 122 118 118 122 131 142 158 158 158 162 158 158 158 158 158 142 142 142
02 25 140 140 131 131 131 129 122 115 111 118 131 140 158 156 156 158 158 158 158 158 158 142 142 142
02 26 140 140 131 131 131 129 122 109 111 118 131 140 149 153 149 158 158 158 158 158 158 142 142 140
02 27 140 140 131 131 131 129 122 109 118 122 131 140 149 153 149 158 158 158 156 158 158 142 142 140
02 28 140 140 131 131 131 126 122 109 111 122 131 140 149 153 149 153 153 158 156 158 158 149 142 142
03 01 140 140 131 131 131 129 122 109 118 122 131 140 149 153 156 153 153 158 158 158 158 153 142 149
03 02 142 140 140 138 140 129 129 111 118 122 131 140 149 153 156 158 153 158 158 160 158 154 149 149
03 03 142 140 140 138 140 131 129 115 122 127 140 140 153 153 156 153 154 158 158 160 158 158 149 149
03 04 149 142 140 140 140 133 129 118 122 131 140 142 154 156 156 158 158 158 158 160 160 158 153 158
03 05 151 145 140 138 140 131 129 118 122 131 140 140 154 153 153 153 158 158 156 160 160 158 156 158
03 06 153 149 140 140 140 133 131 122 122 138 142 142 158 158 153 158 154 158 158 162 162 160 158 158
03 07 153 153 140 142 142 140 131 122 122 140 142 153 158 162 158 158 158 158 158 171 169 169 162 160
03 08 160 158 156 153 149 149 142 131 131 142 153 158 162 172 158 158 158 158 160 172 171 171 172 162
03 09 162 160 158 153 151 151 142 140 140 145 153 158 162 172 158 158 158 158 160 172 172 172 172 169
03 10 165 162 160 158 153 153 145 140 142 147 158 162 162 172 158 158 158 158 160 176 176 172 176 171
03 11 169 162 162 158 153 153 149 142 142 154 158 162 172 172 169 160 158 158 162 176 176 176 176 172
03 12 172 162 162 162 158 153 153 144 153 162 169 172 172 176 176 172 167 162 172 176 176 176 176 180
03 13 180 172 162 162 162 158 158 158 158 171 172 176 176 176 176 172 169 171 172 176 176 181 176 176
03 14 181 172 169 162 162 160 158 153 158 171 172 172 176 176 176 172 172 172 176 178 180 181 180 180
03 15 181 180 169 167 162 162 158 160 158 172 172 172 176 176 176 176 172 172 176 180 181 181 180 176
03 16 181 180 169 162 162 162 158 158 160 172 172 176 176 176 176 176 172 172 176 180 181 181 176 176
03 17 180 178 169 162 162 162 158 160 162 172 172 176 181 176 180 176 172 172 176 180 181 181 176 176
03 18 181 180 172 162 162 162 158 160 160 172 172 176 181 176 180 176 176 174 176 181 181 181 181 181
03 19 181 181 172 169 169 167 160 160 162 176 176 176 187 176 180 176 176 172 176 181 181 181 181 180
03 20 181 181 176 172 169 169 162 162 163 176 176 176 181 176 176 176 176 172 176 180 181 181 181 181
03 21 181 181 176 172 169 167 162 162 172 176 176 176 187 176 176 176 176 176 176 181 181 181 181 181
03 22 181 181 176 172 169 167 162 162 172 176 176 176 176 176 176 172 172 172 172 176 176 176 176 176
03 23 180 178 172 169 162 162 160 160 172 172 176 176 176 176 176 172 172 172 172 176 176 176 176 176
03 24 176 176 172 172 169 162 160 162 172 172 176 176 172 172 176 171 172 169 169 176 172 176 176 176
03 25 176 176 172 169 162 160 160 160 169 172 176 176 172 172 176 171 172 169 172 176 176 176 176 176
03 26 176 176 172 169 162 162 158 160 171 172 176 176 176 172 176 172 172 172 172 176 176 176 181 176
03 27 176 176 176 172 169 162 160 160 172 172 176 176 176 172 176 172 172 172 172 176 176 176 174 176
03 28 176 176 176 172 169 162 160 158 172 172 176 176 176 172 176 171 172 172 172 176 172 172 172 176
03 29 176 176 176 172 169 162 162 162 172 176 176 181 176 172 176 171 172 172 172 176 172 172 172 176
03 30 176 176 176 176 169 162 162 162 172 176 180 181 176 172 176 169 172 169 162 176 172 172 172 176
03 31 176 176 176 176 169 169 162 162 172 176 176 181 176 172 172 169 172 172 162 172 169 172 172 176
04 01 176 176 176 176 169 162 162 162 172 176 176 181 176 172 171 169 172 169 160 172 167 172 172 176
04 02 176 176 176 176 169 162 160 162 172 176 176 176 172 172 171 167 162 169 162 172 172 172 172 176
04 03 176 176 172 172 169 160 158 158 172 172 176 176 172 172 171 167 162 169 162 172 172 172 174 176
04 04 176 176 172 172 172 160 158 158 172 176 176 181 172 172 172 169 172 172 169 176 172 172 176 176
04 05 176 176 176 172 172 162 162 165 172 176 176 181 176 172 176 169 172 169 163 176 172 176 176 181
04 06 176 176 176 176 172 172 165 172 172 181 181 192 176 176 176 172 176 176 172 180 176 181 181 181
04 07 181 176 176 176 172 172 172 172 176 192 181 192 181 176 181 176 176 176 172 176 176 181 181 181
04 08 181 176 176 176 176 172 172 172 176 192 192 192 181 176 181 176 176 176 176 180 176 181 181 181
04 09 181 176 176 176 176 172 176 172 181 192 181 192 181 176 181 176 176 176 176 180 176 176 181 181
04 10 180 176 176 176 176 172 172 172 181 192 192 192 181 176 181 176 176 176 172 176 176 176 181 181
04 11 176 176 176 172 176 176 176 172 181 192 192 192 181 176 181 176 176 176 172 176 176 176 181 181
04 12 176 176 176 172 176 176 176 172 181 192 192 192 176 176 181 176 176 176 172 176 181 180 192 183
04 13 181 176 172 172 176 176 176 176 181 192 192 189 176 176 181 172 176 176 172 176 181 180 192 189
04 14 181 176 172 172 176 176 176 172 181 192 192 181 176 176 181 172 176 176 176 180 189 180 192 192
04 15 187 176 176 172 176 176 176 176 181 192 192 192 180 181 192 176 181 181 180 192 192 181 192 192
04 16 190 187 176 176 176 181 181 181 192 194 192 192 181 181 194 194 192 181 181 192 192 192 192 192
04 17 192 189 181 176 181 181 183 181 194 194 194 192 189 192 198 194 194 189 180 192 194 192 192 192
04 18 189 190 181 181 181 181 189 192 194 201 201 194 192 194 199 199 199 189 181 192 194 192 192 189
04 19 189 189 181 181 181 181 189 192 199 201 201 201 194 199 201 194 194 192 181 194 198 194 192 192
04 20 192 192 181 189 192 189 189 192 201 201 201 201 194 199 201 199 199 194 192 199 208 199 194 192
04 21 192 192 189 190 192 189 192 192 199 201 208 201 194 199 199 194 194 192 192 194 208 201 199 194
04 22 194 192 189 192 192 192 192 199 208 208 212 201 194 208 201 199 199 194 192 212 212 212 201 201
04 23 201 199 199 199 199 199 199 201 212 212 212 212 194 212 201 201 201 194 192 212 212 212 201 201
04 24 201 199 199 199 201 199 201 212 219 221 219 212 199 212 212 208 208 199 194 212 212 212 212 201
04 25 201 201 199 201 201 201 201 212 219 221 219 212 194 212 212 208 208 201 194 212 212 212 212 208
04 26 208 208 199 201 201 201 201 212 217 221 219 212 194 212 212 208 212 208 194 212 212 212 212 208
04 27 212 208 201 201 201 205 208 212 219 221 219 212 201 212 212 208 212 210 199 212 212 217 212 208
04 28 212 208 201 201 201 205 208 212 219 221 219 219 212 212 212 212 212 208 201 212 212 217 212 212
04 29 212 208 201 201 201 205 201 212 217 219 219 212 212 212 212 205 212 208 199 212 212 212 212 212
04 30 212 208 201 201 201 205 201 212 212 219 212 214 212 212 212 201 212 201 194 212 212 212 212 212
05 01 212 208 201 201 201 201 199 201 212 216 212 212 212 212 212 201 212 208 201 212 212 212 212 212
05 02 212 210 201 201 201 205 199 212 212 219 212 212 208 212 212 205 212 201 201 212 212 212 212 212
05 03 212 212 201 201 201 207 199 212 212 219 219 212 212 212 212 212 212 201 201 212 212 212 212 212
05 04 212 212 201 201 201 205 201 212 217 219 230 212 212 212 212 212 212 201 208 212 212 219 212 212
05 05 212 212 207 203 201 208 208 212 221 221 230 219 212 212 217 212 212 210 208 212 221 219 212 212
05 06 214 212 208 205 201 207 212 212 221 221 232 219 219 219 221 219 212 212 212 219 221 219 219 212
05 07 214 212 212 212 208 208 212 212 221 221 243 221 221 225 230 221 212 212 212 219 221 221 219 212
05 08 214 212 212 212 208 208 212 212 230 230 243 230 221 230 230 219 212 212 217 223 230 221 221 221
05 09 230 228 221 212 212 212 212 219 230 230 243 230 221 230 230 221 212 212 217 230 230 221 221 230
05 10 230 230 230 221 212 212 230 221 230 239 248 232 230 230 230 223 212 212 221 230 230 230 230 232
05 11 230 230 230 221 221 212 230 232 243 243 248 239 230 243 232 230 212 212 221 232 232 230 230 232
05 12 230 230 230 230 221 221 230 239 243 248 252 243 241 243 232 230 212 212 221 232 243 232 230 243
05 13 232 243 232 230 230 230 232 248 248 248 262 243 243 243 232 230 212 219 226 232 248 248 243 248
05 14 248 248 243 239 230 230 243 248 262 252 266 252 248 248 241 232 226 221 230 243 248 248 243 248
05 15 250 248 248 243 232 243 248 252 266 264 266 262 250 252 243 237 230 221 230 243 252 250 248 248
05 16 250 248 248 243 239 243 248 252 266 266 266 262 252 252 252 248 232 230 232 252 259 252 248 252
05 17 259 250 250 248 243 246 250 259 266 271 270 262 262 259 252 248 237 232 243 252 262 261 252 262
05 18 262 252 252 248 252 250 252 262 282 282 279 266 266 266 262 252 248 234 248 266 266 266 262 266
05 19 264 261 255 252 252 252 252 266 282 289 284 271 280 270 266 252 252 248 252 266 270 271 262 266
05 20 262 262 255 252 252 252 252 266 284 295 284 282 282 271 266 259 252 252 262 270 271 271 271 271
05 21 266 266 262 259 262 262 262 271 291 302 298 284 284 282 271 270 252 262 266 279 282 282 271 279
05 22 271 266 266 266 266 266 271 284 293 302 302 284 284 282 279 270 259 257 266 271 282 282 271 279
05 23 270 271 266 266 266 270 271 284 293 302 302 284 284 282 279 268 252 252 262 271 282 279 271 273
05 24 262 266 262 262 262 262 270 273 289 302 302 284 284 282 279 271 259 259 266 271 279 271 270 271
05 25 266 266 262 262 262 262 271 273 291 302 298 284 282 282 279 270 261 259 262 271 279 271 270 279
05 26 266 266 262 262 262 262 270 271 289 302 298 284 284 279 279 271 262 259 262 271 279 282 271 279
05 27 270 271 266 266 270 270 271 284 293 302 302 293 284 282 282 271 262 262 266 271 282 282 271 282
05 28 271 271 266 271 271 277 280 289 302 302 302 298 284 282 282 271 262 262 266 282 284 284 282 282
05 29 271 271 266 271 271 279 282 291 302 302 311 302 291 282 282 271 262 262 266 282 284 284 282 282
05 30 271 282 271 282 277 282 284 291 302 306 311 302 291 282 282 271 262 262 266 282 284 284 282 282
05 31 282 282 282 282 282 284 288 291 302 306 320 302 297 284 282 268 262 262 266 282 291 284 284 284
06 01 282 282 282 282 282 284 284 291 302 306 320 302 297 284 282 271 262 262 266 282 291 284 284 284
06 02 282 282 284 284 282 284 289 298 311 311 320 302 291 284 282 271 266 257 266 282 291 284 284 284
06 03 282 282 284 282 282 284 289 298 311 311 320 302 298 282 282 271 262 253 266 271 291 284 284 284
06 04 284 284 284 284 284 284 291 302 311 320 320 302 298 282 282 271 266 257 266 271 291 284 284 284
06 05 289 286 289 284 284 289 298 302 311 318 320 302 300 284 282 271 266 266 266 279 302 298 291 286
06 06 291 297 291 284 291 291 302 311 316 318 320 302 302 284 284 271 266 270 266 279 302 302 298 302
06 07 291 298 291 291 298 298 302 311 320 320 320 302 302 284 284 282 271 271 266 284 302 302 302 302
06 08 302 302 298 298 302 302 302 311 320 320 329 318 302 298 284 282 271 271 270 284 302 307 309 302
06 09 302 302 302 302 302 302 304 320 320 331 331 320 311 300 284 282 271 271 271 284 302 309 311 302
06 10 302 302 302 302 302 302 309 320 329 327 320 311 302 298 284 279 271 271 271 286 302 309 309 302
06 11 302 302 302 302 302 302 304 320 329 320 320 311 302 298 284 282 280 273 271 291 302 309 311 302
06 12 302 302 302 302 302 302 309 320 327 320 320 311 302 300 284 282 279 282 271 284 302 302 309 302
06 13 302 302 302 302 302 302 309 320 329 320 320 309 304 302 284 282 271 273 271 284 302 302 302 302
06 14 302 302 302 302 302 302 304 320 329 322 320 311 304 302 289 282 271 282 271 284 302 302 302 302
06 15 302 302 302 302 302 302 309 320 331 331 320 311 302 295 284 282 271 271 266 284 302 302 302 302
06 16 302 302 302 306 302 302 309 320 338 338 320 311 304 295 289 284 271 271 266 284 302 302 302 309
06 17 304 302 302 304 302 302 309 320 338 338 331 311 306 298 284 284 279 279 271 289 302 309 311 311
06 18 311 309 307 307 311 302 311 320 338 338 340 320 311 302 291 284 282 282 279 291 302 311 320 320
06 19 315 309 302 311 311 309 318 325 338 340 338 320 320 302 291 284 280 279 279 293 304 311 320 320
06 20 315 309 302 311 313 311 320 329 340 340 338 320 318 300 291 284 282 279 279 293 302 309 320 320
06 21 311 306 302 309 311 309 320 327 340 340 340 320 320 302 293 284 282 273 275 291 309 309 309 311
06 22 311 302 302 306 311 304 320 324 340 340 338 320 311 302 291 280 279 271 275 289 304 302 304 311
06 23 304 302 302 302 302 302 311 320 340 340 338 320 302 300 289 280 279 271 275 291 304 302 309 311
06 24 311 302 302 302 307 302 311 320 340 340 338 320 302 300 284 282 271 266 275 291 309 302 309 311
06 25 311 302 302 302 307 302 311 320 340 351 340 320 311 302 284 282 279 279 279 291 309 309 309 311
06 26 311 302 302 302 311 311 311 320 340 351 340 320 302 302 284 282 279 279 279 293 311 311 311 318
06 27 311 302 302 306 311 311 320 320 340 356 349 331 311 302 289 284 284 275 279 293 309 313 320 320
06 28 311 302 302 302 311 311 311 320 340 356 351 331 311 302 291 284 284 282 282 295 311 313 320 320
06 29 311 302 302 306 311 311 311 329 347 356 351 333 320 302 291 289 284 279 279 291 311 320 320 320
06 30 315 302 302 307 311 311 311 329 349 356 351 338 320 302 302 298 284 284 284 302 320 320 320 320
07 01 320 309 302 306 311 316 320 331 349 356 351 338 320 302 298 298 284 284 284 302 320 320 320 320
07 02 320 311 306 309 313 320 320 338 352 356 351 338 320 320 302 300 288 284 284 302 320 320 320 320
07 03 320 311 302 309 311 320 320 338 351 356 351 338 320 302 298 300 284 284 284 302 320 320 320 320
07 04 320 320 311 311 311 320 320 338 356 356 351 338 320 302 298 300 284 284 284 302 320 320 320 320
07 05 320 320 311 320 320 320 320 338 356 360 356 340 320 311 302 302 284 284 284 302 325 320 320 320
07 06 320 320 311 320 320 320 320 340 356 360 356 340 324 320 302 302 284 284 284 302 320 320 320 331
07 07 320 320 320 320 320 320 327 340 356 369 369 349 329 320 298 302 284 284 282 302 320 320 320 338
07 08 320 320 320 320 320 324 329 340 356 370 369 356 329 320 302 302 284 284 282 302 320 320 320 331
07 09 320 320 320 320 320 324 329 340 356 369 369 356 329 320 302 302 284 284 284 302 320 320 320 338
07 10 320 320 320 320 320 324 329 340 356 369 370 356 331 322 307 302 284 284 284 311 320 320 320 338
07 11 320 320 320 320 320 322 329 340 356 369 374 356 331 320 309 302 284 284 282 311 320 320 320 338
07 12 320 320 320 320 320 322 329 340 360 370 374 356 329 320 302 300 284 284 282 313 320 320 320 338
07 13 322 320 320 320 320 322 329 340 356 369 370 360 331 320 302 302 284 284 284 318 320 320 320 331
07 14 320 320 320 320 320 320 327 338 356 360 370 356 331 320 302 302 284 284 284 318 320 320 320 331
07 15 320 320 320 320 320 320 320 338 351 360 374 356 338 320 302 302 284 284 284 311 320 320 320 331
07 16 320 320 320 320 320 320 320 338 351 369 374 360 338 320 309 302 289 284 284 306 320 320 320 331
07 17 320 320 320 320 320 320 320 338 351 369 374 365 338 320 309 302 289 284 284 311 320 320 320 338
07 18 320 320 320 320 320 320 320 338 356 369 379 369 345 331 320 302 291 284 284 313 324 320 320 338
07 19 320 320 320 320 320 320 320 338 351 369 379 369 351 331 320 311 302 288 291 311 324 320 320 338
07 20 329 320 320 320 320 320 320 338 351 369 379 370 356 336 320 302 302 288 291 311 324 320 318 338
07 21 320 320 320 320 320 320 320 338 351 369 379 370 356 333 320 302 302 291 300 311 331 320 318 331
07 22 329 320 320 320 320 320 320 338 351 369 379 370 356 338 320 320 302 291 302 320 338 320 320 338
07 23 331 320 320 320 320 320 320 338 351 369 379 370 356 338 320 320 302 298 302 320 338 320 320 338
07 24 331 320 320 320 320 320 320 338 351 370 379 370 356 338 320 320 302 302 302 320 338 320 320 338
07 25 331 320 320 320 320 320 320 338 351 370 379 370 356 340 329 320 309 302 302 320 340 329 320 338
07 26 331 320 320 320 320 329 320 340 356 374 379 374 360 340 331 320 309 302 302 320 340 338 320 338
07 27 331 331 329 324 320 331 329 340 356 374 379 374 360 343 338 320 311 302 302 329 340 338 331 338
07 28 338 338 338 331 331 338 338 356 356 374 390 379 370 349 338 320 309 302 302 320 340 331 329 338
07 29 338 338 338 331 331 338 338 351 356 374 390 379 370 343 331 320 311 302 302 320 340 338 331 340
07 30 340 338 338 331 331 338 338 351 356 374 379 374 370 343 331 320 311 302 302 329 340 338 331 338
07 31 338 338 338 331 331 333 338 351 356 370 376 374 360 340 331 320 309 302 302 322 340 331 329 338
08 01 338 338 338 331 331 331 338 340 356 369 374 369 356 338 320 320 302 298 302 320 340 329 320 331
08 02 331 329 331 320 320 320 329 338 351 356 370 360 342 338 320 320 302 291 302 320 338 320 311 331
08 03 322 320 320 320 320 320 320 331 349 356 369 356 338 320 320 320 302 291 291 320 333 320 309 320
08 04 320 320 320 311 311 320 320 320 340 356 360 356 331 320 320 311 291 291 289 306 333 320 302 320
08 05 320 320 320 311 311 315 320 320 340 351 360 354 331 320 320 302 291 284 284 302 333 311 302 320
08 06 320 311 320 311 311 311 320 320 340 351 360 340 331 320 320 302 291 284 284 302 327 302 302 320
08 07 311 311 318 302 311 311 311 320 338 351 356 340 331 311 311 302 284 284 284 302 320 302 302 311
08 08 311 311 313 302 309 311 311 320 338 349 356 340 331 313 311 302 284 284 284 302 320 302 302 311
08 09 311 311 318 302 309 311 311 320 338 349 356 340 331 311 307 302 284 284 284 302 320 302 302 311
08 10 311 311 318 302 302 311 311 320 338 340 356 338 329 309 302 302 284 284 284 302 320 302 302 311
08 11 311 311 311 302 302 311 302 320 331 340 356 338 320 302 302 302 284 282 282 291 320 298 298 304
08 12 311 309 311 302 302 302 302 320 327 338 352 338 331 311 302 302 284 284 284 302 320 302 302 309
08 13 311 311 311 302 302 311 302 320 331 338 352 338 331 320 302 302 284 284 284 302 320 302 302 311
08 14 315 311 318 302 302 311 302 320 331 338 356 338 338 320 302 302 284 284 284 302 320 302 302 311
08 15 311 311 311 302 302 311 302 320 327 338 356 340 338 320 307 302 284 284 284 302 320 298 302 309
08 16 311 309 309 302 302 302 302 320 320 338 352 338 338 320 307 302 284 284 284 302 320 298 298 309
08 17 311 309 309 302 302 311 302 320 320 338 351 338 338 320 311 302 284 284 284 302 320 302 298 309
08 18 311 309 309 302 302 311 302 320 320 338 351 340 338 331 318 302 284 284 284 302 320 300 295 302
08 19 307 306 309 302 302 311 302 320 320 338 356 351 338 331 311 302 284 284 291 302 320 302 291 302
08 20 302 309 309 309 309 311 311 320 320 338 356 349 338 331 320 302 289 289 291 307 320 302 289 302
08 21 311 311 309 309 309 311 311 320 320 338 356 351 340 338 320 302 291 291 291 307 320 302 289 302
08 22 302 309 309 302 309 311 311 320 320 338 351 347 340 338 320 302 302 298 298 311 320 302 289 302
08 23 302 302 309 302 309 309 306 311 320 338 347 340 338 331 320 302 289 291 298 311 320 302 291 302
08 24 302 302 309 302 302 302 302 302 320 338 338 338 338 331 316 302 289 298 298 307 320 302 291 302
08 25 302 302 302 302 302 302 302 302 311 329 338 338 338 329 316 302 289 298 302 311 320 302 291 302
08 26 302 302 302 302 302 302 293 302 311 329 338 338 338 329 320 302 289 298 302 311 320 302 291 302
08 27 302 302 302 302 302 302 302 302 311 329 338 338 338 320 311 302 289 298 302 311 320 302 291 302
08 28 302 302 302 297 298 300 293 302 311 320 338 338 331 320 311 298 288 291 291 302 320 298 291 291
08 29 291 302 302 291 291 298 291 302 302 320 331 333 329 320 309 298 289 284 291 302 311 298 289 291
08 30 291 298 298 291 291 291 291 291 302 311 329 320 320 311 302 291 284 284 291 302 311 298 291 291
08 31 291 298 291 291 291 291 289 291 302 311 329 320 320 311 302 291 284 284 291 302 302 298 291 291
09 01 291 298 291 291 291 291 289 291 302 311 331 320 320 311 302 289 284 284 284 302 302 291 291 291
09 02 291 291 291 289 291 291 289 291 302 311 331 329 320 311 302 289 284 284 291 302 302 291 291 291
09 03 291 291 291 289 291 291 284 291 302 311 329 320 320 309 298 291 284 284 291 302 302 293 291 291
09 04 289 291 289 284 289 289 284 289 302 309 329 320 320 309 298 291 284 284 284 293 302 293 298 291
09 05 288 289 284 284 284 289 284 289 302 309 320 320 311 302 298 289 282 282 284 291 302 291 291 291
09 06 288 289 284 284 284 289 284 289 298 309 320 320 309 302 289 284 280 280 284 289 302 291 291 291
09 07 284 284 284 284 284 284 282 284 291 302 320 320 309 302 289 284 271 266 284 288 302 286 291 289
09 08 284 284 284 284 284 284 282 284 284 302 316 320 309 302 289 279 270 266 282 288 298 284 284 284
09 09 282 282 280 282 280 277 279 282 284 302 320 320 302 302 284 279 266 266 271 284 293 282 280 282
09 10 275 271 271 282 279 277 279 279 284 302 313 320 302 291 284 271 266 266 268 282 289 279 271 282
09 11 271 266 271 271 275 271 271 279 284 298 309 311 302 284 284 266 266 262 266 282 284 273 270 279
09 12 270 266 270 271 270 270 270 271 279 289 302 302 300 284 282 266 259 259 262 282 284 270 270 271
09 13 270 266 266 270 266 266 266 266 279 284 302 302 291 284 279 266 252 259 262 282 282 266 266 270
09 14 270 266 266 270 266 266 266 266 275 284 302 302 284 280 279 266 252 259 259 279 279 266 262 266
09 15 266 262 262 266 266 262 252 266 266 282 284 298 284 280 279 266 252 252 259 271 271 266 262 266
09 16 266 262 262 266 262 255 259 262 266 282 284 284 284 275 277 266 252 252 262 279 271 264 262 266
09 17 266 262 262 266 262 255 259 262 266 282 284 284 279 271 270 262 252 252 259 271 271 262 259 266
09 18 266 259 261 262 259 252 252 259 262 266 280 284 271 266 266 253 250 248 259 271 266 252 253 259
09 19 262 252 250 252 250 248 248 248 250 266 273 282 266 266 266 248 248 243 252 270 266 250 248 250
09 20 250 248 243 248 243 243 239 243 248 262 266 271 266 262 259 248 246 243 255 270 266 248 248 248
09 21 248 241 241 243 239 241 239 239 248 259 266 270 266 262 262 248 248 248 255 270 266 248 243 243
09 22 243 230 232 230 230 230 230 230 243 252 266 270 266 262 259 248 248 248 259 270 264 248 239 235
09 23 243 230 230 230 230 226 221 230 232 248 266 266 266 259 252 248 239 248 252 266 262 246 239 232
09 24 237 230 230 230 221 221 221 230 232 244 262 266 266 261 252 248 239 248 250 270 259 244 239 235
09 25 237 230 230 230 219 219 221 230 230 244 262 266 259 259 252 243 232 243 252 271 259 246 239 235
09 26 237 230 230 230 221 219 221 230 230 244 261 266 262 259 252 248 234 248 262 271 259 246 239 232
09 27 232 230 230 230 221 219 221 230 230 239 261 270 266 261 259 252 239 248 264 271 259 248 239 230
09 28 230 230 230 230 221 219 221 230 230 239 259 266 266 261 259 250 239 248 262 270 259 248 239 230
09 29 230 230 230 221 219 219 221 226 230 239 259 266 266 259 259 250 235 248 259 266 250 244 239 230
09 30 230 223 230 221 219 219 221 226 230 239 259 266 266 259 259 248 232 243 259 266 248 243 232 230
10 01 230 221 221 219 219 219 219 221 230 239 259 261 259 259 252 248 232 243 250 261 248 243 232 230
10 02 230 219 219 219 219 219 219 221 230 239 252 259 255 252 252 244 232 248 250 250 232 234 232 230
10 03 230 219 219 219 219 219 221 225 230 239 250 259 252 250 252 244 230 241 248 250 232 234 232 230
10 04 230 221 221 219 219 219 221 221 225 234 250 252 252 248 248 243 230 232 248 243 230 232 232 230
10 05 230 221 221 219 219 212 217 219 221 232 248 252 250 248 248 239 230 230 243 232 230 230 230 230
10 06 230 221 219 219 212 212 212 212 219 230 243 250 243 243 243 230 221 230 239 230 230 230 230 230
10 07 230 219 212 212 212 212 210 212 212 230 230 248 232 239 232 230 214 230 232 230 230 230 230 230
10 08 230 221 219 212 212 212 210 212 212 221 230 239 232 239 232 230 214 230 232 230 230 221 230 230
10 09 230 219 212 212 212 194 194 212 201 219 230 239 230 230 230 230 219 221 232 230 225 219 212 228
10 10 221 212 212 212 212 194 194 194 199 212 221 232 230 230 230 230 212 221 230 230 225 212 212 219
10 11 221 212 201 199 199 192 181 189 194 201 212 230 230 230 228 221 212 212 230 230 221 212 212 212
10 12 212 201 199 194 194 192 181 181 194 194 212 230 230 221 221 219 212 212 230 230 221 212 212 212
10 13 212 199 199 194 194 189 180 181 194 194 212 221 221 221 221 219 212 219 230 230 221 212 212 212
10 14 201 199 194 192 194 181 176 180 192 194 212 219 221 219 212 212 208 212 230 230 221 212 201 201
10 15 199 194 194 192 192 180 176 176 181 192 208 212 219 214 212 212 208 212 230 230 221 212 201 201
10 16 199 194 194 192 192 180 176 176 181 190 201 212 212 212 212 212 201 212 230 230 221 212 201 201
10 17 199 192 194 185 181 180 176 176 181 190 201 212 212 212 212 212 194 212 221 221 212 212 194 194
10 18 194 192 192 181 181 180 176 176 176 181 194 212 212 212 212 212 194 203 219 221 212 208 194 194
10 19 194 181 189 181 180 180 174 174 176 181 194 201 212 212 212 212 201 212 230 221 212 208 194 194
10 20 194 185 192 181 181 180 176 176 176 181 194 212 212 212 212 212 208 212 230 216 212 208 194 194
10 21 194 189 192 185 189 181 176 176 181 183 194 212 212 212 212 212 212 212 230 212 212 208 199 194
10 22 194 192 194 192 192 185 176 176 187 187 194 212 212 212 212 212 212 212 230 212 212 208 196 194
10 23 194 189 192 192 187 183 176 176 187 181 194 212 212 212 212 212 208 212 230 212 212 208 194 194
10 24 192 185 189 189 183 181 176 176 181 181 194 201 212 212 208 212 212 212 221 212 210 208 194 194
10 25 192 183 185 185 181 181 176 176 181 181 194 201 212 212 208 212 205 201 219 212 201 201 194 194
10 26 192 181 183 181 180 180 176 176 176 180 194 194 208 201 208 212 199 201 212 201 201 199 192 192
10 27 192 181 181 181 176 176 172 172 176 180 192 194 194 199 194 201 192 194 194 199 196 194 192 192
10 28 189 180 181 178 176 172 172 171 176 176 192 194 194 194 194 199 192 194 192 194 189 192 189 189
10 29 185 180 181 176 176 172 169 169 176 176 189 192 194 194 194 194 189 189 192 194 189 189 189 189
10 30 181 180 181 176 176 171 169 169 172 176 189 192 194 194 194 192 189 189 192 192 181 189 181 187
10 31 180 176 180 172 172 169 163 160 172 176 181 181 185 192 190 190 181 185 192 192 180 185 181 181
11 01 180 176 180 172 172 169 163 160 171 176 181 181 181 192 192 192 189 189 192 192 181 189 189 181
11 02 180 176 176 172 172 169 163 160 171 176 181 181 181 192 192 194 189 192 192 192 189 190 189 181
11 03 180 176 176 172 169 163 162 160 169 176 181 181 181 192 189 181 189 189 192 192 181 189 189 181
11 04 180 176 176 169 169 162 162 160 169 172 181 181 180 189 189 181 189 189 194 192 189 189 189 181
11 05 180 176 176 169 169 162 162 160 169 172 181 181 180 192 189 181 189 192 194 192 192 189 190 181
11 06 180 176 176 169 169 162 162 160 169 172 180 181 180 192 189 181 189 194 194 192 192 189 189 181
11 07 180 176 172 169 167 162 162 160 163 169 176 180 180 181 181 176 189 192 192 189 189 185 181 176
11 08 180 172 172 169 160 158 158 158 160 158 172 176 176 180 176 176 176 181 190 189 181 172 176 176
11 09 176 172 169 160 158 158 153 154 158 158 162 172 176 180 176 172 176 190 190 189 189 176 176 176
11 10 176 172 169 162 160 158 158 158 158 158 169 176 180 180 176 176 181 192 192 190 192 181 181 176
11 11 176 174 171 162 160 160 158 158 158 158 172 176 181 181 181 181 189 194 194 192 192 181 176 176
11 12 169 172 169 160 158 158 158 154 158 158 167 172 180 181 180 181 189 194 192 189 190 176 176 171
11 13 162 162 158 158 158 158 153 149 153 153 162 169 176 180 176 176 189 194 192 189 181 172 176 171
11 14 162 162 158 158 158 158 153 149 142 153 160 169 176 176 176 176 181 192 192 181 180 169 165 162
11 15 160 162 158 158 158 153 153 142 147 153 160 169 176 176 176 172 181 190 189 181 176 169 162 160
11 16 158 158 153 149 153 142 142 140 140 145 158 158 176 172 172 169 176 180 181 180 162 160 158 153
11 17 142 149 149 140 142 140 140 140 133 140 142 158 162 171 169 162 169 176 172 172 160 156 151 149
11 18 140 142 140 140 140 131 131 131 122 131 140 153 158 162 162 158 160 172 169 169 158 153 149 142
11 19 140 140 140 140 140 129 129 127 122 126 140 149 158 158 158 158 158 162 165 160 153 153 142 140
11 20 131 131 131 129 131 122 122 122 122 122 131 140 153 154 153 153 153 160 158 158 149 142 140 133
11 21 131 131 131 122 129 122 122 122 122 122 129 140 153 153 153 153 153 158 158 154 149 142 140 131
11 22 131 131 129 122 122 122 122 122 118 118 122 140 149 153 153 153 142 158 158 153 142 142 129 131
11 23 122 124 122 122 111 117 118 111 109 111 122 140 147 153 153 153 142 153 158 153 142 140 129 129
11 24 122 122 122 122 111 117 118 111 109 111 122 140 147 153 153 153 142 153 153 153 142 142 131 131
11 25 122 122 122 122 111 111 111 111 104 111 118 133 144 151 149 149 140 153 147 142 142 140 129 122
11 26 122 122 122 118 111 111 111 109 102 109 111 131 142 149 140 142 140 145 142 142 140 140 129 122
11 27 118 122 111 111 109 111 109 102 102 102 104 129 140 142 140 140 140 142 140 140 140 122 122 122
11 28 111 111 109 102 102 104 104 100 91 91 102 122 131 140 136 140 131 140 131 131 131 122 113 113
11 29 106 109 104 99 99 102 99 97 86 90 97 122 131 133 131 140 131 142 131 131 124 122 111 111
11 30 104 104 95 99 99 102 99 97 86 90 99 118 131 133 136 140 131 142 140 133 122 122 113 113
12 01 106 104 104 99 102 104 102 100 91 99 102 122 140 140 140 142 131 142 140 133 122 122 118 118
12 02 111 109 109 102 102 104 99 97 86 91 99 118 131 140 140 140 131 140 131 122 122 122 113 118
12 03 111 109 109 104 102 104 99 99 86 91 99 118 131 129 140 140 131 140 131 122 122 118 111 113
12 04 109 109 109 104 102 99 99 91 86 90 99 111 122 129 140 140 129 140 131 122 118 115 111 111
12 05 109 104 104 102 102 99 91 86 86 86 95 111 122 126 131 140 129 135 122 120 115 115 109 104
12 06 109 104 99 99 90 91 90 86 86 86 95 104 122 124 131 135 122 122 122 120 111 109 104 104
12 07 104 102 95 91 86 91 90 86 86 86 95 104 122 122 131 135 122 122 122 111 111 109 104 104
12 08 104 102 95 91 86 90 86 82 82 86 90 104 118 122 131 131 122 122 122 106 104 104 104 104
12 09 104 91 91 90 82 86 86 82 82 82 86 102 111 122 129 129 122 122 122 104 104 104 99 99
12 10 91 86 86 86 77 82 82 72 81 73 86 99 111 122 122 124 120 122 122 104 104 102 99 99
12 11 91 86 86 86 79 82 82 79 82 75 86 100 111 122 127 129 120 122 118 104 104 104 99 99
12 12 91 86 86 86 82 82 86 82 82 82 86 102 115 122 140 135 122 122 122 104 104 104 100 99
12 13 91 86 86 86 82 82 82 82 81 82 86 99 111 122 140 131 122 122 118 104 104 104 99 91
12 14 90 86 86 86 72 79 77 75 75 72 86 91 111 122 122 129 122 122 118 104 104 104 99 91
12 15 90 86 86 86 72 70 75 72 73 72 82 90 104 117 122 122 122 122 118 104 100 102 93 86
12 16 88 82 84 82 70 68 68 70 68 70 81 88 102 111 120 120 120 118 111 104 97 91 86 86
12 17 86 79 81 72 68 68 64 68 63 68 72 86 99 104 115 120 120 117 109 104 91 91 86 86
12 18 84 75 81 72 68 68 64 66 59 68 72 86 102 104 111 118 113 111 102 99 86 90 82 82
12 19 82 72 73 72 68 63 61 63 50 64 68 86 93 104 111 120 113 111 102 97 86 86 82 82
12 20 82 72 72 68 68 63 59 59 50 52 66 86 93 102 111 118 109 111 102 99 86 86 82 77
12 21 77 72 68 63 66 59 52 50 48 50 63 82 88 102 109 115 104 108 99 97 86 82 82 75
12 22 72 68 68 63 63 52 52 50 41 39 59 75 86 91 104 111 104 104 102 102 86 82 82 77
12 23 75 68 68 63 66 59 57 50 41 39 63 82 86 99 109 115 104 104 102 99 86 82 81 72
12 24 72 68 68 63 63 52 50 50 41 39 57 75 82 91 104 111 97 104 99 90 82 75 68 68
12 25 70 68 68 59 57 52 50 50 39 37 52 70 79 91 102 102 91 99 91 82 82 72 63 63
12 26 63 55 55 52 50 41 41 41 32 32 50 64 68 86 102 102 91 91 86 82 72 68 63 59
12 27 63 52 52 52 50 41 41 39 21 32 41 63 70 82 91 99 91 86 82 77 72 63 59 52
12 28 59 52 52 50 50 41 41 41 32 32 41 63 72 82 93 99 91 86 82 82 72 68 59 59
12 29 63 52 52 52 52 41 41 41 32 32 50 68 72 86 93 99 91 86 82 82 72 68 63 59
12 30 63 52 52 52 52 41 43 50 37 32 50 68 72 86 97 99 91 91 82 82 73 72 68 63
12 31 63 63 59 59 57 48 50 50 41 39 52 72 82 90 102 102 99 91 91 86 82 72 70 64
