01 01 -150 -200 -220 -213 -204 -191 -189 -200 -209 -209 -202 -200 -180 -166 -166 -150 -159 -180 -180 -198 -209 -209 -220 -220
01 02 -173 -220 -222 -231 -209 -209 -200 -207 -220 -220 -209 -209 -200 -170 -170 -170 -180 -180 -180 -200 -209 -209 -220 -231
01 03 -180 -220 -222 -231 -220 -220 -202 -209 -220 -220 -220 -220 -200 -180 -170 -175 -180 -180 -189 -200 -213 -215 -233 -240
01 04 -180 -220 -231 -231 -220 -227 -209 -211 -231 -231 -220 -220 -202 -180 -180 -180 -180 -193 -200 -200 -220 -231 -240 -240
01 05 -189 -231 -231 -236 -229 -231 -225 -231 -249 -231 -220 -231 -209 -189 -184 -182 -184 -195 -200 -200 -220 -231 -240 -243
01 06 -200 -231 -240 -240 -231 -233 -231 -240 -251 -240 -231 -231 -216 -200 -193 -189 -189 -200 -209 -216 -231 -233 -240 -245
01 07 -200 -231 -240 -240 -231 -231 -225 -231 -251 -240 -231 -231 -209 -200 -189 -182 -184 -195 -204 -211 -220 -231 -240 -240
01 08 -200 -231 -231 -231 -220 -231 -220 -231 -231 -231 -220 -231 -209 -195 -184 -182 -180 -195 -204 -211 -220 -231 -240 -240
01 09 -200 -231 -231 -231 -220 -231 -220 -231 -240 -231 -231 -231 -209 -189 -180 -180 -180 -193 -200 -209 -220 -220 -233 -240
01 10 -180 -220 -231 -231 -220 -220 -220 -231 -231 -220 -220 -220 -200 -180 -170 -170 -180 -180 -200 -200 -209 -209 -220 -231
01 11 -180 -220 -220 -220 -220 -220 -220 -231 -231 -220 -220 -220 -189 -180 -170 -161 -170 -170 -189 -200 -200 -200 -209 -220
01 12 -180 -200 -209 -209 -209 -209 -200 -200 -200 -200 -200 -189 -180 -170 -161 -161 -161 -161 -170 -180 -200 -189 -189 -200
01 13 -180 -200 -209 -200 -209 -200 -189 -180 -189 -189 -189 -189 -170 -170 -161 -150 -150 -161 -170 -170 -189 -180 -180 -189
01 14 -170 -189 -180 -180 -189 -180 -180 -180 -180 -180 -180 -170 -161 -141 -141 -141 -141 -150 -161 -161 -170 -170 -180 -170
01 15 -161 -170 -170 -170 -170 -170 -170 -170 -170 -170 -170 -161 -150 -130 -130 -130 -130 -141 -141 -150 -161 -161 -161 -170
01 16 -161 -161 -161 -161 -161 -170 -170 -170 -170 -161 -170 -161 -141 -119 -119 -119 -119 -130 -141 -150 -150 -161 -161 -170
01 17 -161 -150 -161 -150 -161 -161 -161 -161 -161 -150 -150 -150 -130 -119 -119 -110 -110 -130 -130 -141 -141 -150 -150 -150
01 18 -150 -150 -161 -150 -161 -161 -161 -170 -161 -150 -150 -150 -130 -119 -110 -110 -110 -119 -119 -130 -141 -150 -150 -150
01 19 -150 -150 -161 -150 -161 -161 -161 -161 -161 -150 -161 -150 -141 -119 -110 -110 -110 -119 -119 -130 -130 -141 -150 -150
01 20 -150 -150 -152 -150 -150 -161 -150 -141 -150 -150 -148 -141 -130 -110 -99 -99 -99 -110 -110 -119 -119 -130 -119 -130
01 21 -141 -130 -141 -130 -141 -141 -130 -141 -141 -141 -141 -130 -119 -99 -90 -90 -90 -90 -99 -110 -110 -116 -117 -119
01 22 -141 -130 -130 -130 -141 -150 -141 -141 -150 -141 -141 -130 -119 -110 -99 -110 -99 -110 -110 -119 -119 -130 -119 -130
01 23 -141 -130 -141 -141 -150 -150 -150 -150 -150 -141 -141 -141 -130 -110 -110 -110 -110 -110 -119 -119 -130 -141 -141 -141
01 24 -150 -150 -150 -150 -150 -150 -150 -161 -161 -150 -150 -150 -150 -119 -130 -119 -119 -119 -119 -141 -130 -150 -150 -150
01 25 -153 -161 -161 -161 -161 -170 -161 -170 -170 -150 -161 -150 -150 -141 -130 -130 -130 -130 -141 -150 -150 -161 -150 -150
01 26 -153 -161 -161 -161 -161 -170 -170 -170 -170 -161 -170 -161 -161 -141 -141 -141 -141 -150 -161 -161 -170 -170 -170 -170
01 27 -161 -170 -170 -170 -170 -170 -170 -175 -170 -170 -170 -161 -170 -150 -150 -141 -141 -150 -161 -161 -170 -170 -161 -170
01 28 -161 -170 -180 -170 -170 -170 -180 -180 -170 -170 -170 -161 -170 -150 -150 -150 -141 -150 -161 -161 -170 -170 -161 -170
01 29 -9999 -170 -180 -170 -170 -170 -173 -180 -170 -180 -180 -170 -170 -161 -150 -150 -150 -150 -161 -170 -170 -180 -180 -170
01 30 -9999 -180 -180 -189 -180 -189 -189 -200 -189 -189 -189 -170 -180 -161 -161 -161 -161 -161 -170 -170 -170 -180 -180 -180
01 31 -9999 -180 -189 -189 -189 -189 -189 -200 -200 -200 -200 -180 -180 -161 -161 -150 -150 -161 -170 -170 -170 -180 -180 -170
02 01 -9999 -180 -189 -189 -189 -189 -189 -200 -200 -200 -200 -170 -170 -161 -161 -150 -150 -161 -161 -170 -170 -180 -180 -170
02 02 -9999 -180 -188 -189 -180 -189 -189 -200 -200 -200 -189 -180 -170 -161 -161 -150 -150 -161 -161 -170 -170 -180 -180 -170
02 03 -9999 -180 -189 -200 -200 -200 -189 -200 -200 -200 -200 -180 -180 -161 -161 -161 -161 -161 -170 -170 -170 -180 -189 -189
02 04 -9999 -180 -200 -200 -200 -200 -200 -209 -209 -200 -200 -189 -180 -161 -170 -161 -161 -161 -170 -170 -170 -189 -189 -189
02 05 -9999 -189 -200 -200 -209 -200 -200 -209 -209 -200 -200 -189 -180 -161 -161 -150 -150 -161 -170 -170 -170 -180 -189 -189
02 06 -9999 -189 -200 -200 -209 -200 -200 -209 -209 -200 -200 -189 -180 -161 -161 -150 -141 -150 -161 -170 -170 -170 -180 -180
02 07 -9999 -180 -189 -200 -200 -189 -200 -200 -200 -200 -200 -180 -170 -161 -161 -150 -141 -150 -161 -170 -170 -170 -180 -170
02 08 -9999 -180 -189 -189 -189 -189 -189 -200 -200 -200 -189 -180 -161 -150 -150 -150 -141 -150 -150 -161 -161 -161 -170 -170
02 09 -170 -180 -180 -189 -189 -189 -189 -200 -200 -200 -180 -170 -161 -150 -150 -141 -141 -141 -141 -159 -161 -161 -170 -170
02 10 -170 -180 -188 -189 -198 -189 -189 -200 -200 -200 -180 -170 -161 -141 -141 -141 -130 -141 -141 -141 -150 -150 -161 -161
02 11 -170 -180 -180 -189 -189 -189 -189 -200 -200 -200 -180 -170 -150 -141 -139 -141 -130 -139 -141 -148 -150 -150 -161 -170
02 12 -170 -180 -180 -189 -198 -200 -200 -200 -207 -200 -189 -170 -161 -141 -139 -141 -130 -139 -141 -148 -150 -150 -170 -170
02 13 -180 -180 -180 -189 -189 -200 -189 -200 -207 -200 -189 -170 -161 -139 -130 -119 -119 -119 -130 -141 -141 -150 -161 -170
02 14 -180 -180 -180 -180 -180 -189 -189 -189 -200 -189 -180 -159 -150 -130 -119 -119 -110 -110 -119 -130 -141 -150 -161 -161
02 15 -180 -180 -180 -180 -180 -189 -189 -189 -189 -189 -170 -150 -150 -130 -119 -110 -110 -110 -110 -130 -141 -150 -161 -161
02 16 -180 -180 -179 -180 -180 -180 -180 -189 -180 -180 -170 -150 -150 -130 -110 -110 -110 -110 -110 -119 -130 -150 -150 -161
02 17 -180 -170 -170 -170 -180 -180 -180 -180 -180 -170 -168 -150 -141 -119 -110 -110 -110 -110 -110 -119 -119 -141 -141 -150
02 18 -170 -150 -150 -161 -161 -168 -170 -168 -168 -170 -150 -148 -119 -119 -110 -99 -99 -99 -99 -99 -110 -119 -130 -139
02 19 -170 -141 -150 -150 -150 -150 -161 -161 -161 -161 -150 -141 -119 -110 -99 -90 -90 -90 -90 -99 -99 -110 -119 -119
02 20 -161 -141 -141 -141 -141 -141 -150 -150 -161 -161 -150 -130 -110 -110 -99 -90 -90 -90 -90 -99 -99 -110 -117 -117
02 21 -150 -130 -141 -141 -130 -141 -150 -141 -141 -150 -141 -119 -110 -110 -99 -90 -80 -90 -90 -98 -99 -110 -117 -117
02 22 -141 -130 -141 -141 -141 -141 -150 -150 -161 -161 -141 -119 -110 -110 -90 -90 -90 -90 -90 -98 -99 -110 -119 -119
02 23 -150 -130 -141 -141 -141 -141 -150 -150 -161 -161 -141 -119 -110 -110 -90 -90 -90 -90 -90 -90 -99 -110 -119 -119
02 24 -150 -130 -141 -141 -141 -141 -150 -150 -150 -150 -141 -119 -110 -99 -90 -90 -80 -80 -90 -90 -99 -110 -117 -119
02 25 -141 -130 -130 -130 -130 -139 -150 -141 -141 -150 -130 -119 -110 -99 -90 -80 -80 -80 -80 -90 -99 -110 -117 -119
02 26 -141 -130 -130 -130 -130 -130 -141 -141 -141 -141 -130 -110 -99 -90 -80 -80 -71 -71 -71 -90 -90 -99 -110 -110
02 27 -130 -119 -119 -119 -119 -119 -130 -130 -141 -141 -119 -110 -99 -90 -80 -71 -60 -71 -71 -71 -80 -99 -99 -99
02 28 -110 -110 -110 -110 -117 -119 -119 -119 -130 -130 -110 -99 -90 -71 -60 -51 -51 -51 -51 -60 -71 -80 -80 -90
03 01 -90 -99 -99 -99 -99 -110 -110 -119 -112 -110 -90 -80 -71 -60 -51 -40 -40 -51 -40 -40 -51 -60 -60 -71
03 02 -60 -90 -90 -90 -99 -99 -110 -110 -110 -110 -80 -71 -60 -60 -51 -40 -40 -51 -40 -40 -51 -60 -71 -80
03 03 -60 -90 -99 -90 -99 -99 -110 -99 -99 -99 -80 -71 -60 -60 -51 -40 -40 -51 -40 -40 -51 -60 -71 -80
03 04 -60 -90 -99 -90 -99 -110 -110 -110 -110 -110 -80 -71 -60 -60 -51 -40 -40 -51 -40 -40 -51 -60 -60 -71
03 05 -60 -90 -90 -90 -99 -110 -110 -110 -110 -110 -80 -71 -60 -60 -51 -40 -40 -51 -40 -40 -51 -60 -71 -80
03 06 -60 -90 -90 -90 -99 -110 -110 -110 -112 -110 -80 -71 -60 -60 -51 -40 -40 -51 -40 -40 -60 -80 -80 -80
03 07 -60 -90 -99 -90 -99 -110 -110 -119 -119 -110 -80 -80 -60 -60 -51 -40 -40 -51 -40 -40 -51 -60 -80 -80
03 08 -51 -90 -99 -99 -110 -119 -119 -119 -119 -119 -90 -71 -60 -60 -40 -40 -40 -40 -29 -40 -51 -51 -71 -80
03 09 -40 -90 -90 -90 -99 -110 -110 -119 -110 -99 -80 -71 -60 -51 -40 -29 -29 -20 -29 -29 -40 -51 -60 -71
03 10 -29 -80 -80 -90 -90 -99 -110 -99 -99 -90 -71 -71 -54 -51 -40 -29 -29 -20 -29 -29 -44 -51 -60 -71
03 11 -29 -80 -80 -90 -99 -110 -110 -99 -99 -90 -71 -60 -51 -51 -40 -29 -29 -20 -20 -20 -40 -51 -51 -71
03 12 -9 -80 -80 -90 -99 -110 -110 -99 -99 -90 -71 -60 -51 -42 -40 -29 -29 -20 -20 -20 -29 -51 -51 -71
03 13 -9 -80 -80 -90 -99 -99 -99 -99 -99 -90 -71 -60 -51 -42 -40 -29 -29 -20 -20 -20 -40 -51 -51 -71
03 14 -9 -80 -80 -90 -99 -99 -110 -99 -90 -90 -71 -60 -51 -42 -40 -29 -29 -20 -20 -20 -40 -51 -51 -60
03 15 -9 -80 -80 -90 -99 -99 -99 -99 -90 -80 -71 -58 -51 -40 -29 -20 -29 -20 -20 -20 -29 -36 -51 -51
03 16 -9 -80 -80 -80 -99 -99 -99 -90 -80 -80 -60 -51 -51 -29 -20 -9 -9 -9 -9 -20 -29 -29 -40 -51
03 17 -6 -71 -71 -80 -90 -90 -80 -90 -80 -71 -60 -51 -40 -29 -20 -9 -9 -9 -9 -20 -20 -29 -40 -51
03 18 -9 -71 -60 -71 -71 -80 -71 -80 -71 -60 -51 -51 -40 -29 -9 -9 -9 0 -9 -15 -13 -29 -33 -40
03 19 -9 -60 -60 -60 -60 -71 -71 -80 -71 -60 -51 -51 -40 -29 -9 -9 0 0 -9 -9 -13 -20 -31 -40
03 20 -9 -58 -60 -60 -60 -71 -71 -80 -71 -60 -47 -42 -33 -29 -9 -2 5 0 0 -9 -9 -20 -29 -36
03 21 -9 -51 -51 -51 -53 -71 -71 -71 -60 -51 -40 -40 -29 -20 -9 0 10 10 0 -9 -9 -20 -29 -29
03 22 -9 -40 -44 -51 -51 -60 -71 -71 -60 -51 -38 -29 -29 -18 0 0 10 10 10 10 0 -9 -9 -20
03 23 -9 -29 -40 -40 -51 -60 -60 -71 -60 -40 -29 -29 -20 -9 0 10 10 18 10 10 0 0 -9 -9
03 24 0 -29 -40 -40 -51 -51 -60 -71 -58 -40 -29 -29 -18 -9 1 10 18 19 10 10 10 0 -9 -9
03 25 0 -29 -29 -40 -44 -51 -60 -71 -58 -40 -29 -20 -9 0 10 12 19 19 14 19 10 0 -9 -9
03 26 0 -20 -29 -40 -40 -51 -51 -71 -51 -40 -29 -9 0 10 19 19 30 30 30 23 19 10 0 -9
03 27 0 -20 -29 -29 -40 -40 -51 -71 -40 -29 -9 0 10 18 30 39 39 39 39 39 34 28 14 0
03 28 12 -11 -20 -29 -29 -40 -42 -60 -40 -20 0 0 19 19 30 39 50 41 46 43 39 34 25 10
03 29 19 0 -9 -20 -29 -29 -40 -42 -40 -20 0 10 19 19 32 39 50 50 50 43 39 34 30 10
03 30 19 10 -9 -15 -20 -29 -40 -40 -29 -15 0 19 19 30 39 45 57 50 50 50 39 39 37 16
03 31 19 10 10 -9 -11 -20 -29 -29 -20 -9 10 19 30 39 46 50 61 50 50 50 50 39 39 19
04 01 30 19 10 0 0 -9 -20 -29 -20 -9 19 30 39 39 50 52 61 52 50 52 50 50 39 30
04 02 30 19 10 10 0 -9 -9 -29 -9 0 19 30 39 43 50 61 61 61 61 61 54 50 50 39
04 03 30 19 10 10 0 0 -9 -20 -9 19 30 39 39 50 50 61 61 61 61 61 61 61 50 39
04 04 39 30 19 19 10 10 0 -9 10 19 30 39 39 50 50 61 61 61 61 61 61 61 50 48
04 05 39 30 30 30 19 10 10 0 19 30 30 39 43 50 50 61 61 61 61 61 61 61 50 48
04 06 39 30 30 30 19 10 0 0 19 30 30 39 43 50 61 70 61 70 61 70 70 70 61 50
04 07 39 39 39 30 30 19 19 10 30 39 50 61 50 70 70 72 81 90 81 81 81 81 70 63
04 08 61 61 50 50 39 39 30 19 30 50 61 70 70 81 81 90 100 100 90 90 90 86 81 70
04 09 61 61 61 50 50 50 39 30 50 61 70 81 81 90 90 100 102 109 100 90 100 90 81 81
04 10 81 61 61 50 50 50 39 39 50 61 70 81 90 90 100 100 109 109 100 90 100 90 90 81
04 11 81 61 61 61 50 50 39 39 50 61 70 81 90 90 100 100 109 109 100 100 100 100 90 90
04 12 81 70 61 61 61 61 39 39 50 70 81 90 90 100 100 100 109 109 109 100 100 100 90 90
04 13 81 70 70 70 61 61 61 50 61 70 90 100 90 100 100 120 120 111 109 109 109 100 100 90
04 14 81 81 70 81 70 61 61 61 70 90 90 100 100 109 120 129 120 120 109 120 120 120 100 90
04 15 90 90 90 81 81 70 70 70 81 100 100 100 109 120 129 140 140 131 129 129 129 129 129 109
04 16 109 100 100 90 90 90 81 90 100 120 120 120 120 131 140 151 151 149 151 140 140 129 140 129
04 17 120 111 109 100 109 102 120 120 120 129 131 140 138 140 151 160 171 160 160 151 151 171 160 140
04 18 129 120 120 129 120 120 129 120 131 140 140 142 140 151 153 160 171 171 165 160 160 171 167 160
04 19 151 140 151 151 140 140 140 140 140 151 151 153 154 160 171 180 176 180 180 180 171 171 180 171
04 20 171 160 160 151 151 151 147 151 160 171 162 162 171 171 171 180 180 180 180 180 180 180 180 180
04 21 180 172 171 160 160 151 151 160 180 180 180 171 171 171 172 180 180 180 189 199 194 198 194 183
04 22 190 187 183 178 171 160 160 171 180 187 190 180 180 180 180 183 180 190 190 199 199 199 199 199
04 23 199 199 190 180 180 171 171 171 190 190 199 198 190 190 190 190 190 199 199 199 199 208 210 210
04 24 210 199 199 190 181 180 176 180 199 199 199 199 199 199 199 199 190 201 205 205 208 210 219 210
04 25 210 199 199 190 190 183 180 190 199 205 199 210 210 208 199 199 199 210 210 210 210 219 219 217
04 26 210 210 210 199 190 190 190 190 199 210 199 210 210 210 199 199 199 201 210 210 219 219 219 219
04 27 210 210 210 199 190 190 190 190 199 210 210 210 210 210 210 210 210 210 210 210 219 219 223 219
04 28 219 210 210 199 199 190 199 199 210 219 210 210 210 210 210 214 210 210 210 219 219 230 230 230
04 29 219 219 210 199 199 199 199 199 210 219 219 210 219 219 219 219 219 219 210 219 230 230 230 230
04 30 219 219 219 210 207 199 199 210 219 230 219 219 219 219 219 219 219 219 219 219 230 230 230 230
05 01 219 219 219 210 199 199 199 210 219 230 210 210 219 219 219 219 219 219 219 219 230 230 230 230
05 02 219 219 219 210 207 199 199 210 230 230 219 219 219 219 219 219 219 219 219 230 230 230 230 230
05 03 219 219 219 219 210 199 199 219 241 241 219 219 219 219 219 219 219 230 230 230 230 230 241 241
05 04 230 230 221 219 219 210 210 230 241 241 219 219 219 219 219 223 230 230 230 230 230 230 241 241
05 05 232 230 230 230 219 210 210 230 241 241 230 219 230 230 230 230 230 239 230 241 241 241 241 241
05 06 241 230 241 230 230 219 219 241 241 250 230 230 230 230 230 230 241 241 239 241 241 250 250 250
05 07 241 241 241 241 230 230 219 241 241 250 241 241 241 230 241 230 241 241 241 241 241 250 250 250
05 08 241 241 241 241 230 230 230 241 250 250 250 241 250 241 241 241 241 241 241 250 250 261 250 261
05 09 261 252 250 241 241 241 241 250 261 261 250 250 250 250 241 241 241 241 250 259 261 261 261 261
05 10 261 261 250 250 241 241 241 250 261 261 261 261 250 250 250 250 250 250 250 261 261 270 270 270
05 11 261 270 261 250 250 241 250 261 280 270 270 270 261 261 250 250 250 261 257 261 261 270 270 280
05 12 270 270 261 261 250 250 250 270 280 280 270 270 261 261 250 250 250 261 261 262 270 280 280 280
05 13 270 270 270 261 250 250 250 270 280 280 270 271 261 270 257 250 261 261 261 270 270 280 280 280
05 14 280 271 270 261 250 250 250 280 289 280 280 280 270 270 261 261 270 266 270 270 280 289 280 282
05 15 280 280 270 270 261 261 261 280 289 289 280 280 270 270 270 270 270 270 270 270 280 289 289 289
05 16 280 280 270 270 270 270 270 280 300 289 289 280 280 270 280 270 280 275 270 277 282 289 289 289
05 17 280 280 270 270 270 270 270 289 300 297 289 280 280 280 280 275 280 275 273 280 289 289 289 300
05 18 286 280 280 270 270 270 270 289 300 300 289 289 280 280 280 280 280 280 280 280 289 289 300 300
05 19 289 289 280 280 270 270 280 289 300 300 300 289 280 280 280 280 280 280 280 280 289 300 300 300
05 20 289 289 280 280 270 271 280 289 300 300 300 289 280 280 280 280 282 280 280 280 300 300 300 302
05 21 300 289 289 289 280 280 280 300 300 300 300 291 289 280 282 289 284 280 280 280 300 300 302 309
05 22 300 289 289 289 280 280 280 300 309 309 300 300 289 282 289 289 289 280 280 282 300 300 309 309
05 23 300 300 289 289 280 280 289 300 309 309 309 300 289 289 289 289 289 289 289 289 300 309 309 309
05 24 309 300 300 289 289 280 289 309 320 320 309 309 300 300 300 300 291 289 289 289 309 309 320 320
05 25 309 309 300 300 289 289 300 309 320 320 311 309 300 300 300 300 300 300 289 300 309 320 320 320
05 26 309 309 307 300 289 289 300 309 320 320 320 320 309 300 300 300 300 300 300 300 320 320 320 320
05 27 320 309 309 300 300 297 300 320 331 320 320 320 315 309 309 309 302 309 309 309 320 320 320 320
05 28 320 320 311 309 300 300 309 320 331 331 320 320 320 309 309 309 309 309 309 309 320 320 331 331
05 29 331 320 320 309 300 309 309 325 331 331 331 320 320 320 309 309 309 309 309 309 320 331 331 338
05 30 333 320 320 320 311 309 320 331 340 340 331 331 320 320 320 320 320 320 309 320 331 331 340 340
05 31 340 331 320 320 320 320 320 338 340 340 340 331 331 331 320 331 320 320 320 327 331 340 351 351
06 01 340 340 331 320 320 320 331 340 351 351 340 331 331 331 331 331 331 331 331 340 340 351 351 351
06 02 351 340 331 331 320 331 331 340 351 351 340 331 331 331 331 331 331 331 331 340 340 351 351 351
06 03 351 340 331 331 331 331 338 351 351 351 351 331 340 331 331 331 331 340 340 340 351 351 351 351
06 04 351 340 340 331 331 331 340 351 351 351 351 340 340 340 331 340 340 340 340 351 351 351 351 351
06 05 351 351 340 340 331 331 340 351 351 351 351 340 340 340 340 340 340 340 340 351 351 351 360 351
06 06 360 351 340 340 331 340 340 351 360 356 351 340 340 340 340 340 340 340 351 351 351 351 360 360
06 07 360 351 340 340 340 340 340 351 360 360 351 340 340 340 340 340 340 340 351 351 351 360 360 360
06 08 360 351 351 340 340 340 340 351 360 360 351 351 340 340 340 351 351 351 351 351 358 360 360 360
06 09 360 351 351 340 340 340 351 351 360 360 351 351 340 340 351 351 351 351 360 360 360 360 360 360
06 10 360 360 351 340 340 340 351 360 360 360 360 351 351 351 351 351 351 351 360 360 360 360 360 370
06 11 370 360 351 351 340 340 351 360 360 370 360 360 351 351 351 351 351 351 360 360 360 360 370 370
06 12 370 360 351 351 351 340 351 360 370 370 360 360 351 351 351 351 351 360 360 360 360 370 370 370
06 13 370 360 360 351 351 351 351 360 370 370 360 360 360 360 360 360 360 360 360 360 370 370 370 370
06 14 370 370 360 351 351 351 360 370 370 370 370 360 360 360 360 360 360 360 360 370 370 370 370 370
06 15 370 370 360 354 351 351 360 370 370 370 370 370 370 360 360 360 370 370 370 370 370 379 379 379
06 16 370 370 370 360 351 351 360 370 379 379 379 370 370 370 367 360 370 370 370 379 379 379 379 379
06 17 379 370 370 360 360 351 360 370 379 379 379 370 370 370 370 360 370 379 376 379 379 379 379 379
06 18 379 372 370 360 360 360 360 379 379 379 379 379 379 370 370 370 378 379 379 379 379 379 379 390
06 19 379 379 379 370 360 360 370 379 390 379 379 379 379 370 379 379 379 379 379 379 379 390 390 390
06 20 390 379 379 370 360 360 370 379 390 390 390 390 379 379 379 379 379 379 379 387 390 390 390 390
06 21 390 381 379 370 370 370 370 390 390 390 390 390 387 379 379 379 379 379 379 390 390 390 390 390
06 22 390 390 379 379 370 370 379 390 390 390 390 390 390 379 379 379 379 379 379 390 390 390 390 399
06 23 390 390 385 379 370 370 379 390 390 390 390 390 390 379 379 388 381 379 381 390 390 390 399 399
06 24 399 390 390 379 379 379 379 390 399 399 390 390 390 390 387 390 390 390 388 390 390 399 399 399
06 25 399 390 390 379 379 379 390 399 399 399 399 390 390 390 390 390 390 390 390 390 390 399 399 399
06 26 399 396 390 379 379 379 390 399 399 399 399 390 390 390 390 397 390 390 390 390 390 399 399 399
06 27 399 399 390 385 379 379 390 399 399 399 399 392 390 390 390 399 392 399 399 399 399 399 399 410
06 28 408 399 390 390 387 383 390 399 399 410 399 399 399 394 399 399 399 399 399 399 399 410 410 410
06 29 410 399 399 390 390 390 390 410 410 410 399 399 399 399 399 399 399 399 399 406 410 410 410 410
06 30 410 399 399 396 390 390 392 410 410 410 410 399 399 399 399 399 405 399 410 410 410 410 410 410
07 01 410 410 399 396 390 390 399 410 410 410 410 410 410 399 406 410 410 410 410 410 421 421 421 421
07 02 421 410 410 399 399 396 399 410 421 421 421 419 410 410 410 410 410 410 421 421 421 421 421 421
07 03 421 410 410 399 399 399 399 410 421 430 421 421 421 410 410 421 421 421 421 421 421 421 430 430
07 04 430 421 410 399 399 399 410 421 421 430 421 421 421 421 421 421 421 421 421 430 430 430 430 430
07 05 430 421 410 410 410 399 410 421 430 430 428 426 428 421 421 421 421 430 430 430 430 437 441 432
07 06 430 421 421 410 410 399 410 421 430 430 430 430 430 421 426 430 426 430 430 430 430 441 441 441
07 07 430 421 421 410 410 410 410 430 430 441 430 430 430 426 430 430 430 430 430 430 441 441 441 441
07 08 430 423 421 421 410 410 414 430 432 441 430 430 430 430 430 430 430 441 441 441 441 441 441 441
07 09 435 430 421 421 421 410 421 430 441 441 441 441 441 430 430 430 430 441 441 441 441 441 441 441
07 10 441 430 421 421 421 421 421 430 441 441 441 441 441 432 430 430 430 441 441 441 441 441 446 441
07 11 441 430 430 421 421 421 421 430 441 441 441 441 441 437 439 432 441 441 441 441 441 441 446 441
07 12 441 430 430 430 421 421 426 432 441 441 441 441 441 441 441 437 441 441 446 441 448 441 450 441
07 13 441 430 430 430 421 421 430 441 441 450 441 441 441 441 441 441 441 441 448 441 450 450 450 450
07 14 450 430 430 430 430 421 430 441 441 450 441 442 441 441 441 441 441 442 450 444 450 450 450 450
07 15 450 430 430 430 430 421 430 441 441 450 441 446 441 441 441 441 448 446 450 450 450 450 450 450
07 16 450 441 430 430 430 421 430 441 441 450 441 446 441 441 441 441 442 450 450 450 450 450 450 450
07 17 450 441 437 430 430 421 430 441 450 450 450 450 441 441 441 441 450 450 450 450 450 450 450 450
07 18 450 441 430 430 430 421 430 441 450 450 450 450 450 441 441 442 450 450 450 450 450 450 450 450
07 19 450 441 441 430 430 421 430 441 450 450 450 450 450 450 441 450 450 450 450 450 450 450 450 450
07 20 450 441 441 430 430 421 430 441 450 450 450 450 450 450 450 450 450 450 450 450 450 450 450 450
07 21 450 441 441 430 430 421 430 441 450 450 450 450 450 450 450 450 450 450 450 450 450 450 450 450
07 22 450 441 441 430 430 421 430 441 450 450 450 450 450 450 450 450 450 450 450 450 460 460 451 450
07 23 450 441 441 441 430 430 430 441 450 450 450 450 450 450 450 450 450 450 460 460 460 460 460 450
07 24 450 441 441 441 430 430 430 441 450 450 450 450 450 450 450 450 450 450 460 460 460 460 460 450
07 25 460 450 441 441 441 430 430 441 450 450 450 450 450 450 450 450 450 450 450 450 460 460 460 450
07 26 450 450 441 441 441 430 430 441 450 450 450 450 450 450 450 450 450 450 450 450 460 460 460 450
07 27 450 450 441 441 441 430 430 441 450 450 450 450 450 450 450 450 450 450 450 460 460 460 460 451
07 28 450 450 441 441 441 430 430 441 450 460 460 450 450 450 450 450 450 450 460 460 460 460 460 451
07 29 450 450 441 441 430 430 430 441 450 460 453 450 450 450 450 450 450 450 450 460 460 460 460 450
07 30 450 450 441 441 430 430 430 430 450 460 450 450 450 450 441 450 450 450 450 460 460 460 460 450
07 31 450 450 441 441 430 430 421 430 450 460 453 450 450 450 446 450 441 450 450 460 460 460 460 450
08 01 450 450 441 437 430 421 421 430 450 460 450 450 450 450 441 441 441 450 450 450 460 460 460 450
08 02 450 446 430 430 430 424 421 430 450 450 450 450 450 450 441 444 441 450 450 460 460 460 460 450
08 03 450 441 430 430 430 430 421 430 450 450 450 450 450 450 441 444 441 450 450 450 460 460 460 450
08 04 450 441 430 430 430 424 421 430 450 450 450 450 450 450 441 450 441 450 450 450 460 460 460 450
08 05 450 441 430 430 430 421 421 430 450 460 450 450 450 450 446 450 441 450 450 453 460 460 460 450
08 06 450 441 430 430 430 424 421 430 450 460 450 450 450 450 450 450 441 450 450 450 460 460 460 450
08 07 450 446 441 430 430 421 421 430 450 457 450 450 450 450 441 441 441 450 450 450 450 460 460 450
08 08 448 446 430 430 430 421 421 430 450 450 450 450 450 441 441 441 441 450 450 450 450 460 459 450
08 09 441 441 430 430 430 410 410 430 450 450 450 450 441 441 441 441 441 441 450 450 450 460 450 450
08 10 441 441 430 430 421 410 410 430 450 450 450 450 441 441 441 441 441 441 450 450 450 450 450 450
08 11 441 441 430 421 412 410 410 421 448 450 450 450 441 441 441 441 441 441 450 450 450 450 450 450
08 12 441 441 430 421 417 410 410 421 441 450 450 450 441 441 441 430 439 430 441 441 450 450 450 450
08 13 441 441 430 430 421 410 410 421 441 450 450 450 441 441 441 430 430 441 441 441 450 450 450 450
08 14 441 430 430 421 410 410 403 421 441 450 450 450 441 441 441 430 430 430 441 441 450 450 450 450
08 15 441 430 421 421 410 410 403 421 441 450 450 450 441 441 441 430 430 430 441 441 450 450 450 441
08 16 430 421 421 421 410 410 399 410 430 450 450 441 441 441 441 430 430 430 441 441 441 450 448 441
08 17 430 421 421 412 410 410 399 410 430 450 450 441 441 441 430 430 430 430 441 441 441 450 441 441
08 18 430 421 421 410 410 399 399 410 430 441 450 441 441 430 430 421 421 430 430 441 441 450 441 441
08 19 430 421 417 410 399 399 392 410 421 441 441 441 430 430 430 421 421 430 430 430 441 441 430 430
08 20 421 421 410 410 399 399 390 399 421 441 441 430 430 421 421 421 417 421 421 430 441 441 430 421
08 21 421 410 410 399 399 390 390 390 410 430 430 430 421 421 421 410 410 421 421 430 430 430 430 421
08 22 410 410 399 399 390 390 379 390 410 430 430 421 421 421 410 410 410 421 421 421 430 430 430 414
08 23 410 399 399 399 390 379 379 379 410 430 430 421 421 419 410 410 410 421 421 421 430 430 430 414
08 24 410 399 399 399 390 379 379 379 410 430 430 421 421 410 410 410 410 421 421 421 430 430 423 410
08 25 410 399 399 392 379 379 370 379 408 421 430 421 410 399 399 399 410 417 421 421 430 430 421 410
08 26 410 399 390 390 379 370 370 370 399 421 421 421 410 399 399 399 399 410 421 421 430 426 421 410
08 27 408 399 390 390 379 370 370 370 399 421 421 421 410 399 399 399 399 410 410 410 421 421 421 410
08 28 401 399 390 379 370 370 361 370 397 417 421 421 410 399 399 390 399 399 399 410 421 421 421 410
08 29 399 399 390 379 370 370 360 360 390 410 421 421 410 399 399 390 390 399 399 410 421 421 421 410
08 30 399 390 387 379 370 370 360 360 390 410 421 421 410 399 399 390 390 399 399 410 421 421 421 401
08 31 399 390 381 379 370 360 351 351 390 399 421 410 410 399 399 399 399 399 399 410 421 421 410 399
09 01 399 390 379 379 365 360 351 351 379 399 410 410 399 399 394 390 399 399 399 399 421 421 410 399
09 02 399 379 379 370 360 360 351 351 379 399 410 410 399 390 390 390 399 399 399 410 421 421 410 399
09 03 390 379 379 370 360 356 351 351 370 399 410 410 399 390 390 390 390 390 399 399 421 421 410 399
09 04 390 379 379 370 360 360 351 351 370 399 399 410 392 390 390 379 390 390 399 399 421 421 410 399
09 05 390 379 379 370 360 360 351 351 370 390 399 410 399 390 390 379 390 390 399 399 421 421 410 399
09 06 390 379 379 370 360 351 340 351 370 390 399 410 399 390 379 379 390 390 399 399 410 410 410 392
09 07 379 379 370 370 360 351 340 340 360 390 399 399 392 379 379 379 390 390 390 399 410 410 399 390
09 08 379 378 370 360 360 340 338 340 360 390 399 399 390 379 379 379 379 390 390 399 399 399 390 379
09 09 370 370 360 360 351 340 331 331 351 379 390 390 379 370 370 360 370 370 379 390 399 390 379 370
09 10 360 360 360 340 340 331 320 320 340 370 379 379 379 370 360 360 351 360 370 379 379 379 370 360
09 11 351 360 351 340 340 331 320 320 340 360 379 370 370 360 360 351 351 360 370 370 374 370 370 360
09 12 340 351 340 331 331 320 320 320 331 360 370 361 351 351 351 351 340 351 351 360 360 360 360 351
09 13 331 349 340 320 320 320 309 300 320 340 360 351 340 340 340 331 331 340 340 351 351 351 351 340
09 14 309 331 325 313 320 309 300 300 309 320 351 340 331 331 331 320 320 331 331 340 340 331 309 320
09 15 300 309 309 307 300 300 289 289 300 309 331 331 320 320 309 309 309 309 309 320 320 309 309 307
09 16 289 300 300 300 289 289 280 280 280 300 327 320 320 307 300 300 293 300 300 300 309 309 300 289
09 17 284 289 289 289 280 280 280 270 280 289 309 300 300 289 289 289 289 289 280 289 309 300 297 289
09 18 280 280 280 270 280 270 270 261 270 289 300 300 300 289 289 289 286 280 280 289 300 300 289 280
09 19 270 280 270 270 270 261 261 250 270 280 289 289 282 280 280 280 280 280 280 289 289 289 280 280
09 20 270 270 270 270 261 261 261 250 261 280 289 280 280 280 273 271 280 270 270 289 280 289 280 280
09 21 261 270 261 261 261 253 250 250 261 280 289 280 280 270 270 270 270 261 261 280 280 280 280 270
09 22 261 261 261 261 250 250 250 241 250 275 288 270 275 270 270 270 270 261 261 280 280 280 280 270
09 23 261 261 261 261 250 250 250 241 250 275 288 270 270 270 270 270 270 261 261 280 280 280 271 270
09 24 261 261 261 261 250 250 250 241 250 270 280 270 270 270 270 270 270 261 261 270 280 270 270 261
09 25 253 261 250 250 250 250 241 241 241 261 271 270 270 270 270 270 270 261 261 270 280 270 270 261
09 26 253 261 250 250 250 250 241 241 241 261 270 270 270 268 261 266 270 261 261 270 280 270 270 261
09 27 253 261 250 250 250 241 241 241 241 261 270 270 270 261 261 261 261 261 250 270 270 270 261 261
09 28 250 261 250 250 241 241 241 230 230 250 270 261 261 261 261 261 261 250 250 261 270 261 261 261
09 29 250 261 241 246 241 230 230 230 230 250 261 261 261 261 250 250 250 250 250 261 261 261 250 261
09 30 250 250 241 241 230 230 230 230 219 241 250 250 250 250 241 241 241 230 230 250 250 250 241 241
10 01 241 241 230 230 219 219 214 210 210 230 241 241 241 241 230 230 230 219 221 230 241 230 230 219
10 02 219 219 210 207 210 207 199 199 199 217 230 239 241 230 219 219 219 214 219 230 230 230 219 219
10 03 210 210 210 199 199 190 190 190 198 210 221 230 230 230 219 219 219 214 219 225 230 230 219 217
10 04 199 210 199 199 199 190 190 180 190 210 219 225 225 219 219 216 214 210 210 219 219 219 210 208
10 05 190 190 190 190 190 180 180 180 180 199 217 219 219 219 212 210 210 210 210 210 219 210 210 199
10 06 190 190 190 190 180 180 171 171 180 190 199 210 219 210 210 210 199 199 210 210 210 210 199 199
10 07 190 190 180 180 180 171 171 171 171 180 199 210 210 210 199 199 199 199 199 199 199 199 199 190
10 08 190 180 180 180 180 171 171 160 160 171 199 199 205 203 199 199 190 196 198 199 199 199 190 190
10 09 180 180 171 171 171 171 171 160 160 171 190 199 199 199 190 190 190 190 190 199 199 199 190 190
10 10 180 171 171 171 160 160 160 151 151 160 190 199 199 190 190 190 190 190 190 199 190 190 190 180
10 11 171 160 163 171 160 158 160 151 151 160 180 190 198 190 190 190 190 180 190 196 190 189 180 180
10 12 171 160 160 160 151 151 151 151 151 160 180 185 190 190 181 180 180 180 190 190 190 180 180 171
10 13 165 160 160 151 151 140 149 140 140 151 180 180 183 180 180 180 180 180 180 180 180 180 171 171
10 14 160 151 151 151 144 140 140 140 140 151 171 180 181 180 178 180 174 176 180 180 180 171 160 160
10 15 151 151 151 140 140 140 129 129 129 140 160 171 171 171 171 171 171 171 171 171 160 158 151 151
10 16 140 140 140 140 129 129 124 120 127 129 151 171 171 171 171 171 171 171 171 160 151 151 140 140
10 17 140 140 138 129 129 120 120 117 120 124 140 160 153 160 160 160 160 160 160 151 140 140 140 135
10 18 126 129 129 129 120 120 109 109 109 120 129 140 140 151 151 151 149 151 151 151 140 135 129 129
10 19 120 120 120 109 109 109 100 100 100 109 120 129 135 140 140 140 138 140 140 120 127 120 118 120
10 20 100 109 109 100 90 90 90 81 81 90 109 120 129 135 138 136 129 138 133 120 120 109 109 109
10 21 90 100 100 90 81 81 81 70 73 72 109 120 124 129 120 120 129 126 120 117 115 100 100 90
10 22 81 81 88 75 70 81 77 61 61 70 90 109 109 109 109 109 109 115 109 109 100 90 90 82
10 23 70 70 70 70 61 70 61 61 50 61 81 100 109 109 109 109 109 109 106 91 93 90 81 81
10 24 61 61 61 61 61 61 61 50 45 50 81 100 100 109 100 102 100 100 90 90 90 81 81 70
10 25 61 61 50 50 50 52 50 50 39 39 70 90 100 100 100 100 100 90 81 81 81 70 70 61
10 26 45 50 50 50 50 50 50 39 39 39 70 81 90 90 100 100 100 90 81 81 70 70 66 57
10 27 39 48 48 39 39 39 50 39 39 39 61 81 90 90 90 91 90 90 81 81 70 61 61 50
10 28 30 39 30 30 39 39 45 39 30 39 61 64 81 90 90 90 90 88 81 70 66 61 50 50
10 29 19 30 25 19 30 39 39 19 19 19 39 61 79 81 90 90 90 81 70 70 61 50 39 39
10 30 10 19 19 10 30 30 30 19 19 19 37 61 77 79 90 90 90 81 73 70 61 50 39 39
10 31 19 19 19 10 27 30 19 19 19 19 30 61 70 72 84 90 90 81 70 61 50 41 30 19
11 01 10 10 10 10 10 19 19 10 0 10 19 50 54 70 81 81 81 81 70 50 39 30 19 10
11 02 10 10 0 0 10 14 0 10 0 0 19 39 50 61 70 79 81 70 50 45 39 30 12 10
11 03 10 10 0 0 0 10 0 3 0 -8 10 39 50 61 70 70 81 70 54 50 39 30 19 10
11 04 10 10 0 0 10 10 0 10 0 0 10 39 50 61 70 70 81 70 54 50 48 30 19 10
11 05 10 10 0 0 10 10 0 10 10 10 19 50 54 70 70 70 81 70 61 50 39 30 19 10
11 06 10 10 0 0 10 10 0 10 10 0 19 50 50 61 68 70 70 70 50 45 39 30 10 10
11 07 10 10 0 0 0 10 0 10 10 0 19 39 50 61 61 70 70 70 50 39 39 19 10 10
11 08 10 10 0 -9 0 0 0 0 -2 -9 10 30 50 50 61 61 61 61 50 30 30 10 10 0
11 09 10 10 0 -9 -9 0 -9 0 -9 -9 10 19 39 50 61 61 61 50 39 30 19 10 10 0
11 10 10 0 0 -9 -9 -9 -20 -9 -9 -9 0 19 30 39 50 61 61 39 39 25 19 10 10 0
11 11 10 -9 -9 -20 -20 -20 -20 -9 -9 -20 -9 10 30 39 50 50 50 39 36 19 10 0 0 0
11 12 10 -9 -9 -20 -20 -20 -20 -20 -20 -20 -9 10 30 32 50 50 50 39 30 19 10 0 0 0
11 13 14 -9 -9 -20 -9 -20 -20 -9 -9 -9 -9 10 19 30 39 39 39 30 30 19 10 0 0 -9
11 14 19 -9 -9 -20 -20 -20 -20 -20 -20 -20 -9 0 10 19 30 30 30 30 19 10 0 -9 0 -20
11 15 10 -20 -20 -29 -20 -29 -20 -29 -29 -29 -20 -9 10 19 19 30 19 10 10 10 -9 -20 -9 -20
11 16 0 -29 -40 -29 -22 -29 -29 -40 -29 -29 -40 -9 0 10 19 19 19 10 0 0 -9 -20 -20 -20
11 17 10 -29 -40 -29 -29 -40 -29 -40 -29 -40 -40 -20 0 10 19 19 19 10 -9 -9 -20 -20 -20 -22
11 18 0 -29 -40 -29 -22 -29 -29 -40 -29 -40 -40 -20 0 10 10 19 10 10 -9 -9 -20 -29 -29 -29
11 19 0 -40 -40 -40 -40 -40 -29 -40 -40 -40 -40 -20 -9 0 10 10 10 0 -9 -20 -26 -29 -29 -29
11 20 -9 -40 -51 -40 -51 -51 -40 -40 -40 -51 -40 -29 -9 0 10 10 0 -9 -9 -20 -29 -29 -29 -29
11 21 -9 -51 -51 -40 -51 -51 -29 -40 -40 -51 -40 -29 -9 0 10 10 0 -9 -9 -20 -29 -33 -35 -40
11 22 -20 -51 -53 -51 -60 -51 -51 -40 -40 -51 -40 -40 -20 -9 0 0 0 -9 -13 -29 -40 -51 -40 -51
11 23 -20 -60 -60 -60 -60 -60 -60 -51 -51 -60 -51 -40 -20 -20 -9 0 -9 -9 -20 -40 -51 -60 -51 -60
11 24 -29 -60 -60 -71 -60 -60 -60 -60 -51 -60 -60 -51 -29 -20 -9 -9 -20 -20 -40 -60 -71 -71 -71 -80
11 25 -60 -71 -71 -80 -71 -80 -71 -60 -60 -71 -71 -51 -29 -20 -20 -15 -20 -29 -45 -71 -80 -80 -80 -80
11 26 -71 -90 -80 -80 -80 -80 -80 -81 -71 -80 -71 -51 -40 -29 -20 -20 -29 -33 -51 -71 -80 -90 -80 -90
11 27 -90 -99 -99 -90 -99 -90 -90 -90 -98 -90 -89 -69 -51 -40 -40 -51 -51 -40 -60 -80 -99 -96 -96 -99
11 28 -99 -110 -99 -110 -110 -99 -99 -99 -99 -99 -99 -80 -63 -51 -51 -51 -51 -60 -71 -80 -99 -99 -99 -110
11 29 -116 -119 -110 -116 -112 -110 -110 -110 -110 -110 -110 -99 -71 -60 -51 -51 -58 -71 -80 -83 -99 -99 -110 -119
11 30 -119 -130 -119 -119 -119 -119 -119 -110 -110 -110 -110 -99 -80 -60 -51 -51 -58 -71 -90 -90 -99 -99 -110 -119
12 01 -119 -130 -119 -119 -119 -119 -119 -110 -110 -119 -112 -99 -80 -60 -51 -51 -51 -67 -78 -80 -99 -99 -99 -116
12 02 -119 -121 -119 -119 -119 -119 -119 -110 -110 -110 -110 -99 -71 -60 -51 -51 -51 -60 -71 -80 -99 -99 -110 -116
12 03 -128 -130 -119 -119 -119 -119 -119 -119 -110 -119 -110 -99 -71 -60 -51 -51 -51 -65 -71 -83 -99 -99 -110 -119
12 04 -128 -130 -119 -130 -126 -119 -119 -130 -119 -119 -119 -110 -80 -65 -51 -60 -60 -71 -90 -90 -99 -110 -110 -119
12 05 -130 -130 -130 -130 -130 -130 -130 -130 -130 -119 -119 -119 -90 -71 -62 -71 -71 -80 -98 -99 -99 -110 -119 -121
12 06 -139 -130 -141 -130 -141 -141 -141 -130 -141 -130 -141 -119 -105 -80 -71 -80 -80 -90 -99 -110 -110 -130 -130 -130
12 07 -161 -141 -141 -141 -150 -150 -161 -161 -161 -141 -150 -130 -110 -90 -80 -80 -90 -99 -110 -117 -125 -135 -141 -141
12 08 -162 -141 -150 -141 -161 -162 -170 -170 -161 -150 -150 -134 -110 -90 -90 -80 -90 -99 -110 -119 -130 -139 -141 -141
12 09 -162 -141 -144 -141 -161 -170 -170 -170 -161 -150 -150 -141 -119 -90 -90 -80 -90 -99 -110 -119 -130 -139 -141 -141
12 10 -161 -141 -150 -141 -150 -162 -170 -170 -161 -150 -161 -150 -119 -110 -98 -90 -99 -110 -117 -121 -137 -141 -141 -141
12 11 -161 -141 -150 -150 -150 -150 -161 -161 -150 -150 -150 -141 -119 -108 -90 -80 -90 -99 -110 -119 -130 -130 -130 -130
12 12 -141 -141 -141 -141 -141 -150 -141 -141 -141 -141 -150 -130 -119 -90 -90 -80 -90 -99 -110 -117 -119 -130 -130 -130
12 13 -130 -141 -141 -141 -141 -141 -141 -141 -150 -150 -150 -130 -119 -99 -90 -80 -90 -99 -110 -110 -119 -130 -130 -119
12 14 -141 -141 -130 -141 -141 -141 -130 -130 -141 -141 -141 -130 -110 -90 -90 -80 -90 -99 -110 -110 -110 -130 -128 -119
12 15 -119 -130 -130 -130 -130 -130 -130 -119 -119 -119 -119 -119 -110 -90 -90 -80 -80 -99 -110 -110 -110 -130 -119 -119
12 16 -119 -130 -130 -134 -130 -135 -130 -130 -141 -150 -141 -130 -117 -108 -90 -90 -90 -110 -117 -119 -130 -139 -130 -119
12 17 -130 -141 -130 -141 -134 -141 -130 -141 -141 -150 -150 -141 -119 -110 -99 -99 -99 -114 -119 -130 -130 -141 -130 -130
12 18 -130 -141 -130 -141 -141 -141 -130 -141 -141 -150 -161 -150 -119 -110 -105 -99 -99 -119 -119 -141 -137 -141 -130 -141
12 19 -130 -141 -130 -141 -134 -141 -130 -141 -141 -150 -159 -150 -119 -110 -99 -99 -99 -119 -119 -130 -137 -141 -128 -119
12 20 -110 -130 -130 -134 -130 -130 -130 -130 -139 -150 -150 -130 -119 -110 -99 -90 -90 -112 -110 -119 -119 -130 -119 -119
12 21 -99 -119 -119 -130 -119 -130 -130 -119 -130 -126 -141 -130 -114 -107 -90 -90 -90 -99 -110 -110 -119 -112 -99 -110
12 22 -99 -110 -117 -119 -110 -119 -110 -119 -119 -119 -141 -130 -110 -99 -83 -81 -90 -99 -90 -103 -110 -110 -90 -103
12 23 -90 -110 -110 -119 -110 -119 -119 -119 -130 -134 -150 -130 -119 -110 -90 -90 -90 -99 -110 -110 -119 -110 -99 -112
12 24 -98 -110 -119 -130 -119 -130 -130 -119 -130 -148 -150 -130 -110 -99 -83 -83 -90 -99 -90 -99 -110 -110 -90 -110
12 25 -90 -110 -117 -130 -116 -130 -119 -119 -130 -130 -141 -130 -110 -99 -80 -81 -90 -99 -90 -99 -110 -110 -99 -110
12 26 -98 -119 -119 -130 -119 -130 -130 -130 -130 -150 -153 -141 -119 -107 -83 -90 -90 -107 -110 -110 -119 -110 -99 -119
12 27 -99 -119 -130 -141 -141 -141 -130 -130 -141 -150 -159 -146 -119 -110 -90 -90 -90 -119 -119 -130 -130 -130 -119 -141
12 28 -119 -141 -141 -150 -161 -161 -148 -141 -150 -161 -161 -161 -130 -119 -99 -99 -99 -119 -130 -141 -141 -150 -141 -150
12 29 -130 -161 -161 -161 -170 -170 -161 -161 -161 -164 -170 -161 -150 -130 -130 -119 -119 -130 -146 -161 -161 -161 -170 -170
12 30 -141 -171 -180 -180 -180 -189 -180 -170 -180 -180 -180 -180 -161 -150 -141 -135 -141 -141 -161 -170 -189 -180 -189 -200
12 31 -150 -189 -209 -200 -193 -189 -189 -198 -204 -202 -197 -189 -170 -161 -150 -141 -141 -150 -161 -180 -189 -198 -200 -220
