01 01 199 199 190 190 199 199 190 180 199 199 199 190 180 180 180 180 171 180 199 210 210 210 210 210
01 02 199 199 199 199 199 199 190 180 199 210 199 190 180 180 180 180 171 190 210 210 219 219 210 210
01 03 199 199 199 199 199 190 190 180 190 199 199 190 180 180 180 180 171 190 210 210 219 219 210 210
01 04 199 199 199 190 190 190 180 180 190 199 190 190 180 171 171 160 171 180 190 199 199 199 199 190
01 05 190 190 190 190 180 171 171 171 180 180 180 180 171 171 171 160 160 171 190 190 190 190 190 180
01 06 190 180 180 171 171 171 171 160 180 180 180 180 171 171 171 160 160 171 180 190 190 190 190 180
01 07 190 180 180 171 171 171 171 160 180 180 180 180 171 171 171 160 160 171 180 190 190 190 190 180
01 08 190 180 180 171 171 171 171 160 180 180 180 180 171 171 171 160 160 171 180 190 190 190 190 180
01 09 190 180 180 171 171 171 171 160 171 180 180 180 171 160 171 151 160 171 180 180 190 180 180 171
01 10 180 171 171 171 171 171 160 160 171 171 171 171 160 151 151 151 151 160 180 180 180 180 180 171
01 11 180 171 171 160 160 160 160 160 171 171 171 160 160 151 151 151 151 160 180 190 190 180 180 171
01 12 180 171 171 160 171 171 160 160 171 171 171 160 160 151 151 140 151 151 180 190 190 180 180 171
01 13 180 171 180 171 171 171 160 160 171 171 171 160 160 151 151 151 151 160 180 190 190 180 190 171
01 14 180 171 180 171 171 171 151 160 160 171 160 160 160 151 151 151 151 160 180 190 190 180 190 171
01 15 171 171 171 171 171 160 151 160 160 171 160 160 160 140 151 140 140 151 180 190 180 180 190 171
01 16 171 171 171 171 171 171 160 160 160 171 171 160 160 151 151 140 151 151 171 190 180 180 190 180
01 17 180 171 180 171 171 171 160 160 160 171 171 160 151 140 140 140 140 151 171 190 190 180 180 171
01 18 171 171 171 171 171 171 160 160 160 171 160 160 151 140 151 140 151 151 180 190 190 180 190 180
01 19 180 171 171 171 171 171 171 160 171 171 160 160 151 151 151 151 151 160 180 190 190 190 190 180
01 20 180 171 180 171 180 171 171 171 171 171 151 160 151 151 151 151 151 160 180 190 190 190 190 180
01 21 180 180 180 171 180 180 171 171 180 171 151 160 151 151 151 151 151 171 190 199 190 199 190 180
01 22 180 180 180 180 180 180 171 180 180 171 151 160 151 151 151 151 151 171 190 199 199 199 190 190
01 23 180 180 180 180 180 180 180 180 180 171 160 160 151 151 151 151 171 171 190 210 199 199 199 190
01 24 180 180 180 180 180 180 180 180 190 180 160 160 160 160 151 160 171 171 190 210 210 210 199 199
01 25 190 190 190 180 190 180 180 180 199 190 180 171 171 160 160 160 171 180 190 210 219 219 210 199
01 26 199 199 199 190 190 190 190 190 199 199 180 180 171 171 171 171 180 180 199 219 219 219 219 210
01 27 210 199 199 190 190 190 190 190 199 199 190 180 171 180 171 171 180 180 199 219 219 219 230 219
01 28 210 210 199 199 199 199 199 199 210 199 190 190 180 180 171 171 180 180 199 219 219 219 230 219
01 29 210 210 210 199 199 199 199 199 210 199 190 190 180 180 180 180 180 190 210 219 219 219 230 219
01 30 219 210 210 210 199 199 199 199 210 199 199 190 180 180 180 180 180 199 210 219 230 230 230 219
01 31 219 210 210 210 210 210 199 199 210 210 190 190 180 180 180 180 190 199 210 219 230 230 230 219
02 01 219 210 210 210 199 199 199 199 210 199 190 180 180 180 180 180 190 190 210 219 230 230 230 219
02 02 219 210 210 199 199 199 199 199 210 199 190 180 180 180 180 180 190 190 210 219 230 230 230 230
02 03 219 219 210 210 199 199 199 199 210 210 190 190 180 190 180 180 190 199 219 230 241 241 241 230
02 04 230 230 219 219 219 210 210 210 219 210 199 190 190 199 190 190 190 199 219 230 241 241 241 230
02 05 230 230 219 210 210 210 199 210 210 210 199 190 190 190 190 180 190 190 210 219 230 230 230 230
02 06 230 219 210 210 210 199 199 199 210 199 199 190 180 190 190 180 190 190 210 219 219 230 230 219
02 07 219 219 210 210 210 199 199 199 210 199 199 190 180 190 190 180 180 190 210 219 219 230 230 219
02 08 219 219 210 210 210 199 199 199 210 199 199 190 180 190 180 180 180 180 199 219 219 230 230 219
02 09 219 210 210 199 199 199 190 190 210 199 190 180 180 180 180 180 180 180 199 219 219 219 230 219
02 10 219 210 210 199 199 199 190 190 210 199 190 180 180 180 180 180 180 180 199 219 230 230 230 219
02 11 219 219 210 210 210 199 199 199 210 210 199 190 180 180 180 180 180 180 199 219 230 230 230 219
02 12 230 219 219 210 219 210 199 199 210 210 199 190 190 190 190 190 180 190 210 230 241 241 241 230
02 13 230 230 219 219 219 210 199 210 219 219 210 190 190 190 190 190 190 190 219 230 241 241 241 241
02 14 241 230 230 230 219 219 210 210 230 230 210 199 199 199 190 190 190 190 219 241 241 241 250 250
02 15 241 241 230 230 219 219 210 210 230 230 210 199 199 199 199 190 190 190 230 250 250 250 250 250
02 16 241 241 241 241 230 219 219 219 230 230 219 210 210 199 199 199 190 199 230 250 250 250 250 250
02 17 250 250 241 241 241 230 219 219 241 241 219 210 199 199 199 199 210 210 230 250 250 250 250 250
02 18 250 250 241 241 241 230 219 219 241 241 219 210 199 199 199 199 210 210 230 261 261 261 261 261
02 19 261 250 250 241 241 230 230 219 241 241 219 210 199 199 199 199 199 210 230 261 261 261 261 261
02 20 261 250 250 250 248 230 241 230 250 250 219 210 210 210 210 210 219 219 230 270 270 280 270 270
02 21 270 261 261 261 261 250 241 241 250 261 241 219 219 219 219 219 219 219 241 270 270 280 280 280
02 22 270 270 261 270 261 250 241 241 250 250 230 210 219 219 219 210 219 219 230 270 270 280 280 270
02 23 270 270 261 261 250 248 241 241 250 250 230 210 219 219 219 210 210 219 241 270 270 280 280 280
02 24 280 270 261 270 270 261 250 250 261 261 241 219 219 219 219 219 219 219 241 270 280 280 280 280
02 25 280 270 261 270 261 261 250 250 261 261 230 210 210 210 210 210 210 219 230 280 280 289 289 280
02 26 280 280 270 270 270 261 250 250 270 261 241 219 219 219 219 210 219 219 230 280 280 289 300 289
02 27 289 280 280 270 270 261 250 261 270 261 230 219 219 219 219 210 219 219 241 280 289 289 300 289
02 28 289 280 280 270 270 261 261 261 270 261 241 219 219 219 219 210 219 219 241 280 289 289 289 280
03 01 280 280 270 270 270 261 250 250 270 261 230 210 219 210 219 210 219 219 230 280 280 289 289 280
03 02 280 270 270 270 270 261 250 250 261 261 230 210 210 210 219 210 219 219 230 280 280 280 280 280
03 03 280 270 270 270 261 261 250 250 261 261 230 210 210 210 219 210 219 219 230 270 280 280 280 280
03 04 270 270 261 261 261 261 250 250 261 250 230 210 210 210 219 210 219 219 230 261 280 289 280 280
03 05 270 270 261 270 261 261 261 250 261 261 230 210 219 219 219 210 219 219 241 270 289 289 289 280
03 06 280 270 270 270 261 261 261 261 270 261 241 219 219 219 219 210 219 219 250 270 300 289 289 280
03 07 280 280 280 270 270 261 261 261 270 261 241 219 219 219 219 210 219 219 241 270 300 289 289 280
03 08 280 280 280 270 270 261 261 261 270 261 241 219 219 219 219 210 219 219 250 280 300 300 289 280
03 09 280 280 280 270 270 270 261 270 270 261 250 230 230 219 219 219 230 230 250 280 300 300 289 289
03 10 289 280 280 280 270 270 261 270 270 261 250 230 230 219 230 230 230 241 250 280 300 300 289 289
03 11 289 289 280 280 270 270 270 270 280 270 250 241 230 230 230 230 241 241 261 289 300 300 300 300
03 12 300 289 289 289 280 280 280 280 289 270 250 250 241 230 241 241 241 250 261 289 300 300 300 300
03 13 300 289 289 289 280 280 280 280 280 270 250 250 241 241 241 241 241 250 261 289 300 309 300 300
03 14 300 300 289 289 280 280 280 280 289 270 250 250 241 241 241 241 250 250 261 280 300 309 300 300
03 15 300 300 289 289 280 280 280 280 280 270 250 250 241 241 241 241 250 250 261 280 300 309 300 309
03 16 300 300 300 289 280 280 280 280 289 280 250 250 241 241 241 241 250 250 261 289 300 309 309 309
03 17 309 300 300 300 289 289 280 289 300 280 261 250 250 250 241 250 250 250 261 289 309 320 320 320
03 18 309 309 309 300 300 289 289 300 309 289 270 261 261 261 261 261 261 261 280 300 320 320 320 320
03 19 320 309 309 309 300 300 289 300 309 289 270 261 270 270 270 270 261 261 280 300 331 331 320 331
03 20 320 320 309 309 309 300 300 309 309 289 280 280 280 270 280 270 270 261 280 300 331 331 320 331
03 21 331 320 309 309 309 300 300 309 320 300 289 289 289 280 280 280 280 270 289 309 331 331 331 331
03 22 331 320 320 309 309 300 300 309 320 300 289 289 289 280 280 280 280 270 289 320 331 340 340 340
03 23 331 320 320 320 309 309 300 309 320 300 289 289 289 280 289 280 289 270 289 320 331 340 340 340
03 24 331 331 320 320 320 309 309 309 331 309 289 289 289 280 289 280 289 270 289 320 340 340 340 340
03 25 331 331 331 320 320 309 309 320 331 309 300 289 289 289 289 289 289 280 289 331 340 340 340 340
03 26 331 331 320 320 320 320 309 320 331 309 289 289 289 280 289 280 289 280 289 320 340 340 340 340
03 27 331 331 320 320 320 320 309 320 331 309 300 289 289 289 289 289 289 280 289 331 351 351 351 340
03 28 340 340 331 331 331 320 320 331 340 309 300 289 289 289 289 289 289 280 300 331 351 360 351 351
03 29 351 340 340 331 331 320 320 331 340 309 300 289 289 289 289 289 289 289 300 340 351 360 360 351
03 30 351 351 340 340 331 331 320 331 340 320 309 300 309 300 300 300 300 300 309 340 360 360 360 351
03 31 351 351 340 340 331 331 320 331 340 320 309 300 309 300 300 300 300 300 309 340 360 360 360 351
04 01 351 351 340 340 331 331 331 340 340 320 309 300 309 300 300 300 309 302 309 340 370 360 360 360
04 02 360 351 351 351 340 331 331 340 340 320 309 300 309 300 300 300 309 309 309 340 370 370 370 360
04 03 360 360 351 351 340 331 340 351 340 331 309 300 309 309 300 300 309 309 309 351 370 370 370 370
04 04 370 360 360 351 351 340 340 351 340 331 309 309 320 320 320 309 309 309 320 360 370 370 370 370
04 05 370 360 360 351 351 340 340 351 351 331 309 309 320 320 320 309 320 309 320 360 370 370 370 370
04 06 370 370 370 360 351 340 351 351 351 331 320 320 320 320 320 320 320 309 320 351 370 379 370 370
04 07 370 360 370 360 351 340 351 351 351 340 320 320 320 320 320 320 320 309 320 360 379 379 379 379
04 08 370 370 370 360 351 351 351 360 351 340 331 320 320 320 320 320 320 320 331 370 379 379 379 379
04 09 370 370 370 360 351 351 351 360 351 340 331 320 320 331 331 331 320 320 331 370 379 379 379 379
04 10 379 370 370 360 360 351 351 370 360 340 331 320 320 331 331 331 320 320 331 370 390 379 390 379
04 11 379 370 370 360 360 351 351 370 360 351 331 320 320 331 331 331 320 320 331 370 390 390 390 390
04 12 379 379 370 370 360 360 351 370 370 351 340 331 331 331 331 331 331 331 340 370 390 390 390 390
04 13 379 379 379 370 370 360 360 370 370 360 340 340 331 331 340 340 331 331 351 390 399 399 399 399
04 14 399 390 390 379 370 370 370 379 370 360 351 340 340 340 340 340 340 340 351 390 399 399 410 410
04 15 399 399 390 379 379 370 370 379 379 370 360 351 351 351 351 351 351 351 370 399 410 421 421 410
04 16 410 399 399 390 379 370 370 390 390 379 360 360 360 360 360 351 351 351 370 399 410 421 421 421
04 17 410 399 399 390 379 379 370 399 399 390 379 370 370 370 360 370 360 370 379 410 430 430 430 421
04 18 421 410 399 390 390 379 379 410 410 399 379 379 379 379 370 379 370 370 379 421 441 430 430 430
04 19 421 410 399 399 390 379 379 410 421 399 379 390 379 390 379 379 379 379 399 441 450 441 450 430
04 20 421 410 410 399 390 379 390 421 421 399 390 390 390 390 379 379 379 379 399 441 450 441 450 430
04 21 421 410 410 410 399 390 390 421 430 399 390 390 390 390 379 379 379 379 399 441 450 441 450 441
04 22 430 410 410 410 399 390 390 421 441 410 399 390 390 399 390 390 390 390 399 441 460 450 450 450
04 23 441 430 421 421 410 399 399 430 441 421 399 399 399 399 399 390 390 399 410 460 469 469 460 460
04 24 450 441 430 421 421 410 410 441 460 430 410 410 410 399 399 399 399 399 421 460 480 469 469 460
04 25 460 450 441 430 430 421 421 450 460 441 421 421 421 410 410 410 410 410 421 469 480 480 469 469
04 26 460 450 441 441 430 421 430 460 469 441 430 421 421 421 421 421 421 421 430 469 480 480 469 469
04 27 460 450 441 441 430 430 430 460 469 441 430 421 421 421 421 410 421 421 430 469 480 480 469 469
04 28 460 450 450 441 430 430 430 460 469 441 430 421 421 421 421 410 421 421 430 480 480 489 480 469
04 29 469 450 450 441 441 430 441 460 469 441 430 421 430 421 421 421 421 421 430 480 489 489 480 480
04 30 469 460 450 450 441 430 441 460 469 441 430 421 430 421 421 421 421 421 430 480 489 489 480 480
05 01 469 460 450 450 450 441 441 469 480 450 430 430 430 430 430 430 421 421 441 489 500 500 489 480
05 02 469 460 460 450 450 441 441 480 480 450 430 441 430 430 430 430 430 430 450 489 500 500 489 480
05 03 469 460 460 450 450 441 450 480 480 450 441 441 441 441 430 430 430 441 450 500 500 500 489 480
05 04 480 469 460 460 450 450 450 480 489 450 450 441 441 441 430 430 430 441 450 500 500 500 500 480
05 05 480 469 460 460 450 450 450 489 489 460 460 450 441 441 441 441 430 441 460 500 511 500 500 489
05 06 489 480 469 469 460 450 460 489 500 480 460 460 460 450 450 450 450 450 480 511 511 511 511 500
05 07 489 480 480 469 469 460 469 500 500 480 469 469 460 460 460 460 450 450 480 511 511 511 511 500
05 08 489 480 480 469 469 460 469 500 500 480 469 469 460 460 450 460 450 450 480 511 520 520 511 500
05 09 489 489 480 469 469 469 469 500 500 480 469 469 460 460 460 460 460 460 480 511 520 520 511 500
05 10 500 489 480 480 469 469 469 500 500 489 480 480 469 460 469 469 469 469 480 511 520 520 520 511
05 11 500 489 489 480 480 469 480 511 500 489 480 480 469 469 469 480 469 469 480 511 520 520 520 511
05 12 500 489 489 480 480 469 480 511 500 489 489 480 469 469 469 480 469 480 480 511 520 520 520 511
05 13 500 489 489 480 480 469 480 511 500 500 489 480 469 480 469 480 469 480 480 511 520 520 520 511
05 14 511 500 489 480 480 469 480 511 500 500 489 480 480 480 480 480 469 480 480 511 520 531 520 511
05 15 511 500 489 482 480 469 480 511 500 500 489 489 480 480 480 480 480 480 480 520 531 531 520 511
05 16 511 500 489 489 480 469 489 511 500 500 489 489 480 480 480 489 480 480 489 520 531 531 520 518
05 17 511 500 500 489 480 480 489 511 511 500 489 489 489 489 489 489 480 489 500 531 531 531 531 520
05 18 511 511 500 489 489 489 500 511 511 500 500 489 489 489 489 489 489 489 500 531 540 540 531 531
05 19 520 511 500 489 489 489 500 520 520 511 500 500 500 500 500 500 500 511 500 540 540 540 540 531
05 20 520 520 511 500 500 489 500 531 531 511 511 511 500 511 500 500 500 511 511 540 550 550 540 531
05 21 531 520 511 500 500 500 511 531 531 520 511 511 500 511 500 500 500 511 511 540 550 550 540 540
05 22 531 520 511 511 500 500 511 531 540 520 511 511 500 511 500 500 500 511 511 540 550 550 550 540
05 23 531 520 520 511 511 500 520 531 540 520 511 520 511 511 511 511 511 511 520 550 550 559 550 550
05 24 540 531 531 520 511 511 520 540 540 531 511 520 511 511 511 511 511 511 520 550 559 559 559 550
05 25 550 540 531 531 520 511 520 540 550 531 511 520 511 511 511 511 511 511 531 550 559 570 570 559
05 26 550 540 540 531 520 520 531 550 559 540 520 520 520 520 520 520 511 520 531 559 570 579 570 559
05 27 559 550 540 531 531 520 540 550 559 550 531 531 520 520 520 520 520 531 540 570 590 579 579 570
05 28 570 559 550 550 531 531 540 570 570 559 540 540 531 531 531 540 531 540 550 579 601 590 590 579
05 29 570 570 559 559 550 540 550 570 579 559 550 540 540 540 540 540 540 540 550 579 601 590 590 579
05 30 579 570 559 559 550 550 559 579 579 570 559 550 550 540 540 540 550 550 559 601 601 601 590 590
05 31 579 570 570 559 559 550 559 579 579 570 559 559 550 550 550 550 550 550 570 601 601 601 601 590
06 01 579 579 570 559 559 550 559 579 579 579 559 559 559 559 550 559 559 559 579 601 610 610 601 601
06 02 590 579 570 559 559 550 559 579 590 579 570 570 559 570 550 559 559 559 579 601 610 610 601 601
06 03 590 579 579 570 559 559 570 590 590 579 579 579 570 570 559 559 570 559 579 601 610 610 601 601
06 04 601 579 579 570 559 559 570 590 590 590 579 579 579 570 570 559 570 570 579 601 621 621 610 610
06 05 601 590 579 570 570 570 579 601 601 590 590 579 579 570 579 570 570 570 579 601 621 621 610 610
06 06 601 590 579 579 570 570 579 601 601 590 590 579 579 570 579 570 570 570 579 601 621 621 610 610
06 07 601 590 579 579 570 570 579 601 601 601 590 579 579 570 579 570 570 570 579 610 621 621 610 610
06 08 601 601 590 579 579 570 579 601 610 601 590 590 579 570 579 570 570 570 590 610 621 621 621 610
06 09 610 601 590 590 579 579 579 601 610 610 601 590 579 579 579 579 579 579 590 621 630 621 621 621
06 10 610 610 601 590 579 579 590 610 621 610 601 590 579 579 579 579 579 579 590 610 621 621 621 621
06 11 610 610 601 590 579 579 590 610 621 610 590 590 579 579 579 579 579 579 579 601 621 621 621 621
06 12 610 610 601 590 579 579 590 610 621 610 590 590 590 579 590 579 579 579 590 610 630 621 621 621
06 13 610 610 601 590 579 579 590 610 621 621 601 601 590 590 590 579 579 579 590 621 630 630 630 621
06 14 621 610 601 590 590 579 601 621 621 621 601 601 590 590 590 579 579 579 590 621 630 630 630 630
06 15 621 621 610 610 601 601 601 621 621 621 608 601 590 590 590 590 579 590 590 621 630 630 630 630
06 16 621 621 621 610 601 601 610 621 621 630 610 601 601 590 590 590 579 590 590 630 640 630 640 630
06 17 630 621 621 610 601 601 610 630 630 630 610 610 610 601 590 590 590 590 601 630 640 640 640 630
06 18 630 621 621 621 610 610 621 630 630 630 630 610 610 601 601 590 590 590 610 630 640 649 640 640
06 19 630 630 621 621 610 610 621 630 630 630 630 610 621 610 601 601 590 590 610 640 640 649 640 640
06 20 630 630 621 621 610 610 621 630 630 630 630 610 621 610 601 590 590 601 610 630 640 649 640 640
06 21 630 630 621 621 610 610 621 630 630 630 630 610 621 610 601 590 590 601 610 630 640 649 649 640
06 22 630 630 621 621 610 610 621 630 630 630 630 610 621 610 601 601 590 601 610 630 649 649 649 640
06 23 630 630 621 621 610 610 621 630 640 630 630 610 621 610 601 601 601 601 610 630 649 649 649 640
06 24 630 630 621 621 610 610 621 630 640 630 630 610 621 610 601 601 601 601 610 630 649 649 649 640
06 25 630 630 621 621 621 610 621 630 640 630 630 621 621 621 610 601 601 601 610 640 649 649 649 649
06 26 640 630 630 621 621 621 621 640 640 640 630 630 621 621 610 610 610 610 621 649 658 649 649 649
06 27 640 630 630 630 621 621 630 640 649 640 630 630 630 621 610 610 610 610 621 649 660 660 649 649
06 28 649 640 640 630 630 621 640 640 649 649 630 630 630 621 610 621 610 621 630 649 660 660 649 649
06 29 649 640 640 640 630 630 640 649 660 649 640 630 630 630 621 621 621 630 630 649 660 660 660 649
06 30 649 649 640 640 630 630 640 649 660 660 649 640 630 630 621 621 626 630 630 649 660 660 660 649
07 01 649 649 649 640 640 630 640 660 660 660 649 649 640 630 621 621 630 630 640 660 660 660 660 660
07 02 660 660 649 649 640 640 649 660 669 660 649 649 640 630 630 621 630 630 640 660 660 669 660 660
07 03 660 660 649 649 640 640 649 660 669 660 649 649 640 640 630 630 630 630 640 660 669 669 660 660
07 04 660 660 660 649 640 640 649 669 669 660 660 649 649 640 640 630 630 640 640 660 669 669 669 669
07 05 669 660 660 649 649 649 660 669 680 680 660 660 649 640 640 640 640 640 649 669 680 669 680 669
07 06 669 669 660 660 649 649 660 669 680 680 669 660 660 649 649 640 640 649 649 669 680 680 680 669
07 07 669 669 660 660 649 649 660 680 680 680 669 660 660 649 649 649 640 649 660 680 680 680 680 680
07 08 669 669 669 660 660 660 660 680 680 680 669 669 660 660 660 649 640 649 660 680 680 680 680 680
07 09 680 669 669 660 660 660 669 680 680 691 680 669 660 660 660 649 649 649 660 680 691 680 680 680
07 10 680 669 669 660 660 660 669 680 691 691 680 669 660 660 660 649 649 649 660 680 691 691 680 680
07 11 680 669 669 660 660 660 669 680 691 691 680 669 669 660 660 649 649 649 660 680 691 691 680 680
07 12 680 669 669 660 660 660 669 680 691 691 680 669 669 660 660 649 649 649 660 680 691 691 680 680
07 13 680 669 669 660 660 660 660 680 691 691 669 669 660 660 660 649 640 649 660 680 691 691 680 680
07 14 680 669 669 660 660 649 660 680 691 691 669 669 660 649 649 649 640 649 660 680 691 691 680 680
07 15 680 669 669 669 660 660 669 680 691 691 680 669 660 660 649 649 649 649 660 680 691 691 680 680
07 16 680 669 669 669 660 660 669 680 691 691 680 669 660 660 649 649 649 649 660 680 691 691 680 680
07 17 680 669 669 669 660 660 669 680 691 680 680 669 660 649 649 649 640 649 660 680 680 691 680 680
07 18 680 669 669 669 660 660 669 680 691 680 669 669 660 649 640 649 640 649 660 680 680 691 680 680
07 19 680 669 669 669 660 660 660 680 691 680 669 669 660 649 640 649 640 649 660 680 680 691 680 680
07 20 680 669 669 669 660 660 660 680 691 680 669 669 649 649 640 649 640 649 660 680 680 680 680 680
07 21 680 669 669 662 660 660 660 680 691 680 669 662 649 649 640 640 640 640 660 680 680 680 680 680
07 22 680 669 669 662 660 660 660 680 691 680 669 669 649 649 649 640 640 640 660 680 680 691 680 680
07 23 680 669 669 669 660 660 660 680 691 680 669 669 660 649 649 640 640 649 660 680 680 691 680 680
07 24 680 669 669 669 660 660 669 680 691 680 669 669 660 649 649 640 649 649 660 680 691 691 680 680
07 25 680 669 669 669 660 660 669 680 691 680 669 669 660 649 649 649 649 649 660 680 680 680 680 680
07 26 680 669 669 669 660 660 669 680 691 680 680 669 660 649 649 649 649 649 660 680 691 691 680 680
07 27 680 669 669 669 660 660 669 680 691 680 680 669 669 649 649 649 649 649 660 680 691 691 680 680
07 28 680 669 669 669 669 669 669 680 691 691 680 669 669 660 660 649 649 649 669 680 691 691 680 680
07 29 680 669 669 669 669 669 669 680 691 691 680 669 669 660 660 649 649 649 669 680 691 691 680 680
07 30 680 669 669 669 669 660 669 680 691 680 680 669 669 649 649 649 649 649 669 680 691 691 680 680
07 31 680 669 669 669 660 660 669 680 691 691 680 669 669 649 660 649 649 649 669 680 691 691 680 680
08 01 680 669 669 669 669 660 669 680 691 691 680 669 669 649 660 649 649 649 669 680 680 680 680 680
08 02 680 669 669 669 669 660 669 680 691 691 680 669 660 649 649 649 649 649 669 680 680 680 680 680
08 03 680 669 669 669 660 660 669 680 680 680 680 669 660 649 649 649 649 649 660 669 680 680 680 680
08 04 680 669 669 669 660 660 660 680 680 680 669 669 660 649 649 649 649 640 660 669 680 680 680 680
08 05 680 669 669 669 660 660 660 680 680 680 669 669 660 649 640 640 640 640 649 669 680 680 680 680
08 06 669 669 669 660 660 660 660 669 669 680 669 660 649 649 640 640 640 640 649 669 680 680 680 680
08 07 669 669 669 660 660 660 660 669 669 671 669 660 649 649 640 640 640 640 649 669 680 680 680 669
08 08 669 669 660 660 660 649 649 669 669 669 669 660 649 640 630 640 630 630 649 669 680 680 680 669
08 09 669 662 660 660 660 649 649 669 669 669 669 660 649 640 630 630 630 630 640 669 680 680 680 669
08 10 669 660 660 660 649 649 649 669 669 669 669 660 640 640 630 630 630 630 640 669 680 680 680 669
08 11 669 660 660 660 649 649 649 669 669 669 660 649 640 630 630 630 630 630 640 669 680 680 680 669
08 12 660 660 660 649 649 649 649 662 669 669 660 649 640 630 621 630 630 630 640 680 680 680 680 669
08 13 669 662 660 660 649 649 649 660 669 669 660 649 640 630 621 621 630 630 640 680 680 680 680 669
08 14 660 660 649 649 649 640 649 660 669 660 660 649 640 630 621 621 621 630 640 680 680 680 680 669
08 15 660 649 649 649 640 640 640 649 669 660 660 640 630 621 621 610 621 621 630 669 669 680 669 669
08 16 660 649 649 649 640 640 640 649 660 660 649 640 630 621 621 610 621 621 630 669 680 680 669 669
08 17 660 660 649 649 640 640 640 649 669 660 660 640 630 630 621 621 621 621 630 669 680 680 669 669
08 18 660 660 649 649 640 640 640 649 669 660 649 640 630 630 621 610 621 621 640 669 680 680 669 669
08 19 660 660 649 649 640 640 640 660 669 660 649 640 630 630 621 610 621 621 640 669 680 680 669 669
08 20 660 660 660 649 649 640 640 660 669 660 660 649 630 630 621 621 621 630 640 669 680 680 680 669
08 21 669 660 660 649 649 640 640 660 669 660 660 649 640 630 621 621 621 630 640 669 680 680 680 669
08 22 669 660 660 649 649 640 640 660 669 660 660 649 640 630 621 621 621 630 640 669 680 680 680 669
08 23 669 660 660 660 649 640 640 660 669 660 660 649 640 630 621 621 621 630 640 669 680 680 669 669
08 24 669 660 660 649 649 640 640 660 669 660 660 640 630 630 621 621 621 630 640 669 669 669 669 669
08 25 660 660 660 649 649 640 640 660 660 660 649 640 630 630 621 621 621 621 640 660 669 669 669 660
08 26 660 660 649 649 640 640 640 660 660 660 649 640 630 630 621 621 621 630 640 660 669 669 669 660
08 27 660 660 649 640 640 640 640 660 660 660 649 640 630 630 621 621 621 621 640 660 669 669 660 660
08 28 660 649 640 640 640 630 630 649 649 649 649 640 630 630 621 610 621 621 630 660 669 660 660 660
08 29 649 649 640 630 630 621 621 640 649 649 640 630 621 621 610 610 610 621 630 649 660 660 660 649
08 30 649 640 640 630 621 621 621 630 640 640 640 630 621 621 610 610 610 610 630 649 660 649 649 649
08 31 640 630 630 621 621 621 621 630 640 640 630 630 621 610 610 610 610 610 630 640 649 649 640 640
09 01 630 630 621 610 610 610 610 621 640 630 630 621 610 610 610 610 610 610 626 640 649 649 640 640
09 02 630 621 621 610 610 610 610 621 630 630 630 621 610 610 601 601 610 601 621 640 649 649 640 630
09 03 621 621 610 601 601 601 601 621 621 630 630 621 610 610 601 590 601 601 621 640 640 640 630 630
09 04 621 610 610 601 590 601 601 610 621 621 621 610 601 601 601 590 590 601 610 630 640 630 630 621
09 05 610 610 601 590 590 590 590 610 619 621 621 610 601 601 601 590 590 601 610 630 630 630 630 621
09 06 610 601 601 590 590 590 590 610 610 621 621 610 601 601 590 590 590 590 601 630 630 630 621 621
09 07 610 601 590 590 590 579 579 601 610 621 621 601 601 601 590 579 579 590 601 626 630 630 621 621
09 08 601 601 590 590 579 579 579 601 610 610 610 601 590 590 590 579 579 579 601 621 621 621 610 610
09 09 601 590 590 579 570 570 570 590 601 601 601 590 579 590 579 570 570 570 590 610 621 610 610 601
09 10 590 579 570 570 570 559 559 590 601 601 590 590 579 579 579 570 559 570 579 610 610 610 601 590
09 11 579 579 570 559 559 559 550 590 601 590 579 579 579 570 559 559 559 559 570 601 610 601 601 590
09 12 579 579 570 559 559 550 550 579 590 590 579 579 570 559 550 550 550 550 570 601 601 601 590 579
09 13 579 570 559 559 559 550 550 579 590 579 570 570 559 559 550 550 550 550 559 601 601 601 590 579
09 14 579 570 559 550 550 550 550 570 579 570 570 559 559 559 550 550 550 550 559 590 601 590 579 579
09 15 570 570 559 550 550 540 540 559 579 570 559 559 550 550 550 540 540 540 559 579 590 590 579 579
09 16 570 559 550 550 540 540 540 550 570 559 550 550 540 540 540 531 531 531 550 570 579 579 570 559
09 17 559 550 550 540 540 531 531 540 550 550 540 531 540 531 531 520 520 520 550 570 570 570 559 550
09 18 550 540 531 531 531 520 520 540 550 540 540 531 540 531 520 511 511 520 540 559 559 559 550 550
09 19 540 531 520 511 511 500 500 531 540 540 531 531 531 520 520 500 500 520 540 559 559 550 540 531
09 20 520 520 511 511 500 500 500 520 531 531 520 511 511 511 500 489 489 500 531 550 550 540 531 531
09 21 520 511 511 500 489 489 482 500 531 520 511 500 500 500 500 489 489 500 531 550 540 540 531 520
09 22 511 500 500 489 489 489 480 500 511 520 500 500 489 489 489 480 480 480 531 531 531 520 520 511
09 23 500 500 489 480 480 480 480 500 511 511 500 489 480 480 480 469 480 480 511 531 531 511 511 500
09 24 500 489 489 480 480 469 469 489 511 511 489 489 469 469 469 469 469 480 511 531 520 511 511 500
09 25 489 489 480 480 469 460 460 489 511 500 480 480 469 469 469 469 469 469 500 520 520 511 500 489
09 26 480 480 480 469 469 460 460 480 500 500 480 469 469 469 460 460 460 469 500 520 511 500 500 489
09 27 480 480 469 469 460 460 450 480 500 489 480 469 469 460 460 460 460 460 500 511 511 500 500 480
09 28 480 480 469 460 460 460 450 469 489 480 469 460 460 450 450 450 450 460 500 511 511 500 489 480
09 29 480 469 460 460 460 450 441 469 480 480 460 460 450 441 441 441 430 450 500 511 511 500 489 480
09 30 469 469 460 450 450 450 441 469 480 480 460 450 450 441 441 430 421 450 489 500 500 489 480 469
10 01 469 469 460 450 450 441 441 469 469 469 460 441 441 441 441 430 421 450 480 500 500 489 480 469
10 02 469 460 450 450 450 441 441 460 469 460 450 441 441 441 430 430 421 430 480 500 500 489 480 469
10 03 460 460 450 450 441 441 430 460 469 460 450 441 430 430 430 421 421 430 469 500 489 489 480 460
10 04 460 460 450 441 441 441 430 450 469 460 450 430 430 421 421 421 410 430 469 489 480 480 480 460
10 05 460 450 441 441 441 430 421 441 469 450 441 421 421 421 410 410 410 430 469 480 480 469 469 460
10 06 460 450 441 430 430 421 421 441 460 450 441 421 410 410 399 399 390 421 469 480 469 469 460 459
10 07 450 441 430 430 421 421 410 441 450 450 430 421 410 399 390 390 390 410 469 469 469 460 460 450
10 08 441 430 421 412 410 399 399 421 450 441 421 410 399 399 390 390 379 410 469 469 469 460 450 441
10 09 430 430 421 410 410 399 399 421 441 430 421 399 390 379 379 379 379 399 469 469 460 457 450 441
10 10 430 421 410 410 399 399 390 410 441 430 410 390 379 379 379 379 379 399 460 469 460 457 450 441
10 11 430 421 410 410 399 399 390 410 441 430 410 390 379 379 379 379 379 399 460 460 460 450 441 441
10 12 421 421 410 399 399 390 390 399 441 421 399 390 379 379 379 374 379 390 450 460 460 450 441 430
10 13 421 410 410 399 390 390 379 399 430 421 399 390 379 379 379 370 370 390 450 450 450 441 430 430
10 14 419 410 399 399 390 379 379 390 430 421 399 390 379 379 379 370 379 390 450 450 450 441 430 421
10 15 410 410 399 399 390 388 379 390 430 421 399 390 379 379 379 370 370 390 446 450 450 430 430 421
10 16 410 410 399 390 390 379 379 390 421 421 390 379 379 379 370 370 370 379 441 450 441 430 430 419
10 17 410 399 390 390 379 379 370 390 421 410 390 379 370 379 370 370 370 379 441 441 430 430 421 410
10 18 410 399 390 379 379 379 370 379 410 399 390 370 370 370 370 370 360 379 430 441 430 430 421 410
10 19 399 399 390 379 379 370 370 379 410 399 379 370 370 370 370 360 360 379 430 430 430 421 410 399
10 20 399 390 379 370 370 370 360 370 399 399 379 370 360 360 360 360 351 370 421 430 430 421 410 399
10 21 390 379 379 370 360 360 351 370 399 390 379 360 360 360 351 351 351 370 410 430 421 410 410 399
10 22 390 379 370 370 360 351 351 360 390 390 370 351 351 351 340 340 340 360 410 421 421 410 399 390
10 23 379 379 370 360 360 351 351 360 390 390 370 360 351 351 340 340 340 360 410 421 410 410 399 390
10 24 379 370 370 360 351 351 351 351 390 390 370 360 351 351 340 340 340 370 410 421 410 410 399 390
10 25 379 370 370 360 351 351 351 351 379 390 370 360 351 351 340 340 340 360 410 421 410 410 399 390
10 26 379 370 370 360 351 351 340 351 379 379 360 351 351 351 331 331 331 351 399 410 399 399 399 379
10 27 379 370 360 360 351 340 340 351 379 379 360 351 331 331 331 331 331 351 399 399 399 390 390 379
10 28 370 360 360 351 351 340 331 340 370 370 351 340 331 320 320 320 331 340 379 390 390 379 379 370
10 29 360 360 351 351 340 331 331 340 370 360 351 331 331 320 320 320 320 340 379 379 379 370 370 360
10 30 351 351 340 340 331 320 320 331 360 340 340 320 309 300 309 300 309 331 360 379 370 360 360 351
10 31 340 331 331 320 320 309 309 320 340 340 309 300 300 300 300 289 300 309 351 360 360 351 340 340
11 01 331 331 320 320 309 309 309 309 340 340 300 300 289 289 280 289 300 309 351 360 360 351 340 340
11 02 331 331 320 320 309 309 309 309 340 331 300 289 289 289 280 289 289 309 351 360 360 351 340 340
11 03 331 331 320 320 309 309 309 309 340 331 300 300 289 280 270 280 289 300 340 360 351 340 340 331
11 04 331 320 320 309 309 309 300 309 340 331 300 289 289 280 270 280 289 300 331 360 351 340 340 331
11 05 320 320 320 309 309 300 300 309 340 331 300 289 289 280 270 280 280 300 331 351 351 340 331 331
11 06 320 320 309 309 309 300 300 300 340 331 300 300 280 280 270 270 270 300 320 340 331 331 331 320
11 07 320 309 309 309 300 300 300 300 320 320 289 280 280 270 270 270 270 300 320 340 331 331 331 320
11 08 320 309 309 309 300 300 300 300 320 320 289 280 280 270 261 261 270 289 320 331 331 331 331 320
11 09 320 309 309 309 300 300 289 300 320 309 289 280 280 270 261 261 261 289 309 331 331 320 331 320
11 10 309 309 309 300 300 289 289 289 320 309 289 280 270 270 261 261 261 289 309 331 331 320 331 320
11 11 320 309 309 300 300 289 289 289 320 309 289 280 270 270 261 261 270 289 320 331 331 320 331 320
11 12 320 309 309 309 300 289 289 289 320 320 300 280 280 270 261 270 270 289 320 340 340 331 331 320
11 13 320 309 309 309 300 289 289 289 320 309 300 280 280 270 261 270 270 289 320 340 331 331 331 320
11 14 309 309 309 300 289 289 289 289 309 309 289 280 270 270 261 261 261 289 320 340 340 331 331 320
11 15 309 309 309 300 289 289 289 289 309 320 289 280 270 270 261 261 261 289 320 331 331 331 320 309
11 16 309 309 300 300 289 280 280 289 300 309 300 280 261 270 250 250 261 289 309 331 320 320 320 309
11 17 309 300 300 300 289 280 280 280 300 309 289 280 261 261 250 250 261 280 309 320 320 309 320 309
11 18 300 289 300 289 280 280 270 280 300 309 289 270 261 261 250 241 250 280 309 320 320 320 320 309
11 19 300 300 300 289 280 280 270 280 300 309 289 280 261 261 250 250 261 289 309 320 320 320 320 309
11 20 300 289 289 289 280 280 270 270 300 309 289 270 261 261 250 250 261 280 309 320 320 309 309 309
11 21 300 289 289 289 280 280 270 280 300 300 289 270 261 261 250 250 261 280 309 320 320 309 309 309
11 22 300 289 289 280 280 280 270 270 300 300 289 270 261 250 250 241 250 280 309 320 309 309 309 300
11 23 300 289 280 280 280 270 270 270 300 300 280 270 250 250 241 241 250 280 309 309 309 309 309 300
11 24 300 289 280 280 280 270 270 270 300 300 280 261 250 241 230 241 250 270 309 309 309 309 300 300
11 25 289 289 280 280 270 270 261 270 300 300 280 261 241 241 230 241 241 270 300 309 309 300 300 300
11 26 289 280 280 280 270 270 261 261 300 289 280 250 241 241 230 230 241 270 300 300 300 300 300 289
11 27 289 280 280 280 270 270 261 261 289 289 270 250 241 230 230 230 230 261 289 300 300 300 289 289
11 28 280 280 270 270 270 261 261 250 280 280 261 250 241 230 219 219 230 261 280 300 300 289 289 280
11 29 280 280 270 270 270 261 261 250 280 270 261 250 241 230 219 219 219 261 289 300 300 289 289 280
11 30 280 270 270 270 261 261 250 250 270 270 261 250 241 230 219 219 219 261 280 289 289 289 280 280
12 01 270 270 270 270 261 250 250 250 270 270 261 250 230 230 219 219 219 250 280 289 289 289 280 280
12 02 270 270 270 261 261 250 250 250 270 270 250 241 230 230 219 210 219 250 280 289 289 280 280 280
12 03 270 270 261 261 261 250 250 250 270 270 250 241 230 219 219 210 210 250 280 280 289 280 280 280
12 04 270 261 261 261 250 250 250 250 270 270 250 241 230 219 210 210 210 241 270 270 280 280 270 270
12 05 270 261 261 261 250 250 241 241 261 261 241 241 219 210 210 210 210 241 261 270 270 270 270 270
12 06 270 261 250 250 250 250 241 241 250 261 241 230 210 210 210 210 199 230 261 270 261 270 270 261
12 07 261 250 250 250 250 241 241 241 250 250 241 230 210 210 210 199 199 230 261 261 261 261 261 261
12 08 261 250 250 250 241 241 241 230 250 250 241 230 210 210 210 210 199 230 250 261 261 261 261 250
12 09 261 250 241 241 241 230 230 230 241 250 241 219 199 199 199 199 199 230 250 261 250 250 250 250
12 10 250 250 241 230 230 230 219 219 241 241 241 219 199 199 199 190 190 219 241 261 250 250 250 250
12 11 250 250 241 230 230 230 219 219 241 241 241 219 199 199 199 190 199 219 241 261 250 250 250 250
12 12 250 241 230 230 230 219 219 219 230 241 230 210 199 190 190 190 190 219 241 250 241 250 241 241
12 13 241 230 230 219 219 210 210 210 230 230 230 210 190 180 180 190 190 210 230 230 230 241 230 230
12 14 230 230 230 219 210 210 199 210 230 230 230 210 190 180 190 190 190 210 230 230 230 230 230 230
12 15 230 219 219 219 210 210 199 199 219 230 219 199 190 180 180 180 180 199 230 230 230 230 230 230
12 16 230 210 219 219 210 210 199 199 219 210 210 199 190 180 180 180 180 199 219 230 230 219 219 230
12 17 219 210 210 210 199 199 199 199 219 210 210 190 190 180 180 171 180 190 210 219 219 219 219 219
12 18 210 210 199 199 199 199 199 190 199 199 190 180 180 180 180 171 180 190 210 219 210 210 210 219
12 19 210 199 199 199 199 199 199 190 210 199 190 180 180 180 180 171 171 190 199 219 210 210 199 210
12 20 199 199 199 199 199 199 199 190 210 210 210 190 190 180 180 171 171 190 210 219 219 210 210 219
12 21 210 199 199 199 199 199 199 190 210 210 210 199 190 180 180 180 180 190 210 219 219 210 210 219
12 22 210 199 199 199 199 199 199 190 210 210 210 199 190 180 180 180 180 190 219 219 219 219 210 219
12 23 210 210 210 199 199 199 199 190 210 210 199 190 190 180 180 171 171 190 210 219 219 210 199 219
12 24 210 210 210 199 199 199 199 190 210 210 199 199 190 180 180 171 171 190 219 219 219 219 210 219
12 25 210 210 210 210 199 199 199 190 210 210 199 199 190 180 180 180 180 190 210 219 219 219 199 210
12 26 199 210 199 199 199 199 199 190 199 199 199 199 190 180 180 180 171 190 210 212 210 210 199 210
12 27 199 210 199 199 199 210 199 190 210 199 199 199 190 180 180 180 171 190 210 210 219 219 199 210
12 28 199 210 210 199 199 210 199 190 210 210 199 199 190 180 180 180 180 190 210 212 219 219 210 219
12 29 199 199 199 199 199 199 190 190 199 199 199 190 180 180 180 171 171 180 199 210 210 210 199 190
12 30 199 190 190 190 190 199 190 180 199 199 199 190 180 180 180 180 171 190 199 210 210 210 199 199
12 31 199 199 199 199 199 199 190 190 199 210 199 190 180 180 180 180 171 180 199 210 210 210 199 199
