01 01 111 109 111 111 109 106 102 99 102 109 118 122 131 131 138 131 122 122 120 122 122 118 118 111
01 02 111 111 111 111 111 109 102 102 102 111 122 122 133 140 142 135 129 122 122 122 122 122 122 122
01 03 117 111 118 111 111 111 102 102 109 120 124 140 142 142 142 135 131 122 122 124 124 122 122 122
01 04 118 111 118 118 111 109 102 102 109 118 122 140 142 142 142 135 129 122 122 122 122 122 122 122
01 05 117 111 118 118 111 111 102 102 109 113 122 131 142 142 142 135 129 122 120 122 122 118 118 122
01 06 111 109 111 111 111 109 102 102 109 113 122 131 142 142 142 131 129 122 122 122 122 120 118 122
01 07 111 111 111 111 111 109 102 102 102 111 122 124 131 131 142 131 129 122 122 122 122 118 118 118
01 08 109 109 109 109 109 104 99 91 102 109 122 124 131 131 136 129 122 122 120 122 120 111 117 111
01 09 104 109 109 109 104 102 99 90 91 102 111 120 122 124 133 122 122 120 118 118 118 111 117 111
01 10 104 109 104 109 104 99 99 95 99 102 111 111 120 122 126 122 122 111 111 115 111 104 111 109
01 11 104 109 104 109 104 102 99 95 102 102 115 111 122 122 131 122 122 120 111 122 122 111 122 122
01 12 109 111 109 109 109 104 102 102 102 104 122 124 122 131 136 131 129 129 136 122 122 122 122 122
01 13 111 118 118 118 122 122 122 111 122 122 140 140 149 142 149 140 140 131 140 122 124 122 122 122
01 14 122 122 122 122 122 122 122 111 122 122 140 142 154 153 162 149 149 140 140 129 131 131 131 131
01 15 127 122 131 131 131 126 122 122 122 131 140 153 158 162 162 162 153 149 149 140 140 140 140 131
01 16 127 122 122 131 122 122 122 122 122 131 142 153 158 163 162 162 153 149 153 140 140 140 122 131
01 17 127 122 122 131 122 122 118 111 122 122 140 142 158 163 172 162 153 149 153 140 140 140 122 131
01 18 127 122 122 131 122 122 118 111 118 122 140 142 158 162 162 160 153 140 149 140 140 140 122 131
01 19 124 122 122 122 122 122 122 122 118 122 142 153 160 162 162 162 158 153 153 149 140 140 140 131
01 20 129 129 131 122 122 129 122 122 122 131 142 158 160 169 172 172 172 172 158 156 153 145 142 142
01 21 149 140 140 131 126 131 122 122 122 138 153 162 162 172 176 172 176 176 162 158 154 149 149 149
01 22 153 142 140 131 126 131 122 122 122 140 153 162 172 172 181 176 180 176 162 158 160 153 158 156
01 23 153 142 140 131 131 131 129 131 140 149 162 172 176 180 181 181 181 180 172 162 162 162 162 158
01 24 158 153 142 140 140 140 131 140 142 151 169 172 183 181 187 181 189 181 180 180 162 172 162 158
01 25 158 153 142 140 140 140 131 140 142 151 169 172 183 181 181 181 189 181 180 180 162 172 162 162
01 26 158 147 140 136 136 140 131 140 142 151 162 172 183 181 181 181 189 181 180 180 172 162 162 158
01 27 158 145 140 131 122 131 129 122 140 142 162 163 176 176 181 181 181 181 172 162 162 154 158 156
01 28 153 142 140 131 122 129 122 122 122 140 162 163 172 172 181 181 181 181 172 162 162 154 162 158
01 29 153 142 140 131 122 129 122 122 140 144 162 172 176 172 181 181 181 180 171 160 160 153 158 153
01 30 153 140 131 122 122 120 118 122 122 140 162 158 172 172 172 172 180 176 169 162 162 154 158 151
01 31 153 140 131 122 122 111 111 108 122 122 140 131 140 142 153 162 162 172 162 153 140 153 158 142
02 01 149 138 122 122 122 111 111 108 122 122 122 122 131 140 140 142 142 153 142 142 140 145 153 140
02 02 129 129 122 122 118 111 111 108 122 122 122 122 131 136 142 142 131 131 142 142 129 145 153 140
02 03 129 129 122 111 118 111 109 108 122 122 122 122 131 131 140 140 131 122 142 140 129 142 140 122
02 04 122 129 122 122 118 111 111 111 122 122 131 131 131 131 131 140 131 122 142 140 129 122 118 122
02 05 122 122 122 122 122 120 111 111 122 140 140 142 131 140 142 153 142 153 149 142 140 140 140 122
02 06 122 129 122 122 122 120 118 111 122 140 140 142 131 140 142 153 142 153 149 142 142 142 140 140
02 07 129 129 122 122 122 122 122 111 131 140 142 142 131 136 140 140 142 153 142 149 153 149 140 140
02 08 129 129 131 122 122 122 122 122 131 142 142 158 142 140 142 140 142 153 142 149 153 153 140 140
02 09 140 129 140 135 122 131 131 122 131 144 169 158 158 142 158 153 153 153 158 158 158 154 140 140
02 10 140 131 140 140 131 140 135 131 131 153 169 162 158 158 158 153 158 158 158 158 158 158 140 140
02 11 140 131 140 140 140 140 140 131 140 153 169 162 158 153 162 160 162 160 169 158 158 158 153 140
02 12 140 140 140 140 140 140 140 131 140 153 172 162 162 153 162 162 162 160 169 158 158 158 153 140
02 13 140 140 140 140 140 140 140 140 142 158 172 169 172 158 162 172 169 162 169 162 160 158 158 142
02 14 149 140 140 142 142 140 142 140 153 172 176 176 181 169 176 176 172 172 169 176 165 162 158 153
02 15 153 153 142 142 158 142 153 142 154 176 189 194 181 176 181 180 176 176 176 180 172 176 172 158
02 16 158 158 158 158 160 158 153 153 160 180 192 194 190 181 189 181 180 176 176 176 172 172 172 158
02 17 158 158 153 153 160 153 153 149 158 176 192 194 189 180 181 181 176 172 172 176 172 172 172 158
02 18 158 153 153 153 160 153 153 142 154 176 192 194 181 178 181 176 172 172 169 176 172 172 172 158
02 19 158 158 158 153 158 158 153 142 154 176 192 194 181 176 180 176 172 165 169 172 172 172 172 158
02 20 158 153 153 142 158 142 142 142 154 176 192 181 181 176 176 172 172 162 169 172 172 169 162 158
02 21 153 151 149 142 158 142 149 149 158 176 192 189 181 176 180 176 172 165 169 176 172 162 158 153
02 22 142 151 149 149 158 153 149 153 158 172 176 181 181 176 176 172 172 162 162 172 169 162 158 153
02 23 153 151 149 149 151 153 149 149 158 172 176 181 181 176 172 172 172 165 162 172 169 162 162 158
02 24 158 151 153 153 151 153 149 149 158 172 172 176 180 172 172 172 172 165 169 172 169 162 172 158
02 25 158 158 158 158 158 158 153 153 162 172 176 181 181 176 172 172 172 172 172 176 172 172 176 172
02 26 172 158 158 158 158 162 162 162 176 181 181 189 192 181 180 181 176 176 172 180 176 172 176 172
02 27 176 169 162 162 160 169 162 162 172 180 176 189 180 181 180 180 176 172 172 176 172 172 176 172
02 28 176 169 162 162 162 169 162 158 171 180 176 189 178 181 180 172 176 176 176 180 176 176 176 172
03 01 176 172 169 169 160 169 162 162 176 180 180 189 180 181 180 172 176 176 176 176 176 176 176 176
03 02 176 172 172 169 160 169 169 169 176 181 180 189 180 181 180 172 176 176 176 176 176 176 176 176
03 03 176 176 172 169 160 169 169 169 176 180 180 189 178 176 180 172 180 181 180 180 176 181 176 176
03 04 176 176 172 169 162 172 172 176 189 189 192 194 192 189 181 180 189 189 192 192 192 189 181 189
03 05 181 187 180 176 172 176 174 176 192 189 194 199 194 192 192 189 189 192 192 192 192 192 181 189
03 06 189 189 183 181 176 176 176 181 192 199 201 205 201 199 194 194 199 194 199 194 194 199 194 192
03 07 192 192 192 189 181 181 180 192 199 199 201 208 203 208 194 194 199 199 208 201 208 201 199 194
03 08 199 194 192 192 192 181 187 192 201 201 212 208 208 212 199 201 203 201 212 212 212 208 201 201
03 09 201 198 194 194 192 192 192 194 212 212 212 212 212 212 210 212 208 201 212 212 212 212 212 208
03 10 201 201 201 201 194 194 194 194 212 212 219 212 219 214 212 212 212 208 219 219 212 212 212 212
03 11 208 201 201 201 199 194 194 194 212 219 219 212 219 214 212 212 212 208 219 219 219 212 212 212
03 12 212 201 201 201 201 199 194 198 212 221 221 212 212 212 212 212 212 208 219 219 219 212 212 212
03 13 212 201 201 201 201 201 194 212 212 230 230 212 221 212 212 212 212 208 221 219 221 212 212 212
03 14 212 201 201 205 205 201 199 212 221 230 230 230 221 219 212 212 212 208 221 221 221 212 212 212
03 15 212 212 212 212 212 208 203 212 221 230 230 230 223 219 219 214 212 212 221 228 221 212 212 212
03 16 212 212 212 212 212 208 210 212 230 230 230 230 223 219 219 212 212 208 221 225 221 212 212 212
03 17 212 212 207 212 212 205 201 212 221 230 230 221 219 212 212 212 212 201 212 212 212 212 212 212
03 18 201 201 201 212 212 201 201 212 221 230 230 226 219 212 212 212 208 201 212 212 212 212 212 212
03 19 201 201 201 212 212 201 201 212 221 230 230 221 221 212 212 212 212 201 212 212 212 212 212 212
03 20 212 212 212 212 212 208 212 212 230 230 230 230 230 212 212 212 212 201 212 212 212 212 212 212
03 21 212 212 212 212 212 208 212 219 230 230 230 221 219 212 201 199 201 199 212 212 212 212 212 212
03 22 210 212 212 212 212 205 208 212 221 230 230 219 219 210 201 199 201 199 210 212 212 212 212 212
03 23 208 205 212 212 212 208 212 219 221 230 230 219 212 210 199 199 201 199 210 212 212 212 212 212
03 24 210 212 212 212 212 212 212 219 221 230 230 221 219 212 201 199 201 199 210 212 212 212 212 212
03 25 212 212 212 212 212 212 212 221 230 232 230 226 219 212 199 199 198 196 208 212 212 212 212 212
03 26 212 212 212 212 212 212 212 221 230 232 230 221 219 212 199 199 198 196 210 212 212 212 212 212
03 27 212 219 212 212 212 212 212 228 230 234 230 230 219 212 208 199 201 194 210 212 212 212 212 212
03 28 212 217 214 212 212 212 212 230 230 239 232 230 219 212 208 199 208 199 212 212 212 212 212 212
03 29 212 219 212 217 216 221 216 232 230 243 232 230 230 221 212 201 208 199 212 212 212 221 219 221
03 30 212 219 219 219 219 221 219 232 232 243 239 230 221 221 212 199 208 199 212 212 212 221 219 221
03 31 212 219 212 219 216 219 216 232 232 243 239 230 230 221 212 212 208 199 212 219 212 221 221 221
04 01 219 219 219 221 219 221 221 239 243 243 243 239 230 230 219 212 212 208 212 221 219 230 228 226
04 02 221 221 221 221 221 228 230 243 248 248 248 248 230 230 216 212 212 203 221 221 221 230 230 230
04 03 221 221 221 221 221 230 230 243 248 248 248 239 230 230 219 212 212 212 221 221 230 230 230 230
04 04 221 221 221 226 228 230 230 248 250 248 248 248 230 230 221 212 212 212 228 230 230 230 230 230
04 05 230 230 226 230 230 230 232 248 252 252 252 248 232 232 221 212 212 212 230 230 230 230 232 232
04 06 230 230 230 230 232 232 243 250 252 262 257 248 234 232 221 219 212 212 230 230 230 230 232 232
04 07 230 230 230 230 232 232 243 250 252 262 262 248 239 235 221 217 212 212 230 230 232 230 232 232
04 08 230 230 230 232 232 232 243 250 252 255 257 248 234 232 221 217 212 212 230 230 230 230 230 232
04 09 230 230 230 232 232 232 243 252 259 262 262 252 239 243 221 221 221 221 230 230 232 230 232 232
04 10 232 230 232 239 243 243 243 252 262 266 266 252 243 243 230 223 221 225 230 230 232 230 232 232
04 11 239 230 232 243 243 243 248 252 262 266 266 252 243 248 230 230 230 230 230 230 243 232 243 243
04 12 243 232 243 243 243 243 248 252 262 270 266 252 243 243 230 223 230 230 230 230 232 230 232 235
04 13 243 232 243 243 243 243 248 252 262 266 266 252 243 243 221 221 221 221 230 230 232 230 232 232
04 14 239 232 243 239 243 243 248 252 262 266 266 252 243 243 230 230 230 230 230 230 235 232 239 239
04 15 243 243 248 243 243 243 248 259 266 266 266 259 248 248 230 230 230 230 230 230 243 232 243 243
04 16 248 248 248 243 243 243 248 262 266 266 266 259 248 248 232 230 230 230 230 232 243 232 239 235
04 17 243 243 243 239 243 243 248 259 266 266 266 252 243 243 230 230 230 230 230 230 243 232 239 243
04 18 243 243 248 243 243 243 248 262 266 266 266 252 248 243 232 230 230 230 230 232 243 243 244 243
04 19 243 243 248 243 243 243 250 262 266 266 266 252 248 243 232 230 230 230 230 232 246 243 248 248
04 20 246 243 248 239 243 243 252 266 266 266 266 252 243 243 232 230 230 230 230 232 243 243 244 243
04 21 243 243 248 239 243 243 250 262 266 266 266 252 243 243 232 230 230 230 230 232 243 243 243 243
04 22 243 243 248 239 243 243 252 262 266 262 262 252 243 239 239 230 230 230 230 232 239 239 243 243
04 23 237 232 248 232 235 241 252 262 266 262 262 252 243 232 243 230 230 230 230 232 241 243 243 243
04 24 243 237 248 232 239 243 252 262 266 266 262 252 243 232 232 232 230 230 230 232 241 243 243 243
04 25 243 241 243 232 239 243 252 264 266 262 262 250 243 232 232 230 230 230 230 232 241 243 243 243
04 26 243 241 243 234 239 243 252 262 266 262 262 250 248 232 232 232 230 230 230 235 241 243 243 243
04 27 243 241 243 239 239 243 252 264 266 262 262 250 248 243 232 239 230 230 232 237 243 248 248 244
04 28 243 241 243 243 243 243 252 266 266 266 262 250 248 243 232 239 230 230 232 237 243 250 248 244
04 29 243 243 248 243 243 243 252 266 266 266 262 248 248 243 232 239 230 230 230 235 243 248 248 244
04 30 243 243 248 246 243 243 252 266 266 266 262 248 248 243 239 243 232 230 232 239 243 250 248 248
05 01 248 243 248 248 248 243 259 266 270 266 262 250 248 243 243 243 232 230 232 243 248 252 248 248
05 02 248 248 250 250 252 248 266 270 271 271 266 259 252 250 248 248 239 235 239 248 252 253 252 252
05 03 252 252 253 252 259 252 268 271 279 271 270 261 252 252 248 248 239 239 239 248 259 262 257 259
05 04 253 262 262 262 262 259 271 280 282 279 270 262 252 252 248 248 243 243 243 252 259 264 259 259
05 05 253 262 262 262 262 262 271 282 282 279 270 261 259 252 248 248 243 243 248 252 259 266 266 262
05 06 262 262 262 264 262 262 282 284 284 282 279 262 259 255 248 250 243 243 248 259 266 266 266 266
05 07 266 266 266 266 266 266 284 291 291 291 282 266 262 262 250 252 248 248 250 262 266 271 271 270
05 08 270 271 271 271 266 271 291 302 302 302 284 266 266 266 250 255 248 248 250 266 266 271 271 270
05 09 270 271 271 271 270 271 298 302 302 302 284 266 266 266 252 262 248 248 252 266 266 282 284 282
05 10 279 282 284 282 282 284 302 302 311 302 284 266 266 270 266 262 248 248 252 266 279 282 284 282
05 11 282 282 284 284 284 284 302 302 311 302 291 270 266 271 266 266 248 248 252 266 279 282 284 284
05 12 282 284 284 284 284 289 302 311 311 309 302 282 270 282 266 266 257 248 259 280 284 284 284 289
05 13 284 284 291 289 289 291 302 318 315 311 302 284 277 284 271 270 266 252 266 284 284 289 284 291
05 14 291 291 291 291 297 302 311 320 320 318 302 284 282 284 271 271 266 259 266 284 291 291 291 291
05 15 291 291 298 291 298 302 320 320 320 320 302 284 282 284 273 271 266 261 271 284 291 291 298 293
05 16 298 291 300 297 302 302 320 320 320 320 302 293 284 284 282 275 266 261 271 284 291 291 302 295
05 17 300 298 302 298 302 309 320 331 329 320 311 302 291 284 284 282 271 270 279 284 302 298 302 302
05 18 302 302 302 302 302 311 327 331 331 324 320 302 293 289 284 284 279 271 282 284 302 302 302 302
05 19 302 302 302 302 302 320 331 331 331 331 320 302 302 295 289 284 284 273 284 289 302 302 302 302
05 20 302 302 302 302 302 320 338 338 338 334 320 309 309 302 298 291 289 282 284 298 302 309 302 302
05 21 309 302 302 302 309 320 340 340 340 338 331 320 320 307 302 298 291 284 284 302 302 311 309 302
05 22 309 304 302 309 311 320 340 340 340 340 331 320 320 307 302 298 291 284 284 302 302 311 309 302
05 23 311 307 309 311 318 327 340 349 343 340 334 320 320 311 302 300 298 289 291 311 309 311 311 302
05 24 311 309 320 311 318 329 340 351 343 340 338 320 320 313 309 302 302 291 302 311 311 320 320 311
05 25 320 311 320 320 320 331 340 351 345 340 338 329 320 311 309 302 302 291 298 311 309 320 315 309
05 26 318 309 320 320 320 331 340 347 347 340 338 329 320 320 311 302 302 291 302 318 320 320 320 311
05 27 320 307 320 320 320 331 340 347 349 340 338 331 320 320 311 302 302 302 302 320 320 320 320 320
05 28 320 311 320 320 320 331 351 356 351 349 340 338 329 320 320 309 309 306 309 331 320 320 329 320
05 29 320 320 329 329 324 340 351 360 351 356 351 338 331 329 331 320 316 320 313 331 329 331 331 320
05 30 331 331 331 331 329 340 351 360 356 356 351 340 338 329 331 320 320 320 320 331 338 336 338 331
05 31 338 338 331 338 338 349 360 363 360 360 356 351 340 331 338 331 320 320 320 338 340 338 340 340
06 01 338 340 336 340 340 351 360 370 360 361 360 351 340 331 338 331 320 320 320 338 340 340 340 340
06 02 340 340 338 340 340 351 360 370 369 369 360 356 351 331 338 338 320 320 320 340 340 340 340 340
06 03 340 340 340 349 349 352 363 370 369 370 360 356 356 338 338 338 320 320 329 340 349 340 340 349
06 04 343 340 340 349 349 356 367 374 370 370 360 356 356 340 338 338 320 320 320 340 349 340 340 349
06 05 349 340 343 349 349 356 367 374 370 370 361 356 351 340 338 338 320 320 320 340 349 340 340 349
06 06 349 342 343 349 349 358 369 374 374 374 367 356 356 349 338 340 329 331 331 351 351 340 349 349
06 07 343 340 343 349 351 360 369 374 374 374 367 356 356 351 338 340 329 331 331 351 351 340 349 349
06 08 349 349 351 351 356 360 374 374 374 374 369 356 356 351 340 338 329 331 325 351 354 340 349 349
06 09 349 349 351 351 356 367 374 374 374 374 367 356 351 351 340 338 331 331 331 351 356 349 351 349
06 10 349 351 351 351 356 369 374 374 379 374 367 356 351 351 340 338 327 329 331 349 349 340 349 349
06 11 349 351 351 351 356 369 374 374 379 376 369 356 351 351 340 338 329 329 331 349 349 340 349 349
06 12 349 351 351 356 356 369 374 378 379 376 369 360 351 351 340 338 331 329 331 349 349 340 349 349
06 13 351 351 351 356 356 369 374 374 379 376 369 356 351 351 340 338 331 329 331 349 356 340 349 351
06 14 351 351 351 356 360 370 379 379 388 379 370 360 351 356 340 340 338 331 333 351 356 340 349 351
06 15 351 356 352 356 360 370 379 379 388 379 370 360 351 356 340 340 338 331 333 351 356 349 349 349
06 16 349 351 351 356 360 370 379 379 388 379 370 360 351 352 340 338 338 331 331 351 354 340 349 349
06 17 349 351 351 351 358 370 379 379 390 379 370 360 351 351 340 338 336 329 329 351 356 349 349 349
06 18 349 351 351 352 356 370 379 379 390 379 374 360 351 351 340 338 338 329 331 351 356 351 351 349
06 19 349 351 351 352 356 370 379 388 390 387 374 360 351 351 340 338 338 329 331 356 356 351 349 349
06 20 349 351 351 356 356 370 381 390 392 390 374 365 354 356 347 338 338 331 331 356 356 351 351 349
06 21 351 351 356 356 360 370 388 390 392 390 376 365 354 356 347 338 336 329 331 356 356 351 351 351
06 22 352 356 356 360 360 370 388 392 392 390 379 369 356 356 349 338 338 331 333 356 360 351 356 351
06 23 352 352 356 360 360 370 388 392 392 390 379 370 356 356 349 338 338 331 336 356 360 351 356 356
06 24 356 352 360 360 360 370 390 392 392 392 379 374 360 356 351 340 338 331 331 356 360 351 356 356
06 25 356 356 360 360 360 372 390 392 392 392 379 374 360 356 351 340 338 331 336 358 360 356 360 360
06 26 356 356 358 360 369 374 392 394 392 392 379 374 356 356 351 340 338 331 331 356 369 356 360 360
06 27 360 360 360 370 370 374 392 399 399 392 388 374 365 356 351 340 338 333 336 360 369 356 360 360
06 28 356 356 360 370 370 378 392 399 399 392 390 374 365 356 352 340 338 331 329 356 360 356 356 356
06 29 356 356 360 360 369 374 392 399 399 392 379 374 356 356 351 338 336 331 320 356 360 356 356 356
06 30 356 360 360 363 370 378 392 399 396 392 379 374 360 356 351 340 338 338 329 356 360 356 360 358
07 01 360 360 360 370 370 379 392 399 399 392 388 374 365 360 356 349 338 338 336 356 369 356 369 360
07 02 369 367 365 372 374 388 399 410 410 399 390 374 369 369 356 351 340 340 340 356 369 356 369 360
07 03 370 370 360 374 374 388 399 410 410 410 392 378 369 369 356 351 338 340 336 356 360 356 369 360
07 04 369 367 360 374 374 388 399 399 410 399 392 374 360 361 356 351 338 338 331 354 360 360 370 369
07 05 374 374 370 374 374 390 406 410 410 410 392 374 360 360 356 349 338 338 325 351 360 356 369 360
07 06 370 370 370 374 379 390 408 410 410 410 392 374 361 356 356 349 338 338 329 351 360 356 369 360
07 07 370 372 370 374 374 390 399 410 408 399 392 374 361 356 356 347 338 336 329 351 360 356 369 360
07 08 370 374 374 374 374 392 399 410 410 410 392 374 360 360 356 349 338 338 338 356 360 356 369 360
07 09 370 374 370 374 374 390 406 410 410 410 392 374 360 356 351 347 338 336 329 356 360 360 369 360
07 10 370 372 374 374 379 392 408 410 410 410 392 374 360 356 349 342 334 331 329 356 360 358 360 360
07 11 370 372 374 374 379 392 410 410 410 410 392 374 361 356 351 347 338 331 331 356 360 356 360 360
07 12 370 372 374 379 385 392 410 410 412 410 392 374 361 356 347 342 338 331 329 356 360 360 369 369
07 13 370 372 374 379 388 392 410 410 410 410 392 374 369 356 349 342 338 331 338 356 363 360 369 369
07 14 374 374 379 379 390 399 410 410 421 421 399 379 370 356 351 347 338 331 331 356 360 360 369 370
07 15 370 379 379 379 390 399 410 419 421 421 403 385 370 356 351 347 338 331 329 356 360 360 370 370
07 16 370 379 379 387 390 399 414 421 428 421 410 390 370 356 349 340 334 329 325 356 360 360 369 370
07 17 370 374 379 388 390 399 410 419 428 426 410 390 370 356 351 340 338 331 329 356 360 360 369 370
07 18 370 374 379 388 390 399 410 421 428 426 410 390 372 356 349 342 338 331 329 356 360 360 370 370
07 19 370 374 379 390 390 399 412 421 428 426 410 392 374 360 351 349 338 331 334 356 363 360 369 370
07 20 370 374 379 388 390 399 410 421 428 421 410 392 370 360 351 349 338 331 338 356 360 356 365 370
07 21 370 372 374 387 390 392 410 421 421 421 410 392 372 360 351 340 338 331 320 356 360 356 360 370
07 22 363 370 374 379 388 392 410 421 421 421 410 392 370 356 351 340 338 329 320 356 356 356 360 370
07 23 360 370 374 379 390 392 410 421 421 421 410 392 370 356 351 338 338 329 320 351 356 351 356 360
07 24 360 370 374 379 379 392 410 421 421 419 399 390 370 356 351 338 338 329 320 340 351 349 356 356
07 25 360 370 372 374 379 390 399 410 419 410 399 392 372 360 356 338 338 331 331 338 351 343 356 356
07 26 356 369 370 374 374 385 399 410 410 410 399 390 374 360 356 338 338 331 331 338 343 340 351 356
07 27 356 360 369 369 374 379 396 410 410 410 396 390 374 358 356 338 338 329 324 338 340 340 349 356
07 28 356 358 360 369 374 379 392 410 410 410 392 390 374 356 356 338 338 329 324 338 340 340 349 356
07 29 356 356 360 360 370 374 392 410 410 410 392 390 374 356 356 338 338 329 331 338 340 340 349 356
07 30 351 356 360 360 370 374 392 410 410 410 392 392 374 356 356 338 331 329 333 338 338 340 349 356
07 31 351 356 356 360 369 374 392 408 410 406 392 390 374 358 356 338 331 329 331 338 338 340 340 356
08 01 351 356 356 360 369 374 392 399 410 399 392 390 374 356 356 338 329 329 329 338 338 338 340 356
08 02 351 356 356 356 360 370 392 399 410 399 392 388 374 356 356 338 331 331 329 338 338 340 340 356
08 03 351 351 356 360 360 374 392 399 410 405 392 388 372 356 356 338 329 329 331 338 338 340 340 351
08 04 351 351 356 360 369 370 390 399 410 399 392 383 370 356 351 338 327 327 329 333 338 338 338 345
08 05 349 351 356 356 360 370 390 399 410 399 392 379 369 356 349 338 329 329 329 338 338 338 338 356
08 06 351 351 360 360 369 374 392 405 410 405 392 388 370 356 349 338 329 329 329 338 338 338 340 356
08 07 351 351 360 360 369 374 392 405 410 410 399 388 370 356 349 338 329 329 329 338 338 340 340 351
08 08 351 356 360 360 370 374 392 405 410 410 399 390 372 356 351 338 338 331 338 349 340 340 340 351
08 09 351 356 360 360 370 374 392 401 410 410 399 390 372 356 351 340 338 331 338 351 349 340 349 356
08 10 352 356 360 360 370 372 390 399 410 410 399 388 370 356 356 340 338 338 338 351 349 340 349 351
08 11 351 356 360 360 370 370 390 399 410 410 399 388 370 356 356 340 338 338 338 351 340 345 340 345
08 12 351 356 360 360 370 370 390 399 410 410 399 379 370 356 351 340 338 331 338 338 338 338 340 340
08 13 349 356 360 356 369 370 387 392 410 399 392 379 370 356 349 338 338 331 329 338 338 338 338 338
08 14 338 351 356 356 365 369 379 392 410 399 392 379 369 356 351 338 338 331 331 338 338 338 338 338
08 15 338 351 360 356 369 370 379 392 408 399 392 379 369 356 349 338 331 329 338 338 338 338 338 338
08 16 338 345 356 356 363 369 379 392 399 399 392 379 365 356 345 338 331 329 331 338 338 338 338 338
08 17 338 349 356 356 365 369 379 392 399 399 392 379 363 356 340 338 329 320 329 338 338 336 338 338
08 18 338 347 356 356 360 365 374 390 399 399 392 374 356 356 338 329 320 320 320 338 331 331 338 338
08 19 338 340 356 354 360 360 374 390 392 399 390 374 356 351 340 329 320 320 320 338 331 331 338 338
08 20 338 340 352 351 360 360 374 390 392 394 388 374 356 351 338 320 320 320 320 329 329 329 329 338
08 21 338 338 349 351 356 356 370 387 392 392 379 374 356 347 338 320 320 320 320 329 320 320 329 331
08 22 331 338 340 349 356 356 369 379 390 392 379 372 354 343 338 320 320 320 320 329 320 320 329 331
08 23 329 338 340 345 356 356 369 379 388 390 379 370 352 338 338 320 320 320 320 327 320 320 329 329
08 24 329 338 340 345 356 356 369 379 388 390 379 370 354 338 338 320 320 320 320 327 320 320 329 331
08 25 329 338 340 347 356 356 369 379 388 390 379 370 354 338 338 320 320 320 320 327 320 320 329 331
08 26 329 338 340 345 356 356 365 374 388 390 378 370 354 338 333 318 315 320 320 320 320 320 329 329
08 27 329 338 340 349 356 356 365 374 388 388 374 370 356 338 333 320 313 320 320 320 320 320 329 329
08 28 329 338 340 349 354 351 360 374 379 388 374 367 352 338 331 315 313 320 320 320 320 320 327 329
08 29 324 338 338 340 351 351 360 374 379 379 374 363 351 338 329 311 313 320 320 320 320 320 320 322
08 30 320 331 338 338 349 351 356 374 374 374 374 360 343 336 322 309 309 311 320 320 320 320 320 320
08 31 320 327 338 338 340 343 356 370 374 374 374 360 340 327 320 307 309 311 320 311 316 320 320 320
09 01 320 320 331 338 338 340 351 369 374 374 374 360 338 325 320 302 302 302 311 309 311 320 313 320
09 02 318 320 331 338 338 338 340 358 370 370 372 356 338 322 320 302 302 302 313 309 306 320 311 313
09 03 315 320 329 331 331 338 340 356 369 370 370 356 338 325 320 302 302 302 311 309 306 320 311 311
09 04 311 320 320 331 331 338 338 356 363 370 370 356 338 325 320 302 302 302 311 309 302 320 311 311
09 05 311 320 320 331 331 331 338 356 360 370 370 356 338 325 320 302 302 304 311 309 309 320 311 313
09 06 318 320 322 331 331 331 338 356 369 370 370 356 338 325 320 302 302 302 311 309 302 320 309 309
09 07 311 320 320 324 331 331 338 356 360 369 367 356 338 325 320 302 302 302 309 306 302 309 302 302
09 08 311 320 320 320 329 327 338 356 360 369 367 356 338 320 320 302 302 302 306 302 302 302 302 302
09 09 309 320 320 320 324 325 338 356 356 360 363 356 338 325 320 302 302 302 306 302 302 309 302 302
09 10 307 320 320 320 322 320 333 351 356 360 363 352 338 320 320 302 302 302 304 302 302 311 302 302
09 11 309 320 320 320 320 320 331 349 356 356 356 349 338 320 318 302 302 302 302 302 302 309 302 302
09 12 307 320 320 320 320 320 331 349 356 356 356 349 336 320 311 302 302 302 302 302 302 302 302 302
09 13 302 311 320 320 320 320 329 345 356 356 351 338 331 320 302 291 291 298 302 302 302 302 302 302
09 14 302 302 311 320 320 320 320 340 351 349 340 333 320 313 302 289 289 291 298 298 291 291 291 293
09 15 300 302 309 309 309 320 316 340 351 349 338 331 320 311 302 284 288 284 291 291 291 291 291 291
09 16 291 298 302 302 302 311 309 331 340 340 338 329 320 302 298 284 284 289 291 291 291 291 291 289
09 17 291 293 302 302 302 309 309 329 340 340 338 329 320 302 297 284 284 284 284 286 284 289 284 288
09 18 289 291 302 302 302 309 302 320 338 338 338 320 311 302 297 282 284 284 284 284 284 284 284 284
09 19 284 291 302 302 302 309 302 322 338 338 338 329 309 302 291 282 282 284 284 284 284 284 284 282
09 20 284 284 291 291 297 302 302 320 331 331 331 320 302 291 282 280 270 275 282 282 282 282 282 271
09 21 282 284 284 284 284 286 291 320 320 320 320 311 302 289 282 279 266 270 271 282 273 279 280 270
09 22 277 282 284 284 284 284 291 311 320 320 320 311 302 284 282 279 266 270 270 271 271 271 271 266
09 23 271 282 282 284 284 284 284 302 311 320 311 309 302 284 279 271 266 266 266 266 266 270 270 262
09 24 266 266 266 273 282 282 284 302 302 313 309 309 297 284 271 266 262 261 266 266 266 266 266 252
09 25 262 266 266 271 271 271 279 291 302 309 302 302 291 279 266 266 261 252 252 262 262 259 259 248
09 26 252 266 266 266 271 266 266 284 302 302 291 298 284 266 262 262 252 250 248 252 252 248 250 248
09 27 252 262 262 252 266 266 262 282 291 291 289 284 284 266 253 252 250 248 248 250 248 248 248 246
09 28 252 252 252 252 252 266 259 279 291 291 284 284 284 262 252 259 250 250 248 248 248 248 248 243
09 29 252 252 252 252 259 262 252 271 289 291 284 284 284 262 253 252 252 250 246 248 248 244 248 248
09 30 252 252 252 252 252 257 248 270 284 284 284 284 284 262 252 252 250 250 246 248 248 243 248 246
10 01 252 252 248 250 252 252 248 266 284 284 279 271 271 259 250 252 248 248 239 241 243 243 248 243
10 02 252 248 244 248 252 248 246 266 282 284 275 271 271 257 248 248 243 243 237 235 243 241 244 239
10 03 248 248 243 243 248 243 243 262 271 279 266 266 262 250 243 232 232 243 232 232 232 232 239 232
10 04 243 243 239 232 243 241 234 252 266 266 266 264 259 248 235 230 232 232 230 230 230 221 237 232
10 05 232 232 232 232 237 237 232 248 262 266 266 262 252 248 232 230 232 232 230 230 232 230 239 232
10 06 239 239 239 232 237 239 232 248 262 262 266 262 252 248 232 230 232 232 230 230 230 230 239 232
10 07 239 239 239 232 237 239 232 248 262 266 266 262 252 248 232 221 230 230 230 230 228 230 239 232
10 08 239 232 232 232 232 232 232 248 262 266 266 259 248 243 230 221 225 230 230 221 221 221 230 232
10 09 239 232 232 232 232 232 232 248 266 266 264 252 248 243 230 221 221 230 228 221 221 221 230 232
10 10 232 230 232 230 230 232 232 248 266 266 262 252 248 243 230 221 221 226 221 221 221 221 230 230
10 11 232 230 221 230 230 230 232 248 262 266 264 252 248 232 230 221 221 221 221 221 221 221 230 221
10 12 232 230 221 230 230 230 232 248 262 266 264 252 248 243 230 221 219 221 221 221 228 221 230 230
10 13 232 230 230 230 230 230 232 243 262 266 262 252 248 243 230 221 221 223 221 230 230 221 230 221
10 14 232 230 230 230 230 230 232 243 262 266 262 252 248 243 223 212 214 221 221 221 228 221 217 214
10 15 230 221 230 230 232 230 232 248 262 266 266 259 252 243 230 221 219 221 221 221 221 219 217 214
10 16 230 221 221 230 232 226 232 248 262 262 262 257 248 243 230 221 214 221 221 221 225 221 221 214
10 17 232 230 230 230 232 230 232 248 262 266 266 259 250 243 230 221 230 230 221 225 230 230 221 221
10 18 232 232 232 232 239 232 232 248 266 271 271 262 252 248 232 230 232 232 232 232 232 232 230 232
10 19 239 239 243 232 243 232 239 250 266 271 277 262 252 248 232 230 232 232 232 232 232 232 230 230
10 20 239 239 232 232 239 232 239 248 266 271 273 266 252 248 235 232 232 232 232 232 232 232 230 232
10 21 239 239 232 232 239 234 239 248 266 271 271 262 252 250 237 232 232 232 232 232 232 232 232 232
10 22 243 239 232 230 239 232 235 248 262 266 271 262 252 248 237 232 232 232 232 230 232 230 230 221
10 23 232 232 232 230 234 230 232 243 262 262 262 262 252 248 232 230 230 230 221 230 230 225 217 212
10 24 221 221 221 221 230 228 230 232 250 259 262 257 248 243 232 230 230 230 221 225 225 221 212 212
10 25 212 212 221 219 226 221 221 221 243 252 252 248 243 243 232 230 225 226 221 221 221 212 212 201
10 26 201 212 212 212 212 219 212 216 232 252 250 243 239 235 230 230 225 226 221 221 212 212 212 201
10 27 201 201 203 208 212 212 212 212 221 248 243 239 232 232 230 221 221 219 221 221 212 212 212 201
10 28 201 196 201 201 212 212 212 208 221 248 243 232 230 230 230 221 221 216 216 212 212 212 208 201
10 29 201 194 201 199 212 212 212 208 230 237 239 230 230 230 230 225 221 219 219 217 212 212 212 201
10 30 201 196 201 199 212 212 208 208 230 234 234 230 230 226 230 221 221 221 219 212 212 212 212 210
10 31 201 196 201 199 208 212 201 201 221 230 234 230 230 230 230 225 221 221 219 212 212 212 212 212
11 01 201 201 201 201 208 212 201 199 221 230 232 230 221 221 230 221 221 219 216 212 212 212 212 210
11 02 201 201 201 199 208 208 199 194 221 230 232 230 221 219 221 221 221 219 212 212 212 208 212 208
11 03 201 196 201 199 208 201 199 194 221 230 232 230 221 219 219 219 221 212 212 212 212 208 208 208
11 04 201 196 199 199 201 201 199 192 219 230 230 230 219 212 212 208 212 212 212 208 208 201 201 201
11 05 199 194 194 194 194 199 194 192 214 221 221 223 212 212 208 198 212 212 208 208 208 199 199 199
11 06 194 194 194 194 189 194 194 192 212 219 221 223 212 212 212 199 212 212 212 212 212 208 208 208
11 07 199 194 194 194 189 194 196 194 212 219 230 230 212 212 212 212 212 212 212 212 212 208 212 208
11 08 201 208 194 194 194 199 201 199 212 221 230 230 221 221 226 219 219 219 219 212 212 212 212 212
11 09 212 212 201 199 212 208 208 208 221 230 230 230 230 230 230 230 230 230 230 223 230 219 219 219
11 10 219 212 212 208 212 212 212 212 226 230 239 248 239 230 232 230 232 230 230 230 230 219 219 221
11 11 219 212 212 212 212 212 212 212 230 230 243 248 239 239 232 232 243 232 230 230 230 221 221 221
11 12 219 212 212 212 212 212 212 212 230 230 243 250 248 248 244 234 243 234 232 230 230 230 221 221
11 13 219 212 212 212 212 212 212 212 221 230 234 248 248 248 239 234 243 234 232 230 230 221 219 221
11 14 219 212 212 212 212 212 208 212 212 230 232 232 239 241 239 232 232 232 230 230 230 219 212 212
11 15 212 212 212 201 208 210 201 199 212 212 230 230 230 230 230 230 225 230 230 221 219 212 212 208
11 16 199 199 194 194 194 194 201 194 194 212 214 225 230 230 230 230 221 221 230 221 212 208 208 208
11 17 194 194 192 189 181 194 199 192 194 207 212 219 221 221 228 219 212 212 214 212 212 205 201 198
11 18 194 194 189 181 180 194 194 192 192 201 212 212 212 219 219 212 212 212 212 212 212 199 201 198
11 19 194 194 189 181 180 192 194 190 189 201 212 212 212 219 214 212 212 212 212 212 208 199 201 194
11 20 192 192 189 181 180 192 194 189 189 199 208 212 212 217 212 212 212 212 212 208 201 194 199 194
11 21 192 189 180 176 180 187 192 181 181 194 208 212 212 212 212 212 212 212 212 208 199 194 199 194
11 22 189 189 180 176 180 181 192 180 180 194 205 212 212 212 212 212 212 208 212 201 194 189 194 192
11 23 189 172 178 176 180 180 181 176 176 181 194 208 210 212 212 212 207 205 207 199 192 181 189 181
11 24 180 169 172 169 176 176 176 167 158 176 181 194 194 194 199 198 192 194 199 194 189 176 181 176
11 25 172 158 169 162 169 172 162 158 153 172 176 181 192 192 194 192 190 192 192 192 178 162 167 162
11 26 158 153 158 158 158 158 153 142 142 160 172 181 181 181 192 189 189 189 181 176 169 160 160 158
11 27 153 149 142 149 142 142 140 140 142 158 162 176 180 180 181 181 180 176 180 172 162 149 158 151
11 28 140 145 140 142 140 140 131 131 140 153 158 172 176 176 180 181 172 172 172 169 158 142 142 140
11 29 131 140 140 129 140 140 129 124 131 153 153 162 172 172 180 180 172 172 172 162 158 140 140 131
11 30 131 131 140 129 129 131 127 129 131 153 158 162 176 176 180 180 172 172 172 162 158 140 140 129
12 01 131 131 131 129 122 131 122 124 131 153 153 160 169 172 172 172 169 169 162 158 153 140 138 122
12 02 129 129 129 122 122 131 122 122 131 142 153 158 169 172 172 169 169 169 160 153 153 140 138 122
12 03 131 129 129 122 122 122 122 122 129 140 142 158 169 172 172 162 160 158 153 142 142 140 131 118
12 04 129 129 122 118 122 122 122 122 122 140 142 158 165 172 172 162 160 158 153 142 140 140 131 118
12 05 122 122 122 118 118 122 122 122 122 131 142 153 162 172 162 158 153 153 142 142 140 131 131 118
12 06 122 122 122 118 118 122 122 122 122 131 142 153 158 162 160 158 153 153 142 142 140 131 131 118
12 07 122 122 122 118 118 122 122 122 122 131 142 153 158 162 160 158 153 153 142 142 140 131 131 118
12 08 122 122 122 104 117 118 122 118 118 131 140 142 162 169 162 158 153 153 149 142 140 131 129 118
12 09 122 122 118 104 109 111 118 111 118 129 140 142 158 162 162 158 153 153 140 140 140 131 131 118
12 10 122 122 104 104 109 111 109 104 111 122 140 142 158 158 158 158 153 149 140 140 129 122 129 118
12 11 122 111 104 104 104 104 104 102 111 122 131 140 153 153 158 153 153 140 140 140 122 122 111 104
12 12 104 111 104 102 102 104 102 102 104 111 122 131 142 151 153 142 140 131 122 122 118 111 102 102
12 13 100 102 91 91 91 91 91 99 104 104 122 129 140 142 153 140 140 122 122 113 111 104 86 82
12 14 91 97 88 91 91 86 86 91 95 104 111 122 131 127 127 126 120 113 122 111 104 102 86 82
12 15 86 86 86 86 91 82 86 86 86 102 104 111 122 122 122 122 111 111 111 104 91 91 86 82
12 16 86 86 79 82 86 79 82 86 82 90 102 111 111 111 122 122 104 111 104 102 91 82 82 72
12 17 86 86 72 82 86 79 82 86 82 90 102 111 111 122 122 122 104 111 102 102 86 82 72 68
12 18 86 86 72 82 86 79 82 91 82 90 102 111 111 122 122 122 104 104 102 91 91 86 82 72
12 19 86 86 72 82 82 79 82 86 82 88 91 109 108 104 122 122 111 104 102 91 91 82 82 72
12 20 86 86 72 72 79 72 82 91 86 90 91 104 104 104 122 122 104 102 91 91 86 82 68 68
12 21 79 72 68 72 66 72 79 86 82 86 91 104 102 102 102 104 102 102 91 91 82 82 68 68
12 22 79 70 68 72 66 72 79 86 82 86 86 104 102 102 102 102 93 102 91 86 82 82 63 68
12 23 79 70 68 72 63 68 68 72 82 82 86 91 102 102 102 102 102 102 91 90 86 86 82 68
12 24 86 86 68 72 66 68 68 72 68 82 86 91 102 102 102 102 93 91 91 86 82 82 72 68
12 25 86 91 79 86 82 79 68 91 86 86 86 91 102 102 102 102 102 91 91 91 86 82 84 81
12 26 86 91 82 91 86 82 72 86 90 99 102 109 111 115 122 122 111 104 104 102 97 102 102 102
12 27 91 102 104 104 91 91 86 91 99 102 109 118 122 122 122 122 118 109 104 104 102 102 104 102
12 28 99 102 109 104 99 91 86 91 102 102 111 118 122 122 122 122 122 111 111 111 102 104 104 102
12 29 102 102 109 109 99 91 90 91 99 102 109 111 118 122 122 122 118 111 111 111 102 104 104 102
12 30 102 102 109 109 102 99 91 91 102 102 111 118 122 129 129 122 122 118 111 111 104 104 109 104
12 31 102 104 111 109 104 102 99 91 102 102 111 122 131 131 135 129 122 122 118 122 122 118 118 109
