01 01 -9999 -9999 -9999 -9999 -9999 -9999 -387 -387 -400 -382 -400 -398 -378 -368 -348 -359 -380 -387 -387 -400 -411 -418 -9999 -9999 
01 02 -9999 -9999 -9999 -9999 -9999 -9999 -411 -418 -418 -418 -409 -400 -400 -382 -359 -378 -387 -400 -400 -418 -418 -429 -9999 -9999 
01 03 -9999 -9999 -9999 -9999 -9999 -9999 -418 -9999 -429 -422 -422 -420 -400 -389 -364 -380 -398 -409 -400 -431 -418 -9999 -9999 -9999 
01 04 -9999 -9999 -9999 -9999 -9999 -9999 -429 -9999 -449 -429 -429 -420 -400 -389 -364 -378 -398 -418 -418 -436 -436 -436 -431 -9999 
01 05 -9999 -9999 -9999 -9999 -9999 -9999 -431 -420 -449 -431 -429 -420 -400 -398 -378 -380 -398 -409 -418 -436 -436 -449 -436 -9999 
01 06 -9999 -9999 -9999 -9999 -9999 -9999 -436 -9999 -450 -436 -436 -429 -411 -398 -378 -382 -400 -418 -418 -436 -449 -454 -440 -9999 
01 07 -9999 -9999 -9999 -9999 -9999 -9999 -431 -9999 -449 -420 -9999 -409 -400 -389 -364 -378 -387 -400 -418 -436 -436 -436 -436 -9999 
01 08 -9999 -9999 -9999 -9999 -9999 -9999 -436 -420 -436 -418 -418 -409 -400 -387 -364 -378 -382 -400 -418 -436 -431 -436 -436 -9999 
01 09 -9999 -9999 -9999 -9999 -9999 -9999 -418 -418 -420 -418 -418 -400 -382 -382 -360 -368 -364 -382 -398 -418 -429 -431 -431 -9999 
01 10 -9999 -9999 -9999 -9999 -9999 -9999 -418 -418 -418 -418 -418 -400 -378 -369 -359 -364 -348 -380 -387 -418 -418 -420 -420 -9999 
01 11 -9999 -9999 -9999 -9999 -9999 -9999 -418 -418 -429 -418 -418 -409 -378 -369 -359 -360 -346 -380 -398 -418 -418 -429 -436 -9999 
01 12 -9999 -9999 -9999 -9999 -9999 -9999 -418 -436 -449 -436 -450 -436 -400 -382 -364 -364 -364 -382 -398 -418 -431 -436 -440 -9999 
01 13 -9999 -9999 -9999 -9999 -9999 -9999 -418 -429 -450 -436 -450 -436 -400 -387 -364 -364 -359 -382 -398 -418 -431 -436 -438 -9999 
01 14 -9999 -9999 -9999 -9999 -9999 -9999 -431 -436 -450 -450 -450 -436 -400 -387 -360 -360 -346 -380 -398 -409 -429 -436 -436 -9999 
01 15 -9999 -9999 -9999 -9999 -9999 -9999 -418 -418 -429 -418 -429 -409 -368 -346 -346 -328 -332 -360 -387 -391 -400 -411 -418 -9999 
01 16 -9999 -9999 -9999 -9999 -9999 -9999 -418 -418 -422 -429 -429 -409 -368 -341 -328 -310 -328 -359 -371 -391 -398 -411 -418 -9999 
01 17 -9999 -9999 -9999 -9999 -9999 -9999 -418 -418 -429 -431 -422 -409 -368 -341 -328 -310 -328 -359 -371 -391 -400 -418 -420 -9999 
01 18 -9999 -9999 -9999 -9999 -9999 -9999 -418 -429 -441 -9999 -9999 -409 -371 -346 -328 -321 -328 -360 -387 -398 -400 -418 -429 -9999 
01 19 -9999 -9999 -9999 -9999 -9999 -9999 -431 -431 -449 -9999 -9999 -9999 -380 -350 -332 -328 -332 -360 -391 -398 -411 -420 -436 -9999 
01 20 -9999 -9999 -9999 -9999 -9999 -9999 -449 -438 -9999 -9999 -9999 -9999 -380 -351 -341 -330 -339 -378 -378 -398 -409 -418 -429 -9999 
01 21 -9999 -9999 -9999 -9999 -9999 -9999 -441 -441 -9999 -9999 -9999 -9999 -378 -350 -332 -321 -332 -371 -371 -391 -400 -418 -429 -9999 
01 22 -9999 -9999 -9999 -9999 -9999 -9999 -441 -441 -9999 -9999 -9999 -418 -380 -351 -332 -321 -332 -371 -371 -398 -400 -418 -429 -9999 
01 23 -9999 -9999 -9999 -9999 -9999 -9999 -431 -441 -9999 -9999 -9999 -418 -380 -350 -332 -321 -332 -371 -371 -398 -9999 -418 -9999 -9999 
01 24 -9999 -9999 -9999 -9999 -9999 -9999 -441 -441 -9999 -9999 -9999 -418 -380 -350 -332 -321 -332 -371 -371 -398 -9999 -9999 -9999 -9999 
01 25 -9999 -9999 -9999 -9999 -9999 -9999 -441 -9999 -9999 -9999 -9999 -9999 -380 -351 -332 -328 -332 -371 -371 -9999 -9999 -9999 -9999 -9999 
01 26 -9999 -9999 -9999 -9999 -9999 -9999 -9999 -9999 -9999 -9999 -9999 -9999 -380 -351 -332 -321 -332 -371 -371 -9999 -9999 -9999 -9999 -9999 
01 27 -9999 -9999 -9999 -9999 -9999 -9999 -9999 -9999 -9999 -9999 -9999 -9999 -371 -341 -328 -310 -332 -359 -369 -9999 -9999 -9999 -9999 -9999 
01 28 -9999 -9999 -9999 -9999 -9999 -9999 -9999 -9999 -9999 -9999 -9999 -9999 -371 -341 -328 -310 -319 -346 -368 -9999 -9999 -9999 -9999 -9999 
01 29 -9999 -9999 -9999 -9999 -9999 -9999 -9999 -9999 -9999 -9999 -9999 -9999 -364 -328 -310 -310 -319 -341 -368 -9999 -9999 -9999 -9999 -9999 
01 30 -9999 -9999 -9999 -9999 -9999 -9999 -9999 -9999 -9999 -9999 -9999 -9999 -348 -319 -299 -308 -310 -341 -364 -398 -400 -9999 -420 -9999 
01 31 -9999 -9999 -9999 -9999 -9999 -9999 -9999 -9999 -9999 -9999 -9999 -382 -346 -310 -299 -292 -310 -328 -364 -387 -391 -400 -411 -9999 
02 01 -9999 -9999 -9999 -9999 -9999 -9999 -9999 -9999 -9999 -9999 -9999 -378 -328 -299 -290 -290 -310 -321 -351 -380 -380 -387 -398 -9999 
02 02 -9999 -9999 -9999 -9999 -9999 -9999 -9999 -9999 -9999 -9999 -418 -364 -328 -297 -297 -290 -310 -310 -330 -364 -378 -387 -387 -9999 
02 03 -9999 -9999 -9999 -9999 -9999 -9999 -418 -9999 -9999 -409 -387 -346 -310 -299 -299 -290 -297 -308 -319 -359 -359 -378 -378 -9999 
02 04 -9999 -9999 -9999 -9999 -9999 -9999 -398 -398 -407 -400 -382 -339 -299 -299 -290 -290 -297 -308 -310 -330 -341 -360 -364 -9999 
02 05 -9999 -9999 -9999 -9999 -9999 -9999 -398 -387 -400 -387 -382 -339 -292 -290 -279 -290 -290 -308 -308 -328 -339 -346 -348 -9999 
02 06 -9999 -9999 -9999 -9999 -9999 -9999 -387 -382 -382 -382 -359 -328 -288 -288 -279 -288 -288 -299 -308 -310 -328 -328 -346 -9999 
02 07 -9999 -9999 -9999 -9999 -9999 -9999 -364 -369 -380 -382 -348 -310 -278 -278 -278 -270 -278 -297 -292 -308 -319 -319 -319 -9999 
02 08 -9999 -9999 -9999 -9999 -9999 -9999 -364 -368 -378 -378 -348 -297 -278 -274 -260 -258 -258 -278 -290 -297 -319 -310 -310 -9999 
02 09 -9999 -9999 -9999 -9999 -9999 -9999 -364 -368 -378 -378 -341 -297 -274 -270 -258 -258 -258 -269 -288 -297 -310 -310 -310 -310
02 10 -9999 -9999 -9999 -9999 -9999 -9999 -359 -364 -368 -368 -332 -288 -269 -269 -242 -249 -249 -258 -278 -297 -308 -308 -308 -297
02 11 -9999 -9999 -9999 -9999 -9999 -9999 -346 -351 -360 -360 -321 -274 -269 -258 -238 -249 -238 -249 -270 -301 -308 -310 -308 -292
02 12 -9999 -297 -9999 -319 -9999 -9999 -328 -348 -350 -328 -301 -278 -269 -242 -229 -238 -229 -238 -269 -297 -308 -308 -299 -290
02 13 -9999 -288 -297 -308 -9999 -9999 -328 -348 -339 -319 -290 -281 -269 -242 -231 -238 -229 -238 -269 -297 -308 -308 -299 -299
02 14 -9999 -290 -9999 -319 -9999 -9999 -328 -348 -359 -348 -301 -288 -270 -249 -238 -242 -231 -242 -269 -297 -297 -292 -297 -290
02 15 -9999 -292 -9999 -9999 -9999 -9999 -332 -351 -360 -359 -301 -297 -274 -249 -238 -242 -229 -242 -269 -292 -297 -299 -308 -290
02 16 -9999 -290 -319 -308 -9999 -9999 -348 -359 -359 -351 -308 -297 -274 -251 -238 -238 -220 -242 -269 -292 -297 -299 -299 -290
02 17 -9999 -297 -319 -310 -9999 -9999 -359 -368 -360 -359 -308 -278 -270 -251 -238 -238 -218 -231 -269 -288 -297 -299 -308 -297
02 18 -9999 -297 -308 -9999 -9999 -9999 -359 -368 -360 -351 -308 -278 -269 -242 -231 -229 -218 -229 -269 -288 -292 -288 -308 -290
02 19 -9999 -297 -299 -299 -310 -9999 -348 -368 -360 -351 -308 -278 -269 -242 -229 -229 -218 -229 -269 -288 -297 -290 -308 -288
02 20 -9999 -290 -297 -297 -310 -9999 -341 -368 -359 -348 -308 -278 -269 -238 -229 -229 -218 -229 -258 -278 -288 -288 -308 -279
02 21 -9999 -297 -299 -297 -299 -9999 -348 -368 -359 -348 -297 -270 -261 -238 -229 -220 -211 -229 -251 -278 -288 -288 -308 -279
02 22 -9999 -297 -299 -297 -299 -9999 -341 -368 -359 -348 -290 -270 -258 -231 -220 -218 -207 -220 -249 -278 -297 -290 -308 -279
02 23 -9999 -297 -310 -310 -319 -9999 -359 -371 -368 -351 -290 -270 -258 -229 -220 -207 -207 -220 -238 -278 -288 -290 -308 -278
02 24 -9999 -308 -319 -319 -319 -9999 -359 -371 -368 -351 -297 -269 -251 -229 -209 -200 -200 -218 -231 -278 -279 -288 -308 -278
02 25 -9999 -308 -310 -319 -319 -9999 -359 -369 -359 -348 -281 -258 -240 -218 -200 -198 -188 -198 -229 -269 -278 -288 -297 -274
02 26 -9999 -299 -308 -319 -319 -9999 -348 -369 -359 -328 -279 -249 -229 -198 -200 -189 -188 -191 -220 -258 -261 -278 -288 -270
02 27 -9999 -297 -308 -319 -319 -9999 -348 -368 -359 -310 -269 -242 -220 -198 -198 -188 -188 -180 -211 -238 -260 -278 -288 -270
02 28 -9999 -297 -310 -319 -310 -310 -341 -359 -359 -308 -258 -229 -207 -191 -188 -170 -179 -168 -198 -231 -249 -270 -269 -260
03 01 -9999 -292 -292 -310 -297 -299 -319 -339 -330 -288 -249 -218 -198 -168 -159 -150 -148 -148 -179 -200 -249 -261 -260 -258
03 02 -9999 -288 -292 -310 -297 -299 -308 -328 -328 -278 -238 -202 -188 -166 -148 -148 -148 -148 -168 -188 -238 -251 -249 -249
03 03 -9999 -258 -288 -288 -290 -297 -297 -299 -297 -269 -220 -189 -179 -150 -141 -141 -141 -139 -166 -180 -211 -238 -238 -247
03 04 -9999 -256 -270 -279 -290 -297 -297 -299 -297 -260 -218 -189 -179 -150 -141 -141 -141 -139 -166 -180 -211 -231 -238 -240
03 05 -9999 -258 -270 -279 -290 -297 -297 -299 -297 -260 -220 -189 -170 -150 -141 -141 -141 -139 -166 -180 -211 -231 -238 -249
03 06 -9999 -258 -270 -288 -290 -297 -297 -299 -297 -260 -220 -189 -180 -161 -141 -141 -141 -139 -166 -180 -211 -231 -238 -247
03 07 -9999 -258 -270 -288 -292 -297 -299 -308 -299 -269 -220 -189 -180 -161 -148 -148 -148 -141 -166 -180 -211 -231 -238 -249
03 08 -9999 -274 -274 -288 -297 -297 -308 -308 -299 -269 -229 -200 -188 -166 -148 -148 -148 -148 -168 -188 -211 -231 -240 -247
03 09 -9999 -270 -278 -288 -297 -297 -310 -310 -299 -260 -220 -200 -184 -161 -148 -148 -148 -141 -166 -180 -211 -231 -249 -249
03 10 -9999 -274 -279 -288 -297 -292 -310 -310 -299 -260 -218 -200 -179 -161 -148 -148 -148 -130 -166 -180 -200 -229 -240 -249
03 11 -9999 -278 -279 -288 -297 -292 -310 -310 -299 -260 -209 -189 -179 -161 -148 -148 -148 -130 -161 -170 -198 -220 -238 -249
03 12 -9999 -278 -279 -288 -292 -292 -308 -308 -297 -251 -209 -189 -170 -161 -148 -148 -148 -130 -150 -168 -189 -218 -238 -249
03 13 -9999 -274 -278 -288 -281 -288 -297 -299 -292 -249 -202 -188 -170 -150 -141 -141 -141 -119 -130 -148 -180 -209 -229 -240
03 14 -9999 -261 -274 -279 -281 -279 -292 -299 -290 -242 -198 -180 -161 -150 -141 -130 -130 -110 -130 -141 -180 -202 -229 -240
03 15 -9999 -260 -274 -278 -278 -279 -290 -297 -288 -238 -189 -170 -161 -148 -130 -130 -119 -110 -130 -141 -180 -200 -229 -238
03 16 -9999 -260 -270 -270 -274 -274 -288 -279 -278 -220 -180 -170 -152 -141 -130 -121 -112 -110 -130 -141 -180 -200 -220 -231
03 17 -9999 -258 -269 -269 -270 -269 -279 -279 -270 -220 -180 -170 -152 -141 -130 -119 -112 -110 -130 -141 -170 -200 -220 -220
03 18 -9999 -256 -256 -251 -270 -258 -274 -270 -269 -218 -180 -170 -150 -130 -119 -110 -110 -110 -121 -130 -161 -189 -211 -218
03 19 -9999 -249 -251 -249 -258 -249 -270 -249 -249 -202 -170 -152 -141 -117 -110 -110 -110 -99 -101 -130 -141 -180 -202 -200
03 20 -9999 -238 -240 -238 -240 -238 -258 -240 -242 -191 -161 -141 -130 -108 -94 -94 -99 -90 -94 -119 -130 -168 -189 -198
03 21 -9999 -231 -238 -231 -240 -238 -251 -240 -231 -180 -148 -130 -112 -101 -90 -90 -89 -80 -80 -94 -119 -141 -161 -161
03 22 -9999 -200 -220 -229 -238 -229 -249 -238 -220 -152 -130 -112 -101 -80 -81 -76 -69 -71 -76 -80 -99 -119 -148 -150
03 23 -9999 -198 -209 -218 -229 -220 -238 -229 -198 -141 -117 -110 -90 -71 -71 -60 -60 -71 -71 -78 -89 -108 -141 -150
03 24 -9999 -198 -209 -209 -229 -229 -238 -229 -188 -130 -110 -101 -90 -71 -69 -60 -60 -71 -71 -78 -80 -108 -139 -148
03 25 -9999 -184 -207 -218 -229 -229 -238 -229 -188 -130 -110 -99 -80 -71 -69 -60 -60 -60 -71 -78 -80 -99 -128 -141
03 26 -9999 -179 -198 -207 -220 -220 -238 -229 -171 -128 -108 -90 -71 -71 -60 -58 -58 -58 -62 -71 -76 -98 -128 -141
03 27 -9999 -179 -198 -207 -220 -220 -231 -229 -168 -119 -90 -80 -60 -51 -51 -40 -49 -49 -51 -60 -71 -90 -119 -119
03 28 -9999 -161 -189 -200 -209 -218 -220 -220 -161 -108 -80 -69 -49 -40 -40 -31 -40 -31 -40 -40 -60 -89 -101 -117
03 29 -9999 -152 -168 -180 -198 -207 -207 -207 -148 -90 -76 -51 -38 -29 -20 -18 -9 -20 -29 -20 -49 -71 -98 -108
03 30 -9999 -139 -159 -170 -180 -198 -189 -188 -128 -89 -69 -40 -29 -20 -9 0 -8 -9 -9 -18 -38 -60 -80 -98
03 31 -9999 -130 -141 -161 -170 -179 -188 -179 -110 -78 -58 -40 -22 -9 -9 0 0 -9 -9 -9 -29 -58 -78 -98
04 01 -9999 -130 -141 -152 -168 -170 -180 -161 -108 -78 -58 -27 -20 -9 1 1 0 0 -9 0 -20 -40 -69 -89
04 02 -9999 -128 -141 -159 -170 -170 -180 -161 -101 -71 -49 -22 -9 -8 10 10 10 0 0 0 -20 -38 -69 -80
04 03 -9999 -119 -141 -150 -161 -170 -180 -148 -94 -69 -40 -18 -9 -8 12 10 10 10 1 0 -18 -38 -60 -78
04 04 -9999 -117 -130 -141 -150 -166 -168 -141 -89 -60 -29 -9 -4 -8 12 10 12 10 10 19 -9 -27 -58 -78
04 05 -9999 -98 -119 -139 -148 -159 -161 -130 -80 -51 -22 -8 0 -8 10 10 12 10 10 10 -9 -22 -49 -71
04 06 -9999 -98 -119 -130 -139 -148 -161 -128 -80 -51 -22 -8 10 10 12 19 19 19 30 21 10 -8 -31 -58
04 07 -9999 -90 -108 -128 -130 -139 -159 -117 -69 -29 -18 1 19 19 21 21 39 39 39 32 21 1 -18 -22
04 08 -9999 -58 -78 -94 -98 -110 -128 -99 -27 -9 0 19 21 30 32 32 41 41 41 41 30 19 -4 -9
04 09 -9999 -38 -58 -60 -78 -94 -90 -69 -9 0 10 19 30 39 39 50 50 52 50 41 41 32 1 0
04 10 -9999 -20 -29 -51 -71 -78 -80 -51 -4 1 14 21 39 41 50 52 61 61 52 50 52 50 19 12
04 11 -9999 -18 -27 -40 -51 -58 -69 -29 10 12 30 32 50 61 61 61 63 63 68 68 63 61 21 30
04 12 -9999 0 -20 -38 -49 -38 -49 -9 12 21 39 39 61 63 63 63 70 72 72 81 72 63 41 32
04 13 -9999 10 -8 -18 -22 -27 -29 -4 21 32 50 41 68 79 63 70 81 72 81 82 81 72 50 41
04 14 -9999 19 12 0 -11 -20 -18 1 30 50 52 59 72 81 68 81 90 82 82 90 82 90 68 41
04 15 -9999 30 14 1 -9 -18 -11 12 32 50 61 72 86 82 81 90 99 90 91 91 91 102 72 52
04 16 -9999 41 32 19 1 -8 0 14 50 52 63 79 82 82 82 90 100 91 100 102 100 109 91 63
04 17 -9999 50 39 21 12 10 1 30 50 61 70 82 90 82 90 90 102 102 102 102 109 120 109 86
04 18 -9999 63 50 32 21 19 21 32 70 63 90 91 102 82 91 100 102 109 109 109 120 129 120 109
04 19 -9999 86 70 50 41 32 39 61 82 82 100 102 102 90 91 102 109 109 111 111 122 140 122 109
04 20 -9999 91 82 52 63 52 61 79 102 102 109 111 102 91 102 104 109 111 120 120 129 140 131 122
04 21 -9999 102 102 81 70 63 72 100 111 111 120 122 120 111 109 111 120 120 122 129 140 142 140 129
04 22 -9999 111 109 90 72 70 82 111 122 120 129 122 122 122 109 111 120 122 129 129 140 151 151 142
04 23 -9999 129 111 104 109 102 109 122 140 131 131 129 129 129 131 120 120 122 140 131 140 153 153 160
04 24 -9999 142 140 129 122 111 131 140 142 142 142 140 140 140 140 122 129 129 140 140 153 162 162 162
04 25 -9999 151 142 131 131 122 142 151 151 151 151 142 140 140 142 131 131 140 140 142 153 171 171 171
04 26 -9999 158 151 142 131 129 142 160 153 151 153 151 151 142 151 140 140 140 142 140 153 171 171 180
04 27 -9999 162 160 142 142 131 153 162 162 153 153 153 158 151 151 142 140 140 142 140 153 171 171 180
04 28 -9999 171 160 151 151 140 153 171 162 158 153 153 158 153 151 151 140 140 142 151 158 171 172 180
04 29 -9999 171 162 160 151 142 162 172 162 158 158 158 162 160 153 153 142 142 151 151 169 172 176 181
04 30 -9999 172 172 162 158 153 171 180 171 160 162 158 162 160 158 158 153 151 151 153 171 180 180 181
05 01 -9999 176 172 172 162 160 172 180 176 160 162 162 171 162 160 158 153 153 153 158 171 180 190 190
05 02 -9999 180 176 172 171 162 180 181 180 160 162 172 172 162 162 158 158 160 153 160 171 180 192 192
05 03 -9999 180 176 176 172 171 181 190 181 162 171 172 172 162 162 162 160 162 158 160 172 180 192 194
05 04 -9999 181 181 180 180 176 192 190 181 172 176 172 172 169 162 162 158 162 158 160 176 180 192 194
05 05 -9999 189 189 181 181 176 192 190 189 176 176 176 176 171 169 162 160 162 158 162 180 181 194 199
05 06 -9999 192 192 190 181 180 192 192 190 180 180 180 180 172 169 162 162 162 160 162 180 189 194 201
05 07 -9999 194 194 192 190 181 194 192 190 180 180 180 180 172 169 162 162 162 160 162 180 190 199 210
05 08 -9999 199 199 192 192 190 199 192 192 180 189 181 181 172 171 162 162 162 160 162 180 190 199 210
05 09 -9999 199 199 194 194 192 199 192 190 180 180 180 180 171 171 162 162 162 158 162 176 190 201 212
05 10 -9999 210 208 201 199 199 201 199 194 180 180 181 181 176 171 162 162 162 158 169 180 190 201 212
05 11 -9999 210 210 201 201 201 210 199 199 181 189 189 181 176 176 162 162 162 158 172 181 199 212 219
05 12 -9999 212 210 208 201 201 210 201 199 190 192 190 190 176 176 162 169 169 160 172 181 201 219 221
05 13 -9999 219 212 210 210 210 212 201 199 190 192 190 190 176 176 171 171 169 162 172 181 201 221 221
05 14 -9999 221 219 212 212 212 212 208 201 192 192 190 192 180 180 171 172 171 162 180 190 212 221 230
05 15 -9999 221 221 212 219 212 221 210 210 199 194 192 194 180 180 176 180 176 171 181 194 212 230 232
05 16 -9999 230 221 219 219 212 230 212 212 199 199 194 194 180 180 176 180 180 172 181 194 212 230 232
05 17 -9999 230 230 230 219 221 232 212 219 208 199 194 199 181 189 180 180 180 176 190 199 212 232 232
05 18 -9999 232 230 232 221 230 232 221 221 212 201 210 210 192 192 190 181 180 176 194 210 219 241 241
05 19 -9999 241 239 241 232 241 241 243 230 221 210 212 212 199 199 192 192 181 190 199 212 221 243 243
05 20 -9999 250 248 243 243 248 250 248 232 230 212 212 212 199 199 192 194 189 192 199 212 221 243 248
05 21 -9999 250 248 243 243 248 250 248 239 230 212 219 219 201 201 199 199 192 192 199 212 221 243 250
05 22 -9999 252 250 250 250 250 252 250 243 232 221 221 221 208 208 199 199 192 194 201 212 230 248 252
05 23 -9999 252 261 252 252 252 261 252 250 241 230 221 221 212 212 210 208 199 201 219 230 241 261 261
05 24 -9999 262 262 261 261 266 262 262 252 248 232 232 241 219 221 219 212 212 219 230 241 252 270 270
05 25 -9999 270 271 262 271 271 270 262 261 252 243 241 243 230 230 221 221 221 230 232 243 262 271 271
05 26 -9999 271 280 270 280 282 279 270 262 252 248 243 243 232 239 230 230 230 232 241 250 270 282 282
05 27 -9999 271 282 282 282 289 282 270 262 261 259 248 248 232 241 232 239 230 232 243 252 271 284 282
05 28 -9999 282 284 282 284 291 284 279 271 262 262 250 250 241 243 243 243 239 243 243 261 271 291 284
05 29 -9999 282 284 284 284 291 289 284 271 266 266 252 250 243 250 243 250 243 248 243 262 271 291 284
05 30 -9999 282 289 284 289 300 291 289 271 270 266 252 259 243 252 250 261 248 250 252 266 271 300 291
05 31 -9999 291 300 298 291 302 300 291 282 271 270 262 262 259 261 252 261 261 259 262 270 282 302 302
06 01 -9999 302 302 302 302 309 302 291 282 279 270 266 262 261 262 259 262 266 262 270 280 289 302 302
06 02 -9999 302 302 302 302 309 302 300 284 279 279 270 270 262 270 259 271 271 271 271 289 289 302 309
06 03 -9999 309 309 309 309 309 302 300 291 282 280 271 271 270 279 270 279 271 280 279 289 291 311 320
06 04 -9999 309 311 311 320 311 309 302 298 289 280 280 279 270 279 270 280 279 280 282 291 302 320 320
06 05 -9999 320 320 320 320 320 320 311 300 289 289 282 289 282 289 280 284 282 289 289 302 302 320 320
06 06 -9999 320 320 320 320 331 320 320 309 300 300 289 289 291 291 289 289 289 289 291 302 309 320 331
06 07 -9999 329 320 320 331 331 320 320 311 302 302 302 298 300 300 291 291 291 291 298 302 309 331 331
06 08 -9999 331 331 329 331 331 320 320 320 309 302 302 300 302 300 291 291 291 291 300 302 311 331 338
06 09 -9999 331 331 331 331 331 331 329 320 311 302 302 302 302 302 300 300 298 298 302 302 320 338 340
06 10 -9999 340 338 331 331 340 338 331 320 320 309 309 309 309 302 302 302 300 298 309 311 320 340 340
06 11 -9999 340 340 338 331 340 340 340 329 329 320 320 311 311 302 302 302 302 302 311 311 320 351 351
06 12 -9999 349 351 340 340 340 351 340 340 331 320 320 311 311 309 309 309 302 309 311 320 331 351 351
06 13 -9999 351 351 349 340 351 351 351 340 331 320 320 320 311 311 311 320 302 309 311 320 331 351 351
06 14 -9999 351 351 351 349 351 356 351 340 338 320 331 320 320 320 320 320 309 311 320 320 340 351 351
06 15 -9999 356 356 351 351 356 360 356 351 340 331 331 331 320 320 320 320 320 320 331 331 351 356 360
06 16 -9999 360 360 360 360 360 360 360 351 340 331 338 331 331 331 320 320 320 331 331 331 351 360 370
06 17 -9999 370 360 360 369 360 360 360 351 351 340 340 340 331 331 331 331 320 331 338 340 351 370 374
06 18 -9999 374 360 370 370 370 370 360 356 351 340 340 340 338 331 331 331 320 331 340 340 360 370 379
06 19 -9999 379 360 370 370 370 370 370 360 351 340 340 340 340 331 338 331 331 331 340 340 360 370 379
06 20 -9999 379 370 370 370 370 370 370 360 351 340 340 340 340 331 340 340 331 338 340 340 360 370 379
06 21 -9999 379 374 370 370 379 370 370 360 351 340 340 340 340 331 340 340 340 340 340 340 360 370 379
06 22 -9999 379 379 370 370 379 370 370 360 351 340 340 340 340 340 340 340 340 340 340 340 360 374 390
06 23 -9999 388 379 374 370 379 370 370 360 351 340 351 351 349 349 340 340 340 340 340 351 360 379 399
06 24 -9999 390 379 379 379 379 374 370 360 356 351 351 351 351 351 340 349 340 351 351 360 370 390 399
06 25 -9999 390 390 379 379 388 379 370 360 360 356 356 351 351 351 340 340 340 351 351 360 370 390 399
06 26 -9999 390 390 379 379 388 379 374 370 360 356 360 351 351 351 349 349 340 351 351 360 370 390 399
06 27 -9999 390 390 379 379 390 379 379 370 360 360 360 351 351 356 351 351 351 351 356 369 374 390 399
06 28 -9999 392 390 379 379 390 388 379 379 369 369 360 360 356 356 351 351 351 356 360 369 379 392 399
06 29 -9999 399 392 390 390 392 390 388 379 370 370 360 360 360 356 351 351 356 360 360 370 379 399 399
06 30 -9999 399 392 390 390 399 390 390 379 370 370 369 360 360 360 351 360 360 369 369 370 379 399 410
07 01 -9999 399 392 390 390 399 399 399 379 379 379 370 370 360 360 360 360 360 370 370 379 390 399 410
07 02 -9999 399 399 392 392 399 399 399 399 390 388 379 374 370 369 360 360 369 379 379 388 390 410 410
07 03 -9999 410 399 392 399 410 410 410 399 392 390 379 379 370 374 370 369 370 379 388 392 392 410 410
07 04 -9999 410 410 399 399 410 410 410 410 399 399 390 379 379 374 374 370 370 379 390 392 399 410 421
07 05 -9999 410 410 399 410 410 419 410 419 410 410 399 388 388 379 379 374 374 379 390 399 399 410 421
07 06 -9999 410 410 410 410 410 421 410 419 410 410 399 390 388 379 379 379 379 379 392 399 399 421 421
07 07 -9999 410 419 410 410 410 421 419 421 410 410 399 390 390 379 388 388 379 388 399 399 410 421 421
07 08 -9999 419 421 410 410 410 421 421 421 410 410 399 399 390 388 390 390 390 390 399 399 410 421 421
07 09 -9999 421 421 410 410 421 421 421 421 410 410 399 399 390 390 390 390 390 390 392 399 410 421 421
07 10 -9999 419 421 410 410 421 421 421 421 410 410 410 399 392 390 392 390 390 390 399 399 410 421 421
07 11 -9999 421 410 410 410 421 421 421 421 410 410 399 399 392 390 390 390 390 390 399 399 410 421 421
07 12 -9999 421 419 410 410 421 421 421 421 410 410 410 399 399 392 392 390 390 390 399 399 410 428 428
07 13 -9999 421 410 410 410 421 421 421 421 410 410 410 399 399 399 399 390 390 390 399 399 410 421 428
07 14 -9999 421 419 410 410 421 421 421 421 410 410 410 399 392 399 392 390 390 390 390 399 410 421 428
07 15 -9999 421 410 410 410 421 421 421 421 410 410 399 399 399 392 392 390 390 390 390 399 410 428 430
07 16 -9999 421 410 410 410 421 421 421 421 410 399 399 399 390 392 390 390 390 390 390 399 410 428 428
07 17 -9999 421 410 410 410 421 421 421 410 399 399 399 392 390 390 390 390 390 390 390 399 410 428 428
07 18 -9999 421 410 410 410 421 421 421 410 399 399 399 392 390 390 390 390 390 390 390 399 410 421 421
07 19 -9999 421 410 410 410 421 421 421 410 410 399 399 399 390 390 390 390 390 390 390 399 410 421 421
07 20 -9999 421 410 410 410 410 421 421 410 399 399 399 399 390 390 390 390 390 390 390 399 410 421 421
07 21 -9999 419 410 410 399 410 421 421 410 410 399 399 399 390 390 390 390 390 390 390 399 410 421 421
07 22 -9999 421 410 410 399 410 421 421 410 410 399 399 399 390 390 390 390 392 390 390 399 410 421 421
07 23 -9999 421 410 410 399 410 421 421 410 410 399 399 399 390 390 390 390 392 390 390 399 410 428 421
07 24 -9999 421 410 399 399 410 421 421 410 410 399 399 399 390 390 390 388 390 390 390 399 410 421 421
07 25 -9999 421 410 410 399 410 419 421 410 410 399 399 399 390 390 390 388 392 390 390 399 410 421 421
07 26 -9999 419 410 410 399 399 410 419 410 410 399 399 399 390 390 390 388 390 390 390 392 410 421 421
07 27 -9999 410 399 399 399 399 410 410 410 410 399 399 399 390 390 379 379 390 379 388 390 410 421 410
07 28 -9999 410 399 399 390 392 399 410 410 410 399 399 399 390 390 379 379 392 379 390 399 410 421 410
07 29 -9999 410 399 399 390 392 410 410 410 410 399 399 399 390 390 379 388 392 390 390 399 410 421 410
07 30 -9999 410 399 399 390 390 399 410 410 410 399 399 399 390 390 379 390 390 390 390 399 410 421 410
07 31 -9999 410 399 399 390 390 399 410 410 410 399 399 399 390 390 379 390 392 390 392 399 410 421 410
08 01 -9999 410 399 392 390 390 399 410 410 410 399 399 399 390 390 379 379 388 379 390 399 410 419 410
08 02 -9999 410 399 392 390 390 399 410 410 410 399 399 399 390 379 379 379 379 379 390 399 399 410 410
08 03 -9999 399 399 390 390 388 399 399 410 410 399 399 399 390 379 379 379 379 379 390 399 399 410 410
08 04 -9999 399 399 390 390 388 399 399 410 410 399 392 399 390 379 379 379 379 379 390 399 399 410 410
08 05 -9999 399 392 390 388 379 399 399 410 410 399 390 392 390 379 370 379 379 379 390 392 399 399 410
08 06 -9999 399 392 390 390 379 392 399 399 410 399 390 390 390 379 370 379 370 379 390 392 399 399 410
08 07 -9999 392 390 390 379 374 392 399 399 399 399 390 390 379 370 370 370 370 379 388 390 399 399 410
08 08 -9999 392 390 390 379 370 390 399 399 399 392 390 390 379 370 370 370 370 379 379 392 399 399 399
08 09 -9999 390 390 388 379 370 390 390 399 399 392 390 390 379 370 370 379 370 374 379 390 399 399 399
08 10 -9999 390 390 379 379 370 390 390 399 399 390 390 388 379 370 370 379 370 374 379 390 399 399 399
08 11 -9999 390 390 379 379 370 388 390 399 399 390 379 379 379 370 370 370 370 370 379 390 392 399 399
08 12 -9999 390 390 379 379 370 379 390 399 399 390 379 370 370 360 360 369 360 370 374 388 390 399 390
08 13 -9999 390 379 379 370 360 374 379 390 379 379 370 370 360 360 360 360 360 369 370 379 390 399 390
08 14 -9999 379 379 370 370 356 370 379 390 379 379 370 370 360 360 356 360 360 360 370 379 390 392 390
08 15 -9999 379 379 370 370 351 370 379 390 379 379 370 370 360 360 356 360 360 360 370 379 379 390 390
08 16 -9999 374 374 370 360 340 360 370 379 370 370 370 369 360 360 356 360 360 360 369 379 379 392 390
08 17 -9999 370 370 360 356 340 360 370 370 370 370 370 360 360 360 351 360 360 360 360 379 379 390 390
08 18 -9999 370 370 356 351 340 351 360 370 370 370 370 360 360 356 351 356 360 360 360 374 379 390 379
08 19 -9999 370 360 351 349 338 349 360 369 370 369 360 360 356 351 351 351 360 360 360 370 370 390 379
08 20 -9999 360 360 351 349 331 340 356 360 360 360 360 360 351 349 349 351 351 356 360 370 370 390 374
08 21 -9999 356 351 349 340 320 340 351 360 360 360 360 360 349 349 340 349 351 351 360 370 369 379 370
08 22 -9999 351 351 340 338 320 331 349 360 351 356 356 351 349 349 340 340 340 351 360 360 360 374 360
08 23 -9999 351 340 340 331 320 331 340 351 351 351 351 351 340 340 340 340 340 340 356 360 360 374 360
08 24 -9999 349 340 340 331 311 329 340 351 349 351 351 340 340 340 340 340 340 340 351 360 360 370 351
08 25 -9999 340 340 331 320 311 320 340 351 340 351 349 340 340 338 338 331 331 340 351 360 356 360 351
08 26 -9999 340 340 331 320 311 320 340 351 340 349 340 340 338 331 331 331 331 340 351 356 356 360 351
08 27 -9999 340 340 331 320 309 320 340 351 340 351 351 340 340 338 338 331 331 340 351 351 351 351 340
08 28 -9999 338 340 331 320 309 311 331 349 340 340 340 340 331 331 331 331 331 331 349 351 351 351 340
08 29 -9999 331 331 320 311 302 309 320 340 331 340 340 338 331 331 320 320 320 320 340 349 340 349 338
08 30 -9999 320 320 320 309 302 302 320 338 329 338 331 329 320 320 320 320 320 320 340 340 340 340 331
08 31 -9999 320 320 311 302 302 302 320 331 320 331 329 320 320 320 320 311 311 320 338 340 340 340 331
09 01 -9999 320 311 311 302 300 298 311 320 320 329 320 320 320 320 311 309 311 311 331 338 340 338 329
09 02 -9999 311 309 309 302 291 291 311 320 320 320 320 320 309 311 309 302 302 302 329 331 331 331 320
09 03 -9999 309 302 300 291 284 289 302 320 320 320 320 320 302 302 302 300 298 302 320 331 331 320 320
09 04 -9999 309 302 291 291 282 282 302 311 320 320 311 320 302 302 300 298 291 300 311 320 320 320 320
09 05 -9999 302 302 291 291 280 282 302 311 311 311 311 309 302 302 291 291 284 289 309 320 320 320 320
09 06 -9999 302 300 291 291 279 280 298 302 311 309 302 302 300 298 284 289 280 289 309 320 320 320 320
09 07 -9999 302 300 291 291 271 280 291 302 311 309 302 302 298 291 284 284 279 284 302 320 311 320 309
09 08 -9999 302 291 289 282 271 270 284 302 302 302 302 298 291 284 282 284 271 280 300 311 309 309 302
09 09 -9999 291 282 282 271 266 262 280 284 298 291 298 289 289 282 271 271 266 271 291 302 302 302 300
09 10 -9999 282 279 271 270 262 252 262 271 284 284 289 282 282 271 270 270 262 266 282 300 298 291 291
09 11 -9999 279 271 262 261 252 250 261 270 280 282 271 280 270 261 262 261 252 261 279 284 280 284 282
09 12 -9999 266 262 261 250 250 248 250 262 266 270 270 266 252 248 250 248 243 252 270 282 279 279 279
09 13 -9999 266 261 259 250 243 248 250 262 262 262 262 262 248 241 239 239 239 250 270 270 270 270 270
09 14 -9999 262 259 259 243 243 239 243 259 252 262 252 250 243 232 230 230 230 243 252 250 252 262 262
09 15 -9999 259 250 250 243 232 232 241 250 243 252 243 243 239 232 230 230 221 232 243 243 250 261 252
09 16 -9999 250 241 243 243 221 219 230 241 241 232 239 230 221 230 221 219 219 221 230 241 241 243 239
09 17 -9999 241 221 232 230 219 212 212 232 232 230 230 221 221 219 219 212 210 212 230 230 230 241 230
09 18 -9999 230 219 219 221 212 212 212 230 230 230 221 219 219 212 212 210 208 210 221 221 230 232 230
09 19 -9999 221 210 210 212 208 208 208 221 221 221 219 219 210 212 212 210 208 210 212 221 221 232 230
09 20 -9999 219 201 210 212 199 199 199 219 219 210 210 210 201 201 210 199 199 201 210 219 221 230 221
09 21 -9999 210 199 199 199 192 190 194 219 212 210 210 210 201 201 210 201 199 208 210 219 219 219 210
09 22 -9999 201 192 194 192 190 181 190 212 212 210 210 201 199 199 201 199 194 208 210 212 212 219 210
09 23 -9999 201 190 192 192 190 181 190 210 212 210 210 201 199 201 210 201 199 210 212 212 212 212 210
09 24 -9999 201 190 190 190 190 180 190 210 212 210 210 201 199 199 210 199 199 210 210 212 212 212 201
09 25 -9999 199 190 189 190 190 180 190 201 210 208 210 201 199 199 201 194 192 199 201 208 208 210 199
09 26 -9999 190 181 180 181 180 176 176 194 210 201 201 201 199 194 199 192 194 199 201 201 208 208 194
09 27 -9999 180 180 180 181 180 172 171 194 210 201 199 199 199 194 199 192 199 199 199 194 199 199 190
09 28 -9999 176 180 180 180 176 160 160 181 194 199 192 199 199 194 194 190 192 199 199 199 194 199 190
09 29 -9999 176 176 176 180 172 160 153 180 194 194 190 199 199 194 194 190 192 194 194 194 192 194 189
09 30 -9999 176 176 171 176 162 158 153 176 180 192 190 199 194 192 192 190 192 192 194 192 180 194 181
10 01 -9999 176 176 171 172 160 158 153 162 176 181 181 194 194 192 192 190 194 194 194 192 180 192 181
10 02 -9999 176 176 171 171 162 153 153 162 176 181 181 194 194 194 192 190 194 194 192 190 180 181 180
10 03 -9999 176 176 171 172 162 158 153 162 176 180 189 194 194 192 190 190 192 192 190 181 180 180 176
10 04 -9999 171 171 162 162 158 153 153 158 172 176 181 190 194 190 190 190 190 190 181 180 176 180 176
10 05 -9999 162 162 158 153 153 140 140 151 162 171 180 181 181 189 181 181 190 189 181 172 171 172 172
10 06 -9999 160 158 142 140 140 129 122 129 153 162 172 172 172 180 176 180 180 180 172 153 158 158 153
10 07 -9999 140 140 122 129 122 120 120 122 142 153 162 171 171 172 172 171 171 169 158 142 142 140 140
10 08 -9999 122 118 109 104 102 102 102 102 131 142 158 158 162 171 162 169 160 160 153 140 140 129 122
10 09 -9999 102 102 91 90 86 86 91 90 120 140 151 153 158 158 160 158 158 153 151 122 122 111 109
10 10 -9999 91 86 82 72 82 72 81 86 109 129 140 142 153 153 153 153 153 151 140 111 111 104 102
10 11 -9999 82 72 70 68 68 63 63 68 91 120 131 140 151 151 153 151 153 140 131 109 102 99 90
10 12 -9999 81 70 63 52 59 59 59 61 90 109 122 131 140 142 142 140 142 140 122 109 102 91 86
10 13 -9999 61 61 52 50 50 50 52 52 86 104 122 129 131 140 140 140 140 122 111 102 90 86 68
10 14 -9999 50 50 39 41 39 39 39 50 72 100 111 122 131 131 131 131 129 122 104 99 90 82 63
10 15 -9999 50 39 32 32 30 30 32 50 68 91 109 118 120 122 131 122 122 111 91 86 82 72 59
10 16 -9999 39 32 19 19 19 19 30 32 63 86 102 109 111 118 122 118 111 104 90 72 70 61 41
10 17 -9999 32 19 14 10 14 10 14 21 50 81 91 102 109 111 120 111 109 99 70 50 61 50 32
10 18 -9999 21 19 10 0 14 1 12 14 39 72 90 91 99 104 111 104 102 86 68 41 50 41 30
10 19 -9999 14 12 1 0 0 -4 0 0 30 63 82 90 90 86 91 99 86 72 61 39 39 32 19
10 20 -9999 1 1 0 -4 -9 -11 -8 0 14 52 68 82 82 81 82 82 72 63 50 32 28 28 12
10 21 -9999 -11 -9 -8 -11 -20 -18 -9 -4 0 41 52 61 63 63 72 72 59 39 32 19 12 9 0
10 22 -9999 -22 -29 -27 -22 -29 -27 -27 -20 -9 19 39 50 52 52 61 61 50 28 12 0 -8 -8 -4
10 23 -9999 -27 -40 -40 -38 -38 -40 -38 -29 -20 14 32 39 41 50 50 52 39 14 -4 -9 -38 -9 -4
10 24 -9999 -29 -40 -49 -49 -40 -69 -49 -49 -31 0 21 32 32 39 41 50 21 -4 -20 -40 -49 -29 -22
10 25 -9999 -69 -71 -62 -60 -51 -71 -69 -60 -38 -18 9 19 32 32 32 41 14 -9 -22 -40 -49 -51 -27
10 26 -9999 -69 -76 -69 -60 -51 -89 -76 -78 -49 -27 -4 12 14 21 32 32 1 -20 -29 -62 -58 -69 -49
10 27 -9999 -71 -80 -71 -78 -69 -94 -78 -80 -69 -38 -9 10 12 19 21 28 -8 -29 -40 -76 -62 -78 -71
10 28 -9999 -80 -98 -90 -90 -90 -99 -90 -94 -89 -49 -20 0 1 10 12 19 -9 -40 -49 -80 -69 -81 -76
10 29 -9999 -98 -99 -94 -90 -94 -99 -90 -94 -90 -58 -27 -18 0 0 1 9 -20 -40 -51 -80 -76 -99 -90
10 30 -9999 -99 -112 -110 -108 -99 -117 -110 -108 -112 -60 -40 -27 -9 -8 -9 -18 -29 -58 -76 -90 -94 -112 -94
10 31 -9999 -112 -117 -112 -112 -110 -130 -119 -128 -128 -94 -51 -40 -40 -20 -22 -22 -49 -80 -98 -110 -119 -130 -128
11 01 -9999 -130 -130 -148 -139 -139 -148 -130 -148 -139 -119 -94 -62 -51 -38 -40 -40 -71 -98 -117 -130 -141 -141 -139
11 02 -9999 -150 -150 -168 -159 -148 -152 -148 -148 -148 -128 -99 -71 -58 -40 -40 -51 -80 -110 -130 -141 -148 -150 -150
11 03 -9999 -159 -166 -170 -170 -166 -168 -166 -161 -159 -130 -117 -89 -69 -51 -51 -58 -112 -119 -141 -148 -159 -168 -166
11 04 -9999 -170 -188 -180 -189 -168 -180 -170 -170 -168 -141 -119 -98 -76 -62 -62 -78 -128 -139 -148 -150 -159 -170 -168
11 05 -9999 -184 -189 -180 -200 -180 -202 -189 -184 -179 -148 -128 -98 -80 -71 -78 -90 -130 -148 -148 -150 -161 -170 -180
11 06 -9999 -184 -191 -200 -202 -198 -202 -189 -188 -188 -161 -130 -110 -99 -80 -90 -99 -139 -161 -161 -159 -166 -179 -188
11 07 -9999 -198 -207 -209 -207 -229 -220 -207 -207 -200 -179 -148 -128 -110 -94 -108 -128 -148 -170 -168 -179 -180 -189 -200
11 08 -9999 -202 -218 -209 -218 -220 -229 -207 -211 -202 -188 -150 -139 -130 -117 -130 -141 -159 -179 -180 -188 -198 -198 -207
11 09 -9999 -229 -218 -218 -218 -229 -229 -209 -211 -202 -198 -150 -141 -130 -128 -139 -148 -161 -180 -198 -200 -200 -207 -220
11 10 -9999 -231 -220 -238 -220 -231 -240 -231 -231 -220 -200 -170 -148 -130 -130 -141 -161 -166 -180 -200 -200 -207 -207 -229
11 11 -9999 -231 -238 -240 -231 -240 -249 -238 -249 -231 -220 -179 -159 -148 -141 -141 -179 -180 -188 -209 -209 -218 -218 -229
11 12 -9999 -238 -238 -242 -240 -240 -249 -249 -249 -240 -231 -189 -171 -161 -148 -150 -180 -191 -202 -220 -218 -229 -229 -238
11 13 -9999 -240 -240 -258 -249 -256 -249 -251 -251 -249 -238 -207 -188 -179 -166 -179 -180 -207 -220 -220 -218 -231 -238 -249
11 14 -9999 -242 -249 -258 -251 -270 -251 -251 -258 -251 -240 -211 -198 -184 -171 -180 -188 -211 -229 -229 -220 -238 -240 -251
11 15 -9999 -249 -251 -258 -256 -278 -258 -258 -260 -256 -258 -220 -207 -189 -188 -180 -198 -218 -231 -220 -220 -238 -240 -249
11 16 -9999 -240 -249 -258 -251 -274 -258 -258 -269 -256 -269 -238 -218 -200 -189 -189 -198 -218 -238 -229 -229 -238 -238 -231
11 17 -9999 -238 -240 -242 -251 -260 -251 -258 -260 -261 -256 -238 -220 -207 -189 -198 -202 -220 -238 -229 -231 -238 -240 -231
11 18 -9999 -238 -238 -242 -249 -258 -251 -251 -258 -269 -258 -238 -220 -207 -191 -198 -218 -220 -238 -229 -229 -238 -238 -229
11 19 -9999 -231 -231 -238 -240 -256 -256 -258 -269 -270 -270 -249 -229 -207 -200 -207 -220 -231 -240 -240 -242 -258 -249 -238
11 20 -9999 -238 -240 -249 -249 -270 -269 -261 -269 -278 -278 -256 -231 -211 -207 -229 -231 -242 -251 -251 -258 -269 -258 -256
11 21 -9999 -240 -249 -251 -251 -274 -269 -261 -269 -278 -288 -260 -238 -220 -218 -238 -242 -256 -258 -261 -260 -270 -261 -256
11 22 -9999 -249 -251 -258 -251 -274 -269 -269 -274 -278 -290 -269 -249 -231 -220 -238 -256 -261 -258 -269 -270 -270 -278 -260
11 23 -9999 -270 -256 -258 -260 -281 -270 -288 -274 -278 -297 -270 -251 -242 -249 -249 -260 -278 -270 -274 -278 -278 -288 -269
11 24 -9999 -274 -258 -274 -274 -288 -281 -292 -288 -288 -297 -278 -258 -256 -251 -261 -270 -288 -274 -288 -290 -290 -290 -270
11 25 -9999 -288 -269 -290 -288 -290 -308 -308 -292 -308 -301 -288 -269 -261 -261 -270 -278 -290 -279 -290 -297 -288 -290 -274
11 26 -9999 -290 -279 -310 -297 -308 -310 -319 -310 -319 -299 -292 -274 -278 -269 -288 -279 -292 -297 -290 -299 -292 -290 -279
11 27 -9999 -290 -279 -310 -299 -308 -310 -321 -328 -328 -310 -299 -279 -278 -269 -288 -288 -292 -297 -290 -299 -301 -297 -297
11 28 -9999 -292 -290 -310 -297 -310 -310 -319 -321 -328 -310 -297 -281 -278 -269 -288 -290 -299 -301 -290 -299 -292 -292 -299
11 29 -9999 -301 -290 -310 -299 -310 -310 -319 -321 -328 -310 -301 -290 -279 -270 -288 -290 -308 -310 -308 -308 -308 -308 -308
11 30 -9999 -308 -290 -310 -299 -310 -310 -319 -310 -328 -328 -310 -297 -279 -279 -290 -292 -301 -310 -308 -308 -308 -308 -310
12 01 -9999 -299 -290 -310 -299 -308 -308 -308 -308 -328 -328 -310 -299 -288 -288 -292 -292 -301 -310 -308 -310 -308 -310 -310
12 02 -9999 -308 -292 -297 -297 -308 -308 -301 -308 -319 -328 -310 -308 -290 -290 -297 -297 -308 -310 -308 -310 -310 -310 -310
12 03 -9999 -310 -308 -308 -308 -308 -310 -308 -310 -319 -328 -310 -310 -292 -297 -310 -299 -310 -310 -310 -310 -310 -310 -321
12 04 -9999 -310 -308 -310 -9999 -310 -319 -310 -321 -321 -330 -310 -310 -292 -297 -310 -308 -319 -319 -310 -310 -310 -319 -321
12 05 -9999 -310 -308 -310 -9999 -310 -310 -310 -321 -321 -328 -310 -310 -292 -297 -310 -308 -310 -310 -308 -310 -310 -319 -321
12 06 -9999 -310 -310 -310 -9999 -310 -310 -310 -321 -319 -328 -310 -310 -292 -297 -299 -308 -308 -301 -299 -299 -308 -310 -321
12 07 -9999 -310 -310 -310 -308 -310 -310 -310 -310 -310 -328 -310 -308 -292 -297 -299 -299 -299 -299 -299 -310 -308 -310 -321
12 08 -9999 -308 -319 -310 -308 -310 -310 -310 -308 -310 -321 -310 -308 -292 -297 -301 -299 -299 -299 -299 -299 -301 -310 -321
12 09 -9999 -308 -319 -310 -308 -310 -308 -299 -301 -310 -319 -310 -308 -290 -297 -299 -308 -299 -299 -299 -299 -308 -310 -321
12 10 -9999 -308 -310 -310 -308 -310 -308 -297 -297 -310 -310 -308 -299 -290 -297 -299 -299 -297 -299 -299 -299 -308 -310 -321
12 11 -9999 -308 -310 -310 -310 -319 -301 -297 -299 -310 -310 -308 -299 -290 -297 -299 -299 -299 -299 -299 -299 -308 -310 -321
12 12 -9999 -308 -310 -310 -310 -319 -299 -297 -297 -299 -310 -308 -299 -288 -297 -301 -308 -297 -299 -299 -299 -308 -310 -310
12 13 -9999 -308 -319 -319 -310 -319 -308 -297 -297 -308 -301 -308 -299 -290 -297 -308 -308 -299 -299 -299 -299 -310 -310 -321
12 14 -9999 -310 -321 -319 -308 -319 -310 -299 -299 -301 -299 -308 -299 -290 -292 -308 -308 -299 -299 -299 -299 -310 -310 -310
12 15 -9999 -310 -321 -321 -308 -319 -310 -308 -310 -301 -299 -299 -292 -288 -290 -308 -308 -308 -299 -299 -299 -310 -310 -310
12 16 -9999 -310 -321 -321 -310 -319 -308 -310 -310 -308 -299 -299 -292 -290 -292 -308 -310 -308 -299 -299 -299 -319 -310 -319
12 17 -9999 -310 -321 -321 -310 -319 -310 -310 -310 -310 -308 -299 -292 -278 -290 -299 -308 -299 -299 -299 -299 -310 -310 -310
12 18 -9999 -308 -319 -310 -299 -310 -310 -310 -310 -299 -299 -297 -288 -270 -290 -288 -288 -292 -292 -299 -292 -310 -299 -310
12 19 -9999 -308 -310 -310 -299 -310 -299 -308 -299 -299 -297 -297 -290 -274 -290 -288 -279 -290 -290 -292 -290 -308 -299 -308
12 20 -9999 -308 -310 -310 -299 -310 -308 -308 -299 -299 -297 -299 -290 -279 -290 -290 -288 -292 -292 -292 -292 -308 -299 -308
12 21 -9999 -299 -299 -310 -310 -310 -308 -310 -310 -308 -299 -308 -290 -288 -290 -299 -299 -292 -297 -308 -310 -310 -310 -308
12 22 -9999 -308 -308 -310 -310 -308 -308 -310 -310 -299 -299 -308 -292 -290 -292 -299 -299 -297 -299 -308 -299 -310 -299 -299
12 23 -9999 -308 -299 -308 -319 -310 -308 -310 -310 -299 -310 -299 -290 -290 -290 -299 -299 -297 -299 -308 -299 -308 -308 -308
12 24 -9999 -310 -310 -310 -319 -319 -310 -310 -310 -299 -310 -299 -297 -290 -292 -308 -292 -299 -308 -308 -310 -308 -310 -321
12 25 -9999 -310 -321 -328 -328 -328 -319 -310 -328 -319 -321 -308 -297 -290 -290 -299 -299 -310 -310 -310 -321 -330 -330 -339
12 26 -9999 -321 -341 -330 -341 -9999 -341 -328 -346 -339 -330 -321 -292 -290 -290 -288 -310 -319 -328 -319 -328 -339 -341 -346
12 27 -9999 -9999 -346 -9999 -359 -9999 -341 -328 -359 -341 -339 -321 -310 -290 -290 -290 -310 -328 -328 -321 -339 -346 -346 -348
12 28 -9999 -9999 -348 -350 -360 -9999 -341 -339 -359 -341 -346 -339 -310 -308 -292 -292 -310 -328 -328 -321 -339 -346 -348 -9999 
12 29 -9999 -9999 -9999 -9999 -9999 -9999 -341 -346 -360 -346 -348 -346 -328 -310 -297 -301 -328 -332 -328 -328 -346 -348 -359 -9999 
12 30 -9999 -9999 -9999 -9999 -9999 -9999 -341 -359 -364 -364 -364 -364 -346 -328 -319 -310 -332 -348 -346 -348 -364 -360 -378 -9999 
12 31 -9999 -9999 -9999 -9999 -9999 -9999 -360 -364 -382 -378 -371 -378 -360 -348 -341 -330 -364 -364 -364 -380 -400 -400 -391 -9999 
