01 01 -9999 140 142 122 140 140 131 122 131 131 140 162 153 140 140 160 131 122 153 149 131 131 131 122
01 02 -9999 142 142 140 140 140 131 122 131 131 140 162 151 140 140 160 129 120 151 131 131 122 131 122
01 03 -9999 140 140 131 140 140 120 120 131 131 140 160 142 140 140 160 140 122 151 149 140 131 140 129
01 04 -9999 151 142 140 142 140 140 131 131 131 140 162 153 151 151 162 142 140 160 160 153 151 151 142
01 05 -9999 160 151 151 153 151 140 140 149 142 153 162 160 151 151 171 160 151 160 160 153 151 160 151
01 06 -9999 160 151 151 158 153 142 151 151 160 160 176 169 153 169 176 172 158 172 169 160 153 160 151
01 07 -9999 167 153 153 160 158 149 158 158 160 162 176 171 160 171 176 176 160 172 171 160 160 162 160
01 08 -9999 171 160 158 160 171 158 162 160 171 171 176 176 171 181 176 176 172 176 181 172 171 162 171
01 09 -9999 176 171 172 176 180 172 169 171 172 176 181 194 194 194 199 181 192 190 190 180 172 176 176
01 10 -9999 181 180 192 180 189 180 176 180 180 190 192 208 201 210 208 199 199 192 201 181 180 189 181
01 11 -9999 190 181 194 180 189 189 180 189 199 199 199 212 212 212 212 212 201 194 212 190 192 189 192
01 12 -9999 190 181 194 181 194 190 181 190 199 199 199 212 212 212 212 212 201 199 212 201 194 194 192
01 13 -9999 194 192 199 190 199 194 190 194 199 201 199 212 212 219 212 212 212 199 212 210 201 199 194
01 14 -9999 219 194 199 192 208 194 199 194 199 212 210 212 212 221 212 219 219 212 219 212 210 199 219
01 15 -9999 221 199 208 194 212 194 199 194 199 201 208 210 212 212 212 221 212 212 221 201 201 199 212
01 16 -9999 219 199 199 190 201 194 190 192 199 199 199 210 212 208 212 219 212 212 219 199 201 208 212
01 17 -9999 221 201 210 194 208 194 190 194 194 210 199 208 212 199 210 212 201 212 212 199 199 199 201
01 18 -9999 212 199 210 192 208 194 190 194 194 199 199 208 208 199 208 199 201 199 212 194 199 199 199
01 19 -9999 210 194 210 194 201 194 199 194 194 201 199 208 208 199 199 199 199 199 199 192 194 194 194
01 20 -9999 199 192 199 194 201 194 194 192 194 199 199 199 208 199 194 199 199 199 199 192 194 194 194
01 21 -9999 199 194 194 192 199 194 194 194 190 199 199 199 201 199 194 192 199 190 199 190 189 194 194
01 22 -9999 199 192 194 180 192 192 181 190 189 199 194 194 201 192 190 194 190 190 194 181 189 192 181
01 23 -9999 194 190 192 180 181 181 181 189 181 199 194 194 201 180 190 192 189 189 190 189 189 192 180
01 24 -9999 190 190 192 180 181 189 180 189 180 194 190 192 199 180 180 189 180 190 190 181 181 181 180
01 25 -9999 190 189 192 176 180 180 180 180 176 190 190 190 180 180 180 180 180 181 190 180 180 180 180
01 26 -9999 181 176 190 172 176 180 180 180 176 190 181 190 180 176 176 180 176 181 181 180 181 180 180
01 27 -9999 181 181 190 172 176 180 180 180 176 190 190 194 199 180 189 192 180 181 190 181 181 181 180
01 28 -9999 190 189 190 180 180 180 180 181 181 194 194 199 201 192 199 199 192 190 190 189 189 192 180
01 29 -9999 190 190 190 180 180 180 180 189 190 199 199 208 208 199 201 199 199 199 194 190 194 199 181
01 30 -9999 194 190 192 192 181 189 181 189 194 199 210 210 210 199 210 210 199 199 199 192 194 208 199
01 31 -9999 199 192 199 194 192 189 189 192 199 201 212 208 210 199 210 210 199 199 199 192 199 208 199
02 01 -9999 199 192 199 194 190 189 189 189 199 201 212 210 212 199 212 210 210 212 199 194 201 210 208
02 02 -9999 199 194 199 194 190 190 190 194 201 208 212 210 212 210 219 212 210 212 199 199 210 212 212
02 03 -9999 201 194 199 194 190 190 190 194 201 208 212 210 212 210 219 212 210 212 199 194 210 212 212
02 04 -9999 201 201 208 194 190 190 189 199 201 208 212 208 210 210 212 212 212 212 199 194 210 212 212
02 05 -9999 201 194 199 194 190 189 190 199 208 208 212 201 210 201 210 212 212 212 199 194 210 210 210
02 06 -9999 199 199 199 199 194 192 192 199 210 212 219 210 219 212 212 219 212 221 212 212 212 212 212
02 07 -9999 199 201 208 201 199 192 199 199 208 212 212 210 212 210 212 212 212 230 212 212 212 212 212
02 08 -9999 199 201 208 199 199 192 199 199 210 212 212 210 212 210 212 219 212 221 212 212 219 212 212
02 09 -9999 199 201 208 199 199 192 199 199 210 212 212 201 210 201 201 212 212 221 212 199 212 212 212
02 10 -9999 199 199 208 194 199 192 199 199 201 210 210 201 208 201 199 212 212 212 201 199 212 212 212
02 11 -9999 199 199 201 194 199 189 190 199 199 208 210 194 199 199 199 210 210 210 199 192 210 212 210
02 12 -9999 190 190 199 192 190 181 189 192 192 208 194 192 192 192 181 201 190 199 199 190 208 210 208
02 13 -9999 190 190 192 192 190 180 181 189 189 192 189 189 192 181 180 194 176 180 181 181 199 199 199
02 14 -9999 190 189 192 190 181 172 180 180 181 189 181 181 190 189 180 194 176 192 190 181 201 192 199
02 15 -9999 190 189 192 190 181 180 181 189 189 192 189 181 189 189 180 201 176 180 181 181 199 190 192
02 16 -9999 189 180 189 189 172 172 180 180 181 189 181 181 181 181 180 194 172 172 171 172 192 181 180
02 17 -9999 180 171 180 180 169 172 172 172 180 181 180 180 180 180 172 180 169 171 162 169 181 180 180
02 18 -9999 172 162 180 176 162 169 169 172 172 180 180 162 180 180 172 189 169 162 162 171 180 180 180
02 19 -9999 171 160 171 169 169 169 169 172 180 181 180 162 181 180 180 192 172 171 171 180 180 180 180
02 20 -9999 171 160 172 180 169 171 171 180 180 189 180 180 181 181 180 190 181 172 172 180 181 180 180
02 21 -9999 180 162 171 172 169 169 169 171 180 189 180 162 181 180 180 181 176 172 169 171 180 172 172
02 22 -9999 162 160 171 171 169 169 162 169 172 181 180 172 181 180 180 190 181 172 171 172 180 172 172
02 23 181 171 162 171 171 169 169 162 169 172 181 180 176 181 181 180 192 181 172 171 172 180 172 172
02 24 -9999 162 160 171 169 162 160 160 162 171 172 180 172 181 181 180 192 181 171 171 176 180 171 176
02 25 181 171 160 169 160 160 160 160 160 162 172 172 162 180 180 180 190 181 171 169 171 176 169 172
02 26 -9999 171 160 160 160 158 158 158 160 162 172 172 162 180 176 180 190 181 171 169 169 172 169 172
02 27 -9999 162 160 160 158 158 153 153 158 160 169 172 162 176 172 180 181 181 162 162 162 162 160 162
02 28 162 160 149 151 140 153 153 140 149 158 162 162 160 169 169 171 176 162 160 160 158 160 153 153
03 01 158 140 142 142 129 131 129 131 140 153 160 151 151 151 158 153 151 158 153 158 142 140 142 149
03 02 140 131 129 131 129 129 122 129 131 142 151 131 140 149 153 142 140 158 149 153 142 140 142 149
03 03 140 140 142 142 131 131 129 131 140 153 160 149 151 151 160 160 158 162 153 158 153 158 149 153
03 04 -9999 140 142 142 140 140 129 131 140 153 162 151 158 158 169 162 171 171 158 158 153 160 151 162
03 05 -9999 142 151 149 140 142 131 153 140 153 162 158 160 158 171 169 176 171 160 160 158 160 158 171
03 06 -9999 162 153 151 140 151 131 153 142 153 162 158 160 158 171 169 176 171 158 160 158 160 158 162
03 07 -9999 162 153 151 140 151 140 142 140 153 162 158 160 158 171 169 160 171 158 158 153 160 158 160
03 08 -9999 142 151 149 140 142 131 140 140 153 160 151 158 158 169 160 160 162 151 153 142 160 153 160
03 09 -9999 142 142 149 140 142 122 140 140 151 158 149 158 158 160 158 160 158 149 153 149 158 153 160
03 10 -9999 142 151 149 140 142 129 140 142 151 158 149 158 158 160 158 160 158 149 153 149 151 151 160
03 11 -9999 153 151 151 142 151 140 153 149 153 162 151 158 158 169 160 160 158 151 158 151 151 158 162
03 12 -9999 160 153 153 151 158 140 158 171 158 162 158 158 158 169 160 160 158 151 151 151 142 151 158
03 13 -9999 153 151 151 149 153 140 158 160 153 158 158 158 158 162 169 160 158 151 151 151 142 151 160
03 14 -9999 160 171 158 153 160 151 160 171 160 171 176 171 172 171 171 176 171 158 162 158 160 162 176
03 15 -9999 180 180 172 160 172 162 169 181 180 180 180 181 194 189 172 192 181 172 172 171 176 189 199
03 16 -9999 190 181 180 180 176 171 180 201 190 189 181 189 199 190 199 201 199 190 180 190 189 190 210
03 17 -9999 199 201 210 199 208 199 190 219 210 199 190 199 210 199 210 212 201 199 199 199 201 210 219
03 18 -9999 212 219 212 201 210 210 208 230 221 210 199 212 212 210 219 219 210 208 208 219 210 219 230
03 19 219 219 230 219 210 219 219 219 230 241 221 219 219 219 230 219 219 219 219 208 219 221 221 230
03 20 230 230 230 230 219 219 219 230 239 241 239 230 221 230 230 230 230 230 221 212 221 232 230 232
03 21 239 230 230 241 219 230 230 230 230 248 239 230 230 230 230 230 230 230 230 230 230 232 232 232
03 22 241 230 232 241 230 230 230 230 230 241 239 230 230 241 239 230 230 239 241 232 241 239 241 243
03 23 241 241 243 241 230 241 239 243 243 250 250 239 232 250 250 243 239 243 243 243 248 243 243 250
03 24 243 250 248 241 243 243 241 250 250 250 252 250 241 250 250 248 241 241 241 243 248 243 243 250
03 25 243 250 250 241 243 243 243 250 250 250 252 250 241 250 248 243 241 241 241 243 248 243 250 252
03 26 243 250 250 243 250 243 250 252 250 252 252 250 241 250 250 250 241 241 243 243 250 250 250 252
03 27 243 250 250 243 250 250 250 261 250 259 252 250 241 250 250 252 250 248 243 250 250 259 250 252
03 28 243 250 250 243 250 250 250 261 262 261 261 252 243 250 250 259 252 250 248 252 252 261 252 261
03 29 -9999 261 250 250 252 250 250 261 266 262 266 261 250 252 259 261 270 252 252 262 262 270 261 261
03 30 -9999 259 250 250 252 250 250 261 270 266 266 261 250 261 261 261 266 259 259 261 270 270 261 262
03 31 -9999 261 252 252 259 261 250 261 270 266 266 261 259 261 261 262 270 261 259 270 270 270 261 262
04 01 -9999 262 261 250 261 250 250 261 262 266 270 261 252 261 261 261 270 252 252 261 262 270 261 262
04 02 262 261 250 243 259 250 243 261 262 262 266 250 250 252 259 252 266 250 252 261 250 261 252 261
04 03 250 252 250 243 250 243 241 252 261 250 250 250 241 250 250 250 262 250 250 252 250 261 252 261
04 04 -9999 252 250 243 243 243 241 252 250 241 241 241 230 250 250 250 262 250 252 261 259 261 252 259
04 05 -9999 252 250 243 243 243 241 252 252 241 241 250 230 250 250 250 270 250 252 261 262 261 252 261
04 06 -9999 252 250 243 243 243 241 252 261 250 241 250 230 250 250 250 270 252 252 261 262 262 252 261
04 07 -9999 252 250 243 243 243 241 252 261 250 241 250 230 250 250 250 270 261 252 252 261 261 252 261
04 08 250 252 250 243 250 250 241 252 261 262 241 250 232 252 261 252 270 261 259 261 262 262 261 261
04 09 252 252 252 259 252 252 250 261 270 266 262 262 250 261 270 262 270 262 270 270 270 270 262 262
04 10 262 262 262 266 261 261 252 262 271 270 266 280 261 266 282 280 280 270 271 271 271 270 270 270
04 11 270 262 270 270 262 262 261 270 280 280 280 280 270 270 284 282 280 270 280 280 271 271 271 271
04 12 270 270 271 271 266 262 262 271 284 284 280 280 280 280 289 284 284 280 289 280 280 280 280 280
04 13 271 270 271 271 270 270 270 280 289 289 282 282 282 282 289 289 289 280 289 282 280 282 280 280
04 14 271 270 271 271 270 270 270 282 289 289 282 284 289 289 289 291 291 289 291 284 282 289 280 280
04 15 279 271 279 280 270 270 270 289 289 291 291 289 300 291 291 291 291 289 291 291 282 291 282 282
04 16 282 280 280 280 271 280 284 291 291 298 300 289 300 300 300 300 302 291 298 291 289 291 289 289
04 17 300 291 282 289 280 282 291 300 300 300 300 291 302 302 309 309 302 302 300 300 300 300 300 300
04 18 302 300 291 291 282 291 300 302 302 302 302 300 309 309 311 311 302 309 302 309 302 302 302 309
04 19 302 302 291 291 291 298 300 309 309 309 309 302 309 311 320 320 311 311 309 311 309 309 302 309
04 20 302 302 298 291 291 300 300 309 309 309 311 309 309 311 320 320 320 320 311 311 309 309 309 309
04 21 -9999 302 300 291 300 300 302 309 309 311 320 309 309 320 320 320 320 320 311 311 311 311 309 309
04 22 309 302 300 300 300 302 302 311 311 320 320 309 311 320 320 320 320 320 320 320 311 311 311 311
04 23 -9999 309 302 302 300 302 302 311 320 320 320 320 320 320 331 320 329 320 320 320 320 320 311 311
04 24 -9999 311 302 302 302 302 309 311 320 320 320 320 320 331 331 331 331 320 320 320 320 320 320 311
04 25 -9999 311 309 302 302 309 311 320 320 320 320 320 320 331 331 331 331 320 331 331 320 320 320 320
04 26 -9999 311 311 302 309 309 311 320 320 320 320 320 320 331 331 331 331 320 331 331 331 331 320 320
04 27 -9999 320 311 309 309 311 311 320 320 320 320 320 320 331 331 331 331 320 331 331 320 320 320 320
04 28 -9999 311 311 302 302 311 311 320 320 320 320 320 320 331 331 331 331 320 331 331 331 331 320 320
04 29 -9999 320 311 302 302 311 311 320 320 320 320 320 320 331 331 320 331 320 320 331 331 331 320 320
04 30 -9999 320 311 309 309 320 311 320 320 320 320 320 320 331 331 329 331 320 320 331 331 331 320 320
05 01 320 320 320 311 311 320 320 320 331 320 320 320 320 331 331 331 331 331 331 331 331 331 331 320
05 02 320 320 320 320 311 320 320 331 331 329 329 320 331 331 331 331 331 331 331 331 331 331 331 331
05 03 -9999 331 320 320 320 320 320 331 331 329 320 320 331 331 331 331 331 331 331 331 331 331 331 331
05 04 -9999 331 331 320 320 320 331 331 331 331 329 331 331 340 331 340 331 331 331 331 331 340 331 331
05 05 331 331 331 320 320 320 331 331 331 331 331 331 331 340 331 340 331 340 331 338 340 340 331 331
05 06 331 331 331 331 331 320 331 331 331 331 331 331 331 340 340 340 340 340 331 340 340 340 331 331
05 07 331 331 331 331 331 331 331 340 340 331 331 331 331 340 340 340 340 340 340 340 340 340 340 331
05 08 340 338 331 331 331 331 331 340 340 340 340 340 331 340 340 340 340 340 340 340 340 340 340 331
05 09 340 340 331 331 331 331 331 340 340 340 340 340 340 340 340 340 340 351 351 340 351 351 340 340
05 10 340 340 340 331 331 331 340 340 340 340 340 349 340 351 351 351 351 351 351 351 351 351 351 351
05 11 340 340 340 340 340 340 340 340 340 340 340 351 340 351 351 351 351 351 351 351 351 351 351 351
05 12 340 340 340 340 340 340 340 340 340 340 340 351 349 351 351 351 351 360 360 356 351 351 351 351
05 13 -9999 340 340 340 340 340 340 340 351 340 351 351 351 351 356 360 351 360 360 360 356 351 351 351
05 14 -9999 349 340 340 340 340 351 351 351 349 351 351 351 351 360 360 351 360 360 360 360 360 351 351
05 15 351 351 351 340 340 351 351 351 351 351 351 360 351 356 360 360 351 360 360 360 360 360 351 351
05 16 351 351 351 340 340 351 351 351 351 351 351 360 351 360 360 360 360 360 370 360 360 360 360 360
05 17 360 351 351 351 351 351 360 351 360 351 360 360 360 360 360 370 360 360 370 360 360 370 360 360
05 18 360 351 351 351 351 351 360 360 360 360 360 360 360 370 369 370 369 370 370 370 360 370 360 360
05 19 360 360 351 351 351 360 360 360 360 360 360 370 370 370 370 370 370 370 370 370 370 370 370 370
05 20 -9999 360 360 360 351 360 370 370 360 370 370 370 370 370 370 370 370 370 379 379 370 370 370 370
05 21 -9999 370 360 360 360 360 370 370 370 370 370 370 370 379 374 379 379 379 379 379 379 370 370 370
05 22 -9999 370 370 360 360 360 370 370 374 370 370 374 379 379 379 379 379 379 379 379 379 379 379 370
05 23 -9999 370 370 370 360 370 379 379 379 370 370 379 379 379 379 379 379 379 390 379 388 379 379 379
05 24 379 374 370 370 370 370 379 379 379 374 379 379 379 390 390 390 390 390 390 388 390 379 390 379
05 25 379 379 379 370 370 370 379 379 379 379 379 390 390 390 390 392 399 390 392 390 390 390 390 390
05 26 379 379 379 379 370 379 379 390 390 390 390 390 390 399 399 399 399 399 399 399 390 390 390 390
05 27 390 390 379 379 379 379 390 390 390 390 390 390 390 399 399 399 399 399 399 399 399 390 399 399
05 28 390 390 390 379 379 390 390 390 390 390 390 399 399 399 399 399 410 399 399 399 399 399 399 399
05 29 399 390 390 390 390 390 390 399 390 392 399 399 399 399 410 410 410 410 399 399 410 410 399 399
05 30 399 399 399 390 390 390 399 399 392 399 399 399 410 410 410 410 410 410 410 410 410 410 410 399
05 31 399 399 399 399 390 399 399 399 399 399 410 410 410 410 410 410 410 410 410 410 410 410 410 399
06 01 399 399 399 399 399 399 399 399 399 399 410 410 410 410 410 419 410 410 410 410 410 410 410 399
06 02 399 399 399 399 399 399 399 399 399 399 410 410 410 410 419 419 410 410 410 410 410 410 410 410
06 03 -9999 399 399 399 399 399 399 410 410 410 410 410 410 421 419 421 419 410 419 410 419 410 410 410
06 04 -9999 410 399 399 399 399 410 410 410 410 410 410 410 421 421 421 421 419 421 410 410 410 410 410
06 05 410 410 399 399 399 399 410 410 410 410 410 410 421 421 421 421 421 419 421 410 421 419 410 410
06 06 410 410 399 399 399 399 410 410 410 410 410 410 421 421 421 421 421 421 421 421 421 419 410 410
06 07 410 410 399 399 399 399 410 410 410 410 421 419 421 421 421 421 421 421 421 421 421 421 410 410
06 08 -9999 410 399 399 399 399 410 410 410 419 421 421 421 421 421 421 421 421 421 421 421 421 421 410
06 09 -9999 410 410 399 410 410 410 410 410 421 421 421 421 421 421 421 421 421 421 421 421 421 421 419
06 10 -9999 410 410 399 410 410 410 421 421 421 421 421 421 421 428 430 421 430 421 421 421 421 421 421
06 11 -9999 410 410 410 410 421 421 421 421 421 421 428 421 430 430 430 430 430 430 430 430 421 421 421
06 12 -9999 419 410 410 419 421 421 421 421 430 430 430 428 430 430 430 430 430 430 430 430 430 428 430
06 13 -9999 421 421 419 421 421 421 430 430 430 430 430 430 430 430 430 439 439 430 430 430 430 430 430
06 14 -9999 421 421 421 421 421 430 430 430 430 430 430 430 430 439 430 441 441 430 430 430 430 430 430
06 15 -9999 421 421 421 421 421 430 430 430 430 430 430 430 430 441 441 441 441 430 439 430 430 430 430
06 16 -9999 430 421 421 421 421 430 430 430 430 430 430 430 439 441 441 441 441 430 439 441 430 430 430
06 17 -9999 430 421 421 421 430 430 430 430 441 439 430 441 441 441 441 441 441 430 439 441 430 430 430
06 18 -9999 430 430 430 421 430 430 430 439 441 439 430 441 441 441 441 441 441 441 441 441 441 430 430
06 19 -9999 430 430 430 430 430 430 430 441 441 439 439 441 441 441 441 441 441 441 441 441 441 439 430
06 20 -9999 430 430 430 430 430 430 430 441 441 441 441 441 441 441 441 441 441 441 441 441 441 441 439
06 21 -9999 430 430 430 430 430 430 439 441 441 441 441 441 441 450 441 441 441 441 441 441 441 441 441
06 22 -9999 430 430 430 430 430 439 441 441 441 441 441 441 450 450 450 441 441 441 441 441 441 441 441
06 23 -9999 430 430 430 430 430 441 441 441 441 441 448 450 450 450 450 450 450 441 441 441 441 441 441
06 24 -9999 430 430 430 430 430 441 441 441 450 441 450 450 450 450 450 450 450 446 441 441 441 441 441
06 25 -9999 430 430 430 430 430 441 441 441 450 441 450 450 450 450 450 450 450 450 441 441 441 441 441
06 26 -9999 430 430 430 430 439 441 441 441 450 450 450 450 450 450 450 450 450 450 450 441 441 441 441
06 27 -9999 430 439 430 430 441 441 441 441 450 450 450 450 459 450 450 450 450 450 450 446 450 441 441
06 28 -9999 439 441 430 430 441 446 441 450 450 450 450 450 459 450 450 450 450 450 450 450 450 441 441
06 29 -9999 441 441 430 441 441 450 450 450 450 450 450 450 460 459 450 450 450 450 450 450 450 450 450
06 30 -9999 441 441 441 441 450 450 450 450 450 450 459 460 460 460 459 450 460 450 450 450 450 450 450
07 01 -9999 441 441 441 441 450 450 450 450 450 450 460 460 460 460 460 459 460 460 450 459 459 450 450
07 02 -9999 450 441 441 441 450 450 450 450 450 460 460 460 460 460 460 460 460 460 460 460 460 459 460
07 03 -9999 450 450 446 450 450 460 460 460 460 460 460 464 469 469 469 460 464 460 464 464 469 460 460
07 04 -9999 460 450 450 450 450 460 460 460 460 460 464 469 469 469 469 464 469 469 469 469 469 460 469
07 05 -9999 460 460 450 450 460 460 460 460 460 469 469 469 469 469 469 469 469 469 469 469 469 469 469
07 06 -9999 460 460 460 460 460 460 469 469 469 469 469 469 469 478 469 469 469 469 469 469 469 469 469
07 07 -9999 469 460 460 460 460 464 469 469 469 469 469 469 480 480 469 469 478 469 469 469 469 469 469
07 08 -9999 469 460 460 460 460 469 469 469 469 469 469 478 480 480 469 469 480 478 469 478 469 469 469
07 09 -9999 469 460 460 460 469 469 469 469 469 469 469 478 480 480 478 480 480 480 469 480 469 469 469
07 10 -9999 469 464 469 469 469 469 469 469 469 469 469 480 480 482 480 480 480 480 478 480 478 469 478
07 11 -9999 469 469 469 469 469 469 480 469 478 478 469 480 480 489 480 480 480 480 480 480 478 469 478
07 12 -9999 469 469 469 469 469 469 480 469 480 478 478 480 480 489 480 480 480 480 480 480 480 478 478
07 13 -9999 469 469 469 469 469 478 480 480 480 480 480 480 480 489 482 480 480 480 480 480 480 480 480
07 14 -9999 469 469 469 469 469 480 480 480 480 480 480 480 480 489 482 489 480 480 480 480 480 480 480
07 15 -9999 469 469 469 469 469 480 480 480 480 480 480 482 489 489 489 489 482 480 480 480 480 480 480
07 16 480 469 469 469 469 469 480 480 480 480 480 480 489 489 489 489 489 489 482 480 480 480 480 480
07 17 480 469 469 469 469 469 480 480 480 480 480 489 489 489 489 489 489 489 489 480 482 482 480 480
07 18 -9999 469 469 469 469 469 480 480 480 480 480 489 489 489 489 489 489 489 489 489 489 482 480 480
07 19 -9999 469 469 469 469 469 480 480 480 489 489 489 489 489 489 489 489 489 489 489 489 489 480 480
07 20 -9999 480 469 469 469 478 480 480 480 489 489 489 489 489 500 489 489 489 489 489 489 489 480 480
07 21 -9999 480 478 478 478 480 480 489 482 489 489 489 489 489 500 489 489 489 489 489 489 489 480 480
07 22 -9999 480 478 480 480 480 480 489 489 489 489 489 489 489 500 489 489 489 489 489 489 489 482 480
07 23 -9999 480 480 480 480 480 480 489 489 489 489 489 489 500 500 489 500 489 489 489 489 489 489 489
07 24 -9999 480 480 480 480 480 482 489 489 489 489 489 489 500 500 489 500 489 489 489 489 489 489 480
07 25 -9999 480 480 480 480 480 480 489 489 489 489 489 489 500 500 489 500 489 489 489 489 489 489 489
07 26 -9999 480 480 480 478 480 480 489 489 489 489 489 489 500 500 489 500 489 489 489 489 489 489 489
07 27 -9999 480 480 480 480 480 480 489 489 489 489 489 489 500 489 489 500 489 489 489 489 489 489 489
07 28 -9999 480 480 480 480 480 480 489 489 489 489 489 489 500 489 489 500 489 489 489 489 489 489 489
07 29 -9999 480 480 480 480 480 480 489 489 489 489 489 489 500 489 500 500 498 489 489 489 489 489 489
07 30 -9999 480 480 480 480 480 482 489 489 489 489 489 489 500 489 500 500 500 489 489 489 489 489 489
07 31 -9999 480 480 480 480 480 482 489 489 489 489 489 489 500 500 500 500 500 489 489 489 489 489 489
08 01 -9999 480 480 480 480 480 489 489 489 500 500 489 489 500 500 500 500 500 500 489 489 489 489 489
08 02 -9999 482 480 480 480 480 489 489 489 500 500 489 489 500 500 500 500 500 489 489 489 500 489 489
08 03 -9999 482 480 482 480 480 489 489 489 500 489 489 500 500 500 500 500 500 500 489 489 500 489 489
08 04 489 482 480 482 480 480 489 489 500 500 489 489 500 500 500 500 500 500 500 489 489 500 489 489
08 05 489 482 480 482 480 480 489 489 489 500 489 489 500 500 500 500 500 500 500 500 489 500 489 489
08 06 500 489 480 482 480 480 489 489 500 500 500 500 500 500 500 500 500 500 500 500 500 500 500 489
08 07 500 489 482 489 480 480 489 489 500 500 500 500 500 500 500 500 500 500 500 500 500 500 489 489
08 08 -9999 489 480 489 480 480 489 489 500 500 500 500 500 500 500 500 500 500 500 500 500 500 500 489
08 09 -9999 489 482 489 480 480 489 489 500 500 489 500 500 500 500 500 500 500 500 500 500 500 500 489
08 10 -9999 489 480 482 480 480 489 489 500 500 489 500 500 500 500 500 500 500 500 500 500 500 489 489
08 11 -9999 480 480 480 480 480 489 489 489 500 489 500 500 500 500 500 500 500 500 500 500 500 489 489
08 12 -9999 482 480 480 480 480 489 489 489 489 489 500 500 500 500 500 500 500 500 500 500 489 489 489
08 13 -9999 480 480 480 480 480 489 489 489 489 489 489 500 500 500 500 500 500 500 500 489 489 489 489
08 14 -9999 480 478 480 478 480 480 489 489 489 489 489 500 500 500 500 500 500 500 489 489 489 489 489
08 15 -9999 480 478 480 469 480 480 482 489 489 489 489 500 500 500 489 500 500 500 489 489 482 482 480
08 16 -9999 478 469 480 469 478 480 480 482 480 482 489 489 500 500 489 489 489 500 489 489 482 480 480
08 17 -9999 478 469 480 469 478 480 480 480 480 480 489 489 500 489 489 489 489 500 489 489 482 480 480
08 18 -9999 478 469 478 469 469 480 480 480 480 480 489 489 500 489 489 489 489 500 489 489 482 480 480
08 19 -9999 469 469 478 469 469 469 480 480 480 480 489 489 489 489 489 489 489 489 489 482 480 480 480
08 20 -9999 469 469 469 469 469 469 478 480 480 480 480 480 489 489 489 489 489 489 489 480 480 480 478
08 21 -9999 469 469 469 469 469 469 469 478 480 480 480 480 489 482 480 482 482 489 489 480 480 480 469
08 22 -9999 469 469 469 469 469 469 469 469 478 478 480 480 482 480 480 482 480 482 489 480 480 480 469
08 23 -9999 469 469 469 469 469 469 469 469 469 469 480 480 482 480 480 480 480 482 482 480 480 469 469
08 24 -9999 469 469 469 469 460 469 469 469 469 469 480 480 480 480 480 480 480 480 482 480 478 469 469
08 25 -9999 469 469 469 464 460 464 469 469 469 469 478 469 480 480 480 480 480 480 480 480 478 469 469
08 26 -9999 469 469 460 460 460 460 469 469 469 469 469 469 480 480 480 480 480 480 480 478 478 469 469
08 27 -9999 464 464 460 460 460 460 469 469 469 469 469 469 480 480 480 480 478 480 480 478 469 469 469
08 28 460 460 460 460 460 460 460 469 469 469 469 469 469 480 480 480 480 478 480 480 478 469 469 469
08 29 -9999 460 460 460 460 460 460 464 469 469 469 469 469 469 480 478 480 478 480 478 469 469 469 464
08 30 -9999 460 460 460 460 459 459 460 469 469 469 469 469 469 480 478 478 469 478 469 469 469 469 460
08 31 -9999 460 459 450 450 450 450 460 464 469 469 460 469 469 469 469 469 469 469 469 469 469 464 460
09 01 -9999 459 450 450 450 450 450 460 460 460 460 460 464 464 469 469 469 469 469 469 469 464 460 459
09 02 -9999 450 450 446 446 441 446 450 460 460 459 460 460 460 464 464 469 464 460 464 464 460 460 450
09 03 -9999 450 450 441 441 441 441 450 459 459 450 460 460 460 460 460 460 464 460 460 460 460 450 450
09 04 -9999 450 446 441 441 441 441 450 450 450 450 459 459 460 460 460 460 460 460 460 460 460 450 450
09 05 -9999 450 446 441 441 441 441 450 450 450 450 460 459 459 460 460 460 460 460 460 460 460 450 450
09 06 -9999 450 441 441 430 439 439 450 450 450 450 450 450 450 460 460 459 460 460 460 450 450 450 446
09 07 -9999 441 441 430 430 430 430 446 441 450 450 450 450 446 459 450 450 450 450 459 450 450 441 441
09 08 -9999 441 430 430 430 430 430 441 441 450 446 450 446 441 450 450 450 450 450 450 441 441 441 441
09 09 -9999 430 430 430 421 428 428 441 439 446 441 441 441 441 441 450 446 450 450 450 441 441 430 430
09 10 -9999 428 421 419 419 421 421 430 430 441 441 441 441 439 441 446 441 450 441 441 430 439 430 428
09 11 -9999 421 421 410 410 410 419 428 430 441 441 439 441 441 441 446 441 441 441 441 430 430 430 421
09 12 -9999 421 410 410 410 410 410 421 428 430 439 430 441 439 441 441 430 441 441 441 430 428 421 421
09 13 -9999 421 410 410 410 410 410 421 428 430 430 430 441 439 439 441 430 441 441 441 430 428 421 421
09 14 421 419 410 410 410 410 410 421 428 430 430 430 439 430 439 441 430 430 430 441 430 428 421 421
09 15 421 419 410 410 410 410 410 421 428 430 430 430 430 430 439 441 430 430 430 441 430 421 421 421
09 16 419 419 410 410 410 410 410 421 428 430 430 430 430 430 430 430 430 430 430 441 430 421 421 421
09 17 419 410 410 410 410 410 410 410 421 421 430 430 430 430 430 430 430 430 430 430 428 421 421 410
09 18 410 410 410 399 410 410 410 410 421 421 430 430 430 430 430 430 430 430 430 430 428 421 419 410
09 19 410 410 410 399 410 410 399 410 421 421 428 428 421 428 430 428 428 428 428 430 421 421 410 410
09 20 410 410 410 399 410 399 399 399 421 410 421 421 421 421 421 421 421 421 421 419 419 419 410 410
09 21 410 410 399 399 399 392 392 399 410 410 410 421 410 421 421 421 419 421 410 419 410 410 410 410
09 22 410 410 399 399 399 392 390 399 410 410 410 419 410 421 419 421 410 419 410 410 410 410 399 410
09 23 410 410 399 399 399 390 390 399 410 410 410 419 410 421 419 419 410 410 410 410 410 410 399 410
09 24 410 399 399 399 399 390 390 399 410 410 410 419 410 421 419 419 410 410 410 410 410 410 399 410
09 25 399 399 399 399 399 390 390 399 399 410 410 410 410 410 410 410 410 410 410 410 410 399 399 399
09 26 399 399 392 392 392 390 390 392 399 410 410 410 410 410 410 410 410 410 410 410 399 399 399 399
09 27 -9999 399 390 390 390 379 379 390 399 399 410 399 399 399 399 399 410 410 399 399 399 399 399 399
09 28 -9999 392 390 388 379 379 379 390 392 399 410 399 399 399 399 399 410 410 399 399 399 399 392 399
09 29 -9999 390 390 379 379 379 379 379 390 392 399 399 399 399 399 399 399 399 399 399 399 399 392 390
09 30 -9999 390 379 379 379 379 379 379 390 392 399 392 392 392 399 399 399 399 399 392 392 390 390 390
10 01 -9999 379 379 374 379 374 374 374 390 390 390 390 390 392 392 392 399 399 392 390 392 390 390 388
10 02 -9999 379 374 370 374 370 370 370 379 390 390 390 390 392 390 390 392 392 390 390 379 379 390 379
10 03 -9999 379 374 370 370 370 360 370 379 390 390 390 388 390 390 390 390 390 390 379 379 379 379 379
10 04 -9999 374 370 370 370 370 360 370 379 379 379 390 379 379 390 390 390 390 390 379 379 379 379 379
10 05 -9999 374 370 370 370 370 360 370 374 379 379 388 379 379 379 390 390 390 388 379 374 374 379 379
10 06 -9999 374 370 370 370 369 360 370 374 379 379 379 379 379 379 379 379 379 379 379 370 370 374 374
10 07 -9999 374 370 370 370 360 360 360 374 379 379 374 374 379 379 374 379 374 379 370 370 370 370 370
10 08 -9999 370 370 370 360 360 360 360 370 370 370 370 370 374 370 370 370 374 370 370 360 360 370 360
10 09 -9999 360 360 360 360 351 351 351 360 370 360 370 360 370 360 369 360 369 369 360 360 360 360 360
10 10 -9999 360 356 360 356 351 351 351 360 360 360 360 356 370 360 360 360 360 360 356 351 351 351 356
10 11 -9999 360 351 351 351 351 340 340 356 360 360 360 356 360 356 356 360 360 356 351 349 340 351 351
10 12 -9999 356 351 351 351 349 340 340 351 356 356 356 351 360 351 351 356 360 356 351 349 340 351 351
10 13 -9999 351 351 351 351 340 340 340 340 356 351 356 351 351 351 351 351 356 351 351 349 340 351 351
10 14 -9999 351 340 340 340 340 338 340 340 351 349 351 351 351 349 351 351 351 351 351 349 340 349 349
10 15 -9999 351 340 340 340 340 338 340 340 351 349 349 351 351 349 340 340 349 340 351 340 340 340 340
10 16 -9999 351 340 340 340 340 338 340 340 349 340 340 351 351 340 340 340 349 340 351 349 340 340 340
10 17 -9999 351 340 340 340 340 331 338 340 340 340 340 340 351 340 340 340 349 340 340 340 340 340 340
10 18 -9999 351 340 340 340 338 331 338 338 340 340 340 340 340 340 331 340 340 340 340 338 338 340 331
10 19 -9999 340 331 338 338 338 331 331 338 340 340 340 338 331 331 320 331 331 331 340 331 331 331 320
10 20 -9999 331 331 331 331 331 331 331 331 338 338 331 331 331 320 320 331 320 331 331 331 329 320 320
10 21 -9999 320 320 320 320 320 320 320 320 320 329 320 320 320 320 320 320 311 331 331 320 320 320 309
10 22 -9999 311 311 311 320 320 320 311 320 320 320 320 320 320 309 320 320 309 320 320 320 311 309 302
10 23 -9999 311 302 309 309 311 311 309 311 311 320 311 311 309 309 320 309 309 320 320 320 311 309 302
10 24 -9999 309 302 309 309 309 302 309 309 311 320 311 311 309 309 309 309 309 320 320 311 311 309 302
10 25 -9999 309 300 302 302 309 302 309 309 311 320 311 311 309 309 309 309 309 320 320 311 311 311 302
10 26 -9999 309 300 302 302 309 302 309 309 311 320 311 311 309 309 320 309 309 320 320 311 311 309 302
10 27 -9999 309 300 302 302 309 302 302 309 311 320 311 309 302 309 309 309 302 309 309 311 309 302 300
10 28 -9999 302 289 291 300 302 302 300 302 309 311 309 302 302 302 309 302 302 302 302 309 302 302 291
10 29 -9999 300 289 289 291 291 298 300 302 309 309 309 302 302 300 302 302 302 302 300 302 300 300 291
10 30 -9999 300 289 289 289 291 291 298 302 302 309 302 300 300 300 302 302 302 300 300 300 300 300 289
10 31 -9999 291 282 282 282 289 282 291 291 302 302 300 300 289 300 298 298 300 300 291 289 291 289 284
11 01 -9999 289 282 280 280 282 282 284 289 300 291 300 291 289 289 289 291 300 289 289 284 282 280 271
11 02 -9999 279 271 270 271 271 280 282 282 289 282 291 289 282 271 282 289 289 282 289 282 280 271 270
11 03 -9999 266 266 270 266 271 271 282 282 284 282 291 282 282 271 280 282 282 279 284 282 271 270 266
11 04 -9999 266 266 266 266 271 271 282 282 282 282 291 282 280 271 279 282 282 279 280 280 271 270 262
11 05 -9999 266 266 270 266 271 271 280 282 282 282 291 282 280 271 280 282 280 271 280 282 280 270 270
11 06 -9999 270 271 270 271 271 271 282 282 282 284 291 282 284 280 282 282 282 279 280 282 280 270 270
11 07 -9999 271 271 271 280 280 280 284 284 284 289 291 284 289 280 280 282 280 271 279 282 279 270 270
11 08 -9999 271 271 271 271 271 271 282 282 282 282 289 284 284 280 282 282 280 271 279 282 271 270 262
11 09 -9999 270 271 271 271 271 271 282 280 280 282 289 282 282 271 279 282 271 270 270 271 262 261 261
11 10 -9999 261 262 266 262 262 261 271 271 271 282 282 279 280 271 271 271 271 262 262 270 261 261 261
11 11 -9999 252 261 262 252 252 259 270 270 262 271 270 271 270 270 262 270 266 262 262 262 252 252 250
11 12 -9999 252 261 250 250 250 248 262 261 252 262 266 266 262 252 261 266 261 261 261 252 252 250 243
11 13 -9999 243 250 239 248 241 241 250 250 250 252 262 252 252 250 250 262 252 252 252 250 250 243 241
11 14 -9999 241 248 230 232 230 221 239 243 248 250 252 248 250 241 243 252 239 248 250 243 243 241 232
11 15 -9999 230 232 221 221 219 212 219 212 243 243 250 243 243 239 243 252 239 243 232 230 221 241 232
11 16 -9999 221 232 212 221 212 212 221 212 232 243 250 243 243 239 243 243 232 243 232 232 230 241 239
11 17 -9999 230 232 219 221 221 219 221 212 243 243 250 243 243 239 243 250 239 248 250 243 241 243 232
11 18 -9999 230 232 212 221 221 219 221 212 243 243 250 243 243 232 243 243 232 243 232 232 232 243 232
11 19 -9999 219 232 212 221 221 212 212 210 232 243 248 241 241 230 241 243 230 241 230 230 221 241 230
11 20 -9999 219 230 208 221 212 201 201 201 212 221 239 221 232 201 230 232 221 230 221 212 212 230 212
11 21 -9999 212 221 189 210 210 180 199 192 192 210 230 208 219 199 219 201 219 219 219 201 199 219 199
11 22 -9999 201 210 172 199 194 172 181 176 190 201 210 201 212 190 201 199 210 212 210 199 190 199 190
11 23 -9999 192 194 171 181 181 169 172 160 162 201 201 190 208 190 199 190 190 192 199 181 172 181 172
11 24 -9999 171 171 151 172 162 151 162 153 153 181 190 181 199 181 199 172 180 172 181 162 162 171 172
11 25 -9999 162 162 142 160 153 149 151 151 151 162 181 180 181 172 181 171 171 171 181 162 162 171 171
11 26 -9999 169 162 151 160 153 151 153 151 151 172 181 180 181 171 181 172 171 162 162 162 162 162 171
11 27 -9999 162 162 153 160 160 153 160 153 153 181 199 181 199 190 199 190 180 171 181 171 171 189 172
11 28 -9999 171 189 171 162 162 169 162 160 153 189 199 190 201 199 199 192 181 180 181 189 180 190 176
11 29 -9999 192 199 172 171 172 172 172 160 160 189 201 201 210 199 208 201 190 189 199 199 199 192 189
11 30 -9999 199 208 190 189 181 180 172 162 171 190 199 212 219 201 208 201 201 210 210 199 199 199 189
12 01 -9999 199 208 190 189 181 176 171 171 180 192 201 212 219 201 210 201 199 208 190 199 199 199 190
12 02 -9999 199 201 190 189 181 176 172 172 180 192 194 212 219 208 212 201 199 208 190 199 199 199 199
12 03 -9999 199 201 190 199 192 180 180 180 190 199 201 219 219 221 219 219 212 219 210 201 199 210 201
12 04 -9999 199 212 201 208 208 201 199 199 199 208 210 221 230 239 230 219 219 230 221 212 208 219 210
12 05 -9999 212 219 219 219 219 230 221 219 208 210 221 232 239 241 232 232 230 241 230 219 219 221 219
12 06 -9999 219 221 230 219 230 230 221 219 212 212 221 239 239 241 232 239 230 241 239 230 219 230 219
12 07 -9999 219 239 230 219 230 230 230 221 221 219 230 241 239 243 241 241 232 243 241 232 230 241 221
12 08 -9999 221 230 230 221 230 230 230 221 221 219 239 241 239 241 241 241 241 243 241 232 241 243 241
12 09 -9999 230 241 232 230 230 239 230 230 230 230 243 243 250 241 243 248 241 243 241 241 241 250 243
12 10 -9999 241 241 241 232 239 241 230 230 230 239 243 250 250 250 250 250 243 243 243 241 241 250 243
12 11 -9999 241 243 241 241 241 241 230 230 230 230 241 243 241 241 248 243 243 241 241 241 241 241 241
12 12 -9999 241 241 241 241 241 241 230 230 221 230 241 241 241 241 241 241 241 241 241 241 241 241 221
12 13 -9999 230 241 241 232 239 239 230 230 221 221 232 241 241 241 241 241 230 230 230 230 230 221 219
12 14 -9999 221 230 232 230 221 221 230 221 219 212 221 241 230 232 230 230 230 230 219 219 219 219 210
12 15 -9999 210 221 230 221 221 219 221 221 219 212 221 241 230 232 230 230 221 219 219 219 219 219 210
12 16 -9999 219 221 230 221 230 221 230 221 219 212 230 241 241 232 230 230 219 219 219 219 219 219 210
12 17 -9999 219 219 230 219 221 219 221 219 219 212 221 241 232 232 230 230 219 210 212 212 201 210 208
12 18 -9999 210 210 212 219 212 219 219 212 212 210 219 232 221 230 221 221 210 210 201 199 199 194 201
12 19 -9999 201 201 201 212 201 212 199 199 212 201 212 230 219 212 212 212 201 201 194 192 194 192 199
12 20 -9999 194 194 194 194 199 194 190 189 199 194 208 210 199 210 201 194 194 199 192 190 190 180 190
12 21 -9999 190 192 192 190 180 180 181 176 190 194 199 194 199 199 201 194 192 194 190 190 190 180 181
12 22 -9999 190 192 192 190 180 172 176 172 189 190 194 180 190 190 199 190 190 181 189 176 176 176 176
12 23 -9999 180 190 190 190 180 172 171 171 176 190 190 180 180 176 190 180 176 180 180 176 160 171 171
12 24 -9999 172 181 180 172 171 160 160 162 171 176 181 180 176 171 190 172 176 176 176 171 160 160 158
12 25 -9999 162 158 151 158 153 153 158 158 153 162 176 162 158 158 176 162 160 171 171 160 158 142 153
12 26 -9999 160 158 151 158 153 151 151 151 153 151 176 160 151 158 172 142 153 160 158 158 142 140 151
12 27 -9999 160 158 151 158 153 151 151 151 140 151 176 160 151 151 171 142 151 151 151 151 131 131 140
12 28 -9999 158 151 140 153 153 140 140 131 131 140 171 158 151 149 171 142 140 140 149 142 131 131 140
12 29 -9999 151 151 140 151 151 140 140 131 131 140 171 153 140 142 171 140 129 151 151 142 131 140 140
12 30 -9999 140 142 122 151 151 140 122 131 131 140 162 153 140 140 162 131 129 151 131 131 122 131 122
12 31 -9999 140 131 122 131 140 122 122 129 129 140 160 151 140 140 160 129 122 151 131 131 122 131 122
