01 01 39 30 30 19 10 14 10 0 19 50 61 90 100 109 109 109 104 109 90 81 70 61 61 50
01 02 39 30 30 30 19 19 19 10 19 50 70 90 100 104 109 109 109 109 90 81 81 70 70 50
01 03 50 30 30 32 30 19 19 19 19 50 81 90 104 109 109 109 109 109 100 90 90 81 81 50
01 04 50 39 39 39 39 30 30 30 30 61 81 100 109 109 120 109 109 120 104 90 90 81 81 61
01 05 61 50 50 50 50 32 30 30 30 61 81 100 109 109 120 120 109 120 104 90 90 81 81 70
01 06 61 50 39 50 50 30 30 19 30 61 81 90 109 109 120 120 120 120 104 90 90 86 81 70
01 07 61 50 50 50 50 39 39 30 30 61 81 100 109 109 120 120 120 120 104 90 90 86 81 70
01 08 70 61 50 50 50 50 39 39 32 61 81 100 109 120 120 120 120 120 109 100 90 90 81 70
01 09 70 61 61 50 50 50 39 39 32 61 81 100 109 120 120 120 120 120 109 100 90 86 81 70
01 10 70 50 50 50 39 39 30 30 30 61 81 90 109 109 109 109 120 109 100 90 90 81 81 61
01 11 70 50 50 39 30 30 30 30 30 61 81 90 100 109 109 120 120 109 100 100 90 86 81 68
01 12 72 50 50 50 39 39 39 30 30 61 81 90 100 109 109 109 109 109 100 90 90 81 81 68
01 13 72 50 50 50 39 30 30 30 30 61 81 90 100 104 109 109 109 109 100 90 86 81 81 68
01 14 70 61 50 50 39 32 30 30 30 61 81 90 100 100 109 109 109 109 100 90 86 81 81 70
01 15 81 61 50 50 39 39 30 30 19 61 81 90 100 100 109 109 109 109 100 90 81 81 81 70
01 16 81 61 50 50 39 30 30 30 19 50 81 90 100 100 109 109 109 109 100 90 90 81 81 81
01 17 81 61 61 50 39 30 30 30 19 61 81 90 100 109 109 109 109 109 109 90 90 86 81 81
01 18 81 61 50 50 39 30 30 30 19 61 81 90 100 109 109 109 109 109 104 90 90 81 81 70
01 19 81 61 50 50 39 30 19 19 19 50 81 86 100 100 109 109 109 109 100 90 90 81 81 70
01 20 72 61 50 39 39 30 30 30 19 50 81 90 100 100 109 109 109 109 100 90 90 81 81 70
01 21 72 61 50 39 39 30 30 30 19 50 81 90 102 100 109 109 109 109 109 90 90 81 81 70
01 22 72 61 50 39 39 30 30 30 19 61 81 90 104 100 109 120 109 120 109 100 90 81 81 81
01 23 70 61 50 50 39 30 30 30 19 61 81 90 100 100 109 109 109 109 109 90 81 81 70 81
01 24 70 61 50 39 39 30 30 30 19 50 81 90 100 100 109 109 109 109 109 90 81 81 70 70
01 25 70 61 50 39 39 30 30 30 19 61 81 90 100 100 109 109 109 109 109 100 90 81 81 81
01 26 70 61 50 50 39 39 30 30 19 61 81 100 109 100 109 109 109 109 109 100 90 81 81 81
01 27 70 61 50 50 39 39 30 30 30 61 81 100 109 109 120 120 120 120 120 100 100 90 81 81
01 28 70 70 61 50 39 39 39 30 30 70 90 100 109 109 120 120 120 120 120 109 100 90 81 81
01 29 81 70 61 50 39 39 39 30 30 70 90 100 109 111 120 120 120 120 120 102 100 90 81 81
01 30 70 70 61 61 39 39 39 30 30 70 90 109 109 120 120 120 120 120 120 102 100 90 81 81
01 31 70 70 61 61 50 39 39 30 30 70 90 109 109 120 120 109 120 120 120 100 100 81 81 70
02 01 70 70 61 50 39 39 39 30 30 63 90 100 109 120 109 109 109 109 109 100 90 81 70 70
02 02 61 61 61 50 39 39 39 30 30 61 90 100 109 120 109 109 109 109 109 100 90 81 81 70
02 03 70 70 61 50 50 39 39 30 30 70 90 109 109 120 109 109 109 109 109 100 90 81 81 70
02 04 61 70 61 61 50 39 39 30 30 70 90 109 120 120 109 109 109 109 109 100 90 81 70 70
02 05 61 70 61 61 39 39 39 30 30 63 90 109 109 120 109 109 109 109 109 100 90 81 70 70
02 06 61 70 61 61 50 39 39 30 19 70 90 109 109 120 109 109 109 109 109 100 90 90 81 81
02 07 70 70 61 61 50 39 39 30 30 70 100 109 120 120 109 109 109 109 109 100 100 90 81 81
02 08 70 70 70 61 50 39 39 30 39 81 109 120 120 120 120 120 120 120 109 109 109 91 90 86
02 09 72 70 70 70 61 50 50 39 39 90 109 120 120 129 120 120 120 120 120 111 109 100 90 90
02 10 81 70 81 70 61 50 50 39 39 90 109 120 120 129 120 120 120 120 120 111 109 100 90 90
02 11 81 70 81 70 61 50 50 39 39 90 109 120 120 129 120 120 129 129 122 120 120 109 100 90
02 12 81 70 81 70 61 50 50 39 50 90 109 120 122 129 120 129 129 129 122 120 120 109 100 90
02 13 81 72 81 70 61 50 50 39 50 90 109 129 129 140 129 129 129 129 140 140 120 109 104 100
02 14 90 81 81 81 70 61 61 50 61 100 109 129 129 140 140 140 140 140 140 140 129 109 109 100
02 15 100 90 90 81 70 61 61 50 70 100 120 129 140 140 140 140 140 140 140 140 129 109 109 109
02 16 100 90 90 81 81 70 70 61 70 100 120 129 140 140 140 140 140 140 140 140 140 120 120 120
02 17 120 100 90 81 81 81 72 81 81 120 120 129 140 140 140 140 140 140 140 140 140 120 120 109
02 18 109 100 90 82 82 81 81 81 90 120 120 129 140 140 140 140 140 140 140 140 140 129 120 120
02 19 120 109 100 90 91 90 90 82 100 129 129 140 140 140 140 140 140 140 140 140 140 129 122 122
02 20 120 109 109 102 104 90 91 90 100 129 129 140 140 140 140 140 140 140 140 140 140 140 140 129
02 21 140 109 109 109 109 90 104 100 109 129 140 140 140 140 140 140 131 140 140 151 140 140 140 129
02 22 140 111 109 109 109 90 100 91 109 129 140 140 140 140 140 140 140 140 140 151 140 140 140 140
02 23 140 120 120 109 120 100 104 100 120 140 140 140 140 140 140 140 140 140 140 151 140 140 140 140
02 24 140 120 129 120 120 104 109 100 120 140 140 140 140 140 140 140 140 140 140 151 140 140 140 140
02 25 140 120 120 109 109 109 100 100 120 140 140 140 140 140 140 140 131 140 140 151 140 140 140 140
02 26 140 120 122 120 120 109 100 100 120 129 140 140 140 129 140 131 129 129 140 140 140 140 140 140
02 27 140 120 120 109 111 109 100 100 120 129 129 129 129 129 129 129 120 120 122 140 140 140 140 140
02 28 140 120 122 120 120 109 104 104 120 140 122 129 129 129 129 129 120 120 122 140 140 140 140 140
03 01 140 120 122 120 120 120 109 109 122 140 122 129 129 122 122 120 120 120 120 140 140 140 140 140
03 02 140 120 129 120 120 120 109 109 129 140 122 129 129 129 129 122 120 120 120 140 140 140 140 140
03 03 140 129 129 122 120 122 120 120 129 140 129 140 140 129 129 122 120 109 122 140 151 140 140 140
03 04 140 129 129 129 122 129 120 120 129 140 140 140 140 140 129 129 120 120 122 140 151 151 140 140
03 05 140 140 140 140 129 129 122 120 140 151 151 140 140 140 140 129 122 122 129 140 151 151 151 151
03 06 151 140 140 140 129 129 122 120 140 158 151 140 140 140 140 129 122 120 129 140 151 151 151 151
03 07 151 140 140 140 129 129 122 122 140 158 151 140 140 140 140 129 122 120 122 140 151 151 151 151
03 08 151 140 140 140 129 129 122 122 140 158 151 151 140 140 140 129 120 120 120 140 151 151 151 140
03 09 151 140 140 140 129 129 120 122 140 158 151 151 140 140 140 129 120 120 120 140 151 151 151 140
03 10 151 140 140 140 129 129 122 129 140 160 151 151 140 140 129 129 120 120 120 140 151 151 151 140
03 11 142 140 140 140 129 129 122 129 151 160 151 151 151 140 140 129 120 120 120 140 151 151 151 151
03 12 151 151 140 142 140 140 129 129 151 160 158 151 151 140 140 129 120 120 120 140 151 151 151 151
03 13 158 151 140 151 140 140 129 131 151 171 160 160 158 140 140 129 129 120 122 140 151 151 158 158
03 14 160 151 151 151 140 140 140 140 151 171 160 160 158 142 140 140 129 120 129 140 158 151 158 160
03 15 160 151 151 151 151 140 140 140 158 171 171 160 158 151 140 140 129 120 129 140 158 151 158 158
03 16 158 151 151 151 151 140 140 140 160 171 171 160 158 151 151 140 129 120 129 140 160 151 158 158
03 17 158 151 151 151 151 140 140 140 160 171 171 160 158 151 151 140 129 120 129 140 158 151 158 158
03 18 158 151 151 151 140 140 140 140 160 171 171 160 158 151 140 140 129 120 129 140 151 151 151 151
03 19 158 151 151 151 140 140 140 140 160 171 171 160 151 151 140 140 129 120 120 140 151 151 151 151
03 20 158 140 140 151 140 140 140 140 160 171 160 160 151 151 140 140 129 120 120 129 151 151 151 151
03 21 151 140 140 140 140 140 140 140 160 171 160 158 151 142 140 140 129 120 120 140 151 151 151 151
03 22 151 140 140 142 140 140 140 140 160 171 160 151 140 140 140 129 122 109 109 129 151 151 151 151
03 23 151 140 140 140 140 140 140 140 160 171 160 151 140 140 140 129 120 109 109 129 151 151 151 151
03 24 151 140 140 140 140 140 140 151 160 171 160 151 140 140 140 129 120 109 109 129 151 151 151 151
03 25 151 140 140 140 140 140 140 151 160 171 160 151 140 140 140 129 120 109 109 129 140 151 140 151
03 26 151 140 140 140 140 140 140 140 160 171 171 158 140 151 140 129 122 109 120 129 151 151 151 151
03 27 151 140 140 140 140 140 140 151 171 171 171 158 140 151 140 129 120 109 120 129 140 140 140 151
03 28 151 140 140 140 140 140 140 140 171 171 160 158 140 151 140 140 120 109 120 129 140 140 140 151
03 29 151 140 140 140 140 140 140 151 171 171 171 160 140 151 140 140 129 120 120 129 151 151 151 151
03 30 151 140 140 140 140 140 140 151 171 171 171 158 151 151 140 140 129 120 122 140 151 151 151 151
03 31 151 140 140 140 151 140 151 151 180 171 171 160 151 151 140 140 129 120 122 140 151 151 151 151
04 01 151 151 140 140 151 140 151 158 180 171 171 160 151 151 140 140 129 120 129 140 151 151 151 151
04 02 151 151 140 140 151 151 151 160 180 171 171 160 151 151 151 140 129 120 129 140 151 151 151 151
04 03 151 151 140 140 151 151 151 160 180 171 171 160 151 151 151 140 129 120 129 140 151 151 151 151
04 04 151 151 151 151 151 151 151 160 180 171 171 158 151 151 151 129 129 122 129 140 151 151 151 151
04 05 151 151 151 151 151 151 151 160 180 171 171 160 151 151 151 129 129 122 129 140 151 158 151 151
04 06 158 151 151 151 151 151 158 160 180 171 176 160 151 160 151 140 129 140 140 140 151 160 160 151
04 07 171 160 160 160 160 160 160 171 180 180 180 160 160 160 160 151 129 140 140 151 151 160 160 160
04 08 171 160 160 160 160 160 160 171 180 180 180 160 160 160 160 140 129 140 140 140 151 160 160 160
04 09 171 158 160 160 160 160 160 171 180 180 176 160 160 160 160 140 129 129 140 140 151 158 160 160
04 10 171 160 160 160 160 160 160 171 180 180 171 160 160 160 151 140 129 129 140 140 151 151 160 151
04 11 171 158 160 160 160 160 160 171 180 176 171 160 151 160 151 129 122 120 129 129 140 151 151 151
04 12 160 151 160 160 160 160 160 171 180 171 171 158 151 151 140 129 120 120 129 129 140 151 151 151
04 13 160 151 158 151 151 151 160 171 180 171 160 151 140 151 140 129 120 120 129 129 140 151 151 151
04 14 160 151 158 160 160 160 160 171 180 171 171 151 140 151 151 129 120 120 129 129 140 140 151 151
04 15 160 151 151 160 160 160 160 171 180 171 160 151 151 140 140 129 120 120 129 129 140 140 142 151
04 16 160 151 151 151 160 160 160 171 180 171 160 151 151 140 151 129 120 120 129 129 140 140 151 151
04 17 171 151 151 151 160 160 160 171 180 171 171 160 151 151 151 129 129 129 129 140 140 140 151 151
04 18 171 151 160 160 160 160 160 171 180 171 171 160 151 140 140 129 129 120 129 129 140 140 151 151
04 19 171 151 160 160 160 160 160 171 180 180 171 171 160 151 151 140 129 120 129 140 140 151 151 151
04 20 171 160 160 171 160 160 160 171 190 180 171 171 151 140 151 140 129 129 129 140 140 151 151 151
04 21 171 160 160 160 160 160 160 171 180 180 171 160 151 140 129 129 120 120 120 129 129 140 140 151
04 22 171 151 151 160 160 151 160 171 180 171 171 160 151 140 129 129 129 120 129 129 129 140 140 140
04 23 171 151 160 151 160 151 160 171 180 180 171 171 151 140 129 129 129 120 120 129 129 140 140 140
04 24 171 151 160 151 160 160 160 171 190 180 171 171 160 140 140 129 129 120 129 129 140 140 140 151
04 25 171 151 160 160 160 160 160 171 190 180 171 171 160 140 140 129 140 120 129 140 140 140 151 151
04 26 171 151 160 160 160 160 160 180 190 180 171 171 171 151 151 140 151 140 140 160 151 151 158 160
04 27 180 160 171 171 171 171 171 190 190 190 180 171 180 171 160 151 160 151 140 160 160 160 171 171
04 28 180 171 180 171 171 171 171 190 199 190 180 180 180 180 160 160 160 151 140 160 151 160 171 171
04 29 180 171 176 171 171 171 171 190 199 199 190 180 180 180 160 160 160 151 140 171 151 160 171 171
04 30 180 171 171 171 171 160 171 190 199 199 180 180 180 180 160 160 160 151 151 171 151 160 171 171
05 01 180 171 171 171 171 160 171 199 199 199 190 180 180 180 160 160 160 151 140 160 151 160 171 171
05 02 171 160 171 160 171 160 171 190 199 190 180 180 180 180 160 160 160 140 140 151 151 151 160 160
05 03 171 160 171 160 171 160 171 190 190 190 180 180 180 180 160 160 160 140 140 151 151 151 160 160
05 04 160 160 171 160 171 160 171 190 190 190 180 180 180 171 160 160 160 151 140 151 140 151 160 160
05 05 160 160 171 160 171 160 171 199 190 190 180 180 180 180 171 160 160 151 140 151 151 151 160 160
05 06 160 160 171 160 171 171 171 199 190 199 180 180 190 180 180 171 160 151 142 171 151 160 171 171
05 07 160 171 171 171 171 171 171 199 199 210 190 190 190 180 180 176 160 151 151 160 160 160 171 171
05 08 171 171 171 171 180 180 180 199 210 210 190 190 190 190 180 171 160 151 151 171 160 160 171 171
05 09 171 171 171 171 180 180 180 201 210 210 190 190 190 180 180 180 171 151 151 160 158 160 171 171
05 10 171 171 171 171 180 180 180 210 219 212 199 194 190 180 180 180 171 160 151 160 158 160 171 171
05 11 160 171 171 171 180 180 190 210 219 212 199 190 190 180 180 180 171 160 151 160 158 160 171 171
05 12 160 171 171 171 180 180 180 210 210 210 199 190 190 180 180 171 160 151 151 160 160 160 171 171
05 13 160 171 171 171 180 180 190 210 219 210 199 190 190 190 180 171 171 160 151 160 160 160 171 171
05 14 160 171 171 171 180 180 190 210 219 210 199 190 190 190 180 171 171 160 151 160 158 160 160 171
05 15 160 171 171 171 180 180 190 210 219 210 199 190 190 180 180 171 171 160 151 160 151 160 160 171
05 16 160 171 171 171 180 180 190 210 219 210 199 190 190 180 176 171 171 160 151 160 158 160 171 171
05 17 171 171 171 180 180 190 199 210 219 219 199 199 190 190 180 171 171 160 158 160 160 171 171 171
05 18 171 171 180 180 180 190 199 210 230 219 210 199 199 190 180 180 171 160 160 160 160 171 171 176
05 19 171 180 180 180 180 190 199 212 230 219 219 210 199 199 190 180 180 171 160 171 160 160 171 176
05 20 171 180 180 180 180 190 199 219 230 219 219 210 210 199 190 180 180 171 171 171 160 160 171 176
05 21 171 180 180 180 180 190 199 219 230 219 219 212 210 199 190 180 180 176 171 171 160 160 171 180
05 22 171 180 180 180 190 199 199 219 230 219 219 210 210 194 190 180 180 176 160 160 158 160 171 171
05 23 171 171 180 180 180 190 199 219 230 219 219 210 210 194 190 180 180 180 171 171 160 171 171 171
05 24 171 176 180 180 190 190 199 219 230 219 219 210 210 199 190 180 180 180 171 171 171 171 171 176
05 25 171 180 180 190 190 199 199 219 230 219 219 210 210 199 190 180 180 180 171 171 180 180 180 180
05 26 180 180 180 190 190 199 210 230 241 219 219 210 210 199 190 180 180 180 171 180 171 180 180 190
05 27 180 190 190 190 199 199 219 230 241 230 219 210 210 199 199 190 180 180 171 180 171 180 180 190
05 28 190 180 190 199 199 199 219 241 241 230 219 210 210 199 190 190 180 180 171 180 171 180 180 190
05 29 180 180 190 199 199 199 219 241 250 230 219 210 210 199 199 190 190 180 180 180 180 180 190 190
05 30 190 190 199 199 210 199 219 241 250 241 219 210 210 199 199 190 190 190 180 180 180 180 199 190
05 31 199 190 190 199 210 210 219 241 250 230 219 210 210 199 199 194 190 190 180 180 180 180 190 190
06 01 199 190 190 199 210 199 219 241 250 241 219 210 210 199 199 194 190 190 180 180 180 180 199 190
06 02 199 190 199 199 210 199 219 241 250 241 219 219 210 199 199 190 190 190 180 180 180 190 199 190
06 03 199 190 199 199 210 210 219 241 250 241 219 210 210 199 199 190 190 180 180 180 180 190 199 190
06 04 199 190 190 199 210 199 219 241 250 241 219 210 210 199 190 190 190 180 180 180 180 190 199 190
06 05 199 190 190 199 210 199 219 241 248 241 219 210 210 199 190 190 190 180 180 180 180 180 190 190
06 06 190 190 190 199 199 199 219 241 250 241 230 219 210 199 190 190 190 180 180 180 190 180 190 190
06 07 190 190 190 199 199 199 219 241 248 241 230 219 210 199 190 190 190 180 180 180 180 180 190 190
06 08 190 190 190 199 199 199 219 241 241 241 219 210 210 199 199 190 190 180 172 180 180 180 190 190
06 09 180 190 190 190 190 199 219 241 241 241 230 210 210 199 199 190 190 180 171 180 171 180 180 180
06 10 180 180 190 190 190 199 210 241 241 241 230 210 210 199 199 190 190 180 171 171 171 180 180 180
06 11 180 171 180 180 190 190 210 230 241 241 219 210 210 199 190 180 180 171 172 172 171 180 180 180
06 12 171 171 180 180 190 190 210 232 241 241 230 210 210 199 199 190 190 180 172 171 180 180 180 180
06 13 180 180 180 180 190 199 210 241 241 241 230 219 210 199 199 190 180 180 172 171 180 180 180 180
06 14 172 180 180 180 181 190 210 241 241 241 219 210 210 199 199 190 180 180 171 171 171 171 180 171
06 15 171 171 180 180 180 190 210 230 241 241 219 210 210 199 190 180 180 171 171 160 171 171 171 171
06 16 171 171 180 180 180 180 210 230 230 241 219 210 210 199 190 180 180 171 171 160 171 171 171 171
06 17 171 171 171 171 180 180 210 230 241 241 210 210 210 199 190 180 180 171 162 160 171 171 171 171
06 18 171 171 171 171 180 180 210 230 241 241 210 210 210 199 190 190 180 171 171 160 171 171 171 171
06 19 171 171 180 180 180 180 210 230 241 241 210 210 210 199 199 190 180 171 171 160 171 171 171 171
06 20 171 171 176 171 180 180 210 230 241 241 210 210 210 199 199 190 180 171 171 171 171 171 171 171
06 21 171 171 176 171 180 180 210 230 241 230 210 210 210 199 199 190 180 180 180 171 171 171 180 171
06 22 171 171 176 180 180 180 199 230 241 230 212 210 210 199 190 190 180 180 180 172 171 171 180 171
06 23 171 171 176 180 180 180 199 230 241 230 212 210 210 199 190 190 180 180 180 180 171 171 180 171
06 24 171 171 171 180 180 180 199 230 241 230 210 210 199 199 190 190 180 180 180 180 180 171 180 180
06 25 171 171 176 180 180 190 210 230 241 230 210 199 199 199 190 190 180 180 180 180 171 171 180 180
06 26 180 171 180 180 180 190 199 230 241 230 212 210 199 199 190 190 180 180 180 180 171 171 180 180
06 27 180 171 180 180 180 190 199 230 241 230 210 210 199 199 190 190 180 180 180 180 171 171 180 180
06 28 180 171 176 180 180 180 199 230 241 230 210 199 199 199 190 199 190 190 180 180 176 171 180 180
06 29 180 171 180 180 180 190 199 230 241 230 212 210 210 199 199 199 199 199 190 180 180 180 180 180
06 30 180 180 180 180 190 190 210 241 248 230 219 210 210 210 199 199 199 199 190 190 190 180 190 190
07 01 180 180 180 190 194 199 210 241 261 241 230 210 219 210 210 199 210 199 194 190 190 190 190 190
07 02 190 180 180 190 194 199 219 250 261 241 230 210 219 210 210 219 210 210 199 190 194 190 190 194
07 03 190 190 180 190 194 199 219 250 270 250 230 219 219 210 210 219 210 210 199 199 199 190 199 199
07 04 190 190 190 199 199 199 219 250 270 261 241 219 230 219 219 219 219 210 210 210 199 194 199 199
07 05 190 194 190 199 199 210 219 250 270 270 241 230 230 219 219 219 219 210 210 210 210 199 210 210
07 06 190 199 210 199 210 210 219 261 280 280 250 230 230 230 230 230 219 219 210 212 210 199 210 210
07 07 199 210 210 219 212 219 241 266 280 280 250 241 241 230 230 230 230 219 219 219 219 210 219 219
07 08 212 212 219 219 219 230 241 270 284 280 261 241 241 241 230 241 230 230 219 219 219 212 219 230
07 09 219 219 219 219 230 241 241 270 284 280 261 241 248 241 241 241 230 230 219 219 219 212 219 230
07 10 219 219 219 219 230 241 241 270 280 280 261 250 250 241 241 241 241 230 230 230 230 219 219 230
07 11 219 219 230 230 230 241 248 270 289 289 266 261 261 250 250 248 241 241 250 241 230 219 230 230
07 12 230 230 230 230 241 241 250 280 300 289 270 261 270 250 261 250 250 241 250 241 230 230 241 241
07 13 230 241 241 241 248 250 250 280 309 300 280 270 270 266 261 250 261 250 250 250 241 230 248 241
07 14 230 241 241 241 250 250 261 280 320 309 284 270 280 280 266 261 270 250 250 250 241 241 250 250
07 15 241 241 248 250 250 261 261 289 320 309 289 270 280 280 270 270 270 261 261 250 241 241 250 250
07 16 241 250 250 250 250 261 261 289 320 320 289 280 280 280 280 280 280 261 261 261 241 241 250 250
07 17 241 250 250 250 250 261 261 289 320 320 289 289 280 289 280 280 280 270 266 261 248 250 262 261
07 18 241 261 270 266 261 270 261 309 320 320 300 289 280 289 280 280 280 280 270 266 250 250 270 261
07 19 250 261 270 270 261 270 266 309 320 331 300 289 280 289 289 280 280 270 262 262 250 250 270 261
07 20 250 261 270 270 261 270 270 309 320 331 302 289 289 289 289 280 280 270 262 262 250 250 270 261
07 21 250 262 270 270 262 270 270 309 320 331 300 289 289 289 289 280 280 270 270 270 261 270 270 270
07 22 250 270 270 280 270 280 289 309 331 331 309 300 300 291 300 280 280 270 270 271 261 270 271 270
07 23 261 280 280 280 270 289 289 309 331 331 309 300 300 300 300 289 289 280 280 280 270 270 280 270
07 24 261 282 280 280 271 289 300 320 338 331 309 309 300 300 300 300 289 280 280 280 289 270 280 280
07 25 261 289 284 289 289 300 300 320 340 340 309 309 300 300 300 300 300 300 289 289 300 280 284 289
07 26 270 289 289 289 289 300 300 331 340 340 320 320 309 309 309 302 300 300 289 289 300 289 289 289
07 27 271 300 289 300 300 309 311 331 351 351 320 320 320 309 309 309 300 300 289 289 289 280 289 289
07 28 271 300 300 300 300 309 320 331 351 351 320 320 320 309 309 309 300 300 289 289 300 289 289 289
07 29 280 300 300 302 300 309 320 331 351 351 320 320 320 320 309 309 300 300 289 289 300 289 289 289
07 30 280 300 300 302 300 309 309 331 351 351 320 320 320 309 309 309 300 300 289 289 289 280 289 289
07 31 280 300 300 300 300 300 300 331 340 340 311 320 309 300 309 309 300 300 282 280 280 270 280 284
08 01 270 282 289 289 289 300 300 320 340 340 309 309 309 300 300 300 289 289 280 280 280 270 280 280
08 02 266 280 280 280 289 289 300 311 340 338 309 309 309 300 300 300 289 280 270 280 280 270 280 270
08 03 270 280 280 271 280 289 291 311 340 331 309 309 309 300 300 300 289 289 280 280 280 270 280 270
08 04 270 280 280 280 280 289 289 320 331 331 309 309 309 300 300 300 300 289 280 280 270 266 270 270
08 05 270 270 270 270 280 289 289 309 331 331 309 309 309 300 300 300 289 289 280 280 280 270 280 280
08 06 270 270 270 270 270 280 289 309 331 331 309 309 309 300 300 300 289 289 280 280 270 266 270 270
08 07 270 270 270 270 270 280 280 309 320 331 309 309 309 300 300 300 289 289 280 289 270 270 280 270
08 08 270 270 270 270 270 280 280 309 331 331 309 309 309 300 300 289 289 289 280 280 270 266 270 270
08 09 270 270 270 270 270 280 280 300 320 331 309 302 309 300 289 289 289 289 280 280 270 261 270 270
08 10 266 270 261 270 270 270 270 300 320 320 309 300 309 300 289 289 289 289 280 280 270 261 270 270
08 11 270 270 270 270 270 270 270 300 320 320 309 300 302 300 289 289 289 289 280 280 270 270 270 280
08 12 270 270 270 270 270 270 280 300 320 331 309 300 309 300 289 289 289 289 270 289 270 270 270 270
08 13 270 270 270 270 270 270 280 309 320 331 309 300 300 300 289 289 289 280 270 289 270 270 270 270
08 14 280 270 270 270 270 270 280 309 331 331 309 300 309 300 289 289 280 280 270 280 270 270 270 270
08 15 280 270 270 270 270 289 289 302 331 331 320 300 309 300 289 289 289 280 270 289 270 270 270 280
08 16 280 270 270 270 270 289 289 309 331 331 320 309 309 309 289 289 289 280 270 280 270 270 280 280
08 17 280 270 270 280 280 289 289 309 320 331 320 309 309 309 300 289 289 289 270 280 270 270 280 280
08 18 280 280 280 280 280 289 289 302 320 331 320 309 309 309 300 289 289 280 270 280 270 270 280 280
08 19 280 280 280 280 280 289 289 309 320 331 320 309 309 309 300 289 289 280 270 280 270 270 280 284
08 20 280 280 280 280 280 289 289 309 331 331 320 309 309 309 300 289 289 280 270 280 270 270 280 280
08 21 280 280 280 280 280 289 289 300 320 331 320 309 309 309 289 289 289 280 270 280 270 270 280 280
08 22 280 280 280 280 289 289 289 300 320 331 320 302 309 300 280 289 289 280 270 280 261 270 270 270
08 23 280 280 280 280 280 289 289 300 320 320 320 300 309 309 280 280 280 280 270 270 261 270 270 270
08 24 280 270 270 280 280 284 284 300 320 320 309 300 300 300 280 280 280 280 261 270 261 270 270 270
08 25 280 270 270 280 280 289 289 300 320 320 309 302 300 300 280 280 280 270 270 270 261 270 270 270
08 26 280 270 270 280 280 289 289 300 320 320 300 300 300 289 280 280 270 270 261 270 261 266 270 270
08 27 280 270 270 270 280 284 284 300 309 320 300 289 300 280 280 270 270 261 261 261 261 266 270 270
08 28 280 270 270 270 280 289 280 289 309 309 300 289 289 280 280 270 270 261 261 261 261 266 270 270
08 29 280 270 270 270 280 284 280 289 309 309 300 289 289 270 280 270 270 261 261 261 261 261 270 266
08 30 270 270 270 270 280 280 270 289 309 309 300 289 289 270 270 270 261 261 261 261 261 261 270 261
08 31 270 270 270 270 270 270 270 280 300 300 289 289 280 270 270 261 261 261 261 261 261 250 261 261
09 01 270 270 261 270 270 270 270 280 300 300 289 289 280 270 261 261 250 250 261 261 261 250 250 261
09 02 270 266 261 270 270 270 270 280 300 302 289 280 270 270 261 250 250 250 250 250 250 250 250 250
09 03 261 261 261 261 270 270 261 280 300 302 289 280 270 270 261 250 250 241 250 250 250 250 250 250
09 04 261 261 261 261 270 270 261 280 300 300 289 280 270 261 250 250 250 241 241 250 250 250 250 250
09 05 270 250 261 261 270 270 261 280 300 300 289 280 270 261 250 241 241 241 241 241 241 241 250 250
09 06 261 250 250 250 261 250 261 270 289 300 280 270 270 261 250 241 241 241 241 241 241 241 241 241
09 07 250 250 250 250 250 250 261 270 280 289 280 270 261 250 248 241 230 230 230 230 230 230 241 230
09 08 250 241 241 241 241 241 250 261 280 284 270 270 261 250 241 230 230 230 219 230 219 230 230 230
09 09 241 230 241 241 241 241 241 250 270 270 270 261 261 250 241 230 219 219 219 230 219 219 219 219
09 10 241 230 230 241 241 241 241 250 270 270 270 261 261 241 241 230 210 210 210 210 210 219 219 219
09 11 230 219 230 230 230 230 241 250 261 266 261 261 250 241 230 219 210 199 199 210 210 219 219 219
09 12 230 219 219 230 219 230 230 241 250 261 261 250 241 230 230 210 199 199 199 199 210 210 210 210
09 13 219 210 219 219 219 219 230 230 250 261 250 241 230 219 219 210 199 199 199 199 199 199 210 210
09 14 219 210 210 219 219 219 219 230 241 261 250 241 230 219 210 210 199 199 199 199 199 199 199 199
09 15 219 199 210 210 210 210 219 219 241 250 250 230 230 219 210 210 199 199 190 199 199 199 199 199
09 16 210 199 199 210 210 210 219 219 241 250 241 230 230 219 210 210 199 190 190 199 199 199 199 199
09 17 210 199 199 210 210 210 219 219 241 250 241 230 230 210 210 199 190 199 199 199 190 199 199 199
09 18 210 199 199 210 210 210 210 210 230 250 241 230 219 210 199 199 190 190 199 190 190 199 199 199
09 19 210 199 199 210 210 210 210 210 230 241 241 230 219 210 199 199 190 190 199 190 190 199 199 199
09 20 199 190 199 199 210 199 199 210 230 241 230 230 210 210 199 199 190 180 194 190 180 199 194 190
09 21 199 190 190 199 199 199 199 199 219 241 230 219 210 210 199 199 180 180 190 180 180 190 190 190
09 22 199 190 190 190 199 190 190 190 219 230 219 219 210 199 199 190 180 180 190 180 180 190 190 190
09 23 194 190 190 190 190 190 190 190 219 219 210 210 199 199 190 190 171 180 180 180 180 180 190 180
09 24 190 190 190 190 190 190 190 190 210 219 210 199 199 190 180 180 171 171 180 180 180 180 180 180
09 25 190 180 180 190 190 190 190 190 210 219 210 199 199 190 180 171 171 171 180 180 180 180 180 180
09 26 180 180 180 180 190 180 190 180 210 219 210 199 199 190 190 180 171 180 190 180 180 180 180 180
09 27 180 180 180 190 180 180 190 180 210 219 210 210 199 190 180 171 171 171 180 180 180 180 180 180
09 28 180 180 180 180 180 180 180 180 199 210 210 199 199 190 180 171 171 171 180 180 180 180 180 180
09 29 180 171 171 180 180 180 180 180 199 210 210 199 199 190 180 171 171 171 180 180 180 180 180 180
09 30 180 171 171 180 180 180 180 180 199 210 210 199 199 190 180 171 160 171 180 180 180 180 180 180
10 01 171 171 171 180 180 180 180 180 199 210 210 199 199 180 180 160 160 171 171 180 180 171 180 171
10 02 171 171 171 180 180 180 180 180 190 210 199 199 190 180 171 160 160 160 171 171 176 171 171 171
10 03 171 171 171 180 171 171 180 180 190 210 199 190 180 180 171 160 160 160 171 171 171 171 171 160
10 04 171 171 171 171 171 171 171 171 190 210 199 190 180 180 171 160 151 151 171 171 171 160 160 160
10 05 171 160 171 171 171 171 171 171 190 210 199 190 180 180 171 160 160 151 171 171 171 160 171 160
10 06 160 160 160 160 160 171 171 171 190 199 199 190 180 180 171 160 160 151 171 160 171 160 160 160
10 07 160 160 160 160 160 171 171 171 180 199 199 190 180 180 171 171 160 151 171 160 171 160 171 160
10 08 160 160 160 160 160 171 160 171 180 199 199 190 180 180 180 171 160 160 171 171 171 160 171 160
10 09 160 160 160 160 160 171 171 171 180 199 199 190 180 180 180 171 160 160 171 171 171 160 171 160
10 10 160 160 160 160 160 171 171 171 180 199 199 190 180 180 171 171 160 151 160 160 160 160 171 160
10 11 151 160 160 160 160 171 171 171 180 199 199 190 180 180 171 171 160 151 160 160 160 160 171 160
10 12 151 160 160 160 160 171 171 171 180 199 199 190 180 180 171 160 160 151 160 160 160 160 160 160
10 13 140 160 160 160 158 171 171 160 180 190 190 190 180 176 171 160 160 151 160 160 160 160 160 160
10 14 140 158 160 160 160 171 171 171 180 190 190 190 180 176 171 160 160 151 160 160 160 160 160 160
10 15 140 151 160 151 151 160 160 160 180 190 190 180 180 171 160 160 158 151 160 160 160 160 160 151
10 16 140 151 151 151 151 151 151 160 171 180 180 180 176 171 160 160 151 151 151 160 160 160 160 151
10 17 140 151 151 151 151 151 151 151 171 180 180 171 171 171 160 151 151 140 151 160 151 151 160 151
10 18 140 151 140 140 140 151 151 151 160 176 180 171 171 160 160 151 140 129 140 151 140 151 151 151
10 19 129 140 140 140 140 140 151 140 160 171 171 171 160 160 151 151 140 129 140 158 140 151 151 151
10 20 129 140 140 140 151 140 140 151 171 171 171 171 160 160 160 151 151 140 151 160 151 160 160 151
10 21 140 151 140 151 151 151 151 158 171 180 176 171 160 160 160 151 151 140 151 160 160 171 160 160
10 22 151 158 158 158 151 151 151 160 176 180 180 171 171 171 160 158 151 151 160 160 171 171 160 160
10 23 151 160 158 158 158 151 160 160 176 180 180 171 171 160 160 151 140 140 151 160 160 160 151 151
10 24 129 151 140 151 151 140 151 158 171 180 171 160 160 160 158 151 140 140 151 160 160 160 151 151
10 25 140 151 151 151 151 151 151 151 171 160 171 160 160 160 160 151 151 151 151 160 160 160 151 151
10 26 140 151 151 151 151 151 151 151 171 160 171 171 171 171 160 151 151 140 140 158 151 151 151 151
10 27 140 151 151 140 151 140 140 140 151 160 171 160 160 160 151 151 151 140 151 151 151 151 151 151
10 28 140 140 140 140 140 140 140 129 151 158 160 158 160 160 140 140 140 140 140 151 151 151 151 140
10 29 129 140 140 129 140 140 129 129 151 151 160 151 151 151 140 140 129 140 140 140 151 151 140 140
10 30 129 140 140 129 140 140 129 129 151 151 160 151 160 158 140 140 129 140 140 151 151 151 140 140
10 31 122 140 140 140 140 140 140 129 151 151 160 151 151 140 140 140 140 140 140 151 151 140 140 140
11 01 129 140 140 140 140 140 140 129 151 151 160 151 151 140 140 140 140 140 140 151 151 151 140 140
11 02 129 140 140 140 140 140 140 129 151 160 160 158 158 158 140 140 140 140 151 151 151 151 140 140
11 03 129 151 140 140 140 140 140 129 151 160 160 160 160 158 140 140 140 140 140 151 151 151 151 140
11 04 129 140 140 140 140 140 140 140 151 160 160 151 158 140 140 140 140 140 140 151 151 151 151 140
11 05 129 140 140 140 140 140 140 129 151 160 160 151 151 140 140 140 140 140 140 151 151 151 151 140
11 06 129 140 140 140 140 140 140 129 151 160 158 151 151 140 140 140 140 140 140 151 151 140 151 140
11 07 129 140 140 140 140 140 140 129 151 151 151 151 151 140 140 129 129 140 140 151 151 140 140 140
11 08 129 140 140 129 140 129 140 129 151 151 151 151 140 140 140 140 129 140 140 140 140 140 140 129
11 09 129 129 129 129 129 129 140 129 151 151 151 151 140 140 140 129 129 140 140 140 140 140 140 129
11 10 129 129 129 129 129 122 140 129 140 151 151 151 140 140 129 129 129 140 151 151 140 140 140 140
11 11 129 140 129 129 129 129 140 129 140 151 151 151 140 140 140 140 140 140 151 151 140 140 140 140
11 12 129 140 129 129 140 129 140 129 140 151 151 151 140 140 140 140 140 140 151 151 140 140 140 140
11 13 129 129 129 129 129 129 129 120 140 151 151 151 140 140 140 140 140 140 151 140 140 140 140 140
11 14 129 129 129 129 129 122 129 122 140 151 151 151 140 140 140 140 140 151 151 140 140 140 140 140
11 15 129 129 129 129 129 129 129 120 140 151 151 151 140 140 140 140 140 140 151 140 140 140 129 129
11 16 129 129 129 129 129 120 120 120 129 140 151 140 140 140 140 140 140 140 140 140 129 140 129 120
11 17 129 129 120 120 120 120 120 120 129 140 140 140 140 129 140 129 140 140 140 140 129 129 120 120
11 18 129 120 109 109 109 120 109 120 120 140 140 129 129 129 129 129 140 140 140 129 129 129 120 109
11 19 120 109 109 109 109 109 109 109 109 129 140 129 120 120 129 129 129 140 129 129 120 120 109 109
11 20 120 109 100 100 100 100 90 90 100 120 120 120 109 109 120 129 129 140 129 120 109 109 109 100
11 21 120 109 100 90 90 90 81 81 90 109 120 120 109 109 120 120 120 129 120 120 109 109 100 100
11 22 120 100 90 81 81 81 81 70 81 109 120 120 109 109 120 120 120 120 120 109 109 109 100 100
11 23 109 100 90 81 81 81 70 70 70 100 120 109 109 109 120 120 120 120 120 109 109 109 100 90
11 24 109 100 90 81 81 81 70 70 70 100 109 109 100 109 120 120 109 120 109 109 100 109 100 90
11 25 109 90 81 81 81 81 70 70 70 100 120 109 109 109 109 109 109 109 109 104 100 100 100 86
11 26 109 90 81 81 81 70 70 61 70 90 109 104 100 100 109 109 100 100 109 100 90 100 90 81
11 27 109 90 81 70 70 70 70 61 70 90 109 104 100 100 100 109 100 100 100 100 90 90 90 81
11 28 109 90 81 70 70 70 61 61 61 90 100 100 90 90 100 100 90 90 90 100 90 90 81 81
11 29 100 81 70 70 70 70 61 61 61 90 100 100 90 90 100 100 90 90 90 90 90 90 81 81
11 30 100 81 70 70 70 70 61 61 61 90 100 100 90 90 100 90 90 90 90 90 90 90 81 81
12 01 100 81 81 70 70 70 61 61 61 90 100 100 90 90 90 90 90 90 100 90 90 90 81 81
12 02 109 81 70 70 70 70 61 61 61 90 100 100 90 90 100 100 90 100 100 90 90 90 81 81
12 03 100 81 70 70 70 70 61 61 61 90 100 100 90 90 100 100 100 100 109 90 90 90 81 81
12 04 100 81 70 70 70 70 61 61 61 90 100 100 90 90 100 100 100 100 109 90 90 86 81 81
12 05 100 81 70 70 70 70 61 61 61 90 100 109 109 100 109 100 100 100 109 100 100 86 81 70
12 06 100 81 70 70 70 68 61 61 61 90 100 109 109 100 109 104 109 109 109 100 109 90 81 81
12 07 90 81 70 70 70 61 61 61 61 90 100 109 109 100 109 100 104 109 109 100 100 90 81 81
12 08 90 81 70 70 68 61 61 50 50 86 100 109 109 100 109 100 100 109 109 100 100 81 81 70
12 09 90 70 70 70 68 61 61 50 50 81 100 109 109 100 109 100 100 104 109 100 100 90 81 81
12 10 90 70 70 70 61 50 61 50 50 81 100 100 109 100 109 100 100 104 109 100 100 90 81 81
12 11 90 81 70 70 68 61 61 61 50 81 100 104 109 100 109 100 100 104 109 100 100 90 81 81
12 12 90 81 70 70 68 61 61 61 50 81 100 104 109 104 109 100 109 109 109 100 109 100 86 86
12 13 90 81 70 70 68 61 61 61 50 81 100 109 109 109 109 104 109 109 109 100 100 90 86 81
12 14 81 81 70 70 50 61 50 50 39 70 100 100 109 109 109 109 109 109 109 100 90 81 81 81
12 15 81 70 70 61 50 50 39 39 30 68 100 100 109 109 109 109 109 109 100 100 86 81 81 70
12 16 70 70 61 50 39 50 39 32 30 61 90 100 104 104 109 100 104 109 100 90 81 70 70 61
12 17 61 61 50 39 30 39 30 19 19 61 81 90 100 100 109 100 100 109 100 90 81 70 70 61
12 18 61 50 50 39 30 39 30 19 19 61 81 100 100 104 109 100 100 104 90 90 70 70 61 61
12 19 50 50 39 39 30 30 19 19 19 50 81 90 100 104 100 100 100 100 90 81 70 70 61 61
12 20 39 39 39 30 19 19 19 10 10 50 81 90 90 100 90 100 100 100 81 81 70 70 61 50
12 21 50 39 32 30 19 19 19 10 10 50 70 90 90 90 90 100 100 100 81 81 68 70 61 50
12 22 50 39 32 30 19 19 19 10 19 50 70 90 90 100 100 100 100 100 81 70 70 70 61 50
12 23 39 39 30 30 19 19 19 10 10 39 70 90 90 100 100 100 100 100 81 70 68 68 61 50
12 24 39 39 30 19 10 14 10 10 10 39 61 90 90 90 100 100 90 100 81 70 61 61 50 39
12 25 39 30 30 14 10 10 10 0 10 32 61 86 90 90 100 100 100 100 81 70 61 61 50 32
12 26 39 30 30 10 10 10 10 0 10 32 61 86 90 100 100 100 100 100 81 70 68 61 50 39
12 27 39 30 30 14 10 10 0 0 10 30 61 81 90 90 100 100 100 100 81 70 61 61 39 32
12 28 39 30 19 10 0 10 0 0 0 30 61 81 90 90 100 100 100 100 81 70 61 61 39 32
12 29 39 30 19 10 0 10 0 0 0 30 61 81 90 100 109 100 100 100 81 70 68 61 50 39
12 30 39 30 19 14 0 10 0 0 10 39 61 81 90 100 109 104 100 104 81 81 70 61 50 39
12 31 39 30 30 14 10 10 10 0 10 39 61 81 90 104 109 109 100 109 90 81 70 61 61 50
