01 01 -9999 -9999 -9999 -9999 -9999 -9999 -310 -310 -321 -321 -321 -299 -290 -270 -274 -274 -279 -292 -299 -310 -310 -310 -9999 -9999 
01 02 -9999 -9999 -9999 -9999 -9999 -9999 -321 -321 -321 -321 -321 -299 -292 -274 -279 -279 -290 -292 -299 -310 -310 -310 -9999 -9999 
01 03 -9999 -9999 -9999 -9999 -9999 -9999 -321 -321 -321 -321 -321 -310 -299 -279 -279 -279 -290 -299 -299 -310 -310 -321 -9999 -9999 
01 04 -9999 -9999 -9999 -9999 -9999 -9999 -310 -310 -321 -310 -321 -299 -292 -279 -279 -279 -290 -290 -299 -310 -310 -310 -9999 -9999 
01 05 -9999 -9999 -9999 -9999 -9999 -9999 -308 -310 -321 -310 -321 -292 -290 -279 -279 -279 -279 -279 -290 -299 -310 -310 -9999 -9999 
01 06 -9999 -9999 -9999 -9999 -9999 -9999 -308 -310 -310 -310 -310 -292 -290 -279 -279 -279 -279 -290 -290 -299 -310 -310 -9999 -9999 
01 07 -9999 -9999 -9999 -9999 -9999 -9999 -308 -310 -321 -310 -321 -292 -290 -279 -279 -274 -290 -290 -290 -299 -310 -310 -9999 -9999 
01 08 -9999 -9999 -9999 -319 -9999 -9999 -310 -310 -321 -310 -321 -292 -290 -279 -279 -274 -274 -279 -290 -292 -299 -310 -9999 -9999 
01 09 -9999 -9999 -9999 -310 -9999 -9999 -308 -310 -310 -310 -310 -292 -290 -279 -270 -270 -274 -279 -279 -290 -290 -299 -9999 -9999 
01 10 -9999 -9999 -9999 -308 -9999 -9999 -297 -299 -310 -299 -299 -290 -279 -270 -270 -270 -270 -274 -279 -279 -279 -290 -9999 -9999 
01 11 -9999 -9999 -9999 -299 -9999 -9999 -290 -292 -299 -299 -299 -290 -279 -270 -270 -270 -270 -274 -274 -279 -274 -290 -9999 -9999 
01 12 -9999 -9999 -9999 -297 -9999 -9999 -290 -290 -292 -310 -292 -290 -279 -270 -270 -270 -270 -274 -274 -274 -274 -290 -9999 -9999 
01 13 -9999 -9999 -9999 -9999 -9999 -9999 -279 -279 -290 -321 -290 -290 -279 -270 -270 -260 -270 -270 -260 -270 -274 -279 -9999 -9999 
01 14 -9999 -9999 -9999 -290 -9999 -9999 -279 -279 -290 -321 -290 -279 -279 -270 -260 -260 -260 -270 -270 -274 -274 -279 -9999 -9999 
01 15 -9999 -9999 -9999 -288 -9999 -9999 -279 -279 -290 -321 -290 -290 -279 -270 -260 -260 -260 -270 -270 -274 -270 -279 -9999 -9999 
01 16 -9999 -9999 -9999 -290 -9999 -9999 -279 -279 -290 -321 -290 -279 -274 -270 -260 -260 -260 -270 -270 -279 -270 -279 -9999 -9999 
01 17 -9999 -9999 -9999 -290 -9999 -9999 -279 -290 -290 -321 -290 -290 -270 -270 -260 -260 -260 -270 -274 -279 -274 -299 -9999 -9999 
01 18 -9999 -9999 -9999 -290 -9999 -9999 -292 -292 -299 -350 -310 -292 -274 -270 -260 -270 -270 -279 -279 -290 -290 -321 -9999 -9999 
01 19 -9999 -9999 -9999 -301 -9999 -9999 -310 -299 -310 -369 -328 -299 -290 -274 -274 -270 -270 -299 -299 -299 -299 -330 -9999 -9999 
01 20 -9999 -9999 -9999 -319 -9999 -9999 -346 -310 -328 -369 -328 -299 -299 -290 -279 -270 -274 -299 -310 -310 -299 -330 -9999 -9999 
01 21 -9999 -9999 -9999 -321 -9999 -9999 -346 -321 -328 -369 -328 -299 -299 -290 -279 -279 -279 -310 -310 -310 -310 -330 -9999 -9999 
01 22 -9999 -9999 -9999 -9999 -9999 -9999 -346 -321 -328 -369 -328 -299 -299 -290 -290 -279 -290 -310 -310 -310 -310 -330 -9999 -9999 
01 23 -9999 -9999 -9999 -9999 -9999 -9999 -346 -321 -328 -369 -328 -299 -299 -290 -290 -279 -279 -310 -310 -321 -330 -330 -9999 -9999 
01 24 -9999 -9999 -9999 -9999 -9999 -9999 -346 -321 -328 -369 -341 -310 -299 -292 -290 -279 -279 -310 -310 -328 -330 -328 -9999 -9999 
01 25 -9999 -9999 -9999 -9999 -9999 -9999 -346 -321 -328 -369 -341 -310 -299 -290 -290 -279 -279 -310 -310 -330 -330 -330 -9999 -9999 
01 26 -9999 -9999 -9999 -9999 -9999 -9999 -346 -321 -330 -369 -346 -328 -310 -292 -290 -290 -290 -310 -310 -330 -341 -330 -9999 -9999 
01 27 -9999 -9999 -9999 -9999 -9999 -9999 -346 -321 -330 -369 -346 -321 -299 -290 -279 -279 -279 -310 -310 -330 -341 -341 -9999 -9999 
01 28 -9999 -9999 -9999 -9999 -9999 -9999 -346 -321 -328 -369 -346 -321 -299 -290 -274 -279 -274 -310 -310 -330 -341 -341 -9999 -9999 
01 29 -9999 -9999 -9999 -9999 -9999 -9999 -341 -321 -330 -360 -341 -310 -299 -290 -274 -270 -274 -299 -310 -330 -341 -330 -9999 -9999 
01 30 -9999 -9999 -9999 -9999 -9999 -9999 -339 -310 -328 -346 -330 -310 -292 -290 -274 -270 -270 -299 -310 -328 -330 -330 -9999 -9999 
01 31 -9999 -9999 -9999 -9999 -9999 -9999 -339 -310 -328 -341 -330 -299 -292 -290 -274 -270 -260 -279 -310 -321 -328 -310 -9999 -9999 
02 01 -9999 -9999 -9999 -9999 -9999 -9999 -330 -310 -310 -341 -310 -299 -292 -290 -260 -260 -256 -274 -292 -310 -299 -299 -9999 -9999 
02 02 -9999 -9999 -9999 -9999 -9999 -9999 -328 -310 -310 -330 -292 -292 -279 -274 -260 -256 -240 -256 -279 -299 -290 -279 -288 -9999 
02 03 -9999 -9999 -9999 -330 -9999 -9999 -328 -310 -310 -310 -292 -279 -270 -270 -251 -251 -240 -251 -274 -292 -290 -279 -274 -9999 
02 04 -9999 -9999 -9999 -330 -9999 -9999 -321 -310 -310 -310 -290 -279 -260 -240 -240 -238 -238 -240 -270 -290 -279 -274 -269 -9999 
02 05 -9999 -9999 -9999 -339 -9999 -9999 -321 -310 -310 -310 -290 -279 -256 -240 -238 -220 -220 -240 -260 -290 -270 -274 -269 -274
02 06 -9999 -9999 -9999 -330 -297 -310 -310 -310 -299 -310 -290 -270 -231 -231 -231 -209 -209 -238 -238 -256 -260 -270 -258 -269
02 07 -9999 -278 -9999 -310 -290 -308 -292 -292 -299 -292 -279 -260 -231 -220 -220 -209 -200 -220 -231 -251 -256 -270 -256 -251
02 08 -9999 -269 -274 -310 -278 -292 -292 -290 -292 -290 -274 -251 -220 -209 -202 -200 -184 -200 -220 -240 -256 -260 -256 -251
02 09 -9999 -269 -274 -288 -274 -288 -279 -290 -292 -290 -274 -249 -220 -202 -200 -180 -180 -189 -209 -238 -256 -260 -256 -251
02 10 -278 -258 -274 -288 -274 -278 -270 -279 -299 -290 -274 -240 -220 -200 -189 -180 -170 -180 -200 -231 -240 -251 -249 -238
02 11 -278 -278 -274 -288 -274 -274 -270 -290 -297 -290 -270 -231 -200 -200 -189 -170 -168 -180 -200 -220 -231 -231 -256 -258
02 12 -288 -278 -288 -310 -288 -288 -279 -290 -299 -310 -260 -231 -189 -189 -180 -170 -161 -170 -200 -220 -231 -251 -270 -261
02 13 -297 -288 -288 -310 -288 -288 -270 -290 -299 -299 -270 -231 -189 -189 -180 -170 -170 -170 -200 -220 -231 -251 -288 -278
02 14 -297 -297 -308 -319 -297 -297 -279 -299 -310 -310 -270 -231 -200 -189 -180 -170 -179 -180 -202 -231 -238 -251 -290 -278
02 15 -297 -297 -308 -319 -297 -297 -290 -299 -310 -310 -274 -231 -200 -189 -180 -170 -179 -170 -209 -238 -240 -260 -290 -279
02 16 -297 -297 -308 -319 -297 -310 -290 -310 -321 -310 -279 -231 -200 -189 -180 -170 -179 -170 -200 -240 -256 -270 -290 -279
02 17 -297 -297 -308 -310 -288 -297 -288 -299 -310 -310 -279 -231 -200 -189 -180 -170 -180 -180 -200 -240 -256 -260 -290 -278
02 18 -297 -290 -299 -308 -288 -297 -288 -299 -310 -310 -274 -231 -189 -189 -180 -170 -179 -180 -202 -240 -256 -256 -290 -278
02 19 -297 -290 -299 -299 -292 -297 -290 -299 -310 -310 -274 -231 -189 -189 -180 -170 -170 -180 -200 -238 -251 -251 -278 -278
02 20 -288 -278 -281 -288 -288 -288 -279 -299 -299 -310 -274 -231 -189 -180 -180 -170 -170 -170 -200 -238 -251 -251 -274 -278
02 21 -292 -278 -288 -288 -288 -288 -288 -299 -299 -299 -260 -229 -189 -180 -180 -170 -170 -170 -200 -238 -240 -251 -270 -278
02 22 -288 -278 -288 -288 -288 -288 -288 -292 -308 -299 -260 -220 -189 -180 -170 -161 -170 -180 -200 -238 -240 -251 -270 -279
02 23 -281 -288 -288 -290 -288 -297 -290 -292 -299 -299 -260 -220 -189 -180 -170 -170 -170 -170 -200 -238 -240 -251 -270 -278
02 24 -281 -288 -292 -290 -288 -290 -292 -292 -299 -299 -251 -220 -184 -170 -180 -170 -180 -180 -200 -231 -240 -251 -269 -278
02 25 -292 -290 -292 -290 -297 -297 -299 -299 -310 -299 -251 -220 -184 -180 -180 -170 -180 -180 -200 -231 -238 -251 -260 -274
02 26 -281 -278 -288 -290 -288 -297 -299 -299 -310 -290 -240 -220 -184 -180 -180 -170 -180 -180 -200 -231 -238 -240 -256 -274
02 27 -274 -278 -281 -281 -292 -290 -299 -299 -310 -279 -240 -220 -184 -180 -170 -161 -170 -170 -184 -220 -231 -231 -249 -269
02 28 -260 -274 -281 -288 -297 -297 -299 -299 -310 -274 -238 -209 -180 -170 -161 -161 -166 -170 -170 -209 -220 -220 -229 -242
03 01 -249 -269 -278 -279 -288 -281 -292 -292 -292 -260 -220 -189 -170 -148 -141 -119 -130 -148 -150 -200 -202 -209 -209 -238
03 02 -9999 -9999 -278 -279 -288 -281 -290 -290 -292 -260 -202 -184 -161 -130 -112 -112 -119 -130 -150 -180 -180 -189 -202 -238
03 03 -9999 -9999 -258 -278 -9999 -9999 -279 -279 -279 -251 -189 -170 -130 -119 -112 -112 -112 -112 -148 -166 -170 -180 -202 -238
03 04 -9999 -9999 -274 -279 -9999 -9999 -279 -290 -279 -251 -189 -170 -130 -119 -112 -112 -112 -112 -148 -150 -170 -184 -207 -9999 
03 05 -9999 -9999 -9999 -278 -9999 -9999 -290 -290 -290 -240 -189 -170 -141 -119 -112 -112 -110 -112 -130 -150 -166 -180 -202 -9999 
03 06 -9999 -9999 -9999 -269 -9999 -9999 -279 -279 -279 -240 -189 -166 -148 -130 -112 -112 -112 -112 -148 -150 -170 -180 -9999 -9999 
03 07 -9999 -9999 -9999 -269 -9999 -9999 -279 -290 -290 -240 -189 -170 -148 -130 -119 -119 -112 -112 -148 -161 -170 -180 -9999 -9999 
03 08 -9999 -9999 -9999 -278 -9999 -9999 -279 -290 -290 -240 -189 -166 -150 -130 -119 -119 -112 -112 -141 -150 -170 -180 -9999 -9999 
03 09 -9999 -9999 -9999 -278 -278 -9999 -279 -290 -290 -240 -180 -166 -148 -130 -119 -112 -110 -112 -130 -148 -166 -180 -9999 -9999 
03 10 -9999 -9999 -9999 -270 -9999 -9999 -279 -290 -290 -240 -180 -161 -130 -130 -112 -112 -99 -110 -119 -148 -166 -170 -9999 -9999 
03 11 -9999 -9999 -9999 -269 -9999 -9999 -278 -290 -279 -231 -166 -150 -130 -119 -112 -99 -99 -99 -110 -119 -148 -161 -9999 -9999 
03 12 -9999 -9999 -9999 -260 -9999 -9999 -270 -274 -270 -220 -161 -148 -119 -112 -110 -99 -94 -94 -110 -112 -141 -150 -9999 -9999 
03 13 -9999 -9999 -9999 -249 -9999 -9999 -260 -270 -260 -200 -161 -148 -112 -110 -99 -99 -94 -90 -110 -112 -130 -148 -9999 -9999 
03 14 -9999 -9999 -9999 -240 -9999 -9999 -256 -260 -251 -200 -150 -141 -112 -99 -99 -94 -94 -90 -99 -112 -130 -141 -9999 -9999 
03 15 -9999 -9999 -9999 -231 -9999 -9999 -240 -251 -238 -189 -150 -141 -112 -99 -99 -90 -90 -90 -99 -110 -119 -141 -9999 -180
03 16 -9999 -184 -9999 -220 -9999 -9999 -238 -240 -231 -180 -150 -130 -112 -94 -99 -90 -90 -90 -99 -110 -119 -130 -150 -168
03 17 -9999 -184 -9999 -209 -231 -9999 -231 -238 -209 -180 -150 -130 -112 -94 -99 -90 -90 -90 -94 -110 -119 -130 -150 -166
03 18 -9999 -184 -9999 -200 -231 -9999 -231 -231 -209 -180 -150 -130 -112 -94 -94 -90 -80 -80 -90 -99 -112 -130 -148 -150
03 19 -9999 -180 -9999 -200 -218 -9999 -220 -231 -200 -170 -148 -112 -94 -94 -76 -71 -71 -76 -76 -94 -99 -110 -130 -141
03 20 -9999 -170 -9999 -189 -202 -9999 -209 -209 -184 -161 -130 -110 -90 -71 -60 -51 -60 -71 -71 -80 -99 -110 -112 -130
03 21 -150 -166 -166 -179 -189 -9999 -202 -202 -180 -141 -130 -110 -76 -58 -58 -40 -40 -40 -51 -71 -90 -99 -108 -110
03 22 -141 -159 -148 -170 -180 -9999 -202 -189 -170 -130 -112 -94 -71 -58 -40 -20 -22 -40 -40 -58 -76 -80 -99 -99
03 23 -130 -139 -139 -161 -179 -9999 -189 -189 -161 -110 -94 -60 -51 -40 -29 -20 -20 -22 -29 -40 -60 -80 -89 -94
03 24 -121 -139 -130 -150 -168 -180 -189 -189 -150 -110 -76 -60 -40 -40 -22 -9 -20 -20 -22 -40 -58 -71 -81 -94
03 25 -117 -130 -130 -150 -166 -180 -189 -189 -150 -99 -76 -60 -40 -29 -22 -20 -20 -20 -22 -29 -58 -71 -80 -90
03 26 -112 -128 -128 -139 -150 -170 -188 -189 -150 -99 -76 -58 -40 -29 -22 -20 -20 -20 -22 -29 -51 -60 -71 -89
03 27 -108 -119 -119 -139 -150 -168 -184 -184 -148 -99 -60 -51 -22 -9 -4 -9 -4 -9 -20 -29 -40 -51 -58 -80
03 28 -98 -110 -117 -130 -141 -148 -170 -180 -141 -80 -58 -40 -20 -4 0 0 0 0 -4 -22 -29 -40 -40 -76
03 29 -78 -108 -112 -128 -139 -148 -161 -161 -130 -71 -51 -22 -4 0 10 10 19 10 0 -4 -9 -22 -22 -49
03 30 -69 -89 -98 -108 -108 -128 -141 -141 -110 -60 -29 -20 0 10 19 19 19 19 10 0 -9 -20 -18 -22
03 31 -58 -71 -78 -98 -94 -108 -130 -119 -94 -51 -29 -4 0 10 19 19 30 30 19 0 -4 -18 -9 -20
04 01 -40 -58 -71 -80 -80 -108 -119 -112 -80 -51 -22 0 0 10 19 19 30 30 19 0 0 -9 -9 -20
04 02 -40 -51 -69 -80 -78 -98 -112 -110 -76 -51 -20 0 10 14 19 19 32 30 19 9 0 -9 -9 -20
04 03 -40 -51 -69 -80 -78 -98 -112 -110 -76 -40 -20 0 10 14 19 30 32 30 19 12 0 -9 0 -9
04 04 -40 -51 -58 -80 -78 -94 -108 -99 -60 -40 -20 10 10 19 19 32 32 30 30 19 1 -9 0 -9
04 05 -38 -49 -58 -80 -78 -89 -99 -99 -60 -29 -20 10 10 21 19 32 39 32 30 19 10 -9 0 -9
04 06 -29 -40 -58 -71 -78 -78 -99 -94 -60 -29 -9 10 14 30 30 39 39 32 30 30 19 10 1 -8
04 07 -20 -27 -40 -49 -69 -58 -71 -60 -40 -29 10 14 19 32 32 39 39 50 50 39 32 19 14 1
04 08 -9 -20 -29 -38 -58 -49 -60 -51 -18 10 19 32 39 61 61 50 61 63 61 52 50 39 32 14
04 09 1 -4 -8 -20 -27 -38 -49 -29 -4 14 30 50 50 70 61 61 70 81 70 63 52 39 32 30
04 10 14 14 -4 -9 -18 -22 -29 -18 0 19 32 50 61 72 70 70 81 81 81 70 70 50 52 39
04 11 32 32 1 0 -8 -18 -20 -4 10 19 39 61 68 81 72 81 86 81 81 72 81 61 63 52
04 12 41 32 21 10 -4 -4 -9 0 14 30 50 68 81 90 81 90 90 86 90 81 81 70 70 63
04 13 63 41 41 30 19 10 -4 1 30 39 61 81 90 100 81 90 91 100 90 90 90 82 81 72
04 14 63 52 52 41 32 19 0 19 39 50 70 82 100 102 86 90 91 104 100 91 90 90 82 81
04 15 70 63 61 52 41 30 10 19 50 61 81 90 100 104 100 100 100 109 104 104 100 91 90 86
04 16 86 81 81 61 52 32 21 32 61 70 86 91 104 104 104 100 100 109 109 109 100 109 104 90
04 17 91 91 90 63 68 50 39 52 70 81 90 100 109 109 109 109 104 120 109 109 104 109 109 109
04 18 109 102 104 90 81 68 61 81 81 100 100 109 120 120 120 120 109 120 120 111 120 109 122 122
04 19 111 122 111 99 102 90 70 100 100 109 122 122 129 120 120 120 109 122 120 120 129 129 131 140
04 20 131 129 129 111 111 102 100 104 109 129 140 140 129 129 122 129 122 122 122 122 140 140 142 142
04 21 140 140 131 120 122 120 109 120 129 140 140 151 140 140 122 129 122 140 122 122 149 140 153 153
04 22 142 142 140 129 129 122 109 129 140 140 151 151 140 140 122 129 122 140 129 129 151 149 158 158
04 23 153 158 142 140 131 122 122 140 151 151 158 151 151 140 129 129 129 140 140 140 158 160 172 171
04 24 162 162 158 140 142 140 129 151 158 158 160 158 158 140 129 140 129 140 140 151 158 160 176 172
04 25 171 162 162 153 153 151 151 160 171 171 160 160 158 151 140 140 129 140 140 151 158 160 172 176
04 26 172 169 162 153 158 151 158 160 171 171 171 160 158 151 140 140 140 151 151 158 160 160 176 180
04 27 176 172 162 153 162 153 160 171 171 171 171 160 158 151 140 140 140 151 151 158 160 160 176 180
04 28 172 172 171 160 162 158 160 171 171 171 171 160 158 151 140 151 140 151 151 158 160 160 176 180
04 29 172 172 171 160 162 158 160 176 176 176 171 160 158 158 151 151 158 158 151 158 160 160 180 180
04 30 176 180 172 162 169 171 171 180 180 180 176 171 160 158 158 151 158 158 158 160 160 169 181 181
05 01 180 181 176 171 172 171 176 180 190 180 180 171 171 160 160 160 160 160 160 160 171 171 181 181
05 02 181 181 180 172 172 172 180 190 190 190 180 176 171 160 160 160 160 160 160 160 171 171 181 181
05 03 181 181 181 172 176 176 180 190 190 190 180 176 171 171 171 160 160 160 160 160 171 171 181 181
05 04 181 181 181 180 180 180 190 194 190 190 180 180 176 171 171 171 171 160 160 160 171 172 181 181
05 05 181 189 189 180 180 180 190 194 190 190 180 180 171 171 171 160 160 160 160 160 169 171 181 190
05 06 181 189 189 180 180 180 190 194 194 190 180 180 180 176 171 160 171 160 160 171 171 172 181 190
05 07 181 189 189 181 181 189 194 194 194 190 180 180 180 176 171 160 160 160 160 171 171 171 181 190
05 08 181 189 190 181 190 190 194 199 194 190 180 180 180 176 171 160 171 160 160 171 171 172 181 192
05 09 189 190 192 181 192 192 199 199 194 194 180 180 180 180 171 171 171 160 171 171 171 180 181 192
05 10 192 192 192 189 192 194 199 199 199 199 190 180 180 180 171 171 171 171 171 171 176 190 189 192
05 11 192 192 192 189 194 199 210 210 210 199 190 180 180 180 176 171 176 171 171 176 180 192 192 194
05 12 194 199 201 199 201 199 212 212 212 210 194 190 180 180 180 176 176 176 176 176 180 199 194 201
05 13 201 210 210 201 208 199 219 219 212 210 199 194 190 180 180 180 180 176 176 180 180 199 199 201
05 14 212 212 212 210 212 210 230 230 219 212 199 194 190 190 190 180 180 180 176 180 189 199 201 210
05 15 212 212 212 210 212 212 230 230 219 212 210 194 190 190 190 180 180 180 180 180 190 199 201 212
05 16 212 212 212 212 212 212 230 230 219 219 210 194 190 190 190 180 180 180 180 180 190 199 201 212
05 17 212 212 219 212 212 219 230 230 230 219 212 199 194 194 190 190 190 180 190 190 194 199 210 212
05 18 212 221 221 219 212 219 230 230 230 230 212 212 194 194 190 190 190 190 194 194 194 210 212 212
05 19 219 221 221 219 219 230 230 241 241 230 219 212 210 210 194 190 192 190 194 194 194 210 212 212
05 20 221 221 221 219 221 230 239 241 241 241 230 212 210 210 194 194 194 194 194 199 199 219 219 219
05 21 230 232 230 221 221 232 248 248 248 241 230 219 212 210 199 199 194 194 199 199 199 219 221 221
05 22 230 232 232 221 230 241 250 250 250 250 241 230 219 210 210 210 194 194 199 210 208 221 221 230
05 23 232 239 232 230 232 243 250 261 250 250 241 230 219 212 210 210 210 199 201 210 210 221 221 230
05 24 232 239 232 230 232 248 261 261 261 250 248 230 219 219 210 210 210 210 210 212 212 230 230 232
05 25 241 243 241 232 241 250 261 266 261 261 250 230 230 219 219 219 212 219 212 219 230 239 232 239
05 26 243 248 243 239 243 250 266 270 266 266 261 241 230 230 219 219 219 219 219 230 230 241 243 243
05 27 243 250 243 241 250 259 270 279 270 270 261 241 230 230 230 219 219 230 230 230 230 250 250 248
05 28 248 250 250 243 250 261 270 280 271 270 261 241 248 230 230 230 230 230 230 230 230 250 250 248
05 29 250 252 250 250 250 261 270 280 280 270 266 250 250 241 230 230 230 230 230 230 230 250 259 250
05 30 252 252 252 250 252 266 279 280 280 280 270 250 250 241 241 230 230 230 241 241 241 250 259 252
05 31 259 259 252 250 259 270 280 284 280 280 270 261 250 241 241 241 241 241 241 241 241 252 259 252
06 01 259 259 252 259 262 270 280 284 284 280 270 261 250 248 241 241 241 241 241 241 241 252 259 259
06 02 262 262 259 259 262 270 284 289 284 284 270 262 261 250 241 241 241 241 248 241 248 252 259 262
06 03 262 262 262 261 270 280 289 291 289 289 280 270 261 250 248 250 248 248 250 250 250 261 262 270
06 04 270 266 270 270 271 284 291 300 300 289 280 270 266 261 250 250 250 250 250 250 250 262 266 279
06 05 271 271 271 270 271 289 300 300 300 300 284 280 270 262 261 261 261 250 250 250 250 270 266 280
06 06 271 271 271 271 279 289 300 300 302 300 289 280 280 266 261 261 261 250 250 250 252 270 270 282
06 07 271 282 279 279 282 291 300 302 309 300 289 284 280 270 266 270 261 261 261 259 261 270 271 282
06 08 282 282 282 280 282 300 302 309 309 309 289 284 280 270 270 270 261 261 261 261 261 270 271 282
06 09 282 282 282 280 282 300 302 309 309 309 300 289 280 270 270 270 261 261 266 261 261 271 282 284
06 10 282 282 282 280 284 300 309 309 309 309 302 300 284 280 270 270 261 261 266 261 261 279 282 289
06 11 284 284 284 282 291 302 309 309 320 309 309 300 284 280 280 270 262 261 266 261 261 279 289 291
06 12 291 284 289 289 291 302 309 320 320 320 309 302 289 284 280 270 270 266 270 266 266 280 291 298
06 13 291 291 291 289 298 309 320 320 320 320 320 309 300 289 282 280 270 270 270 270 270 289 291 302
06 14 291 298 291 291 302 309 320 331 320 320 320 309 300 289 289 280 280 280 270 270 280 300 302 302
06 15 302 298 291 291 302 320 320 331 331 320 320 320 300 300 300 289 280 280 280 280 280 300 302 302
06 16 302 302 302 302 302 331 331 338 338 331 331 320 309 302 300 289 289 289 284 280 289 302 302 302
06 17 311 311 311 309 311 331 338 340 338 331 331 331 309 309 300 300 289 289 289 289 289 309 311 311
06 18 320 311 311 309 311 331 340 340 340 340 331 331 320 309 302 302 291 300 300 289 289 309 311 320
06 19 320 311 311 311 320 331 340 340 340 340 338 338 320 320 309 309 300 300 302 300 300 309 320 320
06 20 320 320 320 320 320 338 340 340 351 340 340 340 331 320 311 309 309 302 309 300 309 320 320 331
06 21 320 320 320 320 320 338 340 351 351 351 340 351 331 320 320 309 320 309 309 302 309 320 320 331
06 22 331 320 320 320 320 340 340 351 351 351 351 351 331 320 320 309 320 309 320 309 309 320 320 331
06 23 331 320 329 320 320 340 351 351 351 351 351 351 338 331 320 320 320 320 320 320 320 320 320 329
06 24 331 331 320 320 320 340 351 351 356 351 351 351 340 331 331 320 320 320 320 320 320 320 320 331
06 25 331 331 329 320 331 340 351 356 356 351 351 351 340 338 331 331 331 331 331 320 320 320 320 331
06 26 331 331 331 320 331 340 351 356 356 351 351 351 340 338 331 331 331 331 331 331 320 320 320 331
06 27 331 331 331 320 331 340 351 356 360 360 356 351 340 340 338 331 338 338 331 331 331 331 331 331
06 28 331 331 331 329 331 340 351 356 360 360 360 356 351 340 338 340 338 338 338 338 338 340 338 338
06 29 338 338 340 331 340 351 356 360 370 370 360 360 351 340 340 340 340 340 340 340 338 340 340 340
06 30 338 340 340 331 340 351 360 370 370 370 360 360 356 351 340 351 340 340 340 340 340 340 340 340
07 01 340 340 340 331 340 356 370 370 374 370 370 360 360 356 351 351 340 340 340 340 340 340 349 349
07 02 349 340 340 340 340 360 370 374 379 370 370 370 360 360 356 351 351 340 351 351 351 351 351 351
07 03 351 349 351 342 351 370 374 379 379 379 374 370 370 360 360 360 356 351 351 356 356 360 360 356
07 04 356 360 360 351 351 370 379 379 379 379 379 374 370 370 360 360 360 356 351 356 356 360 360 360
07 05 360 360 360 351 360 374 379 390 390 390 379 379 379 374 370 370 370 360 356 356 360 360 360 360
07 06 360 360 360 360 360 374 379 390 390 390 390 379 379 374 370 370 370 360 356 360 360 370 370 369
07 07 360 369 369 360 360 374 379 390 392 392 392 390 379 374 370 370 370 360 360 360 370 374 374 374
07 08 369 370 369 360 369 374 390 390 392 399 392 390 379 379 374 374 370 370 360 360 370 374 374 374
07 09 370 370 369 361 369 374 390 392 399 399 399 390 379 379 374 379 374 370 360 369 374 379 374 379
07 10 374 374 369 369 369 379 390 392 399 399 399 392 390 379 379 379 374 370 370 369 374 379 374 379
07 11 374 374 369 369 369 379 392 392 399 399 399 392 390 390 379 379 374 370 370 360 374 379 374 379
07 12 379 374 369 370 370 379 392 392 399 410 399 392 390 390 379 379 374 370 370 369 374 379 374 374
07 13 374 374 369 370 370 374 392 392 399 399 399 392 390 390 379 379 374 370 360 360 374 374 370 374
07 14 374 374 369 369 369 374 390 392 399 399 399 392 390 390 379 379 374 370 370 360 374 374 370 374
07 15 374 370 369 369 360 370 390 392 399 399 399 399 390 390 390 379 374 374 370 369 374 379 374 374
07 16 374 374 360 369 360 370 392 392 410 399 399 399 392 390 390 379 379 374 370 370 379 379 379 379
07 17 374 374 369 369 360 370 392 399 410 399 399 399 392 390 390 379 379 374 374 374 379 379 379 379
07 18 374 374 360 369 360 370 392 399 410 410 410 399 392 390 390 379 379 379 374 374 379 379 379 379
07 19 374 374 369 369 360 370 392 399 410 410 410 399 392 390 390 379 379 379 374 374 379 379 379 379
07 20 379 374 369 369 360 370 392 399 410 410 410 399 392 390 390 379 379 379 374 374 379 379 379 379
07 21 379 374 370 369 360 369 392 399 410 410 410 399 399 392 390 379 379 379 374 374 379 379 379 379
07 22 379 379 369 369 360 370 392 399 410 410 410 399 399 392 390 390 379 379 374 374 379 379 379 379
07 23 379 379 370 369 360 370 392 399 410 410 410 399 399 392 392 390 379 379 374 374 379 379 379 379
07 24 379 379 370 370 360 370 392 399 410 410 410 399 399 392 390 390 379 379 374 374 379 379 379 379
07 25 379 374 370 369 360 360 390 399 410 410 410 399 399 392 390 390 379 379 374 374 379 379 379 379
07 26 374 370 369 360 351 360 390 399 410 410 399 399 392 392 390 379 379 379 374 374 374 379 374 379
07 27 370 369 360 360 351 360 390 392 410 399 399 399 392 390 390 379 379 379 374 370 374 379 374 374
07 28 370 369 360 360 349 356 379 392 399 399 399 399 392 390 390 379 374 379 374 370 374 379 374 379
07 29 370 369 360 360 351 360 379 392 399 399 399 399 392 390 390 379 374 379 374 370 374 379 374 374
07 30 370 369 369 360 351 360 379 392 399 399 410 399 392 390 390 379 374 379 374 370 374 379 374 374
07 31 370 370 369 360 351 356 379 392 399 399 399 399 392 390 390 379 374 374 374 370 374 379 370 360
08 01 370 369 369 360 351 356 374 392 399 399 399 399 392 379 379 374 370 374 374 370 374 370 370 360
08 02 370 360 356 351 340 351 370 390 399 399 399 392 390 379 379 370 370 374 370 370 374 370 370 360
08 03 369 360 351 349 340 340 370 390 392 399 399 392 390 379 379 370 370 374 370 370 374 370 370 360
08 04 369 356 351 351 340 340 360 390 392 399 392 390 390 379 379 370 370 370 370 370 370 370 370 360
08 05 360 356 356 351 340 340 360 390 392 399 392 390 390 379 374 370 370 370 370 370 370 370 370 360
08 06 360 356 356 351 340 340 360 379 390 392 390 390 379 374 374 370 370 370 370 370 370 370 370 360
08 07 360 356 356 349 -9999 340 360 379 390 390 390 390 379 374 370 360 360 370 360 360 370 370 369 360
08 08 356 351 351 340 338 338 356 374 379 390 390 379 379 374 370 360 360 360 360 360 370 370 369 360
08 09 356 351 351 340 -9999 331 351 374 379 390 390 379 374 374 370 360 356 360 360 360 370 370 369 360
08 10 356 351 351 340 -9999 331 351 370 379 390 390 390 374 374 370 360 356 360 360 370 374 374 370 360
08 11 356 351 351 340 -9999 331 351 370 379 390 390 379 374 370 360 360 356 360 360 370 370 369 369 360
08 12 351 351 351 -9999 -9999 320 351 370 379 390 379 374 370 370 360 360 351 356 356 360 370 360 360 360
08 13 351 351 340 331 -9999 320 340 360 379 379 379 374 370 370 360 360 351 351 351 356 360 360 360 351
08 14 351 -9999 340 -9999 -9999 320 340 360 374 379 374 370 370 360 356 351 351 351 351 351 356 360 360 351
08 15 349 -9999 338 329 -9999 320 338 356 370 379 374 370 370 360 356 351 351 351 351 351 356 360 351 340
08 16 340 340 331 329 -9999 320 331 351 370 374 370 370 370 360 356 351 351 351 351 351 356 360 351 340
08 17 340 338 331 320 -9999 320 320 351 360 370 370 370 370 360 356 351 340 340 340 351 351 356 351 340
08 18 331 331 329 320 -9999 311 320 351 360 370 370 370 360 360 356 351 340 340 340 340 351 360 351 340
08 19 331 331 320 311 -9999 302 309 351 360 370 370 370 360 360 351 351 340 340 340 340 351 351 349 340
08 20 331 320 311 309 -9999 300 302 340 360 369 370 370 360 360 351 340 340 340 338 340 351 349 340 331
08 21 331 320 309 300 -9999 300 300 340 356 360 360 360 360 351 351 340 338 340 340 340 351 340 338 331
08 22 320 320 302 298 291 291 300 340 351 360 360 360 360 356 351 340 338 340 338 340 340 340 340 331
08 23 320 320 302 300 291 291 300 331 351 360 360 360 356 351 351 338 331 331 331 338 340 340 338 331
08 24 320 311 302 291 289 284 284 331 351 356 360 360 351 351 340 331 331 331 331 338 340 340 338 331
08 25 320 311 302 289 289 284 284 320 340 351 351 356 351 351 338 331 320 320 320 331 340 340 331 320
08 26 320 311 302 289 289 280 280 320 340 351 351 351 351 340 338 331 320 320 320 331 338 338 331 320
08 27 320 309 302 289 284 271 280 309 338 351 351 351 351 340 338 331 320 320 320 331 331 331 331 320
08 28 311 302 298 289 284 270 270 300 331 340 340 340 340 338 331 331 320 320 320 320 331 331 331 311
08 29 309 302 291 289 -9999 266 261 284 320 338 340 340 340 338 331 320 309 309 320 320 331 331 329 311
08 30 309 302 291 -9999 -9999 261 261 280 309 331 331 340 338 331 320 320 309 302 320 309 320 331 320 311
08 31 302 -9999 -9999 -9999 -9999 250 250 270 309 320 331 338 331 320 309 309 300 300 302 309 309 320 311 -9999 
09 01 -9999 -9999 -9999 -9999 -9999 248 250 270 300 320 320 331 331 320 309 309 289 300 300 302 302 320 -9999 -9999 
09 02 -9999 -9999 -9999 -9999 -9999 243 248 266 289 309 309 320 320 320 309 300 289 300 289 300 300 309 -9999 -9999 
09 03 -9999 -9999 -9999 -9999 -9999 241 241 261 289 309 309 309 309 309 302 300 289 289 289 300 300 302 -9999 -9999 
09 04 -9999 -9999 -9999 -9999 -9999 232 230 250 280 300 300 309 309 302 300 289 284 284 289 300 300 309 -9999 -9999 
09 05 -9999 -9999 -9999 -9999 -9999 232 230 241 280 300 300 309 309 302 300 289 280 280 284 289 289 300 -9999 -9999 
09 06 -9999 -9999 -9999 -9999 -9999 230 230 241 280 300 300 309 309 300 289 289 280 280 280 289 289 298 -9999 -9999 
09 07 -9999 -9999 -9999 -9999 -9999 230 230 241 280 289 300 309 302 300 289 280 280 280 280 289 289 291 -9999 -9999 
09 08 -9999 -9999 -9999 -9999 -9999 230 230 241 280 289 300 300 300 300 289 280 280 270 280 280 280 289 -9999 -9999 
09 09 -9999 -9999 -9999 -9999 -9999 230 219 230 270 289 300 289 300 284 270 270 270 266 266 270 270 280 -9999 -9999 
09 10 -9999 -9999 -9999 -9999 -9999 219 219 230 270 280 284 289 280 280 266 261 261 261 261 261 261 261 -9999 -9999 
09 11 -9999 -9999 -9999 -9999 -9999 219 219 230 261 270 280 280 270 270 261 250 250 250 250 261 250 261 -9999 -9999 
09 12 -9999 -9999 -9999 -9999 -9999 212 219 219 261 266 280 280 270 270 261 250 250 250 250 261 250 250 -9999 -9999 
09 13 -9999 -9999 -9999 -9999 -9999 210 210 210 261 261 270 280 270 270 261 250 250 248 250 261 250 250 -9999 -9999 
09 14 -9999 -9999 -9999 -9999 -9999 199 199 210 250 261 270 270 270 261 250 250 250 250 250 261 250 261 -9999 -9999 
09 15 -9999 -9999 -9999 -9999 -9999 199 210 210 250 261 270 270 270 261 250 250 250 248 250 250 248 241 -9999 -9999 
09 16 -9999 -9999 -9999 -9999 -9999 192 199 199 241 250 261 261 270 250 250 241 241 241 248 248 230 219 -9999 -9999 
09 17 -9999 -9999 -9999 -9999 -9999 190 190 190 230 241 250 250 261 250 241 230 230 219 241 230 219 219 -9999 -9999 
09 18 -9999 -9999 -9999 -9999 -9999 190 180 190 219 230 248 241 250 241 230 230 219 219 219 219 212 212 -9999 -9999 
09 19 -9999 -9999 -9999 -9999 -9999 176 176 180 210 230 241 230 230 241 219 219 219 210 210 210 210 201 -9999 -9999 
09 20 -9999 -9999 -9999 -9999 -9999 172 171 180 210 219 230 219 219 219 212 199 199 199 210 199 199 199 -9999 -9999 
09 21 -9999 -9999 -9999 -9999 -9999 162 171 171 199 210 210 210 219 219 199 199 194 199 199 199 199 199 -9999 -9999 
09 22 -9999 -9999 -9999 -9999 -9999 158 158 158 190 199 210 210 210 199 199 190 190 194 199 199 199 190 -9999 -9999 
09 23 -9999 -9999 -9999 -9999 -9999 158 158 158 180 190 210 210 210 199 199 190 190 194 199 199 199 190 180 176
09 24 -9999 -9999 -9999 -9999 -9999 158 160 158 180 190 199 210 210 199 199 190 194 194 199 194 194 190 180 172
09 25 169 160 -9999 160 -9999 153 151 151 176 190 190 199 210 199 199 190 194 194 194 190 190 190 176 171
09 26 169 160 153 160 158 151 151 140 160 180 180 190 194 194 194 190 190 190 180 180 180 189 171 162
09 27 162 153 149 153 153 151 140 140 158 180 176 190 190 194 190 190 180 180 176 180 176 180 171 162
09 28 153 153 149 153 153 140 140 140 158 171 176 190 190 194 194 190 180 180 176 180 180 180 171 162
09 29 162 160 153 153 153 140 140 129 151 171 176 190 190 194 194 190 180 180 176 176 176 180 171 162
09 30 162 160 149 153 153 140 140 122 140 171 176 176 190 190 190 180 176 176 171 176 176 180 171 162
10 01 162 160 153 153 153 140 140 122 151 160 176 180 190 190 190 180 176 176 169 176 176 171 171 162
10 02 162 160 158 153 153 140 140 129 151 171 176 180 190 190 190 180 176 176 171 176 176 180 172 169
10 03 169 162 160 160 153 140 140 129 140 171 176 190 190 194 190 180 180 180 176 176 176 181 176 171
10 04 172 162 162 160 153 140 140 122 140 160 171 180 180 190 190 180 176 180 176 176 176 180 172 171
10 05 169 162 160 160 151 129 129 122 140 158 171 180 180 190 190 180 176 180 176 176 176 180 172 162
10 06 162 160 149 151 140 120 120 120 122 151 160 176 176 180 176 180 176 176 171 171 160 169 169 160
10 07 153 153 140 142 131 104 104 109 109 140 158 171 171 176 171 176 171 176 169 160 158 160 149 149
10 08 142 142 131 140 122 91 104 90 90 129 151 160 160 171 171 171 171 171 160 158 151 149 140 129
10 09 129 122 120 111 99 82 81 81 86 109 140 158 158 160 160 160 160 160 158 151 140 140 122 120
10 10 104 109 100 82 81 70 70 68 70 100 129 151 151 158 158 160 160 160 151 140 129 129 120 111
10 11 102 100 90 81 72 50 68 61 61 90 122 140 140 158 158 158 160 158 140 122 120 122 111 91
10 12 91 91 82 72 70 50 61 61 50 90 120 129 140 151 151 151 158 158 140 122 104 120 109 91
10 13 90 86 79 72 70 39 50 50 50 81 104 122 140 140 151 140 158 151 120 109 100 102 90 72
10 14 81 81 63 70 61 32 39 39 50 81 100 109 120 129 129 129 140 140 109 100 90 90 81 72
10 15 70 59 52 52 50 32 30 30 39 61 90 109 109 122 122 120 140 129 100 81 81 72 72 70
10 16 63 52 50 50 39 30 30 30 30 50 81 100 100 109 120 109 120 118 81 70 70 63 59 52
10 17 52 50 41 39 21 14 10 19 19 30 61 81 90 100 100 100 109 109 70 70 61 52 52 50
10 18 41 41 41 32 21 0 0 10 10 19 50 81 86 90 90 90 109 90 68 50 50 41 39 21
10 19 32 21 21 19 12 -20 -20 0 0 10 30 61 70 81 81 81 100 81 50 39 30 32 32 19
10 20 14 12 10 10 1 -20 -40 -4 -4 0 19 50 61 70 70 70 81 81 39 30 14 19 21 12
10 21 1 12 1 1 0 -40 -51 -29 -29 -9 10 39 50 68 70 61 70 68 39 14 0 10 12 1
10 22 0 0 0 -18 -31 -51 -60 -51 -58 -40 0 30 39 50 61 50 61 61 30 0 0 0 1 1
10 23 -11 -8 -8 -40 -49 -60 -71 -60 -71 -51 -9 19 30 39 50 39 50 39 19 -4 -9 -9 -8 -18
10 24 -22 -20 -27 -60 -58 -71 -90 -80 -76 -71 -20 10 14 39 39 32 50 30 0 -22 -22 -29 -22 -38
10 25 -38 -40 -58 -78 -69 -99 -99 -90 -90 -80 -40 -4 10 30 30 30 32 19 -9 -22 -29 -29 -27 -38
10 26 -49 -49 -58 -80 -76 -81 -110 -90 -90 -80 -40 -9 0 30 19 30 32 19 -9 -29 -40 -51 -51 -40
10 27 -58 -58 -78 -80 -80 -99 -112 -99 -110 -110 -58 -20 0 14 19 19 19 10 -22 -40 -51 -58 -60 -69
10 28 -76 -80 -90 -90 -89 -110 -119 -119 -119 -119 -60 -22 -4 14 14 14 14 0 -29 -51 -60 -60 -69 -76
10 29 -89 -94 -94 -99 -108 -110 -119 -130 -130 -119 -71 -29 -9 10 10 10 10 0 -40 -58 -71 -80 -80 -89
10 30 -98 -110 -108 -110 -110 -128 -130 -130 -141 -119 -80 -51 -29 0 0 0 -4 -18 -51 -60 -80 -90 -94 -108
10 31 -99 -117 -117 -130 -117 -130 -141 -139 -148 -130 -90 -60 -40 -20 -9 -9 -9 -40 -76 -90 -99 -99 -108 -130
11 01 -128 -141 -130 -139 -148 -130 -150 -148 -150 -141 -99 -71 -58 -29 -22 -20 -22 -51 -80 -99 -110 -110 -117 -139
11 02 -130 -148 -130 -148 -148 -139 -150 -150 -161 -150 -110 -80 -60 -40 -22 -29 -40 -60 -90 -110 -112 -119 -128 -141
11 03 -139 -148 -150 -159 -148 -148 -161 -161 -166 -150 -110 -90 -60 -40 -29 -40 -40 -71 -90 -110 -119 -121 -128 -148
11 04 -148 -148 -150 -159 -152 -148 -161 -166 -170 -170 -112 -90 -71 -58 -51 -40 -40 -71 -94 -112 -130 -130 -139 -148
11 05 -150 -152 -159 -161 -161 -161 -170 -180 -180 -180 -130 -99 -80 -60 -58 -51 -51 -80 -99 -130 -141 -141 -148 -159
11 06 -159 -161 -161 -161 -168 -161 -170 -180 -189 -180 -148 -110 -80 -71 -60 -51 -51 -94 -130 -148 -148 -150 -166 -166
11 07 -161 -166 -179 -170 -171 -180 -189 -200 -200 -189 -161 -110 -99 -76 -60 -60 -76 -99 -141 -150 -150 -161 -168 -170
11 08 -166 -179 -184 -179 -180 -184 -200 -209 -200 -189 -170 -130 -110 -90 -80 -80 -80 -112 -150 -161 -161 -161 -170 -179
11 09 -168 -184 -188 -180 -198 -198 -209 -209 -209 -200 -180 -141 -119 -99 -94 -90 -90 -130 -161 -170 -170 -180 -180 -184
11 10 -170 -188 -188 -180 -200 -200 -220 -209 -220 -220 -189 -150 -119 -99 -110 -99 -99 -150 -170 -180 -180 -180 -189 -200
11 11 -202 -202 -202 -207 -202 -207 -238 -220 -231 -231 -189 -161 -130 -119 -112 -110 -130 -170 -184 -200 -202 -209 -220 -229
11 12 -218 -209 -202 -207 -211 -231 -240 -220 -238 -240 -209 -170 -141 -130 -130 -119 -141 -184 -189 -209 -220 -238 -240 -238
11 13 -229 -229 -229 -231 -238 -238 -251 -251 -256 -256 -238 -184 -150 -148 -130 -130 -150 -200 -209 -231 -220 -240 -249 -240
11 14 -238 -231 -229 -231 -238 -238 -240 -251 -256 -256 -240 -189 -166 -150 -141 -148 -161 -200 -209 -231 -220 -240 -249 -240
11 15 -238 -229 -231 -231 -238 -238 -251 -251 -256 -256 -240 -200 -170 -150 -150 -161 -180 -200 -220 -238 -240 -240 -260 -249
11 16 -249 -251 -240 -238 -251 -242 -258 -256 -256 -260 -240 -202 -189 -166 -161 -161 -180 -209 -231 -240 -240 -240 -260 -256
11 17 -256 -251 -240 -238 -256 -249 -260 -256 -260 -260 -240 -209 -189 -166 -161 -161 -184 -209 -231 -251 -240 -242 -260 -256
11 18 -258 -251 -242 -238 -256 -256 -260 -256 -260 -260 -251 -209 -189 -180 -166 -161 -184 -220 -231 -240 -240 -240 -258 -249
11 19 -256 -249 -242 -231 -251 -249 -260 -256 -260 -260 -251 -220 -202 -180 -166 -161 -184 -220 -231 -240 -240 -251 -258 -249
11 20 -251 -238 -240 -231 -256 -249 -260 -260 -270 -260 -251 -220 -202 -184 -166 -180 -200 -231 -238 -251 -256 -251 -258 -251
11 21 -269 -256 -242 -242 -258 -256 -260 -260 -270 -270 -251 -238 -202 -189 -180 -189 -200 -231 -240 -251 -256 -260 -258 -251
11 22 -269 -251 -242 -242 -260 -258 -256 -260 -270 -270 -251 -238 -202 -200 -180 -189 -202 -231 -251 -251 -256 -260 -269 -258
11 23 -269 -258 -256 -9999 -269 -269 -260 -260 -270 -270 -251 -240 -209 -200 -184 -200 -209 -231 -251 -256 -260 -260 -269 -260
11 24 -270 -258 -9999 -9999 -269 -9999 -260 -260 -279 -270 -260 -251 -231 -202 -200 -202 -231 -251 -251 -270 -270 -270 -9999 -278
11 25 -278 -9999 -9999 -9999 -9999 -9999 -270 -260 -279 -274 -260 -256 -240 -220 -209 -220 -240 -251 -260 -279 -270 -279 -9999 -278
11 26 -278 -9999 -9999 -9999 -9999 -9999 -270 -270 -279 -279 -270 -260 -240 -220 -209 -231 -251 -251 -260 -270 -270 -270 -9999 -9999 
11 27 -9999 -9999 -9999 -9999 -9999 -9999 -270 -270 -279 -279 -270 -260 -240 -231 -220 -231 -251 -251 -261 -270 -270 -270 -9999 -9999 
11 28 -9999 -9999 -9999 -9999 -9999 -9999 -270 -270 -279 -279 -270 -260 -240 -231 -220 -231 -251 -251 -261 -270 -270 -270 -9999 -9999 
11 29 -9999 -9999 -9999 -9999 -9999 -9999 -270 -270 -279 -279 -270 -260 -251 -238 -220 -231 -256 -260 -261 -270 -270 -279 -9999 -9999 
11 30 -9999 -9999 -9999 -9999 -9999 -9999 -270 -270 -290 -279 -274 -270 -256 -240 -231 -240 -260 -260 -270 -270 -270 -279 -278 -9999 
12 01 -9999 -9999 -9999 -9999 -9999 -9999 -279 -270 -290 -290 -279 -279 -256 -251 -231 -251 -274 -270 -270 -279 -279 -279 -279 -9999 
12 02 -9999 -9999 -9999 -9999 -9999 -9999 -279 -270 -290 -279 -279 -279 -260 -240 -231 -251 -270 -274 -270 -279 -279 -290 -288 -9999 
12 03 -9999 -9999 -9999 -9999 -9999 -9999 -279 -270 -290 -279 -290 -279 -260 -240 -231 -251 -270 -274 -270 -279 -281 -290 -281 -281
12 04 -9999 -9999 -9999 -9999 -9999 -9999 -279 -270 -290 -279 -290 -279 -260 -240 -231 -251 -270 -274 -270 -279 -279 -281 -279 -279
12 05 -9999 -9999 -9999 -9999 -9999 -9999 -274 -270 -279 -279 -290 -279 -260 -240 -231 -240 -270 -274 -270 -279 -279 -279 -279 -279
12 06 -288 -9999 -9999 -9999 -9999 -9999 -279 -270 -279 -279 -274 -270 -260 -251 -231 -251 -260 -274 -270 -279 -279 -279 -278 -279
12 07 -279 -270 -9999 -9999 -9999 -9999 -279 -270 -270 -279 -270 -270 -260 -240 -231 -240 -260 -274 -270 -279 -279 -279 -279 -281
12 08 -281 -288 -9999 -279 -9999 -9999 -290 -270 -279 -279 -290 -274 -270 -251 -231 -240 -260 -270 -270 -279 -279 -279 -278 -279
12 09 -279 -288 -9999 -9999 -9999 -9999 -274 -270 -270 -279 -274 -270 -270 -251 -231 -240 -256 -260 -270 -270 -270 -279 -274 -278
12 10 -278 -274 -270 -9999 -9999 -9999 -279 -270 -270 -279 -270 -270 -270 -240 -231 -240 -256 -270 -260 -270 -270 -270 -270 -270
12 11 -274 -278 -9999 -9999 -9999 -9999 -274 -260 -260 -279 -270 -270 -260 -240 -231 -240 -256 -260 -260 -270 -270 -270 -261 -278
12 12 -274 -270 -270 -9999 -9999 -9999 -270 -260 -260 -270 -270 -260 -251 -231 -220 -240 -251 -260 -251 -260 -260 -270 -258 -261
12 13 -270 -269 -269 -9999 -9999 -9999 -269 -260 -256 -270 -270 -260 -256 -238 -220 -231 -251 -260 -251 -260 -260 -270 -258 -261
12 14 -270 -270 -270 -269 -9999 -288 -270 -260 -260 -279 -270 -270 -260 -240 -231 -240 -251 -260 -256 -260 -260 -270 -258 -258
12 15 -270 -270 -269 -269 -9999 -288 -260 -260 -260 -270 -270 -270 -260 -240 -220 -231 -251 -260 -251 -260 -256 -270 -256 -258
12 16 -269 -270 -270 -269 -9999 -288 -256 -256 -256 -270 -260 -260 -256 -238 -220 -231 -240 -256 -251 -256 -240 -260 -249 -251
12 17 -269 -251 -258 -260 -9999 -278 -256 -256 -256 -270 -260 -256 -251 -238 -220 -231 -240 -251 -249 -251 -240 -251 -240 -240
12 18 -240 -242 -249 -258 -9999 -260 -240 -240 -256 -260 -256 -256 -240 -238 -220 -231 -240 -251 -240 -251 -238 -251 -238 -240
12 19 -249 -249 -249 -258 -9999 -9999 -251 -240 -251 -260 -256 -256 -251 -240 -220 -231 -251 -256 -251 -256 -251 -260 -249 -249
12 20 -256 -256 -258 -9999 -9999 -9999 -256 -256 -256 -279 -270 -270 -260 -251 -231 -240 -256 -260 -260 -256 -251 -274 -256 -9999 
12 21 -269 -261 -9999 -9999 -9999 -9999 -270 -260 -256 -279 -274 -274 -274 -256 -251 -251 -260 -270 -270 -269 -251 -274 -256 -9999 
12 22 -9999 -269 -9999 -9999 -9999 -9999 -261 -256 -260 -290 -279 -279 -279 -260 -256 -260 -270 -274 -270 -270 -256 -260 -256 -9999 
12 23 -9999 -9999 -9999 -9999 -9999 -9999 -256 -256 -270 -279 -279 -279 -279 -260 -256 -260 -270 -274 -274 -274 -256 -270 -256 -9999 
12 24 -9999 -9999 -9999 -9999 -9999 -9999 -256 -256 -270 -279 -279 -279 -274 -256 -251 -260 -270 -279 -279 -274 -260 -274 -256 -9999 
12 25 -9999 -9999 -9999 -9999 -9999 -9999 -256 -256 -274 -290 -279 -279 -270 -256 -251 -260 -270 -279 -279 -279 -279 -279 -269 -9999 
12 26 -9999 -9999 -9999 -9999 -9999 -9999 -270 -270 -290 -290 -279 -292 -279 -260 -256 -260 -274 -279 -292 -292 -299 -290 -297 -9999 
12 27 -9999 -292 -9999 -9999 -9999 -9999 -279 -274 -292 -299 -292 -299 -290 -260 -256 -270 -279 -292 -299 -299 -310 -299 -308 -9999 
12 28 -9999 -308 -9999 -9999 -9999 -9999 -299 -292 -299 -310 -299 -310 -290 -270 -260 -270 -279 -292 -299 -308 -310 -299 -310 -9999 
12 29 -9999 -310 -9999 -9999 -9999 -9999 -308 -292 -310 -310 -299 -299 -290 -260 -260 -270 -279 -290 -299 -308 -310 -299 -319 -9999 
12 30 -9999 -9999 -9999 -9999 -9999 -9999 -310 -299 -310 -310 -310 -299 -290 -260 -260 -270 -279 -290 -299 -310 -310 -299 -321 -9999 
12 31 -9999 -9999 -9999 -9999 -9999 -9999 -310 -310 -310 -310 -321 -299 -290 -270 -270 -270 -279 -290 -299 -310 -310 -310 -328 -9999 
