01 01 -9999 104 91 102 99 102 90 90 104 104 111 118 104 104 109 111 104 109 111 109 109 122 109 111
01 02 -9999 109 102 104 102 102 104 100 104 104 122 122 109 104 118 111 109 120 120 109 118 122 122 111
01 03 -9999 109 104 104 104 104 104 102 104 104 120 122 109 104 109 109 104 118 118 109 104 120 120 109
01 04 -9999 104 104 104 102 102 102 91 102 104 104 104 104 100 104 104 100 104 102 104 102 109 109 104
01 05 -9999 102 91 100 90 86 90 86 90 90 102 102 99 91 100 104 91 104 100 102 100 109 104 102
01 06 -9999 100 91 90 90 90 90 86 91 90 104 102 99 99 100 104 91 104 102 109 100 109 109 104
01 07 -9999 100 91 100 91 90 90 86 91 90 104 102 102 91 100 104 102 109 102 109 102 109 104 104
01 08 -9999 91 91 90 91 86 82 82 82 86 100 100 91 91 91 102 91 102 100 102 100 104 102 100
01 09 -9999 86 90 86 90 82 81 81 81 81 86 86 86 86 82 91 86 91 91 102 100 100 102 90
01 10 -9999 86 86 82 86 79 72 72 68 72 72 72 81 86 86 91 86 100 90 102 91 100 100 90
01 11 -9999 82 86 82 82 72 72 68 63 70 70 63 72 86 82 86 82 86 82 100 86 91 100 86
01 12 -9999 81 86 82 72 72 72 63 63 63 68 63 68 82 68 86 82 82 72 91 82 91 90 82
01 13 -9999 72 82 81 70 70 70 63 61 63 63 52 63 79 63 82 63 82 70 79 68 81 86 70
01 14 -9999 70 81 68 68 63 63 52 50 63 50 50 63 68 63 72 59 70 68 79 68 72 86 70
01 15 -9999 70 81 68 63 63 63 52 50 61 50 50 52 52 63 72 59 68 70 72 68 81 86 70
01 16 -9999 70 63 63 59 52 63 52 50 63 50 32 50 50 59 68 50 68 68 72 63 72 82 63
01 17 -9999 68 61 59 52 52 52 32 32 52 50 32 39 41 50 63 50 59 52 63 63 72 72 63
01 18 -9999 68 61 52 50 50 52 32 41 63 50 32 39 41 50 63 50 59 52 63 63 72 72 63
01 19 -9999 63 59 50 50 52 52 32 41 63 50 39 50 50 63 68 52 68 68 70 68 72 72 63
01 20 -9999 68 61 61 50 52 61 50 52 63 50 39 50 50 63 68 50 63 59 63 63 72 70 63
01 21 -9999 68 61 61 50 52 61 50 50 63 50 39 50 50 63 68 50 63 59 63 68 72 70 63
01 22 -9999 68 61 63 52 52 61 50 52 68 52 50 50 50 68 68 59 68 59 63 63 72 70 63
01 23 -9999 70 63 68 61 68 68 50 52 68 61 50 50 50 63 68 59 61 59 63 68 72 72 63
01 24 -9999 70 68 70 63 68 68 59 63 68 63 63 52 50 68 70 63 63 59 63 70 79 72 70
01 25 -9999 70 70 70 63 70 68 63 68 68 68 68 59 52 70 79 68 68 72 68 81 81 81 81
01 26 -9999 81 81 72 70 70 70 70 72 72 68 79 63 63 86 82 68 70 72 68 79 81 72 81
01 27 -9999 81 79 70 81 70 70 70 79 72 72 81 79 70 86 82 72 82 72 70 81 81 81 82
01 28 -9999 86 81 81 81 70 70 68 72 72 72 82 79 70 86 82 79 81 81 81 81 86 82 82
01 29 -9999 86 81 86 81 70 70 70 81 81 79 82 79 70 86 82 72 81 79 81 81 86 82 86
01 30 -9999 86 81 72 70 68 68 63 68 72 72 79 70 70 82 81 72 72 70 70 79 81 81 82
01 31 -9999 86 81 81 81 70 70 63 72 72 72 81 79 72 86 82 82 81 72 81 81 81 82 82
02 01 -9999 86 81 81 81 70 70 63 72 81 81 82 79 72 86 82 82 82 72 81 79 81 82 82
02 02 -9999 86 81 82 81 70 70 63 72 72 81 82 79 72 86 82 86 82 81 82 81 82 82 82
02 03 -9999 86 81 82 81 70 70 68 72 72 81 82 79 72 81 82 82 82 81 81 79 79 82 82
02 04 -9999 86 81 82 82 70 70 63 68 70 79 82 79 79 81 82 82 82 82 90 81 82 82 90
02 05 -9999 90 82 82 81 70 70 63 68 72 79 81 72 72 72 79 82 82 79 82 72 79 82 82
02 06 -9999 82 81 82 79 68 63 63 59 70 72 79 70 79 81 72 82 82 79 82 72 81 82 86
02 07 -9999 82 81 82 79 70 70 63 63 72 81 82 79 86 86 86 86 86 82 90 82 82 82 90
02 08 -9999 86 82 82 82 82 72 70 72 82 82 82 81 90 86 90 86 86 86 91 82 86 86 90
02 09 -9999 90 82 90 82 82 72 72 72 82 82 82 81 90 86 86 86 86 82 90 81 82 86 90
02 10 -9999 86 90 91 86 82 81 72 79 90 82 86 82 100 91 91 90 90 86 102 90 90 90 90
02 11 -9999 91 91 91 91 90 91 90 82 91 82 90 91 102 99 100 90 90 90 104 91 91 102 99
02 12 -9999 99 102 99 102 91 100 91 82 91 90 91 91 102 102 91 91 90 90 104 100 91 102 100
02 13 -9999 104 109 104 104 109 102 100 91 100 91 100 102 109 109 104 100 100 104 109 104 102 104 109
02 14 -9999 111 109 109 109 111 109 102 100 104 104 109 111 111 111 109 104 104 111 111 111 109 111 122
02 15 -9999 122 122 118 109 122 111 109 109 122 111 122 122 129 120 118 118 111 111 118 118 120 122 131
02 16 -9999 131 131 122 118 122 122 122 120 129 120 129 140 140 122 122 120 111 118 122 122 129 122 140
02 17 -9999 140 140 129 129 129 122 122 122 140 122 140 140 142 131 131 122 122 122 131 140 142 142 142
02 18 -9999 142 149 140 129 129 129 140 129 140 129 140 140 142 140 140 122 122 122 131 142 142 142 142
02 19 -9999 140 140 140 129 122 131 140 129 140 129 140 140 142 140 142 129 131 129 131 149 140 142 142
02 20 -9999 140 140 140 129 131 131 140 131 140 129 140 142 142 140 149 129 131 129 131 149 142 142 149
02 21 -9999 140 140 140 131 140 131 140 140 140 140 149 149 140 140 149 129 122 129 129 149 142 140 142
02 22 -9999 142 140 140 131 140 131 140 131 140 131 140 140 140 140 149 129 122 129 129 140 140 140 142
02 23 -9999 140 140 140 131 140 131 140 131 140 131 140 140 140 140 149 131 129 131 129 149 142 142 149
02 24 -9999 142 140 151 140 140 140 142 140 140 140 140 142 140 140 149 140 140 131 140 151 151 142 149
02 25 -9999 142 140 140 140 140 131 140 140 140 129 140 140 140 140 149 140 140 140 140 151 151 142 151
02 26 -9999 151 142 151 140 140 131 140 140 140 140 149 149 151 151 153 142 142 142 142 153 153 149 153
02 27 -9999 158 153 151 149 142 140 149 140 142 140 151 151 158 153 158 151 151 151 151 158 158 151 160
02 28 -9999 160 158 153 153 151 140 149 140 149 142 151 151 158 158 158 151 158 151 151 160 160 153 162
03 01 -9999 160 158 151 151 149 140 149 142 140 142 149 149 142 151 158 149 151 149 151 153 158 151 158
03 02 -9999 160 153 140 140 142 131 142 142 140 149 149 149 142 151 158 142 149 142 151 153 153 149 153
03 03 -9999 153 149 140 140 140 131 140 142 140 140 142 149 140 151 158 151 151 149 153 158 153 151 158
03 04 -9999 158 149 140 140 140 131 140 142 140 140 142 149 142 153 162 153 151 151 158 160 158 153 162
03 05 -9999 158 158 140 140 140 140 140 142 140 140 149 149 153 153 162 153 151 149 158 160 160 160 162
03 06 -9999 158 158 153 158 153 140 153 149 153 158 158 158 158 158 160 158 158 149 158 162 160 169 169
03 07 -9999 162 162 160 158 158 153 158 158 158 160 158 158 160 158 162 160 158 151 160 162 160 171 172
03 08 -9999 162 171 162 171 158 158 158 158 158 160 158 160 169 169 171 162 162 158 169 169 176 180 176
03 09 -9999 180 180 176 176 172 172 162 162 172 169 162 162 176 171 172 169 171 158 169 172 176 180 180
03 10 -9999 180 180 176 176 176 172 169 162 176 171 162 162 176 172 176 169 171 158 169 176 176 180 180
03 11 -9999 180 180 176 176 176 176 172 176 176 176 169 162 176 172 176 169 172 158 169 172 176 180 176
03 12 -9999 181 180 180 180 176 176 176 176 176 180 172 172 176 176 180 171 172 169 172 176 180 181 180
03 13 -9999 192 181 181 180 181 176 176 176 176 180 172 172 180 176 180 171 172 169 172 176 180 189 180
03 14 -9999 190 181 181 181 189 176 176 176 176 180 172 172 180 176 180 172 172 169 172 176 180 181 180
03 15 -9999 189 181 181 181 176 176 176 180 176 180 172 176 180 176 181 171 172 169 172 176 176 180 180
03 16 -9999 189 181 181 181 189 176 176 180 180 180 176 176 181 180 190 176 180 176 172 181 181 192 192
03 17 -9999 192 192 189 189 192 180 181 192 192 181 176 181 189 181 190 181 189 181 180 189 190 194 194
03 18 -9999 201 194 199 192 192 190 192 201 194 190 189 192 199 190 194 192 189 192 181 194 194 201 199
03 19 -9999 201 199 201 201 201 194 199 201 201 194 192 194 201 194 199 199 192 194 190 194 199 201 201
03 20 -9999 201 201 201 201 201 201 201 210 210 201 208 201 201 199 201 199 192 194 192 199 201 201 212
03 21 -9999 210 210 208 201 201 201 210 212 212 210 212 208 210 210 201 201 192 194 192 199 201 201 212
03 22 -9999 210 212 210 201 201 201 210 212 212 212 212 210 210 212 212 201 192 199 194 201 208 208 219
03 23 -9999 212 212 212 212 212 212 212 221 221 212 212 212 212 212 212 210 199 208 199 208 212 212 219
03 24 -9999 212 219 219 219 219 219 221 221 221 221 221 221 219 219 219 212 212 212 201 212 219 221 221
03 25 -9999 212 221 221 230 221 221 221 230 230 230 230 230 230 219 219 212 212 219 212 219 230 230 230
03 26 -9999 219 230 230 230 230 230 230 239 230 230 230 230 230 221 230 219 219 221 212 221 230 230 230
03 27 -9999 221 230 232 232 232 230 230 243 232 230 230 230 230 230 230 230 230 221 219 230 232 239 230
03 28 -9999 221 232 232 232 232 232 230 243 232 230 230 230 230 230 230 230 230 230 221 230 230 232 232
03 29 -9999 221 232 232 232 241 232 232 243 232 230 230 230 230 230 232 221 221 221 221 230 230 241 243
03 30 -9999 232 248 243 248 248 243 243 248 243 232 232 239 230 241 232 232 221 221 221 230 232 243 248
03 31 -9999 248 250 250 250 252 248 243 250 250 250 232 232 230 243 232 230 219 219 221 230 230 241 248
04 01 -9999 243 250 250 248 252 248 243 250 250 248 232 239 230 248 239 239 230 221 221 230 230 248 248
04 02 -9999 243 250 248 248 252 248 243 261 252 250 241 239 239 248 232 239 230 230 230 230 232 248 252
04 03 -9999 248 252 252 248 252 250 248 262 262 252 248 241 243 243 232 239 230 221 230 230 239 248 252
04 04 -9999 250 252 262 250 259 252 250 262 262 252 248 241 243 248 243 243 230 230 232 232 243 248 252
04 05 -9999 259 261 262 252 259 252 250 262 262 252 248 243 248 250 250 248 232 230 232 232 248 252 262
04 06 -9999 261 262 266 252 261 259 259 266 262 252 250 243 248 252 252 250 232 232 232 239 248 259 262
04 07 -9999 262 262 266 261 266 261 262 266 266 259 250 250 250 252 252 250 239 232 241 243 250 262 266
04 08 -9999 262 266 266 262 266 261 262 270 266 259 252 259 252 252 252 250 243 232 241 248 250 262 266
04 09 -9999 266 266 270 266 266 261 262 266 266 259 259 259 252 252 259 252 243 241 243 248 250 261 266
04 10 -9999 262 266 270 262 266 262 262 270 266 261 262 261 261 252 259 259 248 243 243 250 250 262 266
04 11 266 266 270 279 266 266 262 266 270 266 261 261 262 261 252 259 261 250 243 248 250 250 261 266
04 12 271 266 270 280 266 270 262 266 270 270 262 262 266 261 259 259 262 252 243 250 252 252 266 270
04 13 271 271 282 282 271 271 266 266 279 270 262 271 271 266 262 262 266 261 248 252 259 262 270 271
04 14 271 282 289 284 282 282 271 270 282 280 271 271 271 271 271 271 270 262 252 261 262 270 289 282
04 15 282 289 291 291 284 284 282 279 291 284 279 280 271 282 280 280 280 270 261 262 266 280 289 289
04 16 289 291 291 291 291 284 282 284 291 284 282 282 279 282 282 280 280 271 266 262 271 289 291 291
04 17 -9999 302 298 300 302 291 291 291 302 289 284 289 282 284 284 289 289 282 271 271 282 291 302 300
04 18 302 302 309 302 302 302 302 302 302 291 291 298 291 289 291 291 291 291 282 284 298 302 302 302
04 19 311 311 311 309 309 302 302 311 311 300 298 302 302 291 298 302 300 298 284 284 302 302 309 309
04 20 311 320 320 320 320 311 311 320 311 302 300 302 302 300 300 300 302 298 291 289 302 309 320 311
04 21 320 320 320 320 320 320 311 320 320 309 302 302 302 302 302 302 302 300 291 289 302 309 320 311
04 22 320 320 320 320 320 320 311 320 311 309 302 302 302 302 302 302 302 302 298 291 302 320 320 320
04 23 320 329 320 331 320 320 320 320 320 311 320 320 309 302 302 302 309 311 302 302 311 320 320 329
04 24 331 338 338 338 329 320 320 331 331 320 320 320 320 320 311 320 320 320 309 309 320 331 331 338
04 25 340 340 340 340 331 331 331 338 338 320 331 331 320 331 320 320 320 331 320 311 320 338 340 340
04 26 -9999 349 349 349 340 338 338 338 338 331 331 331 331 331 329 329 320 320 320 320 320 340 340 351
04 27 -9999 351 351 351 340 338 338 340 340 338 338 331 331 331 329 331 320 329 320 320 320 340 340 351
04 28 -9999 356 356 351 340 338 340 349 340 338 340 331 338 338 338 331 331 331 331 320 331 340 351 356
04 29 -9999 356 360 351 349 340 340 351 349 340 340 340 338 338 338 338 331 331 331 320 331 349 351 356
04 30 -9999 360 360 351 351 349 340 351 351 340 349 340 340 340 340 340 338 340 338 331 340 351 356 360
05 01 -9999 360 369 356 351 351 349 360 356 351 351 349 340 340 349 340 340 340 338 338 340 356 360 360
05 02 -9999 370 370 360 360 351 351 360 370 360 356 351 351 351 351 340 351 351 340 340 340 360 369 374
05 03 -9999 374 370 369 370 360 360 370 374 360 360 351 356 356 356 356 356 351 351 351 356 370 374 379
05 04 -9999 379 379 370 370 360 360 370 374 370 369 356 360 360 360 360 360 351 351 351 356 370 379 379
05 05 -9999 379 379 379 370 360 360 370 374 374 370 360 369 360 360 369 360 360 356 356 360 379 379 390
05 06 -9999 392 388 379 379 370 360 379 379 374 374 370 370 370 370 374 360 360 360 360 370 390 390 399
05 07 -9999 399 392 390 388 379 374 390 388 379 379 374 374 379 379 374 370 369 360 374 370 390 399 399
05 08 -9999 399 392 392 390 379 379 390 390 390 390 379 379 379 379 379 370 370 370 379 374 390 410 410
05 09 -9999 410 399 399 390 390 379 392 392 392 390 379 379 379 379 379 374 370 370 379 374 392 410 410
05 10 -9999 410 399 399 390 390 379 392 392 392 392 390 390 379 390 379 379 379 379 388 390 399 410 410
05 11 -9999 410 410 399 399 392 392 399 399 399 399 390 390 390 390 390 379 390 379 390 390 399 419 419
05 12 -9999 421 410 410 410 399 399 410 399 410 399 390 390 390 390 390 379 390 379 390 390 399 421 421
05 13 -9999 421 410 410 410 410 410 410 410 410 399 390 392 390 390 390 379 390 379 390 390 399 421 421
05 14 -9999 421 419 410 410 410 410 410 410 410 399 390 392 390 390 390 379 390 388 392 399 410 421 428
05 15 -9999 428 421 419 410 410 410 421 410 410 399 392 392 390 390 392 390 390 388 392 399 410 421 428
05 16 -9999 428 421 421 410 410 410 421 419 410 399 399 399 390 390 392 390 390 388 392 399 410 421 430
05 17 -9999 430 421 421 421 421 410 421 428 410 410 399 399 392 392 392 390 392 390 399 410 419 428 430
05 18 -9999 430 421 421 421 421 410 430 430 421 421 399 399 399 410 399 399 399 392 399 410 421 430 430
05 19 -9999 430 421 428 421 421 421 430 430 430 421 399 399 399 410 399 399 399 399 399 410 421 430 441
05 20 -9999 430 430 430 421 421 421 439 430 430 421 410 410 399 410 410 410 399 399 399 410 430 441 441
05 21 -9999 441 439 439 430 428 428 441 441 430 421 419 410 410 410 421 410 399 399 410 421 430 441 446
05 22 -9999 441 441 441 430 430 430 441 441 441 428 421 410 410 410 421 410 410 399 399 421 439 441 446
05 23 -9999 446 441 441 439 430 430 441 441 441 430 421 410 419 421 421 421 410 410 410 421 441 441 446
05 24 -9999 450 441 441 441 441 430 446 446 441 439 421 421 421 428 421 421 421 419 410 430 441 446 450
05 25 -9999 450 450 450 450 441 441 450 450 446 441 430 428 430 430 428 428 430 421 421 439 446 450 450
05 26 -9999 460 450 450 450 446 441 450 459 450 441 439 430 430 439 430 430 439 430 430 446 450 459 464
05 27 -9999 464 460 460 450 450 450 460 464 460 450 446 441 430 441 441 430 441 441 439 450 450 460 469
05 28 -9999 464 460 460 450 450 450 460 469 464 450 450 446 441 446 450 441 446 446 446 450 460 464 478
05 29 -9999 469 464 464 460 450 459 460 469 469 460 460 460 450 460 460 446 450 450 450 450 464 469 480
05 30 -9999 478 469 469 464 460 460 464 469 469 464 469 469 460 460 464 450 450 459 459 460 469 480 482
05 31 -9999 480 469 469 469 464 464 469 469 478 469 469 469 460 464 469 450 460 460 460 460 478 482 482
06 01 -9999 480 478 478 478 464 464 469 478 480 478 469 480 469 469 469 469 469 464 469 469 480 489 489
06 02 -9999 489 482 480 480 469 469 482 489 489 489 482 482 482 480 480 469 478 469 478 482 482 500 489
06 03 -9999 500 489 482 482 469 480 500 500 500 500 489 482 489 480 480 478 478 478 478 482 489 500 500
06 04 -9999 500 489 489 489 482 489 500 511 511 500 489 489 489 482 482 480 480 480 482 489 500 500 500
06 05 -9999 500 500 489 500 500 500 511 518 511 500 500 489 500 489 489 482 482 482 489 489 500 500 500
06 06 -9999 500 500 500 500 500 500 511 520 511 500 509 489 500 500 489 489 489 489 489 489 509 511 511
06 07 -9999 511 500 500 511 509 511 511 520 511 511 511 489 500 500 500 489 489 489 489 500 511 518 518
06 08 -9999 520 511 511 518 511 518 520 529 520 518 511 500 500 500 500 500 500 500 500 511 520 520 520
06 09 -9999 520 520 518 520 518 520 529 531 520 520 511 500 509 500 500 500 500 500 500 511 520 520 529
06 10 -9999 529 520 520 520 520 520 529 531 520 520 511 500 500 500 500 500 500 500 509 511 520 520 531
06 11 -9999 529 520 520 520 520 520 531 531 520 520 511 500 500 500 500 500 500 500 509 511 520 520 529
06 12 -9999 529 531 520 520 520 520 531 531 529 520 518 500 500 500 500 500 500 500 511 520 531 531 536
06 13 -9999 536 531 531 531 520 531 531 531 531 520 520 500 511 509 511 500 500 511 518 520 536 540 540
06 14 -9999 540 531 531 531 531 536 540 540 536 520 520 511 518 511 511 511 511 511 520 531 540 540 540
06 15 -9999 540 536 536 536 531 540 540 536 540 531 531 520 520 518 518 511 511 511 520 531 540 540 550
06 16 -9999 540 540 536 536 536 540 540 540 540 531 531 520 520 518 518 511 511 511 520 531 540 540 550
06 17 -9999 550 540 536 536 531 540 540 540 540 531 531 520 520 520 520 520 518 520 531 531 540 540 550
06 18 -9999 550 540 536 540 536 540 550 540 540 540 536 520 520 520 520 520 520 531 531 531 540 550 550
06 19 -9999 550 540 540 540 540 540 550 540 549 540 540 520 531 531 529 531 520 531 531 536 550 550 550
06 20 -9999 550 540 540 540 540 540 550 540 549 540 540 529 531 531 531 531 531 531 536 536 550 550 554
06 21 -9999 550 540 540 540 540 540 550 549 550 540 540 531 531 531 531 531 531 531 531 536 550 550 554
06 22 -9999 550 549 550 549 540 540 550 550 554 549 540 531 531 536 531 536 531 540 536 536 550 550 554
06 23 -9999 550 550 550 550 550 550 550 550 554 549 540 531 531 531 531 531 531 536 536 536 550 550 554
06 24 -9999 550 550 550 549 549 540 550 550 554 540 540 531 531 531 531 531 531 531 531 536 550 550 554
06 25 -9999 550 550 550 540 540 540 550 550 554 540 540 531 536 536 536 536 531 536 536 540 550 554 554
06 26 -9999 550 550 550 549 550 550 550 550 554 554 550 549 540 540 536 540 536 540 540 540 550 559 559
06 27 -9999 554 550 550 550 550 550 559 559 554 554 550 550 540 540 536 540 536 540 540 540 550 559 559
06 28 -9999 559 550 550 550 550 550 559 559 559 559 550 550 549 540 540 549 536 540 540 540 554 559 559
06 29 -9999 559 550 550 550 550 550 559 559 559 559 550 550 549 540 540 540 536 540 540 540 554 559 559
06 30 -9999 559 550 550 550 550 550 559 559 559 559 550 550 549 540 540 540 536 540 540 540 550 559 554
07 01 -9999 554 550 550 550 550 550 559 559 559 559 550 550 549 540 540 549 540 540 540 549 550 559 559
07 02 -9999 559 550 554 550 554 554 559 559 559 559 550 550 550 540 540 550 540 540 549 549 554 559 559
07 03 -9999 559 554 559 554 554 559 559 559 559 559 554 550 550 549 549 550 540 540 550 550 559 570 559
07 04 -9999 570 559 559 559 554 554 559 559 559 568 559 554 554 550 550 550 540 550 550 550 554 559 559
07 05 -9999 570 559 559 559 554 554 559 568 568 570 559 559 559 550 554 554 550 554 550 554 570 570 579
07 06 -9999 572 572 570 568 559 559 570 568 568 570 570 559 559 550 554 554 554 554 554 554 570 572 572
07 07 -9999 572 572 570 570 559 559 570 570 570 570 570 559 559 550 554 550 554 554 550 559 570 572 572
07 08 -9999 572 572 570 570 559 559 568 570 568 570 570 559 559 554 559 554 559 554 554 568 572 579 579
07 09 -9999 579 579 572 570 559 559 570 570 572 572 572 570 570 559 559 559 559 559 559 570 572 579 579
07 10 -9999 579 590 579 572 572 570 579 572 579 579 590 572 572 570 570 559 568 559 570 572 579 590 590
07 11 -9999 599 590 590 579 572 572 579 579 579 579 590 572 572 570 570 559 568 559 570 572 579 590 590
07 12 -9999 601 590 590 579 572 572 579 579 579 579 579 572 572 570 570 559 570 570 570 570 579 590 590
07 13 -9999 599 590 579 579 572 570 579 572 579 590 579 572 572 570 570 568 570 570 570 572 579 590 590
07 14 -9999 601 590 590 579 579 579 579 590 590 590 590 579 579 570 570 570 570 570 572 572 590 590 599
07 15 -9999 601 599 590 590 579 590 590 590 590 590 590 579 579 570 570 570 572 570 572 572 590 599 601
07 16 -9999 601 601 590 590 590 590 599 590 601 590 590 579 579 572 570 570 572 572 572 579 590 599 601
07 17 -9999 601 601 590 590 590 590 590 590 601 590 590 579 579 572 570 570 570 570 572 572 590 590 601
07 18 -9999 601 590 590 590 590 590 590 599 601 599 590 579 579 572 570 570 570 570 572 579 590 590 601
07 19 -9999 601 601 590 599 590 590 601 601 601 601 590 579 579 579 570 570 570 572 572 579 590 590 601
07 20 -9999 608 608 601 601 601 590 601 601 601 601 590 579 579 572 570 570 570 572 572 579 590 590 601
07 21 -9999 601 601 590 601 590 590 601 601 601 601 590 579 579 572 570 572 570 572 572 579 590 590 601
07 22 -9999 601 601 599 601 590 590 601 601 601 601 590 590 579 579 579 579 572 579 572 579 590 590 601
07 23 -9999 608 601 599 601 590 590 601 601 601 601 590 579 579 572 570 570 570 572 572 579 590 590 601
07 24 -9999 608 601 601 601 599 590 601 601 601 601 590 590 579 579 579 570 570 572 572 579 590 590 601
07 25 -9999 601 601 599 599 590 590 601 601 601 601 590 590 579 579 579 579 572 579 572 579 590 590 601
07 26 -9999 608 601 601 599 590 590 601 601 601 601 590 590 579 579 579 570 570 572 572 579 590 590 601
07 27 -9999 601 601 599 599 590 590 601 601 601 601 590 590 579 579 579 570 570 572 572 579 590 590 601
07 28 -9999 601 601 601 599 590 590 601 601 601 601 590 590 579 579 579 572 570 570 572 579 590 590 601
07 29 -9999 601 601 601 599 590 590 601 601 601 601 590 590 579 572 579 570 570 570 570 579 590 590 601
07 30 -9999 601 599 599 599 590 590 599 601 601 601 590 590 572 572 570 570 568 570 570 579 590 590 590
07 31 -9999 590 590 590 590 590 590 590 601 590 590 590 579 572 570 570 570 568 568 568 572 590 590 590
08 01 -9999 590 590 590 590 590 579 590 590 590 590 590 579 572 570 570 570 568 568 568 572 590 590 590
08 02 -9999 590 590 590 590 579 590 590 590 590 590 590 579 572 570 570 568 568 568 568 572 590 590 590
08 03 -9999 590 590 590 590 579 579 590 590 590 590 590 579 570 570 570 568 568 568 559 572 579 590 590
08 04 -9999 590 590 590 579 579 579 590 590 590 590 579 572 570 570 570 568 568 568 559 570 579 590 590
08 05 -9999 590 590 590 579 579 572 579 590 579 579 572 572 570 559 559 559 559 559 559 568 579 579 579
08 06 -9999 590 579 579 579 572 570 579 590 579 579 572 570 570 559 554 554 559 559 559 568 572 579 579
08 07 -9999 579 579 579 579 570 570 579 579 572 579 572 570 559 559 554 550 554 559 559 568 570 579 579
08 08 -9999 579 579 572 572 570 570 579 579 572 572 570 568 559 554 554 550 550 554 554 559 570 572 572
08 09 -9999 572 572 572 572 570 568 572 572 570 572 570 559 554 550 550 550 550 554 554 559 570 570 572
08 10 -9999 572 572 572 572 570 559 572 572 570 572 570 559 554 550 550 550 550 550 550 559 568 570 572
08 11 -9999 572 572 570 570 559 559 572 572 570 572 568 559 550 550 550 549 549 550 550 559 559 570 572
08 12 -9999 570 572 570 570 559 559 572 572 570 572 568 559 550 549 540 540 540 550 550 559 559 570 570
08 13 -9999 570 570 570 570 559 559 570 572 570 570 559 559 550 550 540 540 540 550 550 559 559 570 570
08 14 -9999 570 570 570 570 570 559 570 572 570 570 568 559 550 550 540 540 540 550 550 559 570 572 572
08 15 -9999 572 570 570 570 570 559 572 572 572 572 570 570 554 554 550 540 550 550 554 559 570 572 572
08 16 -9999 572 570 572 570 570 559 572 579 572 572 570 570 554 554 550 540 550 550 554 559 570 579 572
08 17 -9999 572 570 570 570 570 559 572 572 572 572 570 570 554 554 540 540 540 550 554 559 570 572 572
08 18 -9999 570 570 570 570 570 559 570 572 572 572 570 570 554 554 550 540 550 550 559 570 572 579 572
08 19 -9999 572 570 570 570 570 559 570 572 570 572 570 570 554 554 550 540 550 554 559 570 572 579 572
08 20 -9999 572 570 570 570 570 559 570 579 572 579 572 570 559 559 559 540 550 554 559 570 572 579 579
08 21 -9999 572 570 572 570 570 570 572 579 572 579 572 570 559 570 559 549 554 554 559 570 572 579 579
08 22 -9999 572 572 572 570 570 570 572 579 579 579 572 572 559 568 559 549 554 554 559 570 579 579 579
08 23 -9999 572 570 570 570 570 559 570 579 572 579 572 572 559 570 559 550 554 554 559 570 572 579 579
08 24 -9999 572 570 570 570 570 559 570 572 579 579 570 570 559 570 559 549 550 550 559 570 572 572 572
08 25 -9999 570 570 559 559 559 559 568 570 570 572 570 570 559 559 550 540 540 540 554 559 572 572 570
08 26 -9999 570 559 559 559 554 554 559 559 570 572 570 559 554 554 550 540 550 540 554 559 570 570 570
08 27 -9999 570 559 559 559 554 550 554 554 559 570 559 559 550 550 540 540 540 540 550 554 559 568 559
08 28 -9999 550 550 554 550 550 550 550 550 559 568 559 550 540 540 531 536 531 531 540 550 554 559 550
08 29 -9999 550 550 540 540 540 540 549 550 554 554 550 540 531 531 531 529 529 531 536 550 550 550 550
08 30 -9999 540 540 540 540 540 536 540 549 550 550 550 536 531 531 520 511 518 520 531 549 550 550 550
08 31 -9999 540 540 536 536 540 536 540 540 550 550 550 531 531 529 520 511 518 518 520 540 550 550 540
09 01 -9999 536 536 536 531 536 531 540 540 550 550 550 520 531 520 518 511 509 511 520 531 540 540 540
09 02 -9999 531 531 531 531 531 531 536 536 540 540 540 518 520 520 511 500 500 500 518 531 540 536 540
09 03 -9999 531 531 531 531 531 531 531 531 540 531 529 511 520 518 500 500 500 500 511 520 536 531 531
09 04 -9999 531 531 529 518 520 518 518 531 536 531 511 511 518 511 489 500 489 500 500 520 531 529 531
09 05 -9999 520 520 520 511 511 511 511 529 531 520 500 511 511 500 489 489 489 489 500 518 520 518 529
09 06 -9999 520 520 518 511 511 511 511 520 529 518 500 509 509 500 489 489 489 489 500 511 520 518 520
09 07 -9999 518 518 518 509 511 500 509 520 520 518 500 500 500 500 489 482 482 482 500 511 520 511 518
09 08 -9999 518 518 511 500 500 500 500 518 518 511 500 489 489 482 482 480 478 469 480 500 511 500 511
09 09 -9999 500 500 511 500 500 500 500 511 511 511 500 482 482 478 469 469 469 469 480 500 500 500 500
09 10 -9999 500 500 500 489 489 489 489 500 500 500 489 480 469 469 469 469 464 464 480 489 500 500 500
09 11 -9999 500 489 500 489 489 489 489 500 500 489 482 480 469 464 464 469 464 464 480 489 500 500 500
09 12 -9999 500 489 489 482 489 482 482 500 489 489 480 469 464 464 460 464 464 464 464 482 489 482 489
09 13 -9999 489 489 489 482 482 482 480 489 489 489 469 464 464 464 460 460 460 460 464 482 482 482 482
09 14 -9999 482 480 482 482 480 480 480 482 489 482 469 464 464 460 460 460 450 460 460 480 482 480 480
09 15 -9999 480 469 480 480 478 478 469 482 482 480 469 460 460 460 450 460 450 460 460 469 480 478 469
09 16 -9999 469 464 469 464 464 464 464 480 469 464 464 450 446 446 446 446 446 450 460 464 469 464 460
09 17 -9999 464 464 464 450 450 460 460 460 460 460 460 446 430 441 430 441 428 441 446 460 460 460 459
09 18 -9999 460 450 459 446 450 446 450 450 450 459 460 446 430 430 430 441 428 430 446 460 450 460 450
09 19 -9999 450 450 450 446 446 446 446 446 450 446 450 441 428 430 428 428 421 430 441 460 450 450 450
09 20 -9999 450 446 446 446 446 441 430 446 450 446 446 439 428 428 428 428 421 428 441 450 450 450 450
09 21 -9999 450 446 446 446 441 430 430 441 446 446 446 439 428 428 428 421 410 421 441 446 450 450 450
09 22 -9999 446 441 441 441 430 430 430 430 446 441 430 428 421 428 421 421 410 421 430 441 450 446 446
09 23 -9999 446 441 441 430 430 428 430 430 446 441 430 428 421 421 410 419 410 421 430 441 450 446 441
09 24 -9999 441 430 430 430 428 428 428 430 441 430 421 421 410 410 410 399 399 410 428 430 441 439 441
09 25 -9999 441 430 430 430 421 421 421 430 430 428 410 410 410 410 392 399 392 399 421 428 428 430 430
09 26 -9999 430 421 428 421 419 419 419 421 421 410 399 399 399 390 390 388 390 392 410 419 421 428 428
09 27 -9999 428 419 421 410 410 410 410 421 421 410 399 392 399 390 388 388 379 390 410 410 421 421 421
09 28 -9999 421 410 421 410 399 399 399 419 419 410 399 390 390 388 379 374 379 390 392 410 410 410 421
09 29 -9999 419 410 410 399 392 399 392 410 410 399 390 388 388 374 370 374 374 379 392 399 410 410 410
09 30 -9999 410 410 410 399 392 392 390 410 410 399 390 379 379 374 370 370 370 374 390 392 410 410 410
10 01 -9999 410 399 410 392 390 390 390 399 410 399 388 379 379 370 370 360 369 370 388 392 399 399 399
10 02 -9999 399 399 399 392 390 390 390 392 399 399 388 379 379 370 370 369 360 370 388 392 399 399 399
10 03 -9999 399 399 399 390 379 379 388 390 399 392 379 374 374 360 369 360 360 369 379 390 392 392 399
10 04 -9999 399 392 392 388 379 379 379 390 392 392 379 370 370 360 360 356 356 360 379 390 390 392 392
10 05 -9999 392 392 390 379 379 379 374 388 390 390 379 370 369 360 360 356 356 356 374 388 390 390 392
10 06 -9999 390 390 388 379 374 379 370 388 388 388 374 360 360 360 356 351 351 351 370 379 379 390 390
10 07 -9999 379 379 379 379 374 370 370 379 379 379 370 360 356 356 351 351 351 351 369 379 374 374 379
10 08 -9999 379 370 370 370 370 370 360 374 374 374 360 360 351 351 351 349 349 351 369 374 374 374 379
10 09 -9999 374 370 370 360 370 369 360 370 370 370 360 360 351 351 351 340 349 351 360 360 370 370 374
10 10 -9999 370 360 360 360 360 360 360 370 370 370 360 351 349 340 340 338 338 340 360 360 360 360 370
10 11 -9999 360 360 360 360 356 360 356 370 370 360 356 349 340 338 340 338 338 338 356 360 360 360 360
10 12 -9999 356 360 356 356 351 351 351 360 360 360 351 340 338 331 338 331 331 331 351 351 360 360 360
10 13 -9999 351 356 351 351 349 349 340 351 360 351 351 338 331 329 338 331 320 331 351 351 356 356 356
10 14 -9999 351 351 340 340 340 340 340 351 360 351 338 331 331 320 331 320 320 320 340 349 351 351 351
10 15 -9999 340 340 340 340 340 340 338 349 356 351 331 320 320 320 320 320 311 320 340 340 349 351 340
10 16 -9999 340 338 338 338 338 338 331 338 340 340 329 320 320 320 309 309 309 302 338 340 340 351 340
10 17 -9999 338 331 331 338 331 331 329 338 340 338 320 320 320 311 309 302 309 302 331 338 340 340 340
10 18 -9999 331 331 331 331 320 320 320 331 340 338 320 320 320 302 302 302 302 302 320 338 340 340 331
10 19 -9999 331 329 320 331 320 320 320 320 338 331 320 311 311 302 302 298 298 302 320 331 338 338 331
10 20 -9999 320 320 320 320 320 320 311 320 338 331 320 311 311 302 302 298 298 302 320 329 331 331 331
10 21 -9999 320 320 320 320 320 320 311 320 331 320 320 302 302 298 300 289 289 300 311 320 329 329 320
10 22 -9999 320 311 311 320 311 311 311 320 331 320 311 302 302 291 291 289 289 298 309 320 320 320 320
10 23 -9999 320 311 311 311 311 302 302 320 320 320 311 302 302 291 291 289 289 298 302 311 320 320 320
10 24 -9999 320 309 309 302 311 302 302 320 320 320 309 302 302 291 291 289 289 289 302 311 311 320 320
10 25 -9999 311 302 302 302 302 302 302 320 320 311 309 302 300 289 289 284 284 289 302 302 309 309 302
10 26 -9999 302 302 302 300 298 298 298 302 311 309 302 298 289 282 280 270 266 282 289 300 302 302 302
10 27 -9999 302 300 291 298 291 291 291 300 302 302 291 289 289 271 279 266 266 279 284 291 291 302 291
10 28 -9999 289 298 289 284 282 289 284 289 291 302 284 282 279 266 262 262 261 266 280 282 289 291 284
10 29 -9999 284 289 282 282 282 280 282 282 289 300 282 279 270 262 261 262 261 266 271 279 284 284 282
10 30 -9999 280 284 271 271 271 271 271 279 284 289 280 270 266 262 261 262 261 266 271 279 282 284 282
10 31 -9999 279 280 266 270 271 270 266 279 280 284 271 270 266 262 252 250 250 262 270 279 280 282 271
11 01 -9999 279 270 266 266 270 266 266 271 280 284 271 270 266 261 250 250 250 261 270 271 271 271 270
11 02 -9999 271 266 262 262 266 266 262 270 271 282 271 266 262 250 248 248 248 250 262 261 270 270 270
11 03 -9999 266 266 262 262 266 262 261 266 270 280 270 262 262 250 248 241 248 248 252 261 270 270 270
11 04 -9999 266 262 262 261 262 262 252 261 270 279 266 262 261 250 241 232 232 241 248 250 266 261 266
11 05 -9999 266 262 262 259 262 261 250 259 262 271 262 259 252 248 239 232 232 241 248 250 262 259 262
11 06 -9999 262 250 252 250 259 252 250 252 259 266 261 250 248 243 232 230 230 232 241 248 252 250 252
11 07 -9999 261 250 250 250 252 250 248 250 252 252 252 248 243 241 230 219 221 232 241 248 252 250 250
11 08 -9999 261 248 248 250 250 250 248 248 250 250 250 243 239 230 219 219 221 230 230 248 248 248 250
11 09 -9999 248 248 241 248 248 248 243 243 250 248 243 241 232 230 219 212 221 221 230 243 248 243 243
11 10 -9999 248 248 241 243 243 241 239 243 248 248 241 239 230 230 212 212 221 219 230 241 239 241 243
11 11 -9999 248 248 241 241 243 241 232 243 243 248 248 241 230 230 219 219 221 219 230 241 239 243 243
11 12 -9999 248 243 241 241 241 232 232 241 243 248 248 243 230 230 219 219 221 219 230 241 241 243 243
11 13 -9999 248 248 241 241 239 232 230 232 243 248 248 243 230 230 219 219 221 219 230 232 243 243 241
11 14 -9999 248 248 239 239 232 232 230 230 239 243 243 241 230 221 212 212 219 212 230 232 232 232 230
11 15 -9999 239 239 232 232 230 230 212 212 230 239 239 232 230 219 212 212 212 208 219 221 230 230 221
11 16 -9999 230 230 230 230 221 219 212 212 230 230 230 230 221 219 212 210 212 201 219 221 221 230 221
11 17 -9999 230 230 230 230 221 219 212 212 230 230 230 230 219 212 212 201 212 199 212 219 219 221 221
11 18 -9999 221 221 221 219 221 212 212 212 219 230 230 230 219 212 210 199 199 194 212 219 219 219 221
11 19 -9999 221 219 221 212 219 212 212 212 219 219 221 221 212 212 208 199 199 194 212 219 212 219 219
11 20 -9999 219 219 219 212 212 212 212 212 219 219 230 230 219 212 210 201 201 199 212 219 219 221 219
11 21 -9999 221 221 221 221 221 212 212 212 230 230 230 230 219 212 212 212 212 208 219 219 219 221 221
11 22 -9999 221 230 230 221 221 212 212 212 230 221 230 221 219 212 212 212 212 201 219 219 219 219 219
11 23 -9999 221 221 221 219 221 212 212 212 230 221 230 221 219 212 212 212 208 201 219 219 212 219 219
11 24 -9999 219 219 221 212 212 212 212 212 219 212 221 219 212 212 201 199 201 199 212 212 212 219 219
11 25 -9999 212 212 219 212 212 210 210 208 212 212 219 212 212 212 201 194 199 199 212 212 212 219 212
11 26 -9999 212 210 212 212 210 201 201 199 212 212 212 212 210 210 201 194 194 199 212 212 212 212 212
11 27 -9999 210 210 210 208 199 199 199 194 201 201 210 210 201 201 194 192 194 192 210 208 208 212 208
11 28 -9999 201 199 199 194 194 192 192 192 201 192 199 194 199 199 194 189 189 180 192 199 194 199 194
11 29 -9999 192 192 192 192 190 190 181 181 192 190 194 194 194 194 192 180 181 176 192 194 181 190 192
11 30 -9999 181 192 192 190 181 180 180 180 190 190 194 190 194 194 190 180 180 176 190 190 180 190 181
12 01 -9999 181 192 181 181 176 176 176 180 180 180 190 181 190 181 181 176 176 176 181 181 176 176 176
12 02 -9999 172 176 180 176 172 176 176 176 176 176 180 180 180 176 172 172 172 172 171 176 172 171 172
12 03 -9999 171 172 176 176 171 171 176 172 176 176 180 176 176 176 171 162 171 171 171 172 171 162 171
12 04 -9999 171 171 172 172 162 171 171 171 172 176 172 172 162 169 160 160 169 171 171 172 169 162 171
12 05 -9999 169 171 162 162 158 160 160 160 162 171 162 160 158 153 151 142 153 160 162 171 160 160 160
12 06 -9999 162 160 158 160 153 153 153 153 160 160 160 158 151 153 142 140 151 158 162 162 158 158 158
12 07 -9999 160 160 153 158 149 151 142 151 158 158 158 153 142 149 140 140 151 153 160 160 158 153 158
12 08 -9999 158 158 151 153 142 142 140 149 149 151 153 142 140 140 140 140 151 153 158 160 153 153 158
12 09 -9999 158 151 151 149 131 140 131 140 142 142 151 140 131 140 140 140 151 151 158 158 151 151 153
12 10 -9999 158 151 151 142 129 140 131 140 142 142 149 140 131 131 140 140 151 151 153 160 151 151 151
12 11 -9999 153 142 142 140 129 129 122 131 140 140 140 131 122 122 131 131 142 142 151 158 151 151 140
12 12 -9999 140 140 140 131 129 129 120 122 129 129 131 122 120 122 122 122 129 140 131 151 140 140 131
12 13 -9999 131 129 129 129 122 120 120 122 122 122 129 122 120 120 122 122 122 129 131 140 131 131 131
12 14 -9999 131 122 129 129 122 122 120 122 122 122 131 122 120 122 122 122 122 129 131 140 131 140 129
12 15 -9999 131 111 120 129 122 120 109 122 122 122 129 122 120 122 122 122 122 122 129 140 131 131 129
12 16 -9999 129 111 111 120 120 120 109 120 122 122 129 122 111 111 120 122 122 122 122 131 131 131 122
12 17 -9999 129 111 111 111 111 109 104 120 120 120 122 120 109 104 109 104 111 111 122 122 122 122 122
12 18 -9999 122 104 104 104 102 102 102 104 111 111 111 109 104 104 104 102 109 109 109 122 120 122 111
12 19 -9999 111 102 102 102 100 102 102 102 102 104 104 102 104 102 104 91 109 104 109 111 111 111 111
12 20 -9999 111 91 102 102 100 102 100 102 102 104 104 102 104 102 104 91 109 104 109 111 111 122 111
12 21 -9999 111 102 102 102 91 102 100 102 104 111 104 102 104 102 104 91 109 104 104 111 111 122 111
12 22 -9999 111 102 102 102 91 100 91 104 109 118 104 104 104 102 102 91 104 104 99 104 111 111 111
12 23 -9999 111 91 91 91 86 91 90 102 104 104 104 102 102 102 91 91 102 102 99 102 111 109 111
12 24 -9999 109 91 91 99 86 100 90 102 104 104 104 104 102 104 104 91 104 104 102 104 111 111 111
12 25 -9999 111 91 100 99 86 102 90 102 104 104 104 104 102 104 104 91 104 104 102 104 111 109 111
12 26 -9999 111 91 91 99 90 104 100 102 102 104 104 102 91 100 104 91 102 102 102 104 111 104 109
12 27 -9999 111 91 102 104 100 104 100 104 104 111 104 104 104 104 111 104 111 104 109 118 122 122 111
12 28 -9999 111 100 104 104 102 104 104 104 104 111 104 104 104 104 104 99 109 104 104 104 111 109 109
12 29 -9999 109 90 102 99 90 104 90 104 104 109 104 104 102 104 104 91 104 104 104 104 111 109 109
12 30 -9999 109 99 102 100 100 104 90 104 104 104 104 104 104 104 109 100 109 104 109 109 111 109 111
12 31 -9999 109 100 104 104 104 104 100 104 104 111 104 104 104 104 109 100 109 104 104 104 111 104 109
