01 01 -9999 50 50 50 50 50 50 39 50 59 68 68 72 72 72 72 72 70 70 63 68 70 68 79
01 02 -9999 52 52 50 50 50 50 50 50 59 68 68 70 72 72 72 72 68 70 63 63 68 63 72
01 03 -9999 50 50 50 50 50 50 41 50 59 68 63 63 68 72 72 72 68 68 63 63 63 63 70
01 04 -9999 50 50 50 50 50 41 39 50 52 63 68 63 68 72 72 72 63 68 63 61 63 59 70
01 05 -9999 50 50 50 50 50 41 39 50 50 63 63 63 63 70 68 68 59 63 59 61 59 52 63
01 06 -9999 50 50 50 50 50 41 32 50 50 63 63 63 63 63 59 68 52 59 52 52 52 52 52
01 07 -9999 41 39 39 41 50 39 32 41 50 61 63 59 61 61 50 59 50 50 50 52 50 50 50
01 08 -9999 30 30 32 32 39 32 28 32 41 50 52 52 52 52 50 50 39 32 41 41 32 39 39
01 09 -9999 14 21 28 28 32 21 14 30 41 50 50 50 50 50 41 41 30 19 39 21 21 28 28
01 10 -9999 14 19 21 19 19 19 14 19 32 39 41 41 50 41 41 39 19 14 19 14 14 14 14
01 11 -9999 12 14 14 14 19 12 9 12 19 21 32 39 39 41 32 32 14 12 14 10 12 1 12
01 12 -9999 10 14 14 9 14 9 9 0 19 21 32 39 39 41 32 32 14 14 14 14 12 1 12
01 13 -9999 9 12 10 1 1 1 -8 0 14 19 32 32 32 32 32 32 14 12 14 12 10 0 9
01 14 -9999 1 9 0 0 0 -4 -8 -4 14 14 21 32 32 32 30 32 1 12 12 1 1 -4 0
01 15 -9999 1 1 -4 -4 -4 -8 -9 -9 12 12 21 19 21 21 21 30 12 12 12 1 1 -4 9
01 16 -9999 1 1 -4 -4 -4 -4 -8 -4 12 12 21 19 21 21 21 21 1 1 1 -4 -4 -4 9
01 17 -9999 1 1 -4 -4 -8 -4 -8 -4 1 12 21 14 12 19 19 21 1 1 1 -4 1 -4 9
01 18 -9999 1 1 -4 -4 -4 -4 -8 -4 12 12 21 19 14 21 21 21 1 1 12 0 0 0 10
01 19 -9999 1 1 -4 -4 -4 -4 -8 -4 12 12 21 19 28 21 21 21 1 1 12 0 0 0 10
01 20 -9999 9 1 0 0 -4 0 -8 0 12 14 21 19 14 19 19 21 1 1 12 0 0 0 12
01 21 -9999 9 1 -4 1 0 0 -4 0 12 14 21 19 14 19 21 21 12 12 12 1 0 0 12
01 22 -9999 10 10 1 1 0 1 -4 0 12 14 30 21 32 21 21 21 12 12 10 1 0 0 12
01 23 -9999 12 12 10 9 0 1 0 1 14 14 32 32 32 30 30 21 14 14 12 14 12 1 14
01 24 -9999 14 14 12 12 1 1 12 9 14 32 32 32 39 32 30 32 21 30 14 14 14 12 14
01 25 14 14 14 12 14 12 10 12 12 28 32 39 39 41 32 32 32 30 32 19 19 19 14 19
01 26 28 19 19 14 14 14 14 14 14 32 32 50 50 50 41 39 39 39 39 30 21 21 19 19
01 27 32 19 19 14 14 14 19 14 14 32 32 50 50 50 41 39 41 41 41 32 30 28 21 19
01 28 -9999 19 19 14 19 19 19 14 19 32 39 50 50 50 50 41 41 50 41 32 32 30 21 19
01 29 -9999 28 28 19 21 28 28 19 19 32 39 50 50 50 50 50 50 50 41 32 32 32 21 21
01 30 -9999 21 28 21 21 30 30 19 19 32 50 50 50 50 50 50 50 50 41 39 32 32 21 21
01 31 -9999 19 28 19 21 28 21 19 19 32 39 50 50 50 50 41 50 50 41 39 32 32 28 21
02 01 -9999 19 28 21 21 19 21 19 19 32 50 50 52 50 50 41 50 50 50 41 39 32 32 28
02 02 -9999 21 30 28 32 28 21 19 19 32 41 50 52 50 50 41 50 50 50 41 41 41 32 32
02 03 -9999 30 30 28 32 28 21 19 19 32 41 50 52 50 50 41 50 50 50 50 41 41 32 30
02 04 -9999 30 28 28 28 28 21 19 19 32 41 50 50 50 50 39 50 50 50 41 41 41 32 30
02 05 -9999 21 21 19 21 19 19 19 14 28 41 41 50 50 39 39 41 50 41 41 41 32 32 30
02 06 -9999 19 21 19 19 14 19 19 14 28 39 39 41 50 39 39 41 50 41 41 41 32 32 32
02 07 -9999 21 21 19 21 19 19 19 14 32 39 32 41 50 39 39 41 50 50 41 41 39 32 32
02 08 32 21 21 21 21 19 14 14 12 28 32 32 39 39 32 32 39 41 41 41 41 32 32 32
02 09 -9999 21 21 19 19 14 14 10 12 21 32 32 41 41 32 39 41 50 41 41 41 32 32 32
02 10 21 21 21 19 21 14 14 12 14 21 32 32 39 50 39 39 41 50 41 41 41 32 32 32
02 11 21 28 21 21 21 14 14 19 14 28 32 32 39 50 32 39 39 41 41 41 39 32 32 32
02 12 28 30 28 21 21 14 14 14 14 28 36 32 41 50 39 39 41 50 50 41 50 39 39 32
02 13 32 32 32 28 30 19 19 21 19 32 41 32 50 52 50 50 50 50 50 50 52 50 41 41
02 14 32 39 32 30 32 19 21 28 28 32 41 41 50 59 50 59 52 61 52 52 52 50 50 41
02 15 32 39 39 32 32 21 28 32 32 50 50 61 52 63 52 68 63 63 63 63 59 52 50 50
02 16 32 41 41 32 32 30 32 32 32 50 50 59 52 68 63 68 63 63 63 63 61 52 50 50
02 17 32 41 41 32 32 32 32 32 32 50 50 63 63 68 68 70 68 68 63 63 63 52 50 50
02 18 39 41 50 32 32 32 32 32 32 50 50 63 63 68 68 70 68 68 63 63 63 59 50 50
02 19 32 41 50 39 32 32 32 32 32 50 50 63 68 68 68 72 68 68 63 63 63 61 59 50
02 20 41 50 50 39 39 32 39 32 39 50 50 68 70 72 72 72 70 72 70 70 68 68 61 61
02 21 50 50 59 50 39 50 39 32 50 59 63 70 70 82 79 79 70 81 72 72 68 70 63 63
02 22 52 52 61 50 41 50 39 39 50 61 68 70 70 82 79 81 70 81 79 72 70 79 68 63
02 23 72 63 68 52 50 50 50 39 50 68 70 72 72 86 81 82 72 86 81 81 72 82 70 68
02 24 72 68 70 52 59 52 50 50 52 70 72 72 82 86 81 82 72 86 81 81 79 82 72 72
02 25 72 68 70 68 59 59 52 50 52 70 70 79 82 86 82 82 79 86 82 82 82 82 70 72
02 26 72 68 68 61 59 59 52 50 59 72 81 82 86 90 82 90 86 90 86 86 86 86 79 79
02 27 72 68 70 68 68 61 59 50 61 79 81 82 86 86 86 90 86 90 82 82 82 82 72 68
02 28 72 63 63 61 52 52 52 41 52 70 79 79 82 82 82 90 81 86 81 82 81 82 72 68
03 01 52 52 52 50 50 52 50 39 50 61 70 72 72 82 82 79 70 72 70 70 70 72 68 61
03 02 52 52 52 41 41 41 41 32 50 59 70 72 72 81 81 79 70 70 68 68 68 63 61 59
03 03 52 52 41 41 50 41 41 39 50 59 70 72 72 82 81 79 70 70 68 70 68 68 61 61
03 04 52 52 52 41 50 50 50 39 50 63 70 72 72 82 81 79 72 70 68 70 68 68 63 61
03 05 52 52 52 52 50 50 50 39 50 68 70 72 79 82 82 82 82 70 70 70 72 70 70 68
03 06 59 61 63 63 59 52 52 50 63 79 82 82 90 90 86 90 86 90 81 86 82 82 82 72
03 07 72 70 68 70 68 61 61 52 70 81 82 86 90 90 90 90 86 90 82 86 86 82 82 81
03 08 72 72 68 72 70 63 63 59 70 82 90 90 91 90 90 90 86 90 86 90 86 82 82 82
03 09 72 72 68 72 68 63 63 59 70 82 90 86 90 91 91 90 86 90 86 90 86 82 90 82
03 10 72 79 68 72 70 63 63 61 72 90 90 90 91 90 91 90 86 90 86 90 86 86 90 86
03 11 72 81 70 72 68 68 63 63 72 90 91 90 91 91 100 91 90 91 91 90 99 90 91 90
03 12 -9999 82 79 81 70 68 72 63 82 90 100 91 91 91 100 91 90 91 91 90 100 90 91 91
03 13 -9999 86 81 82 79 70 79 68 82 91 100 91 91 91 100 90 90 91 86 90 91 90 91 91
03 14 -9999 86 82 86 79 72 82 68 82 91 91 91 91 99 100 90 90 91 100 90 99 91 102 99
03 15 -9999 86 86 86 82 82 86 82 90 99 102 102 102 102 102 99 100 100 100 100 100 104 109 104
03 16 -9999 99 91 100 91 91 100 99 100 102 104 104 109 104 104 102 102 104 104 104 104 111 118 109
03 17 -9999 100 102 102 100 102 104 102 109 111 109 109 111 109 109 104 104 109 109 109 111 122 122 122
03 18 -9999 104 109 109 104 109 109 104 118 120 111 111 120 120 120 104 111 111 109 118 122 122 131 122
03 19 -9999 111 120 118 104 111 109 109 122 122 122 120 122 122 120 109 111 111 109 118 122 122 122 122
03 20 -9999 118 120 122 111 120 111 111 122 122 122 122 122 122 122 109 120 120 120 122 140 131 140 129
03 21 -9999 129 122 122 122 122 122 120 131 129 131 122 122 129 122 120 120 120 122 122 140 140 140 140
03 22 -9999 131 122 122 129 122 122 122 140 129 131 122 131 131 129 120 122 122 129 131 140 142 142 140
03 23 131 131 129 122 129 122 122 129 140 129 131 122 131 131 129 131 122 122 131 140 142 149 151 151
03 24 -9999 140 129 129 131 131 122 131 140 131 140 131 140 140 131 140 140 140 140 142 142 151 153 153
03 25 -9999 142 140 131 140 140 131 140 142 140 142 140 142 142 149 142 142 142 149 151 153 153 153 153
03 26 -9999 149 142 142 149 142 140 142 153 158 151 142 151 153 153 153 158 153 153 158 158 162 160 162
03 27 158 151 151 153 153 151 151 153 158 162 153 153 153 153 153 158 162 158 158 158 158 162 162 162
03 28 160 153 153 153 158 153 158 158 160 169 160 158 158 158 162 162 169 162 171 171 172 169 171 169
03 29 160 160 158 158 160 160 162 160 162 172 162 160 160 162 172 176 172 171 172 176 172 171 172 176
03 30 162 169 162 169 169 162 169 172 171 172 169 162 172 172 172 180 176 176 176 176 176 176 176 176
03 31 172 172 169 172 172 162 171 176 172 176 172 172 180 180 180 189 180 181 181 189 180 176 181 181
04 01 176 176 176 172 176 169 172 176 180 181 181 180 192 189 192 192 192 192 192 192 181 176 181 190
04 02 181 180 181 176 176 172 176 180 189 189 181 180 192 192 194 194 192 192 189 192 181 176 181 190
04 03 180 176 176 176 176 172 176 176 192 194 189 189 194 194 199 201 194 194 194 194 190 180 190 192
04 04 181 181 181 180 180 176 180 192 194 194 192 192 194 194 199 201 194 194 194 194 199 180 190 192
04 05 181 181 189 181 181 180 180 192 194 194 189 192 194 194 199 201 194 194 199 199 199 192 192 194
04 06 181 192 192 190 181 181 181 194 199 199 194 194 194 194 199 201 194 199 194 199 199 192 194 199
04 07 192 194 194 192 190 192 181 199 208 199 199 194 201 199 201 201 199 201 199 201 201 192 199 199
04 08 199 199 199 194 192 199 192 201 208 201 201 199 201 199 201 208 199 199 199 201 210 199 210 212
04 09 212 208 201 201 199 199 201 201 208 208 201 201 208 201 201 208 199 199 199 201 210 201 210 212
04 10 212 210 212 208 201 208 210 212 212 210 212 210 208 201 201 210 201 199 199 201 210 210 212 212
04 11 212 210 212 201 201 208 210 212 212 210 212 208 208 201 201 210 201 199 199 201 201 210 210 212
04 12 212 210 212 208 201 208 212 212 210 210 212 212 210 210 201 212 210 201 199 201 210 212 212 212
04 13 219 212 212 212 210 210 212 219 212 212 219 219 212 212 210 212 212 212 201 208 212 212 212 212
04 14 221 219 230 212 212 212 212 230 230 221 219 219 219 212 212 219 212 212 208 212 212 219 219 219
04 15 221 221 230 219 219 212 219 230 230 221 219 219 221 212 212 221 212 212 212 212 219 221 221 221
04 16 230 230 230 230 221 219 221 241 230 230 221 221 230 212 221 221 219 212 212 212 221 230 232 230
04 17 230 230 232 230 230 221 230 248 241 232 230 221 230 219 221 230 219 219 219 212 230 230 241 232
04 18 243 239 241 230 230 230 230 248 248 243 230 230 230 221 230 230 221 219 221 221 230 241 243 243
04 19 243 248 243 232 232 232 239 261 248 243 239 230 239 232 230 232 230 221 221 230 239 243 243 243
04 20 243 248 243 243 241 243 243 261 248 243 248 232 241 243 232 232 230 230 230 230 232 243 243 243
04 21 243 248 243 243 243 243 248 262 248 243 248 232 241 241 232 232 230 230 230 232 239 243 243 243
04 22 243 248 248 248 246 243 248 262 248 248 243 232 239 241 232 232 232 230 230 232 243 243 243 248
04 23 243 248 248 248 248 243 248 266 250 248 248 232 241 243 232 239 232 232 230 239 243 243 243 248
04 24 243 248 248 248 248 243 248 266 259 248 248 243 243 248 239 241 239 232 230 241 248 243 248 250
04 25 248 250 250 252 250 248 252 266 262 248 248 248 243 248 241 243 243 243 239 248 250 248 252 250
04 26 248 252 252 252 252 248 257 266 262 248 248 248 243 248 248 248 243 243 239 243 250 248 252 250
04 27 252 252 252 262 262 248 266 271 262 261 252 248 243 248 248 248 243 243 239 248 252 250 252 252
04 28 252 252 262 266 262 248 266 279 266 261 259 250 248 250 252 248 248 243 239 248 252 252 259 259
04 29 252 262 262 266 266 252 266 282 271 266 262 250 250 252 261 252 250 248 243 248 252 252 262 262
04 30 -9999 262 270 270 266 262 271 284 280 270 266 262 266 261 266 262 252 248 243 248 252 259 266 266
05 01 -9999 266 271 271 270 266 279 284 282 270 266 262 266 266 266 266 262 250 243 250 261 262 266 271
05 02 -9999 270 279 271 271 271 282 284 282 270 266 266 270 270 271 266 266 252 248 262 266 262 266 271
05 03 -9999 279 282 271 279 279 282 289 284 280 270 266 270 270 271 270 266 261 248 266 270 270 270 280
05 04 -9999 282 284 282 282 280 284 302 289 280 280 271 271 270 271 271 270 266 250 271 271 279 282 284
05 05 -9999 284 284 284 284 282 289 302 289 289 284 282 280 271 280 271 271 266 252 282 280 284 288 284
05 06 -9999 284 284 289 284 284 291 302 291 291 289 284 280 279 282 279 282 271 266 284 282 289 291 289
05 07 -9999 291 291 291 284 289 302 309 300 298 291 289 289 282 284 280 282 271 266 284 284 291 302 291
05 08 -9999 298 300 300 291 289 302 311 302 300 300 289 289 289 289 282 284 280 282 298 289 302 302 302
05 09 -9999 302 302 302 300 291 309 320 302 302 300 289 289 289 289 282 284 280 282 298 289 302 302 302
05 10 -9999 302 302 302 302 302 311 320 302 302 302 289 289 289 289 282 284 282 284 300 298 302 302 302
05 11 -9999 302 306 302 302 302 311 320 311 309 302 298 298 291 289 289 291 291 298 302 302 309 309 309
05 12 -9999 311 311 302 302 302 320 320 320 311 302 302 300 291 291 291 302 302 309 309 311 311 311 311
05 13 -9999 311 320 309 309 309 320 331 320 311 309 302 300 300 300 300 302 302 309 309 320 320 311 311
05 14 -9999 320 320 320 311 309 320 331 320 320 311 302 302 300 302 302 309 309 320 320 320 320 320 320
05 15 -9999 320 320 320 320 320 331 340 338 320 320 320 320 302 320 320 320 320 320 320 320 331 331 331
05 16 -9999 331 331 331 329 329 338 340 340 331 331 320 320 320 320 320 320 320 320 320 331 340 340 340
05 17 -9999 331 338 331 338 331 340 349 340 338 338 331 338 320 331 320 320 331 320 320 338 349 351 340
05 18 -9999 338 340 331 338 331 340 351 340 338 340 338 340 320 331 320 320 331 331 331 338 351 351 351
05 19 -9999 340 340 338 338 338 351 351 351 349 351 340 340 338 338 320 338 331 338 338 340 351 356 351
05 20 -9999 340 349 340 340 338 356 356 351 351 351 340 351 340 340 331 338 338 338 340 351 356 360 356
05 21 -9999 351 351 351 340 340 360 369 356 356 356 351 356 356 351 349 340 340 340 351 356 360 360 356
05 22 -9999 356 356 356 351 351 360 370 356 369 360 356 356 356 356 351 351 349 340 349 351 356 360 356
05 23 -9999 356 356 356 351 351 360 374 356 369 360 356 356 356 356 356 356 351 340 351 356 360 360 360
05 24 -9999 356 356 356 351 356 369 379 370 370 370 356 360 360 360 356 360 351 349 351 356 360 360 360
05 25 -9999 360 360 360 356 360 374 379 374 374 374 360 360 370 360 360 369 360 356 356 360 370 372 370
05 26 -9999 370 370 370 370 370 379 390 388 379 379 374 374 370 370 369 370 370 369 370 370 374 374 374
05 27 -9999 379 374 374 374 370 388 392 390 388 379 374 374 374 370 370 379 370 374 370 374 374 379 379
05 28 -9999 388 379 379 379 374 392 399 390 390 388 374 374 374 374 374 379 374 374 374 374 379 379 379
05 29 -9999 390 379 379 379 379 392 399 392 392 392 388 379 379 379 379 390 379 379 379 379 390 390 392
05 30 -9999 390 390 390 392 388 410 410 399 399 392 388 379 379 388 390 392 388 379 379 390 392 392 392
05 31 -9999 392 392 390 392 390 410 410 410 399 392 390 388 390 390 392 392 390 379 379 390 392 399 392
06 01 -9999 392 392 392 392 390 410 410 410 399 392 390 388 390 392 392 392 392 388 388 392 392 399 399
06 02 -9999 392 399 392 392 390 410 419 410 399 392 390 390 390 392 399 392 392 390 388 392 399 399 399
06 03 -9999 392 399 392 399 392 410 421 410 399 399 392 390 390 399 399 399 399 392 392 399 410 410 399
06 04 -9999 399 399 399 399 392 410 428 421 419 410 399 399 399 410 410 399 399 399 399 410 410 410 399
06 05 -9999 410 410 399 399 399 421 430 421 421 419 410 410 419 410 410 410 410 410 410 410 421 419 410
06 06 -9999 410 410 410 410 410 428 439 428 421 421 410 410 421 410 410 410 421 410 421 421 421 421 421
06 07 -9999 410 410 419 410 410 430 441 430 430 428 421 428 430 428 419 421 421 419 421 421 428 428 428
06 08 -9999 421 421 421 421 421 439 441 441 441 430 421 428 430 428 410 421 410 410 421 421 428 428 428
06 09 -9999 421 428 428 421 428 441 446 441 441 439 428 428 430 430 419 421 421 419 421 428 430 430 430
06 10 -9999 428 430 430 430 430 441 446 446 446 441 428 430 441 430 428 421 421 421 428 430 430 430 439
06 11 -9999 430 439 439 430 439 450 460 450 450 446 430 441 441 439 430 428 430 428 430 441 441 441 446
06 12 -9999 446 446 450 446 441 460 460 459 459 450 450 446 446 441 441 430 441 441 441 446 450 450 460
06 13 -9999 450 460 450 450 450 464 469 460 464 460 450 450 450 446 446 441 446 441 446 446 450 450 464
06 14 -9999 460 460 460 450 450 469 469 464 464 460 459 460 450 450 446 446 446 446 450 450 460 460 469
06 15 -9999 464 464 460 460 460 469 478 478 469 464 459 464 450 450 450 450 450 450 450 450 460 460 469
06 16 -9999 464 469 460 460 460 480 480 480 469 464 469 469 460 460 450 460 450 450 450 450 460 460 469
06 17 -9999 469 469 460 460 460 480 482 482 480 469 469 469 464 460 469 469 450 460 460 460 464 469 478
06 18 -9999 478 480 469 469 469 480 489 489 480 469 469 469 464 464 469 469 460 460 464 464 469 469 480
06 19 -9999 480 480 469 469 469 482 500 489 482 480 469 478 469 469 469 469 464 464 469 469 480 480 480
06 20 -9999 480 480 469 469 469 482 500 489 482 480 478 478 469 469 469 469 464 464 469 469 480 480 480
06 21 -9999 480 480 480 469 469 489 500 500 489 482 480 480 480 478 469 469 469 469 469 469 480 480 480
06 22 -9999 480 480 480 469 480 489 500 500 489 482 480 480 480 480 478 469 469 469 469 469 480 482 480
06 23 -9999 480 480 480 469 480 489 500 500 489 482 480 482 480 480 480 469 469 469 469 478 482 489 480
06 24 -9999 482 480 480 480 480 489 509 500 489 482 480 480 480 480 480 469 469 469 469 480 482 482 480
06 25 -9999 480 480 480 480 480 489 500 500 489 480 480 478 480 469 478 469 469 469 469 469 482 489 480
06 26 -9999 480 480 480 480 480 489 511 500 489 480 480 478 480 469 480 469 469 469 469 469 489 489 480
06 27 -9999 482 480 480 480 480 500 511 500 489 489 480 478 480 478 480 469 469 469 469 478 489 489 480
06 28 -9999 482 480 480 480 480 500 511 500 500 489 482 480 480 480 480 469 469 469 469 480 489 500 482
06 29 -9999 482 482 482 480 480 500 511 500 500 489 482 480 480 480 480 469 469 469 469 480 489 489 482
06 30 -9999 482 480 480 480 480 500 511 500 489 482 480 469 478 469 469 469 469 464 469 480 489 489 482
07 01 -9999 482 482 480 480 480 500 511 511 500 489 480 478 480 469 480 469 469 469 480 482 489 500 489
07 02 -9999 489 482 482 482 482 500 511 511 500 489 489 482 480 480 480 469 480 469 480 482 489 500 500
07 03 -9999 489 489 489 482 482 500 511 511 500 489 489 482 480 480 480 480 480 480 480 482 500 500 500
07 04 -9999 489 489 489 489 489 509 518 511 500 500 489 482 480 480 480 480 480 469 480 482 500 500 500
07 05 -9999 489 489 489 489 489 509 518 511 500 500 482 482 480 480 480 480 480 469 480 489 500 500 500
07 06 -9999 500 500 489 489 489 511 518 518 500 500 489 482 482 480 480 480 469 469 480 482 500 500 500
07 07 -9999 500 500 489 489 489 511 520 518 500 500 489 482 482 482 482 482 482 469 480 489 500 500 500
07 08 -9999 500 500 489 489 489 511 520 520 500 500 489 482 482 482 482 482 482 480 482 489 500 500 500
07 09 -9999 509 500 500 500 489 511 520 520 511 500 489 489 489 482 482 489 482 482 489 489 500 511 511
07 10 -9999 511 509 500 500 500 518 531 531 518 511 500 500 500 489 489 489 489 489 489 500 509 518 511
07 11 -9999 511 511 500 500 500 520 531 536 518 511 500 500 500 500 500 500 489 489 500 500 511 518 511
07 12 -9999 518 511 500 500 500 520 536 536 518 511 500 500 500 500 500 500 489 489 500 500 511 518 518
07 13 -9999 518 518 511 511 511 520 540 536 520 511 500 500 500 500 500 500 489 489 500 500 518 518 518
07 14 -9999 518 518 518 511 511 520 540 536 520 511 500 500 500 500 500 500 489 489 500 500 518 520 518
07 15 -9999 518 518 518 511 511 520 540 536 520 518 511 500 500 500 500 500 489 489 500 500 518 520 518
07 16 -9999 518 518 518 511 509 520 540 536 531 518 511 500 500 500 500 500 489 489 500 500 518 518 518
07 17 -9999 518 518 511 509 500 520 540 536 520 518 511 500 500 500 500 500 489 489 500 500 518 520 518
07 18 -9999 518 518 518 518 509 520 540 540 531 518 511 500 500 500 500 500 500 489 500 518 520 520 520
07 19 -9999 520 520 518 518 511 520 550 540 536 518 511 500 500 500 500 500 500 500 511 520 531 529 520
07 20 -9999 520 520 518 518 511 520 550 540 536 531 518 511 509 500 511 500 500 500 511 520 529 529 520
07 21 -9999 520 520 518 518 511 520 550 540 536 531 520 511 511 500 511 500 500 500 511 518 529 531 520
07 22 -9999 520 520 518 518 511 520 550 540 536 531 520 511 518 509 518 509 500 500 511 518 531 531 520
07 23 -9999 520 520 518 518 511 531 550 540 540 531 520 520 520 511 518 509 500 500 511 520 536 531 520
07 24 -9999 520 531 520 518 518 531 550 550 540 536 520 520 520 511 520 511 500 500 511 520 536 531 520
07 25 -9999 529 531 520 518 518 536 550 550 540 536 520 518 520 511 518 509 500 500 511 520 536 531 520
07 26 -9999 529 531 520 518 518 536 554 550 540 536 531 520 520 511 518 509 500 500 511 520 536 531 529
07 27 -9999 529 531 520 520 518 536 554 554 540 536 531 520 520 509 518 511 500 500 511 520 536 531 531
07 28 -9999 531 531 520 520 520 536 554 559 550 540 531 531 520 511 518 511 509 500 511 520 536 531 531
07 29 -9999 531 531 520 520 520 536 554 554 540 536 520 520 518 511 518 500 500 500 511 520 536 531 531
07 30 -9999 531 531 520 520 518 536 554 554 540 536 520 518 518 511 511 500 500 500 518 520 536 531 531
07 31 -9999 520 520 520 520 518 531 554 554 540 531 518 518 518 511 511 500 500 500 511 520 536 531 536
08 01 -9999 531 531 529 520 520 536 554 554 540 536 520 518 518 511 511 500 500 500 511 520 531 531 536
08 02 -9999 529 531 520 520 520 531 554 554 540 536 520 518 518 511 500 500 500 500 511 520 531 531 531
08 03 -9999 520 520 520 520 518 529 554 554 540 531 520 520 511 511 511 500 500 500 518 520 531 531 536
08 04 -9999 520 520 520 520 518 529 554 550 540 531 520 518 511 509 511 500 500 500 518 520 531 531 536
08 05 -9999 520 520 520 520 518 529 554 550 540 531 518 518 511 500 500 500 500 500 518 520 531 531 536
08 06 -9999 520 520 520 520 518 520 550 554 540 531 518 518 511 500 500 511 500 511 518 520 531 531 536
08 07 -9999 520 520 520 518 511 520 550 550 536 531 518 518 511 500 500 500 500 500 518 520 531 531 531
08 08 -9999 520 520 520 511 511 520 550 550 536 531 518 518 511 500 511 500 500 511 518 520 531 531 536
08 09 -9999 520 520 518 511 511 518 550 550 536 531 518 518 511 500 511 500 500 511 518 520 531 522 531
08 10 -9999 520 518 511 511 511 518 540 550 536 520 511 511 511 500 500 500 500 511 511 520 520 520 520
08 11 -9999 518 518 511 511 509 518 536 540 536 520 511 511 509 500 500 500 500 500 511 518 518 518 518
08 12 -9999 518 518 511 500 500 511 536 536 531 518 500 509 500 500 500 500 500 500 500 500 511 511 518
08 13 -9999 511 511 500 500 500 500 536 536 531 518 500 511 500 500 500 500 500 500 500 511 518 511 518
08 14 -9999 511 511 500 500 500 500 531 536 531 518 511 511 500 500 500 500 500 500 500 500 511 500 500
08 15 -9999 500 509 500 500 500 500 531 531 531 511 511 511 500 500 500 500 500 500 500 500 509 500 500
08 16 -9999 500 500 500 500 500 500 520 531 531 511 511 511 500 500 500 500 500 500 500 500 509 500 500
08 17 -9999 500 500 500 500 500 500 520 531 520 511 500 500 500 489 500 489 500 489 500 500 511 500 500
08 18 -9999 500 500 500 489 489 500 518 531 518 509 500 500 489 489 489 489 489 489 500 500 500 500 500
08 19 -9999 500 500 500 489 482 489 518 529 518 509 500 500 489 489 489 489 489 489 500 500 500 500 500
08 20 -9999 500 500 500 489 489 489 518 520 518 511 500 500 500 489 489 489 500 489 500 500 500 500 500
08 21 -9999 500 500 500 489 489 489 518 520 518 509 500 500 489 489 489 489 489 482 500 500 500 500 500
08 22 -9999 500 500 500 489 489 489 518 520 518 509 500 500 489 489 489 482 489 482 500 500 500 500 500
08 23 -9999 500 500 500 489 482 489 511 518 511 500 500 489 482 482 489 480 489 480 489 500 500 489 489
08 24 -9999 489 489 482 482 480 480 511 518 500 500 489 482 480 482 482 469 482 480 489 489 500 489 489
08 25 -9999 489 489 482 480 480 469 500 518 500 500 489 482 482 482 480 464 480 480 482 489 489 489 489
08 26 -9999 489 489 480 480 469 469 500 518 500 500 489 482 480 480 480 469 480 480 482 489 489 489 489
08 27 -9999 489 489 480 480 469 469 500 518 500 500 489 480 478 480 480 469 480 478 482 500 489 489 489
08 28 -9999 489 482 480 480 469 480 500 518 500 500 489 482 480 480 480 469 480 480 489 489 489 489 489
08 29 -9999 482 480 478 469 469 469 500 511 500 500 482 480 469 469 480 469 478 469 480 489 489 489 482
08 30 -9999 480 480 478 469 469 469 489 511 500 489 480 480 469 469 480 469 469 469 469 489 489 489 482
08 31 -9999 480 480 469 469 464 464 489 500 500 489 480 480 469 469 480 469 464 469 469 489 489 482 480
09 01 -9999 469 480 469 469 464 464 489 500 500 489 480 480 469 469 480 469 464 469 469 482 489 482 480
09 02 -9999 469 480 469 469 464 464 489 500 500 489 480 480 469 469 478 464 464 464 469 482 482 482 480
09 03 -9999 469 478 464 460 460 464 482 500 489 489 469 469 469 469 469 464 460 464 464 480 480 480 480
09 04 -9999 469 469 460 460 459 459 480 489 489 480 466 469 464 460 464 460 460 450 464 478 480 480 478
09 05 -9999 469 464 460 459 450 450 469 489 489 480 464 464 464 460 464 460 460 460 464 478 480 478 478
09 06 -9999 469 464 460 459 450 450 469 489 489 480 464 464 464 460 464 460 460 450 464 469 480 478 469
09 07 -9999 464 464 459 450 446 450 469 489 482 478 464 460 460 460 460 450 450 450 460 464 478 469 464
09 08 -9999 464 460 450 450 446 446 464 480 480 469 460 446 446 446 450 441 446 446 450 460 460 460 459
09 09 -9999 450 450 446 446 441 441 460 469 469 450 450 441 441 439 446 430 441 441 450 460 460 460 450
09 10 -9999 446 446 439 441 439 439 459 469 460 450 446 430 441 430 441 430 439 441 441 450 460 460 450
09 11 -9999 441 441 439 439 430 430 450 469 460 450 446 430 430 430 430 430 430 439 441 450 450 450 446
09 12 -9999 430 441 430 430 428 430 446 460 459 446 441 430 430 428 430 430 430 430 441 450 450 450 446
09 13 -9999 430 439 430 430 421 428 441 459 450 446 441 430 430 428 428 430 430 430 441 450 450 446 441
09 14 -9999 430 430 428 428 421 428 441 450 450 446 439 430 430 428 428 430 430 430 439 441 446 441 439
09 15 -9999 428 428 421 421 419 410 430 450 446 441 430 426 428 421 421 421 428 430 430 441 441 430 430
09 16 -9999 428 421 421 421 410 410 430 441 446 430 430 421 419 410 410 419 410 421 421 430 428 428 421
09 17 -9999 419 421 410 410 410 399 421 441 441 428 421 419 410 410 410 410 410 419 421 428 428 428 421
09 18 -9999 410 410 410 410 399 399 419 441 439 421 421 410 410 410 399 410 410 410 410 428 421 428 421
09 19 -9999 410 419 410 410 399 399 410 439 430 421 421 410 410 410 399 410 410 410 410 428 421 421 410
09 20 -9999 410 410 410 410 399 399 410 430 430 421 419 410 410 410 399 399 399 410 410 421 419 421 410
09 21 -9999 410 410 399 399 399 392 410 430 428 410 410 410 410 410 399 399 399 410 410 410 410 410 410
09 22 -9999 399 392 392 392 392 390 399 428 421 410 399 399 410 399 399 399 392 410 410 410 410 410 399
09 23 -9999 392 390 390 390 390 379 392 421 410 399 399 399 410 399 399 399 390 399 399 410 399 399 392
09 24 -9999 392 390 390 390 379 379 390 419 410 399 392 399 392 390 392 392 390 399 399 410 399 399 390
09 25 -9999 390 390 379 379 379 374 390 410 410 392 392 390 390 390 390 392 390 392 392 399 390 390 390
09 26 -9999 379 374 374 379 374 374 374 399 392 390 379 379 379 379 379 379 388 390 388 392 390 390 379
09 27 -9999 379 374 370 370 370 369 374 392 390 379 379 379 379 374 374 374 379 388 379 390 379 379 374
09 28 -9999 374 370 360 360 356 356 370 390 379 374 370 370 370 370 370 374 379 379 379 379 374 374 370
09 29 -9999 370 369 360 356 356 356 360 379 379 370 360 360 360 369 360 360 374 374 374 374 370 370 369
09 30 -9999 360 360 356 351 356 356 360 374 374 369 356 356 356 360 360 360 370 370 370 370 369 361 369
10 01 -9999 360 360 351 349 351 351 360 374 370 360 356 356 356 351 351 351 356 360 370 360 360 360 360
10 02 -9999 360 356 351 340 351 340 351 370 369 360 356 351 351 351 351 351 356 356 356 360 360 356 356
10 03 -9999 356 351 340 338 338 340 351 370 360 360 351 349 351 349 349 340 349 351 356 356 356 356 356
10 04 -9999 351 349 340 331 338 331 340 360 356 356 340 340 340 340 340 338 340 351 351 351 351 351 351
10 05 -9999 340 338 338 331 331 331 340 360 356 351 340 340 340 338 338 331 340 340 351 349 349 351 349
10 06 -9999 340 338 338 331 331 331 338 360 351 351 340 340 340 338 338 320 338 340 340 340 340 340 340
10 07 -9999 338 331 331 320 320 320 331 360 340 340 338 338 331 331 331 320 331 338 340 338 340 338 338
10 08 -9999 331 331 329 320 320 320 329 351 340 340 338 338 329 331 329 320 331 338 340 338 338 338 331
10 09 -9999 331 331 331 320 320 320 320 351 340 340 338 331 329 320 320 320 320 331 340 338 331 336 331
10 10 -9999 320 329 320 320 320 320 320 340 340 331 320 320 320 320 311 309 320 329 331 331 320 329 320
10 11 -9999 320 320 320 320 320 311 320 340 340 331 320 320 320 320 311 309 320 320 331 331 320 331 320
10 12 -9999 320 320 320 320 311 309 311 340 340 331 320 320 320 320 311 309 320 320 320 329 320 320 320
10 13 -9999 320 320 320 311 311 309 311 338 340 331 320 320 320 311 309 309 311 311 320 320 320 320 320
10 14 -9999 320 311 320 311 311 309 309 338 338 331 320 311 320 311 309 309 311 311 320 320 320 320 320
10 15 -9999 320 311 311 309 309 302 309 338 338 331 320 309 311 309 309 309 309 311 320 320 320 311 320
10 16 -9999 320 311 311 309 302 302 302 331 331 320 311 309 311 309 302 309 309 309 320 320 311 311 311
10 17 -9999 320 309 309 309 302 302 302 331 331 320 311 309 311 309 302 309 311 311 320 320 311 311 311
10 18 -9999 311 302 302 302 302 302 302 320 320 320 311 309 309 309 309 309 309 309 320 320 311 311 311
10 19 -9999 311 302 302 302 302 300 302 320 320 320 311 309 309 309 302 302 311 309 320 311 311 311 309
10 20 -9999 311 302 302 302 302 298 302 320 320 320 311 309 309 309 302 302 309 309 311 311 309 311 309
10 21 -9999 311 302 302 302 302 298 300 320 320 320 311 302 302 302 302 302 302 302 309 309 309 309 309
10 22 -9999 302 302 302 302 298 291 291 320 320 309 309 302 302 302 291 291 302 302 302 302 302 302 300
10 23 -9999 302 300 291 300 291 284 289 311 311 302 302 300 291 291 289 284 291 300 298 302 300 291 291
10 24 -9999 291 291 284 284 284 284 284 302 309 302 300 291 289 289 289 284 289 291 291 300 289 284 289
10 25 -9999 284 284 282 282 282 282 282 291 302 302 291 289 284 284 289 284 289 291 291 284 284 282 284
10 26 -9999 280 280 271 271 271 270 270 289 298 300 289 289 284 282 284 282 284 289 289 284 282 282 282
10 27 -9999 279 270 266 266 266 262 262 284 291 289 282 284 282 280 282 271 280 282 284 282 280 280 280
10 28 -9999 266 266 266 266 266 262 262 280 289 284 271 271 279 271 271 266 270 271 280 280 266 270 268
10 29 -9999 266 266 266 262 261 252 259 270 282 282 270 271 271 266 270 266 266 266 270 271 266 266 266
10 30 -9999 266 262 261 252 252 250 250 262 271 279 266 266 270 262 266 266 266 266 266 266 266 266 252
10 31 -9999 252 252 252 250 252 250 250 262 271 271 266 266 266 252 262 262 266 266 266 266 262 262 252
11 01 -9999 252 252 248 250 250 248 248 252 270 270 266 262 261 250 252 261 262 262 261 261 252 262 250
11 02 -9999 252 248 248 248 248 248 248 248 266 266 261 252 250 248 248 250 250 252 252 248 248 248 243
11 03 -9999 243 243 243 243 243 241 232 248 261 261 252 250 248 248 248 248 248 248 250 248 248 248 243
11 04 -9999 241 239 239 239 243 232 230 243 252 248 250 248 243 243 248 248 248 243 248 243 241 232 232
11 05 -9999 232 230 230 230 239 230 230 241 248 248 248 241 232 232 239 239 243 232 243 243 232 232 230
11 06 -9999 230 230 219 230 230 230 230 239 248 243 241 232 230 230 232 230 230 230 232 239 230 230 221
11 07 -9999 230 221 212 221 221 221 221 232 243 241 232 230 230 230 230 230 230 230 232 239 230 230 221
11 08 -9999 221 221 212 219 219 221 221 230 239 232 230 230 230 221 230 230 230 230 230 232 221 221 219
11 09 -9999 219 221 212 212 219 212 219 230 232 232 230 221 230 221 230 221 230 230 230 230 221 219 212
11 10 -9999 212 212 212 212 212 212 212 221 230 230 230 212 221 219 221 212 221 221 230 230 221 212 212
11 11 -9999 212 212 208 208 201 208 212 212 230 230 221 212 219 212 212 212 219 221 230 230 221 219 212
11 12 -9999 212 212 201 201 201 199 212 212 221 221 221 212 219 212 212 212 219 221 230 230 221 212 212
11 13 -9999 212 212 201 201 201 199 212 212 221 221 221 212 212 212 212 212 212 221 230 221 221 212 212
11 14 -9999 210 208 199 201 201 194 199 201 212 212 212 212 212 212 212 212 212 212 212 219 219 212 212
11 15 -9999 201 201 199 199 199 192 194 199 212 212 212 212 212 212 212 201 212 212 212 210 212 212 208
11 16 -9999 199 194 194 194 194 190 189 194 210 212 208 212 212 212 208 201 201 201 201 201 208 208 194
11 17 -9999 199 194 192 194 194 190 189 192 201 201 201 212 212 208 201 201 201 199 201 201 201 201 194
11 18 -9999 194 194 192 194 192 189 189 192 201 201 201 212 212 208 201 201 199 199 199 199 201 201 194
11 19 -9999 199 194 192 194 192 189 189 192 199 199 199 208 212 208 201 201 199 199 199 194 199 201 190
11 20 -9999 194 192 190 192 189 181 181 181 194 194 194 199 199 201 194 199 194 194 199 194 199 199 190
11 21 -9999 192 189 190 190 189 181 181 181 194 194 194 201 212 208 208 201 199 199 199 199 201 201 194
11 22 -9999 194 192 192 192 189 181 181 181 194 194 194 201 210 201 199 201 199 199 199 194 201 201 192
11 23 -9999 194 189 190 192 189 181 181 181 194 194 194 201 210 208 199 199 194 194 194 192 199 199 181
11 24 -9999 181 181 189 190 189 181 181 181 192 192 192 194 194 199 194 194 192 190 190 190 192 192 180
11 25 -9999 181 181 189 190 189 181 181 181 192 192 192 194 192 181 181 181 181 180 180 180 181 180 176
11 26 -9999 180 180 180 181 180 180 180 180 189 189 189 192 181 176 176 176 172 176 176 176 176 176 176
11 27 -9999 176 172 176 176 172 176 180 180 181 181 181 181 180 176 172 171 162 172 172 172 172 169 171
11 28 -9999 171 160 162 172 171 176 172 171 176 176 176 176 176 171 160 162 160 171 171 171 160 169 171
11 29 -9999 162 160 160 160 160 171 171 171 176 176 176 176 171 171 160 160 158 162 171 171 160 169 171
11 30 -9999 160 158 158 160 158 162 160 162 171 176 176 169 160 160 158 158 158 160 162 160 160 160 160
12 01 -9999 158 153 153 158 158 153 158 160 160 171 162 162 158 160 158 158 153 158 160 160 153 160 158
12 02 -9999 158 153 153 151 153 151 151 158 158 160 160 158 158 158 158 158 151 153 153 158 151 158 151
12 03 -9999 153 153 153 151 149 151 151 153 158 153 153 158 158 153 151 153 149 151 153 151 142 151 142
12 04 -9999 142 142 142 142 142 142 142 140 140 142 142 153 142 142 140 140 140 140 142 142 140 131 140
12 05 -9999 140 140 140 131 131 131 140 131 140 140 140 149 140 140 140 131 131 131 140 129 122 122 131
12 06 -9999 129 122 122 122 122 122 122 122 122 129 122 140 129 129 120 122 122 122 122 122 120 122 122
12 07 -9999 122 122 122 122 122 120 122 120 122 122 122 131 122 122 118 120 118 118 111 111 111 118 120
12 08 -9999 122 120 122 118 120 104 120 104 111 120 122 129 122 122 118 111 111 111 109 109 109 118 120
12 09 -9999 122 120 122 111 111 102 104 100 109 117 120 122 122 118 111 111 111 109 109 109 109 111 111
12 10 -9999 120 120 120 111 111 102 104 100 109 109 109 120 120 118 111 111 111 109 109 109 104 109 109
12 11 -9999 109 111 120 104 109 102 102 100 102 104 109 120 118 118 111 111 109 104 109 109 104 109 104
12 12 -9999 104 104 91 90 91 91 91 90 91 102 109 111 111 111 109 109 109 102 104 104 102 102 104
12 13 -9999 102 100 90 90 90 90 86 90 90 100 104 109 111 109 104 102 102 99 100 102 91 100 102
12 14 -9999 100 90 86 86 82 90 86 86 90 100 102 109 111 111 104 104 102 99 91 91 91 91 100
12 15 -9999 91 82 82 86 82 86 86 86 90 100 102 109 109 109 104 102 102 102 91 90 90 91 90
12 16 -9999 90 81 81 82 81 86 82 82 86 91 100 102 91 102 102 102 100 90 90 82 86 90 90
12 17 -9999 82 70 72 81 82 86 82 82 86 91 91 102 91 100 100 99 99 90 90 82 82 86 86
12 18 -9999 72 70 70 81 81 72 70 72 82 90 90 91 90 99 91 90 86 82 86 81 72 81 72
12 19 -9999 70 68 68 72 72 63 68 72 82 90 90 91 86 86 90 86 86 82 86 79 72 72 70
12 20 -9999 70 68 68 72 70 63 68 68 72 86 90 91 86 91 91 90 91 86 86 82 82 81 82
12 21 -9999 70 52 70 72 70 63 68 68 82 90 91 91 86 91 91 90 91 86 86 82 82 82 86
12 22 -9999 70 52 70 72 70 63 68 70 82 90 91 100 86 99 91 90 91 82 86 82 82 82 82
12 23 -9999 70 52 68 68 68 59 68 68 72 86 86 90 86 91 91 90 90 82 86 72 72 81 82
12 24 -9999 68 52 68 68 63 52 63 68 72 82 86 90 86 91 90 86 86 82 79 70 72 70 79
12 25 -9999 52 52 52 50 52 50 63 63 68 72 82 86 86 91 91 86 86 81 70 68 72 68 79
12 26 -9999 52 52 52 52 52 50 61 63 68 72 72 82 82 86 90 86 86 81 70 68 72 70 79
12 27 -9999 52 52 68 63 63 59 63 61 63 72 72 82 82 86 90 86 82 81 70 70 72 72 79
12 28 -9999 52 52 52 50 50 50 50 52 63 72 70 82 82 86 90 86 82 79 68 68 72 68 79
12 29 -9999 52 50 50 50 50 50 50 50 63 70 70 81 72 82 82 82 79 79 63 68 72 68 79
12 30 -9999 50 50 50 50 50 50 50 50 63 70 72 82 82 82 82 82 81 79 63 68 72 68 82
12 31 -9999 52 52 50 50 50 50 50 50 63 70 68 79 72 72 79 72 68 68 63 63 68 63 70
