01 01 -9999 19 14 19 10 1 0 -9 10 50 50 70 70 70 70 61 61 61 41 39 30 30 32 21
01 02 -9999 19 14 19 12 1 0 -9 12 50 50 70 61 63 68 52 50 52 41 39 32 30 32 28
01 03 -9999 19 12 12 10 1 0 -9 10 50 50 70 61 70 63 50 50 52 41 41 32 30 32 30
01 04 -9999 21 19 12 12 1 0 -9 12 50 52 70 61 70 63 50 50 52 50 41 32 30 32 30
01 05 -9999 30 21 19 19 10 10 -8 19 50 61 72 61 63 63 50 50 50 50 41 32 30 39 30
01 06 -9999 39 28 19 19 12 12 0 19 50 63 72 61 61 63 50 50 52 50 50 39 39 41 39
01 07 -9999 39 28 19 21 14 14 1 19 52 63 72 61 61 63 50 50 50 50 41 39 39 41 39
01 08 -9999 39 30 21 21 12 14 1 19 50 63 70 61 70 63 52 50 50 50 50 50 50 50 41
01 09 -9999 39 28 21 21 12 12 1 19 50 63 70 61 59 61 52 50 50 50 50 41 41 41 39
01 10 -9999 39 28 21 21 19 14 1 19 50 68 70 61 61 61 50 50 50 50 50 41 41 41 39
01 11 -9999 32 21 19 21 14 14 1 19 50 63 63 61 52 52 50 50 50 41 50 39 41 41 39
01 12 -9999 30 21 19 21 19 12 1 19 50 63 63 61 52 50 39 41 41 32 41 39 30 32 39
01 13 -9999 28 19 19 19 12 12 1 10 41 61 61 61 50 50 39 41 41 32 41 39 30 30 32
01 14 -9999 19 12 1 10 9 10 1 10 39 61 61 61 41 41 39 41 41 32 39 32 30 28 32
01 15 -9999 19 12 1 10 9 10 1 10 41 63 63 61 50 50 50 50 50 41 39 32 30 32 39
01 16 -9999 28 19 10 19 10 12 1 10 41 61 63 61 50 41 39 41 39 39 32 30 30 28 32
01 17 -9999 21 19 14 19 10 12 9 10 41 68 63 61 50 41 50 50 39 39 32 28 28 19 32
01 18 -9999 21 19 14 10 9 12 9 10 39 63 63 61 41 41 41 41 39 32 32 28 28 19 32
01 19 -9999 19 19 10 1 1 10 1 10 32 61 61 50 41 41 39 39 32 30 30 21 28 19 30
01 20 -9999 19 12 10 1 1 9 1 10 32 61 61 50 50 41 41 41 39 39 30 30 30 19 32
01 21 -9999 19 12 10 1 10 10 9 10 39 61 63 61 50 41 41 41 39 39 32 30 30 30 39
01 22 -9999 19 19 14 1 10 9 9 10 32 61 61 52 41 39 39 41 50 41 32 30 32 28 39
01 23 -9999 19 19 19 10 10 1 9 10 39 61 59 50 32 32 32 39 39 39 32 30 30 21 39
01 24 -9999 19 19 19 10 10 9 9 12 39 61 50 39 30 30 30 30 32 21 30 28 28 21 32
01 25 -9999 19 12 10 1 1 1 0 12 32 61 50 39 30 30 32 30 39 30 30 30 30 28 39
01 26 -9999 19 12 10 0 1 1 -8 12 30 59 41 32 30 28 30 30 32 21 30 19 30 19 28
01 27 -9999 19 10 10 0 0 0 -8 10 30 52 41 32 30 28 30 30 30 21 28 19 28 19 28
01 28 -9999 10 10 10 0 -8 0 -9 10 32 52 39 32 30 19 19 28 28 30 28 19 28 19 28
01 29 -9999 10 10 10 0 -8 0 -9 12 30 50 39 30 21 19 12 28 28 19 28 19 21 19 28
01 30 -9999 9 1 0 -8 -9 -8 -9 12 28 50 28 21 19 19 12 21 28 19 30 19 21 19 21
01 31 -9999 9 0 -8 -9 -11 -18 -27 -8 19 30 21 21 19 12 12 28 28 19 30 21 28 19 30
02 01 -9999 9 -8 -8 -9 -11 -18 -38 -9 19 30 28 21 19 19 19 21 28 21 30 21 30 19 21
02 02 -9999 1 -9 -11 -18 -11 -18 -38 -9 19 30 21 21 21 19 19 28 30 39 30 30 32 19 21
02 03 -9999 0 -9 -11 -20 -18 -20 -40 -9 12 21 21 21 28 19 19 28 32 39 32 30 32 19 19
02 04 -9999 0 -9 -18 -20 -27 -27 -40 -9 19 21 21 28 21 19 19 21 28 28 30 30 30 10 10
02 05 -9999 0 -9 -20 -20 -27 -31 -40 -9 19 21 21 30 19 12 19 28 28 21 19 21 28 1 10
02 06 -9999 0 -11 -20 -20 -27 -29 -40 -9 19 21 21 30 10 19 12 30 28 21 19 28 30 1 10
02 07 -9999 -8 -11 -20 -20 -27 -31 -40 -8 19 21 21 30 10 21 19 30 28 21 30 30 32 28 21
02 08 -9999 0 -9 -11 -20 -9 -20 -31 0 21 21 30 39 30 21 19 30 32 30 32 30 32 28 21
02 09 -9999 0 -9 -8 -20 -8 -20 -31 0 30 30 32 39 30 30 21 30 28 30 39 30 39 28 30
02 10 -9999 1 1 0 -18 9 -18 -9 10 32 50 39 39 32 30 32 39 28 30 39 39 39 39 32
02 11 -9999 10 10 10 10 10 -8 0 19 30 50 41 39 32 32 32 39 32 39 39 39 39 41 39
02 12 -9999 21 19 12 21 19 -8 1 21 39 50 41 41 32 32 32 39 41 39 39 41 39 41 39
02 13 -9999 30 28 19 21 21 0 10 30 50 50 50 41 39 32 32 39 32 39 50 41 50 50 41
02 14 -9999 39 32 28 28 30 19 21 39 50 59 61 41 39 32 39 41 41 50 52 41 50 50 50
02 15 -9999 50 39 32 39 39 28 30 50 59 63 63 50 41 32 32 41 41 50 59 41 50 59 50
02 16 -9999 50 41 39 39 50 30 30 59 61 70 63 50 50 32 32 41 41 50 59 41 50 61 61
02 17 -9999 52 50 50 41 50 30 32 61 61 70 63 50 41 39 32 41 39 39 52 50 50 61 61
02 18 -9999 52 50 41 39 50 30 39 61 63 70 68 50 50 39 41 50 50 50 52 50 61 70 63
02 19 -9999 61 52 50 50 50 32 39 63 70 70 70 50 41 39 39 41 41 50 52 52 63 70 63
02 20 -9999 63 52 50 50 50 39 41 68 70 70 70 50 50 39 39 39 39 50 52 59 63 70 63
02 21 -9999 63 52 52 50 50 39 50 70 70 70 70 50 59 41 50 41 39 50 52 59 63 70 61
02 22 -9999 63 61 52 50 50 39 52 72 70 70 70 50 59 41 50 41 39 50 59 52 63 70 61
02 23 -9999 63 59 50 52 50 41 52 72 68 70 70 50 59 41 50 50 39 50 59 61 68 70 68
02 24 -9999 63 52 50 52 50 39 52 72 70 70 63 50 59 39 41 39 39 52 61 59 70 70 68
02 25 -9999 63 52 50 50 50 39 50 72 70 70 52 50 50 39 41 39 39 61 61 68 79 72 70
02 26 -9999 63 52 50 50 50 39 52 72 70 70 63 50 59 39 41 39 39 52 61 68 72 72 70
02 27 -9999 68 52 50 50 50 39 52 72 70 70 52 50 59 41 50 41 39 52 70 79 79 81 72
02 28 -9999 70 52 50 50 50 39 59 72 70 70 61 52 59 41 50 50 50 52 70 81 79 72 72
03 01 -9999 70 52 50 50 41 39 59 70 72 70 63 61 63 41 50 50 50 61 72 81 81 72 72
03 02 -9999 70 52 59 50 41 41 63 72 81 70 70 61 70 52 52 50 59 68 72 82 82 81 81
03 03 -9999 72 68 63 50 50 50 70 81 81 79 70 61 70 59 52 50 61 68 79 86 86 81 81
03 04 -9999 81 81 70 61 50 52 70 90 82 81 72 70 81 61 52 59 63 68 81 90 86 81 81
03 05 -9999 90 81 70 70 59 61 70 99 99 81 70 70 79 61 52 59 61 72 82 90 90 82 82
03 06 -9999 90 81 70 70 59 61 72 100 100 81 81 70 79 61 52 52 63 72 82 90 90 82 81
03 07 -9999 90 81 70 70 59 63 72 100 100 82 81 72 70 61 52 52 61 72 82 90 91 82 81
03 08 -9999 90 82 70 72 63 70 72 100 102 91 82 79 70 61 52 50 63 81 90 91 91 90 90
03 09 -9999 90 82 70 72 68 70 72 102 104 100 82 81 72 70 61 63 70 79 90 91 100 100 90
03 10 -9999 91 90 81 81 81 72 81 102 111 102 90 90 79 70 70 63 72 81 90 102 102 102 99
03 11 -9999 91 90 82 81 82 79 82 109 111 109 100 90 81 82 81 70 81 86 91 109 109 109 102
03 12 -9999 100 100 90 91 90 82 82 111 120 109 100 90 82 82 81 70 81 82 99 111 118 111 109
03 13 -9999 104 102 102 100 91 91 100 111 120 109 100 90 81 82 72 70 72 81 99 111 120 120 120
03 14 -9999 111 104 102 100 99 91 109 122 120 109 100 90 82 82 72 70 72 82 102 118 122 120 122
03 15 -9999 118 111 111 111 102 100 111 129 122 109 102 90 82 90 72 70 72 86 100 111 122 120 122
03 16 -9999 120 111 111 111 102 100 120 129 122 109 100 91 81 90 81 70 81 82 100 109 120 120 122
03 17 -9999 118 111 111 111 102 102 120 129 122 109 102 91 81 90 81 70 81 82 99 109 120 120 120
03 18 -9999 118 111 111 111 102 102 111 129 122 109 102 91 79 90 72 63 72 82 99 109 120 120 120
03 19 -9999 118 111 111 111 102 102 118 122 122 109 102 99 79 82 81 63 81 82 99 109 122 118 120
03 20 -9999 120 111 111 111 102 102 120 129 122 109 102 99 82 91 81 70 81 90 99 109 120 118 120
03 21 -9999 122 111 111 111 104 102 118 129 120 109 102 100 90 91 82 82 82 99 100 111 120 122 120
03 22 -9999 122 111 120 111 109 109 120 131 129 111 102 100 91 99 82 82 82 99 100 118 120 122 120
03 23 -9999 122 111 111 111 109 109 120 129 122 111 102 100 100 99 82 82 90 100 100 118 120 122 122
03 24 -9999 122 111 120 111 109 102 120 131 129 109 102 99 99 99 82 82 90 100 102 118 122 122 122
03 25 -9999 122 111 120 120 111 109 120 131 129 118 109 99 100 99 82 82 90 100 109 118 120 122 120
03 26 -9999 122 120 120 120 111 109 122 140 129 118 109 99 100 99 82 82 90 100 100 109 120 120 111
03 27 -9999 120 111 111 118 109 102 118 131 129 118 109 102 100 99 82 82 90 100 100 109 111 118 111
03 28 -9999 120 118 111 118 109 102 120 142 129 120 118 109 102 100 90 90 90 102 102 111 120 122 120
03 29 -9999 120 120 120 120 109 109 120 151 131 120 118 109 109 102 90 91 90 102 109 111 120 122 111
03 30 -9999 120 120 120 120 109 109 120 151 129 120 118 109 109 102 91 99 91 102 111 120 120 122 118
03 31 -9999 120 120 111 120 109 120 122 151 131 122 120 109 111 109 100 91 91 104 120 120 122 122 120
04 01 -9999 129 129 120 122 120 122 129 151 140 129 120 109 111 109 100 100 91 109 120 120 129 122 120
04 02 -9999 129 131 122 122 122 129 131 153 140 129 122 118 109 109 100 100 100 109 120 122 129 129 122
04 03 -9999 129 131 122 122 122 129 131 153 140 129 122 109 111 102 100 100 100 109 120 129 129 129 122
04 04 -9999 131 131 122 122 120 122 131 151 140 129 122 118 111 109 109 100 100 109 120 122 129 129 122
04 05 -9999 131 129 129 129 122 129 140 153 140 129 122 111 111 109 111 99 100 109 120 122 131 129 129
04 06 -9999 131 131 129 129 122 129 140 153 140 129 129 111 111 111 111 102 100 109 120 129 140 131 131
04 07 -9999 140 131 131 129 122 140 142 160 140 129 122 118 118 118 111 102 100 109 120 122 140 129 129
04 08 -9999 131 131 131 129 122 140 151 160 142 131 131 120 129 120 118 109 100 120 120 122 140 129 131
04 09 -9999 131 140 140 129 129 142 153 160 149 131 131 120 129 120 111 109 91 109 122 129 140 131 131
04 10 -9999 140 131 140 129 129 142 153 160 149 131 140 122 129 120 111 102 100 120 129 140 140 140 140
04 11 -9999 140 140 140 131 131 142 160 162 151 140 131 120 129 120 111 102 91 109 122 131 140 140 140
04 12 -9999 140 140 140 131 129 142 160 160 142 131 129 120 109 111 109 102 91 109 122 129 140 131 140
04 13 -9999 140 140 142 140 131 149 160 160 142 131 129 120 109 111 109 102 90 109 122 131 142 149 151
04 14 -9999 140 140 142 140 140 151 162 160 149 131 129 120 109 111 109 100 90 102 120 129 140 140 151
04 15 -9999 140 142 142 140 140 151 171 160 142 131 129 120 111 109 109 102 90 104 120 131 140 140 151
04 16 -9999 140 142 142 140 140 151 171 160 149 131 129 120 120 111 111 109 100 109 120 131 142 151 153
04 17 -9999 142 142 149 140 140 153 171 160 151 140 129 122 129 118 120 120 100 109 120 131 140 151 160
04 18 -9999 142 151 153 142 142 158 176 176 151 142 129 122 129 120 122 120 100 109 129 140 142 151 160
04 19 -9999 153 160 158 149 151 160 180 180 160 142 129 122 122 120 122 120 102 111 129 140 149 153 160
04 20 -9999 160 171 160 151 153 160 180 180 160 140 129 120 120 111 120 109 100 109 120 140 149 153 160
04 21 -9999 160 169 160 151 153 160 180 180 162 140 129 122 120 120 122 111 100 102 120 131 149 151 160
04 22 -9999 162 171 160 151 153 160 180 180 169 142 131 120 120 120 122 120 102 111 129 140 151 162 162
04 23 -9999 169 176 169 160 153 160 180 180 160 140 131 120 109 111 120 120 102 109 122 140 151 169 162
04 24 -9999 169 176 171 162 160 162 181 172 153 140 131 120 111 118 122 120 109 120 122 140 160 162 169
04 25 -9999 171 180 172 162 162 171 181 180 160 142 140 120 120 120 129 122 111 120 122 140 160 169 171
04 26 -9999 172 180 172 162 162 171 181 180 160 142 140 129 120 122 129 122 129 131 129 140 162 169 172
04 27 -9999 171 180 172 169 172 181 192 190 171 153 142 149 140 140 140 129 140 140 129 140 169 169 172
04 28 -9999 172 180 180 180 180 190 199 190 172 153 151 151 149 140 140 129 142 142 129 151 171 169 180
04 29 -9999 180 181 180 180 180 192 199 190 181 169 160 160 151 142 140 149 151 160 151 153 172 162 180
04 30 -9999 181 181 180 180 180 199 199 190 189 171 169 169 153 149 142 149 151 160 153 153 171 162 180
05 01 -9999 181 181 181 181 190 199 199 192 189 180 171 171 160 151 149 151 153 160 160 153 172 162 180
05 02 -9999 181 189 181 181 190 199 199 192 181 180 171 171 160 151 142 149 153 160 160 160 180 171 180
05 03 -9999 190 190 181 190 190 199 199 199 181 180 171 171 160 153 149 151 153 160 162 162 181 181 190
05 04 -9999 190 194 190 194 194 201 208 201 181 180 176 171 171 153 151 151 153 160 160 162 181 190 192
05 05 -9999 190 199 190 194 194 210 212 210 190 180 180 172 171 160 153 151 153 160 160 160 180 180 180
05 06 -9999 190 194 190 194 199 210 219 208 190 180 180 180 172 171 160 160 160 162 162 162 180 180 190
05 07 -9999 194 199 199 201 201 212 219 212 199 190 189 180 180 181 171 162 162 171 171 171 181 190 194
05 08 -9999 199 201 199 212 201 219 230 219 201 199 190 190 190 190 180 171 172 171 180 171 190 192 194
05 09 -9999 199 208 201 212 201 219 230 219 208 199 194 192 190 190 180 171 180 180 180 176 190 194 194
05 10 -9999 199 208 199 212 201 219 232 219 208 199 192 199 190 190 180 171 180 181 180 176 190 194 199
05 11 -9999 199 210 208 219 210 221 241 221 210 201 201 210 192 192 181 172 181 190 180 180 194 199 199
05 12 -9999 212 210 208 219 219 221 241 230 219 210 210 212 194 194 181 172 181 190 181 181 199 208 210
05 13 -9999 219 210 219 219 221 230 250 239 221 212 210 212 194 201 190 176 190 192 189 190 201 210 212
05 14 -9999 221 212 230 230 230 241 259 243 230 219 212 219 199 201 190 176 192 192 192 192 212 219 219
05 15 -9999 221 212 230 230 230 248 266 250 232 230 219 219 210 210 190 190 194 199 199 199 219 219 219
05 16 -9999 230 219 230 230 230 250 270 252 243 232 221 221 212 210 199 190 194 199 199 199 219 219 219
05 17 -9999 230 219 230 230 230 252 270 259 243 230 230 221 212 219 199 199 201 201 199 199 219 219 219
05 18 -9999 230 219 232 239 241 261 280 280 250 241 230 230 219 219 199 201 212 210 210 210 232 219 230
05 19 -9999 248 241 250 250 261 270 291 284 259 250 232 230 219 221 210 210 212 212 212 212 241 230 241
05 20 -9999 250 248 252 252 262 282 300 289 259 250 241 232 232 230 219 212 230 212 219 221 250 250 252
05 21 -9999 262 259 262 261 270 282 302 300 271 252 243 239 239 230 221 219 230 212 219 221 250 252 259
05 22 -9999 270 259 262 270 271 298 309 300 280 261 248 241 241 230 221 219 230 212 219 221 250 252 261
05 23 -9999 270 261 262 270 271 300 311 309 280 261 250 241 241 230 219 219 230 212 219 230 243 250 250
05 24 -9999 270 261 262 270 271 300 311 309 280 261 250 241 241 232 221 221 230 212 221 230 250 252 261
05 25 -9999 270 262 262 270 280 302 311 309 280 261 252 241 241 232 221 221 230 219 221 230 250 252 250
05 26 -9999 270 262 262 271 271 302 311 311 280 262 252 243 241 232 241 221 230 212 230 230 250 252 250
05 27 -9999 270 261 262 271 280 309 311 311 282 270 262 243 241 239 230 230 230 219 230 221 250 252 248
05 28 -9999 270 261 262 271 280 309 311 311 289 270 262 243 241 239 230 221 230 212 230 212 243 252 241
05 29 -9999 262 252 261 270 271 309 311 311 289 271 262 250 241 241 230 230 230 230 232 221 250 243 243
05 30 -9999 271 262 262 271 284 311 320 320 300 280 266 261 250 250 241 232 230 230 232 232 250 252 243
05 31 -9999 271 270 271 271 284 309 320 320 300 282 266 262 250 261 241 230 230 230 241 232 250 252 248
06 01 -9999 271 270 271 271 284 311 320 320 302 289 271 262 250 261 241 230 230 230 243 241 252 252 248
06 02 -9999 279 270 280 280 284 311 320 320 302 298 280 270 261 262 243 230 232 232 252 241 252 261 252
06 03 -9999 279 270 280 280 284 311 320 320 302 289 280 270 262 262 243 230 232 241 250 241 252 262 252
06 04 -9999 280 271 282 284 289 311 320 320 309 300 280 270 270 262 243 230 239 241 250 241 252 261 252
06 05 -9999 282 280 289 289 289 320 320 320 309 300 280 270 270 262 241 230 239 241 252 241 252 270 252
06 06 -9999 282 280 289 284 284 311 320 320 302 300 280 270 270 262 243 230 239 243 259 243 262 270 252
06 07 -9999 282 280 291 289 289 320 331 320 302 300 280 271 271 280 250 232 250 250 262 250 279 271 252
06 08 -9999 282 279 289 284 289 320 331 320 300 300 280 270 270 262 241 232 250 243 259 261 279 271 252
06 09 -9999 282 280 289 284 289 331 329 320 302 300 280 270 270 262 241 230 250 243 262 262 271 271 262
06 10 -9999 282 280 291 284 289 320 329 320 302 282 279 266 270 261 232 230 252 252 270 266 279 271 280
06 11 -9999 284 282 291 284 289 320 331 320 302 282 279 261 270 261 232 230 262 261 270 266 279 271 282
06 12 -9999 282 282 289 280 284 320 320 320 300 280 271 261 262 252 232 230 262 252 270 266 271 271 284
06 13 -9999 284 282 291 284 300 320 331 320 300 280 279 261 270 250 232 230 252 252 270 270 266 271 289
06 14 -9999 284 289 298 289 300 320 331 320 309 289 280 270 270 261 241 230 266 261 271 271 280 271 298
06 15 -9999 289 300 302 302 309 331 340 331 320 300 284 270 279 262 250 259 271 271 280 282 289 280 300
06 16 -9999 298 320 302 309 320 340 340 338 331 302 289 280 279 270 262 270 271 280 280 282 289 289 300
06 17 -9999 302 320 320 311 329 349 351 340 340 300 289 280 279 270 270 271 271 280 280 282 291 300 302
06 18 -9999 309 331 320 320 331 351 351 360 351 309 300 289 280 271 279 280 289 282 284 289 300 309 302
06 19 -9999 311 331 320 320 340 351 351 360 351 309 300 291 280 279 279 289 291 289 289 298 300 320 309
06 20 -9999 311 331 320 331 340 351 360 370 351 309 300 291 282 280 282 291 291 291 300 302 309 320 311
06 21 -9999 331 340 340 351 340 351 370 370 356 309 302 291 289 282 282 298 300 298 309 309 311 329 331
06 22 -9999 340 351 351 360 351 360 370 374 360 311 311 298 289 284 289 300 309 302 311 320 320 331 331
06 23 -9999 340 351 360 360 360 360 379 392 370 320 320 300 298 300 300 309 311 311 320 331 331 340 340
06 24 -9999 360 360 360 369 360 374 392 399 379 331 320 300 298 300 300 311 320 320 331 331 340 351 351
06 25 -9999 360 369 369 370 369 379 410 399 379 349 331 309 309 320 311 329 329 340 360 349 351 360 360
06 26 -9999 369 379 370 370 370 388 410 410 388 351 340 320 309 320 320 331 340 351 369 360 360 360 360
06 27 -9999 370 379 379 379 370 390 410 410 379 351 340 329 311 320 329 331 340 351 369 360 360 370 370
06 28 -9999 370 379 379 379 374 388 410 410 379 351 340 329 309 320 331 331 340 351 369 360 360 370 370
06 29 -9999 379 379 379 379 379 390 410 410 379 360 340 329 309 329 331 329 340 340 360 360 360 370 370
06 30 -9999 370 379 379 379 374 390 410 410 379 360 340 329 320 329 329 329 331 340 360 360 360 370 370
07 01 -9999 370 379 379 379 370 388 410 410 379 360 340 329 320 329 329 329 331 340 360 360 360 370 370
07 02 -9999 370 379 379 370 370 388 410 410 379 360 340 329 320 329 329 329 340 349 360 360 360 370 369
07 03 -9999 370 379 379 370 370 388 410 410 379 360 340 329 320 320 329 329 340 351 369 360 369 370 370
07 04 -9999 370 379 370 370 370 388 399 410 379 360 340 329 320 329 329 331 340 351 370 369 369 370 370
07 05 -9999 370 379 379 370 374 388 410 410 379 360 340 329 320 331 331 331 349 360 370 369 369 379 370
07 06 -9999 379 379 379 379 379 399 410 410 379 369 351 340 331 338 331 331 340 360 370 370 370 379 379
07 07 -9999 379 388 379 379 379 399 410 410 379 370 351 340 331 340 331 331 349 360 370 370 374 379 379
07 08 -9999 379 388 379 379 388 399 410 419 390 379 360 340 338 340 340 340 351 370 379 370 379 379 379
07 09 -9999 388 388 379 379 390 399 410 421 399 379 370 340 340 340 340 340 351 370 379 379 379 388 390
07 10 -9999 390 390 388 390 390 410 421 430 410 379 370 340 340 340 340 340 351 370 379 379 388 390 399
07 11 -9999 390 390 388 399 399 410 421 430 410 388 370 340 340 349 340 349 351 379 379 379 390 390 399
07 12 -9999 399 399 390 399 399 410 421 441 410 390 379 349 340 351 349 351 351 379 379 388 399 399 410
07 13 -9999 399 399 410 410 399 430 430 450 439 399 379 360 349 356 351 351 369 390 399 390 399 410 410
07 14 -9999 410 410 410 410 410 430 441 459 441 399 379 360 351 360 351 360 374 390 399 399 410 410 419
07 15 -9999 410 419 419 419 419 430 450 460 441 399 388 370 360 360 360 369 379 399 410 399 410 421 421
07 16 -9999 421 421 430 421 421 439 450 460 450 410 399 370 360 360 360 370 379 399 410 410 410 421 428
07 17 -9999 430 430 430 430 430 439 450 460 441 419 399 370 360 360 360 370 379 399 410 410 410 421 430
07 18 -9999 430 430 430 430 430 441 450 460 441 421 399 379 360 360 360 374 379 390 410 410 419 430 439
07 19 -9999 430 430 430 439 430 441 450 460 446 421 399 379 360 360 360 374 379 390 410 410 421 430 441
07 20 -9999 439 430 439 439 430 441 450 460 446 421 399 379 369 369 360 379 379 399 410 410 421 439 441
07 21 -9999 439 439 439 441 439 450 450 460 446 428 399 379 369 360 360 379 379 399 410 410 421 430 441
07 22 -9999 439 439 439 441 441 450 450 460 441 430 410 379 369 360 360 379 379 399 410 410 421 430 430
07 23 -9999 439 430 439 441 439 450 450 460 450 428 410 379 369 360 360 379 379 399 410 410 421 439 441
07 24 -9999 441 441 439 441 441 450 459 460 446 430 410 379 369 360 360 379 379 399 410 410 421 439 441
07 25 -9999 441 441 439 441 439 450 459 460 450 430 410 379 370 360 369 379 388 410 410 410 421 439 441
07 26 -9999 441 441 439 441 439 450 459 460 450 430 410 379 370 360 369 379 388 410 410 410 421 439 441
07 27 -9999 441 441 439 441 441 450 450 460 450 430 410 388 369 360 369 379 388 399 399 410 421 430 441
07 28 -9999 441 441 439 441 441 450 450 460 450 430 410 390 374 360 370 379 388 399 410 410 421 439 441
07 29 -9999 441 441 441 441 441 450 459 460 450 430 410 390 370 360 370 379 390 410 410 419 430 441 441
07 30 -9999 441 450 441 441 441 450 459 460 450 430 410 390 370 360 369 379 390 399 410 421 430 441 441
07 31 -9999 441 441 441 441 441 450 460 460 450 430 410 390 379 360 370 379 390 399 410 421 430 441 441
08 01 -9999 441 441 441 441 439 450 459 460 450 430 410 390 390 370 370 374 388 399 399 421 430 441 441
08 02 -9999 441 441 450 441 441 450 459 464 450 430 410 390 390 370 370 374 390 399 410 430 441 450 441
08 03 -9999 450 450 450 441 441 450 459 464 450 430 410 390 390 370 370 374 390 410 421 430 441 450 450
08 04 -9999 450 450 450 441 446 450 460 469 459 430 410 390 390 374 370 379 390 410 421 430 441 450 450
08 05 -9999 450 450 450 441 441 450 460 469 460 439 421 392 390 379 370 390 399 410 428 441 441 450 450
08 06 -9999 450 450 450 446 441 450 460 469 460 439 410 392 390 379 370 390 399 410 421 430 441 450 450
08 07 -9999 450 450 450 446 441 450 460 469 459 441 410 392 392 379 370 390 399 419 421 430 441 450 450
08 08 -9999 450 450 450 441 441 450 450 464 450 439 410 399 392 379 379 390 399 410 421 430 441 441 450
08 09 -9999 450 450 450 446 446 450 459 460 450 439 410 399 390 379 379 390 390 410 421 430 441 441 450
08 10 -9999 441 446 446 441 441 450 459 460 450 430 410 399 390 379 379 390 399 410 421 430 441 441 446
08 11 -9999 441 446 441 441 441 450 450 460 450 430 410 399 392 388 379 390 399 410 421 430 441 441 446
08 12 -9999 441 446 441 441 441 446 450 459 450 430 410 399 390 379 379 390 399 410 421 430 430 441 441
08 13 -9999 441 441 441 439 439 441 450 450 441 430 410 399 390 379 370 390 390 410 421 430 430 430 441
08 14 -9999 430 441 439 430 430 430 446 450 441 430 410 399 390 388 379 390 399 410 421 430 430 430 446
08 15 -9999 441 441 439 430 430 430 446 450 441 430 410 399 390 390 379 399 399 410 421 430 430 430 446
08 16 -9999 441 441 441 439 430 441 441 450 441 430 410 399 390 390 379 399 399 410 421 430 430 430 446
08 17 -9999 441 441 441 439 430 441 450 450 441 439 410 399 390 379 379 399 399 410 421 430 430 430 441
08 18 -9999 441 441 439 439 430 441 441 450 441 430 399 399 390 379 379 390 392 410 421 430 430 430 439
08 19 -9999 439 441 430 430 430 430 441 446 441 421 399 399 379 379 379 390 390 410 410 421 430 430 430
08 20 -9999 430 430 430 430 430 430 441 441 441 421 399 390 379 379 379 379 390 410 410 419 421 421 430
08 21 -9999 430 430 430 428 430 430 439 441 441 421 399 379 379 379 379 379 390 410 410 410 421 421 430
08 22 -9999 430 430 430 421 430 430 439 441 439 421 399 379 379 379 379 379 390 399 410 410 428 430 430
08 23 -9999 430 430 430 421 421 430 439 441 441 421 399 379 370 379 379 379 390 399 410 410 421 421 430
08 24 -9999 421 428 421 421 421 421 430 441 430 421 399 379 379 379 379 379 390 399 410 410 421 430 430
08 25 -9999 430 428 430 421 421 428 439 441 439 421 399 379 370 370 370 370 390 399 410 410 421 421 430
08 26 -9999 430 421 428 421 419 421 430 439 430 419 390 370 370 370 370 360 379 399 399 410 421 421 421
08 27 -9999 419 421 419 410 410 410 430 430 430 410 390 370 360 369 370 360 379 390 399 399 410 421 421
08 28 -9999 419 419 410 410 410 410 428 430 421 410 379 369 360 360 360 360 379 390 390 399 399 410 421
08 29 -9999 410 410 410 410 410 399 421 430 421 399 379 360 360 351 351 351 370 379 390 390 392 399 410
08 30 -9999 399 410 410 399 390 399 410 421 410 390 369 351 356 351 351 340 360 379 379 379 390 390 392
08 31 -9999 392 399 399 399 390 392 399 419 410 379 360 351 351 340 349 340 360 374 379 370 379 390 390
09 01 -9999 390 399 390 390 390 390 399 410 410 379 356 340 351 340 340 331 351 370 374 370 379 379 379
09 02 -9999 379 390 390 379 388 379 392 410 399 379 351 338 349 331 329 340 340 360 370 370 370 379 379
09 03 -9999 379 379 388 379 379 370 390 399 399 370 340 331 340 320 320 331 340 360 360 360 370 370 379
09 04 -9999 379 370 370 370 370 370 379 390 392 360 338 331 338 320 320 320 331 351 360 360 360 370 370
09 05 -9999 370 370 360 360 370 356 370 379 390 356 331 320 331 320 311 320 331 351 351 356 351 360 369
09 06 -9999 360 360 360 351 360 356 369 374 370 351 331 320 320 311 302 320 331 340 340 351 351 360 360
09 07 -9999 360 360 356 340 351 351 360 374 370 351 320 320 329 320 302 320 320 340 340 351 340 351 356
09 08 -9999 356 356 351 340 351 340 356 369 360 351 320 309 311 309 298 309 320 331 331 340 340 351 351
09 09 -9999 356 351 351 340 349 340 351 360 351 340 311 302 300 302 298 309 320 331 331 338 340 340 340
09 10 -9999 340 351 340 338 340 338 351 356 349 331 309 300 289 302 289 302 311 320 320 331 331 340 338
09 11 -9999 340 340 340 331 338 331 340 351 340 320 309 291 284 300 289 300 309 320 320 320 320 331 331
09 12 -9999 331 338 331 331 331 320 340 349 340 311 302 289 282 289 289 300 302 311 311 320 320 329 320
09 13 -9999 320 331 331 320 331 320 340 340 340 309 300 282 282 289 284 291 302 309 309 320 320 320 320
09 14 -9999 320 331 320 320 320 320 331 340 331 309 300 282 280 284 282 291 302 309 309 320 320 320 320
09 15 -9999 320 329 320 320 320 309 331 340 331 309 291 282 271 282 280 289 302 302 309 320 320 320 320
09 16 -9999 311 320 320 320 311 309 329 338 320 300 280 280 271 280 280 289 300 300 309 320 320 320 320
09 17 -9999 309 311 311 309 309 309 320 331 320 300 280 270 270 280 280 284 300 300 302 320 311 320 320
09 18 -9999 309 309 309 302 302 302 320 331 311 291 280 271 270 280 279 282 298 298 300 309 309 311 320
09 19 -9999 302 309 302 300 300 300 320 320 311 291 270 270 270 270 271 280 282 289 300 302 302 309 309
09 20 -9999 300 300 298 291 291 289 309 320 309 289 270 270 262 270 270 271 280 284 291 300 302 309 309
09 21 -9999 298 289 284 289 289 284 300 302 309 289 262 270 262 270 270 270 279 280 284 291 300 300 291
09 22 -9999 289 282 282 284 280 279 291 298 298 280 261 261 261 252 261 261 270 279 280 289 284 298 291
09 23 -9999 284 280 280 271 279 271 284 291 291 280 261 252 250 250 261 250 270 270 279 284 282 284 284
09 24 -9999 279 279 270 270 266 262 279 289 282 271 252 252 248 248 250 248 266 262 270 282 279 282 282
09 25 -9999 271 271 270 270 261 259 271 284 279 270 252 252 243 248 250 248 262 262 270 280 271 270 280
09 26 -9999 270 270 266 266 259 259 270 284 279 266 259 252 241 248 248 243 261 261 266 279 271 270 271
09 27 -9999 266 266 266 261 259 259 270 284 271 261 252 243 232 243 239 232 252 252 262 266 270 266 270
09 28 -9999 262 261 261 259 250 250 262 280 271 261 250 241 230 239 221 230 250 252 259 266 262 262 266
09 29 -9999 262 261 259 259 250 250 262 279 271 261 250 241 230 230 221 230 248 250 252 262 261 262 262
09 30 -9999 262 261 259 259 250 250 262 279 271 259 250 232 230 221 219 230 243 250 250 259 261 261 262
10 01 -9999 261 261 252 259 250 250 261 270 266 259 250 230 230 219 219 221 241 250 250 250 259 252 261
10 02 -9999 259 252 250 252 243 248 252 262 262 250 243 230 212 212 212 219 239 250 241 248 250 250 259
10 03 -9999 252 250 248 243 239 241 250 261 259 250 241 230 212 208 212 219 230 239 241 243 250 250 250
10 04 -9999 250 248 239 241 230 232 239 252 252 248 239 221 208 201 208 212 221 230 232 239 239 248 243
10 05 -9999 243 243 232 239 230 230 239 250 250 243 232 219 212 201 208 212 221 230 232 239 239 243 243
10 06 -9999 243 241 232 232 221 230 230 250 250 239 230 212 208 199 199 208 212 230 230 230 232 232 239
10 07 -9999 232 221 230 230 221 221 221 248 248 232 230 212 199 199 192 199 212 219 219 219 230 230 219
10 08 -9999 230 212 221 221 219 219 219 239 243 230 230 210 199 194 190 199 212 219 219 219 230 230 221
10 09 -9999 221 212 219 221 212 212 219 239 243 230 230 210 199 194 192 199 212 212 219 219 221 221 219
10 10 -9999 221 212 212 219 212 212 219 239 241 230 221 210 199 194 192 199 208 212 219 219 219 219 219
10 11 -9999 219 212 212 219 212 212 219 232 239 230 219 199 199 190 190 199 201 210 219 219 219 219 212
10 12 -9999 212 210 210 219 210 210 212 230 232 230 212 199 194 190 189 192 199 201 212 210 219 212 208
10 13 -9999 208 208 208 212 208 208 210 230 221 219 210 199 190 189 189 190 194 199 201 208 210 208 201
10 14 -9999 201 208 208 210 208 201 208 230 219 219 208 192 180 189 181 190 190 199 201 208 208 201 201
10 15 -9999 201 201 201 208 199 199 208 230 219 212 199 189 180 180 180 190 190 194 199 201 201 201 199
10 16 -9999 199 201 201 201 199 199 201 221 219 208 199 189 180 180 180 189 190 199 199 201 201 199 199
10 17 -9999 199 199 199 199 199 192 201 221 219 208 199 190 180 180 180 189 189 194 199 199 199 199 199
10 18 -9999 199 199 199 199 192 190 199 219 219 201 194 189 180 180 176 189 189 190 199 199 199 192 192
10 19 -9999 192 192 194 194 189 181 199 219 210 199 192 189 176 176 172 189 180 189 199 190 199 190 190
10 20 -9999 190 189 189 181 181 180 194 212 210 199 190 180 171 172 169 176 180 180 190 181 190 181 180
10 21 -9999 189 181 180 180 180 180 190 210 208 199 190 180 169 171 162 176 171 180 190 181 190 180 189
10 22 -9999 181 181 180 180 180 180 181 201 201 192 180 176 162 162 160 171 171 180 190 181 190 180 180
10 23 -9999 180 180 180 171 180 180 180 192 190 181 180 169 160 153 160 162 169 180 190 180 180 180 180
10 24 -9999 180 176 180 172 176 172 172 189 190 180 172 162 160 153 160 160 162 171 189 176 180 180 180
10 25 -9999 180 176 180 172 176 171 169 180 181 180 172 169 160 153 160 160 162 162 172 171 171 171 172
10 26 -9999 172 169 171 169 162 162 169 180 180 172 171 162 160 151 160 153 160 162 160 160 169 162 162
10 27 -9999 160 160 160 160 160 158 160 171 169 172 169 160 160 140 151 153 160 160 160 160 162 162 160
10 28 -9999 158 158 158 153 151 149 153 160 162 171 162 162 158 140 142 151 158 160 162 160 162 160 160
10 29 -9999 153 153 153 149 142 142 149 160 160 162 160 160 151 129 140 151 153 158 160 160 160 158 160
10 30 -9999 153 153 151 140 140 140 140 153 158 160 153 142 140 129 129 149 158 158 160 160 160 151 160
10 31 -9999 151 151 149 131 140 140 140 142 151 149 142 140 129 122 120 140 149 151 158 160 151 151 151
11 01 -9999 151 142 149 140 131 140 131 142 151 142 131 129 122 122 118 131 142 149 151 153 149 149 142
11 02 -9999 142 140 140 131 129 131 131 140 149 140 129 122 120 109 109 129 140 140 151 149 142 149 142
11 03 -9999 140 140 140 131 129 140 131 142 149 140 129 129 122 109 109 129 129 140 151 149 142 142 140
11 04 -9999 140 140 140 131 129 131 131 151 151 140 129 122 122 111 109 129 129 140 151 151 149 149 140
11 05 -9999 140 140 140 140 131 140 131 151 151 142 140 129 122 118 111 129 129 140 149 142 149 142 140
11 06 -9999 140 131 140 131 129 131 140 153 151 140 131 129 122 111 109 129 129 131 140 140 142 142 140
11 07 -9999 140 140 140 140 129 131 140 153 149 140 129 122 118 102 104 122 122 129 140 140 142 140 140
11 08 -9999 131 131 131 131 122 129 129 151 142 140 129 129 109 102 102 118 122 122 131 131 131 131 131
11 09 -9999 129 129 129 122 122 122 122 140 142 131 129 122 109 100 102 111 122 122 131 129 131 131 131
11 10 -9999 129 129 129 129 122 122 122 140 142 131 129 129 109 100 102 109 120 122 131 129 131 131 131
11 11 -9999 140 129 129 122 122 122 120 140 142 131 129 120 109 102 102 109 120 120 129 129 129 129 122
11 12 -9999 129 122 122 122 118 111 118 129 140 129 129 111 109 102 100 104 118 120 122 122 120 122 122
11 13 -9999 122 122 122 122 111 109 111 129 129 129 129 109 109 100 100 100 109 118 120 122 120 120 120
11 14 -9999 122 122 120 120 109 109 109 120 122 120 122 104 109 100 100 100 109 109 120 120 111 111 120
11 15 -9999 120 122 118 111 109 104 104 120 129 120 122 109 109 100 100 100 111 111 120 120 111 109 120
11 16 -9999 111 118 109 109 104 102 100 109 122 111 122 102 104 100 91 99 109 109 109 111 109 109 111
11 17 -9999 109 109 102 102 91 91 99 104 120 111 111 99 90 90 90 91 104 109 102 109 109 102 109
11 18 -9999 102 104 99 100 90 90 86 102 118 109 104 90 86 90 82 90 102 100 102 102 102 100 102
11 19 -9999 100 102 90 91 82 82 81 100 104 104 102 90 82 82 81 90 91 82 91 100 91 91 100
11 20 -9999 90 90 90 82 81 81 70 90 100 99 99 72 70 81 70 81 90 79 90 90 90 82 86
11 21 -9999 72 81 70 70 68 68 68 82 90 82 91 72 70 79 63 79 81 72 82 82 82 81 81
11 22 -9999 72 79 70 61 63 61 63 81 81 82 90 72 63 70 61 70 81 61 79 79 81 72 70
11 23 -9999 68 70 61 52 61 50 59 79 79 81 90 70 61 63 61 70 79 59 70 70 79 72 70
11 24 -9999 63 63 59 52 52 50 52 70 70 79 90 70 61 70 63 70 72 52 70 70 70 70 70
11 25 -9999 63 63 59 52 52 50 50 70 70 79 90 70 63 61 63 70 72 59 70 70 72 72 70
11 26 -9999 63 61 59 50 50 50 50 70 70 79 90 70 63 61 63 70 72 52 70 70 72 72 70
11 27 -9999 63 59 52 50 50 50 50 70 70 79 81 70 63 61 63 70 70 50 70 70 70 72 70
11 28 -9999 61 59 52 50 50 41 50 63 70 79 79 70 63 61 63 70 70 50 63 63 70 70 61
11 29 -9999 61 52 50 41 41 39 39 59 70 79 79 70 63 61 61 70 70 50 63 63 61 68 59
11 30 -9999 59 50 50 39 39 39 39 52 68 79 79 70 61 61 61 63 70 50 63 61 61 61 59
12 01 -9999 52 50 41 39 41 39 39 59 70 79 72 70 61 59 61 61 70 50 63 61 61 61 59
12 02 -9999 50 50 41 39 39 32 39 50 63 79 79 70 63 61 61 70 70 50 61 59 61 61 59
12 03 -9999 50 50 41 39 39 32 39 52 70 79 79 72 63 70 63 70 70 50 59 59 61 61 59
12 04 -9999 50 50 41 39 39 30 32 50 70 72 79 72 70 70 70 70 70 50 59 50 59 61 52
12 05 -9999 50 41 41 39 39 21 28 50 70 72 79 81 70 70 79 70 79 50 59 52 61 61 52
12 06 -9999 52 52 50 41 41 30 39 59 70 81 79 81 72 72 81 72 79 52 61 59 63 68 61
12 07 -9999 59 59 50 50 50 32 39 59 70 72 79 81 72 72 79 72 70 52 59 59 61 61 52
12 08 -9999 52 50 41 39 39 30 39 52 70 72 79 81 72 72 72 72 70 52 59 50 52 52 50
12 09 -9999 50 41 41 39 32 30 39 52 70 72 72 81 70 70 70 70 70 50 59 50 50 50 41
12 10 -9999 39 39 39 32 32 19 32 41 68 72 72 81 70 70 70 70 63 50 52 50 50 50 39
12 11 -9999 39 39 30 32 30 19 32 50 68 72 70 81 70 70 70 70 61 50 50 50 50 50 39
12 12 -9999 32 32 30 32 28 19 21 41 63 72 70 81 70 70 70 70 50 50 50 50 39 50 39
12 13 -9999 32 32 30 30 21 19 21 41 61 70 70 79 68 70 70 70 50 50 50 50 39 50 39
12 14 -9999 30 30 30 30 19 12 19 21 50 70 70 70 63 70 68 70 41 41 50 50 39 39 32
12 15 -9999 30 30 28 28 19 12 12 19 39 59 63 70 61 63 63 59 32 39 39 39 32 32 32
12 16 -9999 28 21 19 14 12 12 12 19 39 50 63 70 61 63 59 59 30 39 39 39 30 32 28
12 17 -9999 19 19 12 10 10 1 10 12 39 50 63 70 59 63 59 61 32 39 32 32 30 32 28
12 18 -9999 19 14 12 10 10 0 10 12 39 50 63 70 59 63 59 70 39 39 32 30 30 32 21
12 19 -9999 19 14 14 10 9 0 10 12 32 50 68 70 52 68 61 68 39 39 32 30 28 32 19
12 20 -9999 19 14 19 12 9 1 10 12 39 50 70 70 50 63 52 61 32 32 30 30 30 32 19
12 21 -9999 12 10 12 10 1 0 0 9 32 39 59 63 39 63 50 52 32 21 21 19 21 30 12
12 22 -9999 9 1 9 0 -11 -8 -8 -4 21 39 52 63 50 63 52 52 32 21 19 12 12 21 10
12 23 -9999 10 10 9 1 -8 -8 -8 -8 21 39 59 59 50 63 50 52 39 30 21 12 21 21 10
12 24 -9999 10 1 9 0 -11 -11 -18 -9 21 39 59 59 50 63 50 52 39 21 12 10 12 19 10
12 25 -9999 10 1 9 0 -8 -11 -18 -9 12 39 59 52 50 63 41 50 39 19 10 1 10 19 9
12 26 -9999 10 1 9 -8 -11 -11 -20 -11 12 39 63 52 50 63 50 50 39 14 10 9 12 21 10
12 27 -9999 10 1 1 -8 -11 -11 -20 -9 19 39 63 52 50 63 52 50 41 21 12 10 12 19 10
12 28 -9999 10 1 1 -9 -18 -11 -27 -18 30 39 70 70 61 68 52 52 50 32 19 12 12 21 12
12 29 -9999 10 9 10 -8 -8 -9 -20 -9 32 41 70 70 63 70 61 61 50 39 32 19 21 30 14
12 30 -9999 12 10 19 10 -8 -8 -18 0 39 41 72 70 70 70 61 61 63 41 32 21 21 32 21
12 31 -9999 19 19 19 10 -8 -8 -18 1 39 41 70 70 70 70 61 61 61 41 32 30 30 32 21
