01 01 90 109 100 100 100 109 109 100 100 109 120 109 109 109 109 109 109 109 100 100 100 100 109 109
01 02 100 109 104 109 109 109 109 109 100 109 120 120 120 120 109 109 109 109 109 109 100 104 109 109
01 03 100 109 104 109 109 109 109 109 100 109 120 120 120 120 109 109 109 109 109 109 100 100 100 109
01 04 100 109 100 100 100 90 100 90 90 109 109 109 109 109 104 100 100 100 90 90 90 90 90 100
01 05 90 100 90 90 90 90 90 90 81 100 109 100 100 100 100 100 90 90 81 90 81 90 90 100
01 06 90 100 90 90 90 90 90 90 81 100 109 100 100 100 100 100 90 90 81 90 81 90 90 100
01 07 90 100 100 90 90 90 90 90 90 100 109 100 109 109 104 100 100 100 90 90 90 90 90 100
01 08 90 100 100 90 90 90 90 90 90 100 109 100 100 100 100 100 90 90 90 90 81 90 90 100
01 09 90 100 100 90 90 81 90 90 81 90 100 100 90 90 100 90 90 81 81 81 81 81 90 90
01 10 81 90 90 90 90 81 81 81 81 90 90 90 90 81 90 81 81 81 70 70 81 81 90 81
01 11 61 81 81 81 81 70 61 61 61 81 81 81 81 70 81 70 68 70 61 61 70 70 70 70
01 12 61 81 70 81 70 61 50 50 61 81 70 70 70 70 70 70 61 70 61 61 61 61 61 61
01 13 50 61 61 70 50 61 50 50 61 70 70 70 70 70 70 70 61 70 61 61 61 70 70 61
01 14 61 61 50 50 50 50 50 50 50 61 61 70 70 61 61 50 61 61 61 50 61 61 61 50
01 15 50 61 50 50 50 50 50 39 39 61 50 61 70 61 61 61 61 61 61 50 61 50 61 50
01 16 39 61 50 50 50 50 50 39 39 61 50 61 70 61 61 50 61 61 61 39 50 50 50 50
01 17 39 50 50 39 39 39 39 39 39 50 50 61 70 61 61 50 61 50 61 39 50 50 50 50
01 18 39 50 50 39 39 39 39 39 39 50 50 70 70 70 70 61 61 50 61 50 50 50 50 50
01 19 50 50 50 39 39 39 50 39 39 61 50 70 70 70 70 70 61 61 61 50 61 50 61 50
01 20 61 50 50 39 39 50 50 50 39 61 61 70 70 70 70 70 61 61 61 50 61 50 61 50
01 21 50 50 50 39 39 39 50 39 39 61 61 70 70 70 70 61 61 61 61 50 61 50 50 50
01 22 61 50 50 39 39 39 50 50 39 61 61 70 70 70 70 61 61 50 61 50 61 50 61 50
01 23 61 61 50 39 39 50 50 50 50 61 61 70 70 70 70 70 61 50 50 50 61 50 61 61
01 24 61 61 50 50 50 50 50 50 50 61 68 70 70 70 70 70 61 61 61 50 61 61 61 61
01 25 61 61 61 50 50 50 50 50 50 61 70 70 81 81 81 70 70 70 61 50 61 61 61 70
01 26 70 70 70 61 61 61 61 61 61 81 81 81 90 81 81 81 81 70 70 61 61 61 70 70
01 27 70 70 70 61 61 61 61 61 61 81 81 81 90 81 90 81 81 70 70 70 70 70 70 70
01 28 81 70 70 70 70 70 70 70 70 81 81 81 90 90 90 90 81 70 70 70 70 70 70 70
01 29 81 81 70 70 70 70 70 70 70 81 81 81 90 90 90 90 81 70 70 70 70 70 70 70
01 30 81 81 70 70 70 70 70 70 70 81 81 81 90 81 90 90 81 70 70 70 70 70 70 70
01 31 81 81 70 70 70 70 70 70 70 81 81 81 90 81 90 90 81 70 70 70 70 70 70 70
02 01 81 81 70 70 70 70 70 81 70 81 81 81 90 90 90 90 81 70 70 70 70 70 70 70
02 02 81 81 81 70 61 70 61 70 61 81 81 81 90 90 90 81 81 70 70 70 70 70 70 70
02 03 81 81 81 81 61 70 70 70 61 81 81 81 90 90 90 90 81 70 70 70 70 70 70 81
02 04 90 81 81 81 70 70 70 81 81 90 90 81 90 90 90 90 81 70 70 70 70 70 70 81
02 05 90 81 81 81 81 70 70 81 70 90 90 81 90 81 90 81 81 70 70 70 70 70 70 81
02 06 81 81 81 81 61 61 61 70 61 81 81 81 81 81 90 81 81 70 70 70 70 70 70 81
02 07 81 81 81 81 61 61 61 70 61 81 81 81 90 81 90 81 81 70 70 70 70 70 70 81
02 08 90 81 81 81 81 70 70 81 70 81 81 90 90 81 90 81 81 81 70 70 70 70 81 81
02 09 90 81 81 81 61 70 70 70 70 81 81 90 90 81 90 90 90 81 70 70 70 70 81 81
02 10 90 81 81 81 61 70 70 70 70 81 81 90 90 81 90 90 90 81 81 81 81 81 81 90
02 11 100 81 86 81 81 81 81 81 90 90 81 90 90 90 90 90 90 90 81 81 81 81 81 90
02 12 100 90 90 90 81 90 90 81 90 90 100 100 100 90 100 90 90 90 81 81 81 81 81 90
02 13 109 100 90 100 90 100 90 100 100 100 100 100 100 109 100 100 90 90 90 81 90 90 100 100
02 14 109 100 100 100 100 100 100 100 100 109 109 109 109 109 109 100 90 90 90 81 90 90 100 100
02 15 109 100 100 100 100 100 109 109 109 120 120 129 120 120 120 109 100 100 100 90 100 100 104 104
02 16 120 109 109 109 109 109 109 109 120 120 129 140 129 129 120 109 120 109 109 109 109 104 120 120
02 17 129 120 109 109 109 109 109 120 120 129 140 140 140 129 120 120 120 109 109 109 109 109 120 120
02 18 129 120 120 120 120 129 120 120 120 140 140 140 140 129 129 120 120 120 109 109 120 109 120 120
02 19 129 120 109 120 120 129 120 120 129 140 140 140 140 129 129 120 120 120 120 109 120 109 120 120
02 20 129 120 120 120 120 129 129 120 129 140 140 140 140 129 129 129 129 120 120 120 120 120 129 129
02 21 129 120 120 120 129 129 129 129 140 140 151 140 140 129 129 129 129 120 120 120 120 129 129 129
02 22 129 120 129 120 129 129 129 129 129 140 140 140 129 129 129 122 129 120 120 120 120 120 129 120
02 23 129 120 129 120 120 129 129 129 129 129 140 140 129 129 140 129 129 120 120 120 120 120 129 120
02 24 129 120 129 129 129 129 129 129 140 140 140 140 129 129 140 129 140 120 120 120 120 129 129 120
02 25 129 120 129 129 129 129 129 129 129 140 140 129 129 129 129 129 129 120 120 120 120 120 129 120
02 26 129 120 129 129 129 129 129 129 129 140 140 129 129 129 129 129 140 120 129 120 120 129 129 120
02 27 129 129 140 129 129 129 140 140 140 140 140 140 140 140 140 140 140 129 129 129 129 129 140 129
02 28 140 140 140 140 129 140 140 140 140 140 140 140 140 140 140 140 140 129 129 129 129 129 140 140
03 01 129 140 140 140 140 140 140 140 140 140 140 140 140 140 140 140 140 129 129 129 129 129 129 129
03 02 129 140 140 140 129 140 140 129 129 140 140 140 140 140 140 140 140 129 129 120 129 129 129 129
03 03 129 129 140 140 129 129 129 129 129 129 129 120 129 129 140 129 140 120 120 120 120 120 129 120
03 04 129 129 140 140 129 129 129 129 129 129 129 129 129 140 140 140 140 129 129 120 129 129 129 140
03 05 129 140 140 140 129 129 129 129 129 140 140 140 140 151 140 140 140 129 129 120 129 129 140 140
03 06 140 151 140 140 140 140 140 129 140 140 140 140 151 151 151 140 140 129 129 129 129 140 140 151
03 07 140 151 151 151 140 140 140 140 140 140 140 140 151 151 151 140 140 129 129 129 140 140 140 151
03 08 140 151 151 151 151 151 140 140 151 151 151 151 151 151 151 151 151 140 140 140 140 151 151 160
03 09 160 151 151 151 151 151 140 151 151 151 151 151 160 160 151 151 151 140 140 140 140 151 151 160
03 10 160 160 160 151 160 151 151 151 151 151 151 160 160 151 151 151 151 140 140 140 140 151 151 160
03 11 160 160 160 160 160 160 160 160 160 160 160 160 160 160 151 151 151 140 140 140 140 151 151 160
03 12 160 160 160 160 171 160 160 160 171 171 160 160 171 160 160 151 151 151 140 140 140 151 160 160
03 13 160 160 160 160 171 160 160 160 171 171 160 171 171 160 160 151 160 151 151 140 140 151 160 160
03 14 160 171 160 160 171 160 160 160 171 171 160 160 171 160 160 151 151 151 140 140 140 151 160 160
03 15 160 160 160 160 171 160 160 160 171 171 160 160 171 160 160 160 160 151 151 140 140 151 160 160
03 16 160 171 160 160 171 160 160 160 171 171 171 171 171 160 160 160 160 151 151 140 140 160 160 171
03 17 171 171 171 171 171 160 160 171 171 180 171 180 180 171 171 160 160 160 151 151 151 160 160 171
03 18 171 171 171 180 180 171 171 171 180 180 180 180 180 171 171 171 160 160 160 151 151 160 171 171
03 19 171 171 171 180 180 180 171 180 190 190 190 180 180 180 180 171 171 160 160 160 160 160 171 180
03 20 171 180 171 180 180 180 171 180 190 190 190 190 180 180 180 171 171 171 160 160 160 160 171 180
03 21 171 180 171 180 180 180 180 180 190 190 190 190 180 190 180 180 171 171 171 160 160 171 171 180
03 22 180 180 180 180 180 180 180 180 190 199 199 190 190 190 190 180 171 171 171 171 171 171 180 180
03 23 180 190 190 180 190 190 180 190 190 199 199 190 190 190 199 190 180 180 180 171 171 180 180 180
03 24 180 190 190 190 190 190 190 190 210 210 210 199 199 199 199 199 190 190 180 180 180 180 180 190
03 25 190 199 199 199 199 199 199 199 210 210 219 210 210 199 199 199 190 190 180 180 180 180 180 199
03 26 190 199 210 210 210 199 210 199 210 219 219 219 210 210 210 199 199 190 190 180 180 180 190 199
03 27 199 199 210 210 210 210 210 210 219 230 230 230 219 219 219 210 199 199 199 190 180 180 190 199
03 28 199 210 219 219 219 210 219 219 219 230 230 230 219 219 219 210 199 199 199 190 190 190 199 210
03 29 199 210 219 219 219 219 210 219 219 230 230 219 219 219 219 210 199 199 199 190 190 190 199 210
03 30 199 219 219 219 219 219 219 219 230 230 241 230 230 219 219 210 210 199 199 199 199 199 199 210
03 31 210 219 219 219 230 219 219 230 241 241 241 230 230 230 219 219 219 210 210 199 199 210 210 210
04 01 210 219 219 230 230 230 230 230 241 241 241 230 230 219 219 219 210 210 210 199 199 210 210 219
04 02 219 230 219 230 230 230 230 230 241 241 241 230 230 230 219 219 219 219 210 210 199 210 210 219
04 03 219 230 230 241 241 241 230 241 250 241 241 230 230 230 219 219 219 219 210 210 210 210 210 219
04 04 219 241 230 241 241 241 230 241 250 248 250 230 230 230 230 230 219 219 219 210 210 210 219 219
04 05 219 241 230 241 241 241 230 241 250 241 241 230 230 230 230 230 219 219 219 210 210 210 219 230
04 06 230 241 230 241 241 241 230 241 250 250 250 230 230 230 230 230 219 219 210 210 210 210 219 230
04 07 230 241 230 241 241 241 230 241 250 250 250 230 230 230 230 230 219 219 219 210 210 219 219 230
04 08 230 241 230 241 241 241 241 250 250 250 250 230 230 230 230 230 219 230 219 210 219 219 219 241
04 09 241 241 241 241 241 241 241 250 250 250 250 230 230 230 230 230 219 230 219 210 219 219 219 241
04 10 241 241 241 241 241 241 241 250 250 250 250 241 230 241 230 230 230 230 219 210 219 219 230 241
04 11 241 241 241 241 241 241 241 250 250 250 250 230 230 230 230 230 219 230 219 210 210 219 219 241
04 12 241 241 241 241 241 241 241 250 250 250 250 230 230 230 230 230 219 230 219 210 219 219 230 241
04 13 241 241 241 241 241 241 241 250 261 261 250 241 241 241 230 230 230 230 219 219 219 230 241 241
04 14 250 250 241 241 250 241 250 261 261 270 250 250 241 241 241 241 241 241 230 219 219 230 241 241
04 15 250 250 250 250 250 250 250 261 261 270 261 250 241 250 241 241 241 241 241 230 230 241 241 250
04 16 250 250 250 250 250 250 250 261 261 270 261 261 261 261 250 250 241 241 241 230 230 241 241 250
04 17 250 250 250 261 261 250 261 270 270 280 261 261 270 261 261 250 250 241 241 241 230 241 250 250
04 18 250 261 261 261 261 261 261 270 280 280 270 270 270 270 261 261 261 261 261 250 250 250 250 261
04 19 261 270 280 270 270 270 280 280 280 280 270 270 270 270 270 261 261 261 261 250 250 250 261 261
04 20 280 280 280 280 280 280 280 289 289 289 280 270 280 270 270 270 261 270 270 261 250 261 270 270
04 21 280 289 289 289 300 289 289 300 300 289 280 280 280 280 270 280 270 270 270 261 261 261 270 270
04 22 280 289 289 289 300 300 289 300 300 289 289 280 280 280 270 280 270 270 270 261 261 261 270 280
04 23 280 289 300 300 300 300 289 300 300 300 289 289 289 289 280 280 280 280 280 270 261 261 280 280
04 24 280 300 300 302 300 300 300 309 309 309 300 289 300 289 289 289 289 280 280 280 270 280 289 289
04 25 289 309 309 309 309 309 300 320 320 320 309 309 309 309 300 300 300 289 289 280 280 289 300 300
04 26 289 309 309 320 309 309 309 320 331 331 309 309 309 309 300 300 300 300 289 289 289 300 300 309
04 27 300 320 320 320 309 320 320 320 340 331 320 309 309 309 309 300 300 300 289 289 289 300 309 309
04 28 309 320 331 331 320 320 320 331 340 340 331 320 320 309 309 309 309 300 300 300 300 309 309 320
04 29 320 331 331 331 320 320 320 331 351 340 331 320 320 320 320 309 309 300 300 300 300 309 320 320
04 30 331 331 331 331 331 320 320 331 351 351 340 331 320 320 320 320 320 309 300 300 309 309 331 331
05 01 340 331 340 331 331 331 331 340 356 351 351 331 331 331 320 320 320 320 309 309 309 320 331 340
05 02 340 340 340 340 340 331 331 351 360 360 351 331 331 331 320 331 320 320 309 309 309 320 340 340
05 03 351 351 351 340 340 340 340 360 370 360 351 340 340 331 331 331 331 320 320 320 320 331 340 351
05 04 351 351 351 351 340 340 340 360 370 370 360 340 340 340 331 340 331 320 320 320 320 331 340 351
05 05 351 351 351 351 351 340 340 360 370 370 360 351 351 351 351 351 340 331 331 331 331 340 351 351
05 06 351 351 360 360 360 351 351 360 379 379 360 360 351 351 351 351 340 340 340 340 331 340 351 360
05 07 360 360 360 360 360 360 360 370 390 379 370 360 360 351 360 351 351 351 351 340 340 351 360 360
05 08 360 360 370 370 370 370 360 370 399 379 379 360 360 360 360 360 351 351 351 340 340 360 360 370
05 09 370 370 370 370 370 370 370 379 399 390 390 370 360 360 360 360 351 351 351 340 351 360 370 370
05 10 370 370 379 370 370 370 370 379 399 399 390 370 360 360 360 360 351 351 351 351 351 370 379 379
05 11 379 379 379 390 379 379 379 390 410 399 399 379 370 370 370 370 360 360 360 360 360 370 390 379
05 12 390 379 390 390 390 379 379 399 410 410 399 390 379 370 370 370 370 370 360 360 360 379 390 390
05 13 390 390 390 390 390 390 390 399 410 410 399 390 379 370 370 370 370 360 360 360 370 379 390 390
05 14 390 390 390 390 390 390 390 410 410 410 399 390 370 370 370 370 370 370 360 370 370 379 390 390
05 15 390 390 390 399 399 390 399 410 421 410 410 390 379 379 370 379 379 379 370 370 379 379 390 390
05 16 390 399 399 399 399 399 399 410 421 421 410 399 379 379 370 390 379 379 370 379 379 390 399 399
05 17 410 399 399 399 399 399 399 410 430 421 410 399 390 379 379 390 379 390 379 379 390 390 399 410
05 18 421 410 410 399 399 399 399 421 430 430 421 399 399 390 390 390 390 390 379 390 390 399 410 410
05 19 421 410 410 410 399 399 399 421 430 430 421 410 410 399 392 390 390 390 390 399 399 410 410 421
05 20 430 421 421 410 399 399 410 421 430 430 421 410 410 399 399 390 390 399 399 399 399 421 421 421
05 21 430 421 421 421 410 410 410 430 441 441 421 421 421 410 410 399 399 410 399 410 399 421 421 430
05 22 441 430 430 421 421 410 410 430 441 446 430 430 421 421 410 410 399 410 410 410 410 421 430 430
05 23 450 430 430 430 421 410 421 430 446 450 430 430 421 421 421 410 399 410 410 421 410 421 430 441
05 24 450 430 441 441 430 421 421 441 450 450 450 430 430 430 421 421 421 421 421 421 421 430 441 441
05 25 450 441 450 441 441 430 430 441 450 460 450 441 441 430 430 421 430 421 421 421 421 430 441 450
05 26 450 450 450 441 441 430 430 450 460 469 450 441 441 441 441 430 430 430 430 430 430 441 460 460
05 27 460 460 460 450 450 441 441 460 460 469 460 450 441 441 441 441 441 430 430 441 441 450 460 469
05 28 460 460 460 450 450 450 450 460 469 469 469 450 450 441 450 450 441 441 430 441 441 460 469 469
05 29 469 469 469 460 460 450 460 469 469 480 469 460 450 450 450 450 450 450 441 460 450 469 469 480
05 30 469 480 469 460 460 460 460 469 469 480 480 469 460 460 460 460 450 460 460 460 460 469 480 480
05 31 469 480 469 469 469 460 460 469 489 489 480 469 460 460 460 460 450 460 460 460 460 469 480 480
06 01 480 480 480 469 469 460 469 480 489 489 500 480 460 469 460 460 460 460 469 469 480 480 480 480
06 02 480 480 480 480 469 469 469 480 500 500 500 489 469 469 469 469 460 469 480 480 480 480 489 489
06 03 480 480 480 480 469 469 480 489 500 500 500 489 480 469 469 469 469 469 480 489 489 489 500 500
06 04 480 489 480 480 489 480 480 500 500 511 511 489 480 480 480 480 469 480 489 500 489 500 511 500
06 05 500 500 489 489 489 480 489 500 511 520 511 500 489 489 489 489 489 480 489 500 500 500 511 511
06 06 500 500 500 489 489 480 489 500 511 520 511 511 500 500 489 489 489 489 489 500 500 500 511 520
06 07 500 511 500 500 489 489 489 511 520 520 511 511 500 500 489 489 500 500 489 500 500 511 520 520
06 08 511 511 511 500 500 500 500 511 520 531 511 511 500 500 500 500 500 500 500 500 511 520 520 520
06 09 520 520 511 511 500 500 500 520 520 531 520 511 500 500 500 500 500 511 511 511 520 531 531 531
06 10 531 531 520 511 511 500 511 520 531 531 520 520 511 511 500 500 500 511 511 511 520 531 531 531
06 11 531 531 520 511 511 500 511 520 531 531 531 520 500 500 500 500 500 511 511 511 520 531 531 531
06 12 531 531 531 520 511 511 511 531 531 531 531 520 511 511 500 500 500 511 511 520 520 531 531 540
06 13 540 540 531 520 511 511 511 531 531 540 531 520 511 511 500 511 511 511 511 520 531 531 531 540
06 14 540 540 531 531 520 511 520 531 540 540 540 520 520 511 511 511 511 511 520 531 531 531 540 540
06 15 540 540 531 531 520 518 520 531 540 540 540 531 520 520 520 520 520 520 520 531 531 531 540 540
06 16 540 540 531 531 531 520 520 531 540 550 540 531 520 531 520 520 511 511 520 531 531 531 540 540
06 17 540 540 531 531 531 520 520 531 540 550 540 531 531 531 520 520 511 511 520 531 531 531 540 540
06 18 540 540 540 531 531 520 531 540 550 550 540 540 531 531 520 520 511 511 520 531 531 531 540 540
06 19 550 540 540 540 531 531 531 540 550 550 550 540 531 531 520 520 511 511 520 531 531 531 540 540
06 20 550 540 540 531 531 520 531 540 550 559 550 540 520 531 511 520 511 511 520 531 531 540 540 540
06 21 550 540 540 540 531 520 531 540 550 559 550 531 520 531 511 520 511 511 520 531 531 540 540 540
06 22 550 540 540 540 531 531 531 550 550 559 550 540 531 531 520 520 511 511 520 531 531 540 540 550
06 23 550 540 540 540 531 531 531 550 559 559 550 540 531 531 520 520 520 511 520 531 531 540 540 550
06 24 550 540 540 540 531 531 531 550 559 559 540 531 520 531 511 511 511 511 520 531 531 540 540 540
06 25 540 540 531 531 531 520 531 540 550 559 550 531 520 531 520 520 520 520 520 531 531 540 540 540
06 26 550 540 540 540 531 531 531 550 550 559 550 540 531 531 520 520 520 520 531 531 531 540 550 550
06 27 550 550 540 540 531 531 531 550 559 559 550 540 531 531 520 520 520 520 531 531 531 540 550 550
06 28 559 550 545 540 540 540 540 550 559 559 559 540 531 540 531 531 531 531 531 540 540 550 559 559
06 29 559 550 550 550 550 540 550 559 570 570 559 550 540 540 531 531 531 531 531 540 540 550 559 559
06 30 559 552 550 550 540 540 540 559 570 559 559 540 531 540 531 531 531 531 531 540 540 550 570 559
07 01 559 552 550 550 540 540 540 559 570 559 559 540 531 540 531 531 531 531 531 540 540 559 570 570
07 02 559 559 550 550 550 540 540 559 570 570 559 550 540 540 540 540 531 531 531 540 540 559 570 570
07 03 570 559 559 550 550 540 550 559 570 570 559 550 540 540 540 540 531 531 540 550 540 559 570 570
07 04 570 559 559 550 550 550 550 559 570 570 559 559 540 540 540 540 540 531 540 550 550 559 570 576
07 05 570 559 559 550 550 550 550 559 570 577 567 559 550 550 540 540 540 540 550 559 559 559 570 579
07 06 579 570 559 559 559 550 559 570 570 579 570 570 559 550 550 550 550 550 550 559 559 559 579 579
07 07 588 570 570 568 559 550 559 570 579 579 570 570 559 559 550 550 550 550 550 559 559 570 579 579
07 08 588 579 570 570 559 550 559 570 579 590 579 570 559 559 550 540 550 547 550 559 559 570 579 579
07 09 590 579 570 570 559 559 559 570 579 590 579 570 559 559 550 550 550 550 552 559 561 574 579 579
07 10 590 579 570 570 563 559 559 579 579 590 590 579 570 559 550 550 550 550 559 570 570 579 590 590
07 11 590 590 579 570 570 559 570 579 590 601 590 579 570 559 550 550 559 559 559 570 570 579 590 590
07 12 590 590 579 572 570 565 570 579 590 601 590 579 570 559 559 550 559 559 559 570 570 579 579 590
07 13 590 590 579 570 570 559 559 579 590 601 590 579 570 570 559 550 559 559 559 570 570 579 590 590
07 14 590 590 579 579 570 570 570 579 590 601 590 586 570 570 559 559 559 559 559 570 579 590 590 601
07 15 601 590 590 579 577 570 570 590 601 601 601 590 579 570 570 565 570 559 570 579 579 590 601 601
07 16 601 601 590 579 579 579 570 590 601 601 601 590 579 579 570 570 570 570 572 579 579 590 590 601
07 17 601 601 590 579 579 570 570 590 601 601 601 590 590 579 574 570 570 570 579 579 590 590 601 601
07 18 610 601 590 579 570 570 570 590 601 610 610 590 590 579 579 570 570 579 579 590 590 590 601 608
07 19 610 601 601 590 579 579 570 590 601 610 610 590 590 590 579 570 579 579 579 590 590 601 610 610
07 20 610 610 601 590 590 579 579 590 610 610 610 601 590 590 579 570 579 579 579 590 590 601 610 610
07 21 610 601 601 590 590 579 579 590 610 610 610 601 590 590 579 570 579 579 579 590 590 601 610 610
07 22 610 601 601 590 590 579 579 590 608 610 621 601 590 590 579 579 579 579 590 590 590 601 610 610
07 23 610 601 601 590 590 579 579 590 610 610 621 601 590 590 579 579 579 579 590 590 590 606 610 610
07 24 610 601 601 590 590 590 579 601 610 610 621 601 601 590 579 579 579 579 590 590 590 601 604 610
07 25 610 601 601 590 590 579 579 590 601 610 612 601 594 590 590 579 579 579 590 590 590 601 604 610
07 26 610 601 601 590 579 579 579 590 601 610 610 601 594 590 590 579 579 579 590 590 590 601 601 601
07 27 610 601 601 590 579 579 579 590 601 610 610 601 590 581 579 579 579 579 590 590 590 601 601 601
07 28 610 601 601 590 579 579 579 590 601 610 610 601 590 583 579 579 579 579 590 590 590 601 601 601
07 29 601 601 601 590 579 579 579 590 601 610 601 601 590 579 579 570 579 579 579 590 590 590 601 601
07 30 601 601 590 590 579 579 579 590 601 610 601 601 590 579 579 570 570 579 579 579 579 590 590 601
07 31 590 590 590 590 579 579 579 590 601 601 601 590 579 570 570 570 570 570 579 570 579 590 590 590
08 01 590 590 590 590 579 579 570 579 601 601 597 590 579 570 570 570 570 570 579 570 579 579 590 590
08 02 590 590 590 590 579 579 570 579 590 590 590 579 579 559 559 559 559 559 570 570 579 579 590 590
08 03 579 590 590 579 579 570 570 579 590 590 590 579 570 559 559 559 559 559 570 570 579 579 579 590
08 04 579 590 590 579 579 570 570 579 590 590 590 579 570 559 559 559 550 556 559 559 570 579 579 590
08 05 579 579 590 579 579 570 570 579 586 590 579 579 570 559 559 550 550 550 559 559 570 579 579 579
08 06 579 579 579 579 570 570 570 577 579 586 579 579 570 550 550 550 550 550 550 559 570 570 579 579
08 07 579 579 579 570 570 570 559 570 579 586 579 579 570 550 550 550 550 550 550 559 570 570 579 579
08 08 579 579 579 570 559 559 559 570 579 579 579 579 559 550 550 550 550 550 550 559 570 570 579 579
08 09 579 579 579 570 559 559 559 570 579 579 579 579 559 550 540 550 550 550 550 559 559 570 579 579
08 10 579 579 579 570 559 559 559 570 579 579 579 579 559 550 540 540 540 540 550 550 559 570 570 579
08 11 579 579 579 570 559 559 559 570 579 579 579 570 559 545 540 540 540 540 550 550 559 570 570 579
08 12 579 577 570 570 559 559 559 559 579 579 579 570 559 550 540 540 540 540 550 550 559 570 570 570
08 13 579 570 570 570 559 559 559 559 579 579 579 570 559 550 545 540 540 540 550 550 570 570 579 579
08 14 579 577 570 570 559 559 559 570 579 579 579 570 559 550 545 540 540 540 550 550 570 570 579 579
08 15 579 579 577 570 559 559 559 570 579 579 579 579 559 550 550 540 540 540 550 559 570 570 579 579
08 16 579 579 577 570 559 559 559 570 579 579 579 570 559 550 550 540 540 540 550 559 570 570 579 579
08 17 579 579 570 570 559 559 559 570 579 579 579 570 559 550 550 540 540 540 550 559 570 570 579 579
08 18 579 579 570 570 559 559 559 570 579 579 579 570 550 550 550 540 540 540 550 550 559 570 570 570
08 19 579 570 570 570 559 559 559 570 579 579 579 570 559 550 550 540 540 540 550 559 559 570 570 570
08 20 579 570 570 570 559 559 559 570 579 590 579 570 559 550 550 540 540 540 550 559 570 570 579 579
08 21 579 570 570 570 559 559 559 570 579 590 579 579 559 550 550 550 540 540 550 559 570 579 579 579
08 22 579 570 570 559 559 559 550 570 579 579 579 570 559 550 550 550 540 540 550 559 570 570 579 570
08 23 570 570 570 559 559 550 550 570 579 579 579 570 559 550 550 540 540 540 550 559 559 570 570 570
08 24 570 570 570 559 559 550 550 559 570 579 570 559 559 550 550 540 540 540 550 550 559 570 570 570
08 25 570 570 559 559 559 550 550 559 570 579 570 559 550 550 550 540 540 540 550 550 559 570 570 570
08 26 570 559 559 559 550 550 550 559 570 579 570 559 550 550 550 540 531 540 540 550 559 570 570 570
08 27 570 559 559 550 550 550 550 550 570 570 570 559 550 550 531 531 531 531 540 540 550 559 559 559
08 28 559 559 559 550 550 550 540 550 559 559 559 559 540 531 520 520 520 520 531 531 540 559 559 550
08 29 559 550 550 550 550 540 540 550 559 559 559 550 540 531 520 520 520 520 531 531 540 550 550 550
08 30 550 550 550 550 540 540 540 550 559 559 559 550 540 531 520 520 520 520 520 531 540 550 550 550
08 31 550 550 540 540 540 540 531 540 550 559 559 540 531 520 520 520 520 520 520 531 540 550 550 550
09 01 550 550 540 540 540 540 531 531 550 559 550 540 531 520 520 511 520 511 520 531 540 550 550 550
09 02 550 540 540 540 531 531 520 520 550 550 550 540 531 520 511 511 511 500 520 520 540 550 550 540
09 03 540 540 540 531 531 520 520 520 540 540 540 531 520 520 500 511 500 500 511 511 520 540 540 540
09 04 540 540 531 531 520 511 511 520 531 531 540 520 520 511 500 500 500 500 511 511 520 531 531 531
09 05 531 531 531 520 511 511 511 511 520 531 540 520 511 500 500 489 489 489 500 500 511 531 531 520
09 06 531 520 520 520 511 511 500 511 520 531 540 520 511 500 500 489 489 489 500 500 511 520 531 520
09 07 520 520 520 511 511 500 500 500 520 531 531 520 511 500 500 489 480 489 500 500 500 511 520 520
09 08 520 511 511 511 500 500 489 500 520 520 531 511 500 489 480 489 480 480 489 500 500 511 511 511
09 09 511 511 511 500 500 500 489 489 511 511 511 500 489 480 480 480 469 469 480 480 500 500 500 500
09 10 500 500 489 489 489 489 480 480 500 511 511 500 480 480 480 469 469 469 469 480 489 500 500 500
09 11 489 500 480 480 480 469 469 480 489 500 500 500 480 480 469 469 469 460 469 469 489 500 500 500
09 12 489 489 480 480 480 469 469 469 489 500 500 500 480 469 469 469 460 460 469 469 489 500 500 500
09 13 489 489 480 480 480 469 469 469 489 500 500 489 480 469 469 469 460 460 469 469 480 500 500 500
09 14 489 489 480 480 480 469 460 469 489 500 500 489 480 469 469 460 460 460 469 469 480 489 489 489
09 15 480 480 469 469 469 469 460 469 489 500 489 489 480 469 469 460 460 460 469 469 480 489 489 489
09 16 480 480 469 469 469 460 460 460 480 489 489 480 469 460 469 460 450 450 450 460 469 469 469 469
09 17 460 469 460 460 460 450 450 450 480 480 480 469 460 450 450 441 441 441 441 450 460 460 460 460
09 18 460 460 460 450 450 450 441 441 460 469 469 460 450 441 441 430 430 441 441 441 460 460 460 460
09 19 460 460 450 450 450 441 441 441 460 460 469 460 450 441 430 430 430 430 441 441 450 460 460 460
09 20 450 460 450 441 441 430 430 430 450 460 469 460 450 441 430 430 430 430 441 441 450 460 460 460
09 21 450 450 441 441 430 430 421 430 450 460 460 450 441 430 430 421 421 430 430 430 441 450 450 450
09 22 441 441 441 430 430 430 421 421 441 460 450 441 441 430 421 421 410 421 421 421 441 441 441 441
09 23 441 441 441 430 430 430 421 421 441 450 450 441 430 430 410 410 410 410 410 421 430 441 441 441
09 24 430 441 441 430 421 421 421 421 441 450 441 441 430 421 410 410 410 410 410 421 430 441 441 441
09 25 441 441 430 430 421 421 410 410 430 446 441 430 421 421 410 410 399 399 410 410 430 430 441 430
09 26 430 430 428 421 421 410 410 410 421 430 430 421 421 421 399 399 390 390 399 410 421 430 430 430
09 27 410 421 421 410 410 410 399 399 421 430 430 421 410 399 399 390 390 390 390 399 410 421 421 421
09 28 410 421 410 410 410 399 399 399 410 421 421 410 399 390 390 390 379 379 390 390 410 410 421 410
09 29 399 410 410 410 410 399 390 399 410 421 421 410 390 390 379 379 370 370 379 390 399 410 410 410
09 30 399 410 410 399 399 390 390 390 399 421 410 399 390 379 379 370 370 370 370 379 390 399 399 399
10 01 390 399 399 390 390 390 390 390 399 410 410 399 379 379 370 370 370 370 370 370 390 390 399 399
10 02 379 390 390 390 390 379 379 379 399 410 399 399 379 370 360 360 360 360 370 370 379 390 390 390
10 03 379 390 390 390 390 379 379 379 399 399 399 379 379 370 360 360 360 360 370 370 379 390 390 390
10 04 379 390 390 379 379 370 370 370 390 399 399 379 370 370 360 351 351 351 360 360 379 379 390 390
10 05 379 379 379 379 379 370 370 370 390 399 390 379 370 360 351 351 340 351 360 360 370 379 379 379
10 06 370 379 379 370 370 360 360 360 379 390 390 379 370 360 351 340 340 351 351 360 370 379 379 379
10 07 370 370 370 370 360 360 360 351 370 379 379 370 360 351 351 338 331 340 340 351 360 370 370 379
10 08 370 370 370 360 360 351 351 351 370 379 379 370 351 340 340 331 331 331 331 340 360 360 370 370
10 09 360 370 370 360 351 351 351 340 370 379 379 360 351 340 331 320 320 320 331 340 351 360 360 370
10 10 360 360 360 360 351 351 340 340 360 370 370 360 351 340 320 320 320 320 320 331 351 360 360 360
10 11 360 360 351 351 351 340 340 340 360 370 370 360 340 331 320 320 309 320 309 331 340 351 351 360
10 12 351 351 351 340 340 340 331 331 351 370 370 360 340 331 320 320 309 309 309 320 340 340 351 351
10 13 351 351 351 340 340 331 331 331 351 360 360 351 340 331 320 309 309 309 309 309 331 340 351 351
10 14 351 340 340 340 340 331 331 331 351 360 360 340 331 320 320 309 309 309 309 309 320 340 351 351
10 15 340 340 340 331 331 331 320 320 340 351 351 340 320 320 309 309 300 300 309 309 320 331 340 340
10 16 340 331 331 331 331 320 320 320 331 351 340 331 320 309 309 300 300 300 300 309 309 320 331 331
10 17 331 331 320 320 320 309 309 309 320 331 331 320 320 309 309 300 300 289 289 300 300 320 320 320
10 18 320 320 320 320 309 309 309 300 320 331 320 309 309 309 300 289 289 280 280 289 300 309 320 309
10 19 320 320 309 309 309 309 309 300 320 320 320 309 309 300 300 289 289 280 280 280 300 309 309 309
10 20 320 309 309 309 300 300 289 289 309 320 320 309 309 300 300 289 280 280 280 280 289 309 309 309
10 21 309 309 300 300 300 300 289 289 309 320 320 309 300 300 289 280 270 270 270 280 289 300 300 300
10 22 300 300 300 289 289 289 289 289 309 309 309 309 289 289 280 280 270 270 261 270 280 289 300 289
10 23 289 289 300 289 289 289 280 280 300 309 309 300 289 289 280 270 261 261 261 270 280 280 289 289
10 24 289 289 289 289 289 289 280 280 300 309 309 300 289 289 280 270 261 261 261 261 270 280 289 280
10 25 289 289 289 289 280 289 280 280 300 309 309 300 300 289 280 270 261 261 261 261 270 280 284 280
10 26 280 280 280 280 280 280 280 280 289 300 300 300 289 289 270 261 250 261 250 261 261 270 280 270
10 27 280 270 280 280 280 280 280 270 289 300 300 300 289 280 270 261 250 250 250 250 261 270 270 270
10 28 270 270 270 270 270 280 270 270 280 289 289 289 280 270 261 250 241 241 241 241 250 261 270 270
10 29 270 270 270 270 270 270 270 270 280 289 289 280 270 261 261 250 241 241 241 241 250 261 261 270
10 30 270 270 270 261 261 261 261 261 270 280 280 280 270 261 250 241 241 230 230 241 250 250 261 261
10 31 261 261 261 261 261 261 261 261 270 280 280 270 270 261 250 241 241 230 230 230 241 250 261 261
11 01 261 261 261 250 250 261 250 250 261 280 270 270 270 261 250 241 230 230 219 230 241 250 250 250
11 02 250 250 250 250 250 250 250 250 261 280 270 270 261 250 241 230 219 219 219 219 230 241 241 241
11 03 250 250 250 250 250 250 250 250 261 270 270 270 261 250 241 230 219 219 219 219 230 241 241 241
11 04 250 250 250 250 250 250 250 250 261 270 261 261 261 250 241 230 219 219 219 219 230 241 241 241
11 05 250 250 250 250 250 250 250 241 250 270 261 261 250 241 230 230 219 210 210 210 230 241 241 241
11 06 241 241 250 241 241 241 241 241 241 250 261 250 241 230 230 219 210 210 199 210 219 230 230 230
11 07 241 241 241 241 241 230 230 230 241 241 250 250 241 230 219 219 210 199 199 199 210 219 230 230
11 08 230 241 241 230 230 230 230 219 230 241 250 250 241 230 219 210 199 199 199 199 210 219 230 219
11 09 219 230 230 230 219 219 219 219 219 241 241 241 230 219 219 210 199 199 190 190 210 210 219 219
11 10 219 230 230 230 219 219 219 210 219 241 241 241 219 219 219 199 199 199 190 190 199 199 219 219
11 11 210 219 219 219 219 210 210 210 219 230 241 241 219 219 210 199 199 190 180 190 199 199 219 210
11 12 210 219 219 219 210 210 210 210 219 230 241 230 219 219 210 199 199 199 180 190 199 199 219 210
11 13 210 219 219 219 210 210 210 210 219 230 241 230 219 219 210 210 199 199 180 190 199 199 219 210
11 14 210 210 219 219 210 210 210 210 219 230 230 230 219 219 210 199 199 199 180 190 199 199 210 210
11 15 210 210 210 210 210 210 210 210 210 219 219 219 210 210 199 199 190 180 180 180 190 190 199 199
11 16 199 199 199 199 199 199 199 199 199 210 210 210 210 210 190 190 180 180 180 180 190 190 199 199
11 17 199 199 199 199 199 199 199 199 199 210 210 210 210 210 199 190 190 180 180 180 190 190 199 199
11 18 199 199 199 199 190 199 199 199 199 199 210 210 210 199 190 190 180 180 180 180 180 190 190 199
11 19 199 199 190 199 190 199 199 190 199 199 210 210 199 199 190 180 180 180 180 180 180 190 190 190
11 20 199 199 190 199 190 199 199 190 199 199 210 210 199 199 199 190 190 180 180 180 190 190 190 199
11 21 199 199 199 199 190 199 199 199 199 210 210 210 210 210 199 190 190 190 180 190 190 199 199 199
11 22 199 199 199 199 199 199 199 199 199 210 210 210 210 210 199 190 190 190 190 180 190 199 199 199
11 23 199 199 199 199 199 199 199 199 199 210 210 210 210 210 199 199 190 190 180 180 190 190 190 199
11 24 199 199 199 199 199 199 199 199 199 210 210 210 210 199 190 190 180 180 180 180 180 190 190 190
11 25 199 199 199 199 190 190 199 190 199 210 210 210 210 199 190 190 180 180 180 180 180 180 190 190
11 26 190 190 190 190 190 190 190 180 190 199 199 210 199 190 190 190 180 180 180 180 180 180 180 180
11 27 190 190 190 190 190 180 180 180 180 190 199 190 190 180 180 180 180 180 180 171 180 180 180 180
11 28 180 180 190 180 180 180 180 180 180 190 190 180 180 180 180 180 171 171 171 171 171 171 180 180
11 29 180 180 180 180 180 171 171 171 171 180 190 180 180 180 171 171 171 160 160 160 171 171 180 180
11 30 180 180 180 180 171 171 171 171 171 180 190 180 180 180 171 171 160 160 160 160 171 171 171 180
12 01 190 180 180 180 171 171 171 171 171 180 190 180 180 180 171 160 160 160 160 160 160 171 171 171
12 02 190 171 180 171 171 171 171 160 160 171 180 180 171 171 171 151 151 151 151 151 160 171 171 171
12 03 190 171 171 171 160 171 160 160 151 171 176 171 171 171 160 140 140 151 140 151 151 160 160 171
12 04 180 171 160 160 160 160 160 160 151 160 171 171 160 151 151 140 140 140 140 140 151 151 160 160
12 05 180 160 160 160 160 160 151 151 140 160 160 151 151 151 140 129 129 129 129 129 140 151 151 151
12 06 171 151 160 151 151 151 151 151 140 151 160 151 151 151 140 129 120 129 129 129 140 140 140 151
12 07 160 140 151 151 151 151 140 140 140 151 160 151 151 151 129 129 120 120 129 129 129 140 140 140
12 08 160 140 151 151 151 151 140 129 140 140 151 151 151 140 129 129 120 120 120 120 129 129 129 140
12 09 151 140 140 151 140 140 140 129 129 140 151 140 140 140 129 129 120 120 120 120 129 129 129 140
12 10 151 129 140 140 140 140 140 129 129 140 151 140 140 140 129 129 120 120 120 120 120 129 129 129
12 11 151 129 129 140 140 140 129 129 129 140 140 129 140 140 129 120 120 120 109 109 120 120 129 129
12 12 140 129 129 140 140 140 129 129 129 129 140 129 140 129 120 120 109 109 100 100 109 120 109 120
12 13 129 120 120 129 129 129 129 120 129 120 129 120 129 120 120 120 109 109 100 100 109 109 109 120
12 14 120 109 120 120 120 120 129 109 109 120 120 120 129 120 120 120 109 109 100 100 109 109 109 120
12 15 120 109 120 120 120 120 109 109 109 109 120 120 129 120 109 109 109 100 90 100 100 109 100 100
12 16 120 109 100 109 109 109 100 109 109 109 120 109 120 109 109 100 100 100 90 90 100 109 100 100
12 17 100 109 100 109 109 109 100 100 104 109 120 109 120 109 90 100 90 100 90 90 100 100 100 90
12 18 90 100 100 100 90 100 100 100 100 100 109 100 109 100 90 90 90 90 81 81 81 100 90 90
12 19 81 90 90 90 90 90 100 90 100 100 100 100 100 90 81 90 90 81 81 81 81 100 90 90
12 20 81 90 90 90 90 90 90 90 100 100 109 100 100 90 90 90 90 90 81 81 90 100 100 90
12 21 90 100 100 90 90 90 100 100 100 100 109 109 109 100 90 90 90 90 90 81 90 100 100 90
12 22 81 100 100 90 90 90 100 100 100 100 109 109 109 100 90 90 90 100 90 90 100 100 100 100
12 23 81 90 90 90 90 90 90 90 90 100 100 100 90 90 81 81 81 81 81 81 81 90 90 90
12 24 81 90 90 90 90 90 90 90 90 100 109 100 100 90 81 81 81 81 81 81 81 90 90 90
12 25 81 90 90 90 90 90 90 90 90 100 109 109 100 100 90 90 90 81 81 81 81 90 90 90
12 26 90 90 90 90 90 100 100 100 100 100 109 100 100 100 90 90 90 81 81 90 90 100 100 90
12 27 90 100 90 90 90 90 100 90 90 100 120 109 109 100 100 100 90 100 90 100 100 100 109 109
12 28 100 109 100 100 100 109 100 100 100 109 120 120 120 109 100 100 90 100 90 100 100 100 109 109
12 29 100 109 100 100 100 109 100 100 100 109 120 109 109 100 100 100 90 100 90 90 100 100 109 109
12 30 90 109 100 100 100 109 109 100 100 109 120 109 109 100 100 100 100 100 90 100 100 100 109 109
12 31 100 109 109 109 109 109 109 109 100 109 120 120 120 109 104 109 109 100 100 100 100 100 109 109
