01 01 -9999 309 309 307 300 300 300 300 291 320 351 351 360 360 360 360 360 360 351 340 340 331 331 320
01 02 -9999 309 309 309 300 302 300 300 300 320 351 351 360 360 360 360 370 360 351 351 340 331 331 320
01 03 -9999 320 309 309 300 302 302 300 300 331 351 356 360 360 360 360 370 370 351 351 340 340 331 320
01 04 -9999 320 309 309 300 302 300 300 300 324 351 351 360 360 360 370 370 360 351 351 340 331 331 320
01 05 -9999 309 309 309 300 300 291 300 295 320 351 351 360 360 360 360 370 360 351 340 340 331 331 320
01 06 -9999 309 302 309 300 300 291 300 295 320 351 351 360 360 360 370 370 360 351 340 340 331 331 320
01 07 -9999 309 302 309 300 300 291 300 295 320 351 351 360 360 360 360 360 360 351 340 340 338 331 320
01 08 315 309 302 307 300 300 291 300 289 320 351 351 360 360 360 360 360 360 351 351 340 338 331 320
01 09 320 309 302 307 300 300 291 300 289 320 351 351 360 360 360 360 360 370 351 343 340 340 331 320
01 10 320 309 309 309 300 300 289 289 289 320 351 351 360 360 360 360 360 363 360 343 340 340 331 320
01 11 320 309 302 302 300 300 289 289 289 320 351 351 356 360 360 360 360 370 360 351 340 340 331 320
01 12 320 309 309 302 300 300 289 289 289 320 351 351 356 360 360 360 365 370 360 351 340 340 331 320
01 13 320 309 302 302 300 300 289 289 289 320 340 340 351 356 360 360 360 370 360 351 340 340 331 320
01 14 311 309 302 302 300 295 291 289 289 320 340 340 351 356 360 360 360 370 356 351 340 338 331 320
01 15 311 309 300 300 295 289 289 289 289 320 340 340 351 360 360 360 360 370 356 351 340 331 331 320
01 16 320 309 300 300 291 289 289 289 289 320 340 338 351 351 356 360 360 370 356 351 340 331 331 320
01 17 320 309 300 300 295 289 289 289 289 320 340 338 351 351 356 360 360 363 351 347 338 331 331 320
01 18 320 309 300 300 289 289 289 280 282 320 340 331 343 351 356 360 360 360 356 351 340 331 331 320
01 19 320 309 300 300 289 289 289 284 284 320 340 338 351 351 356 360 360 360 356 347 340 331 331 320
01 20 320 309 309 300 300 300 298 289 289 320 340 340 351 351 356 360 360 363 356 351 340 338 331 329
01 21 322 315 309 302 300 300 300 293 289 327 340 340 351 351 356 360 360 370 356 351 340 338 331 331
01 22 320 315 309 302 300 300 300 293 289 331 340 340 351 351 356 360 360 360 356 351 340 338 331 329
01 23 320 315 309 302 300 300 300 289 289 331 340 340 351 351 356 360 360 360 356 351 340 338 331 329
01 24 320 316 309 302 300 300 300 289 289 331 340 340 351 356 356 360 360 360 351 351 340 338 331 331
01 25 320 320 309 302 300 300 300 300 300 331 340 340 351 356 356 360 360 360 351 351 340 331 331 320
01 26 320 320 309 302 300 300 300 300 300 331 340 340 351 351 356 360 360 360 351 351 340 331 331 320
01 27 320 320 309 302 300 300 300 300 289 331 340 340 351 351 356 360 360 360 351 351 340 331 320 320
01 28 320 320 302 300 300 300 300 293 289 331 340 340 351 351 356 356 356 356 351 351 340 331 320 320
01 29 320 316 300 300 300 300 298 289 282 331 338 340 351 351 360 360 360 360 351 347 340 331 320 320
01 30 311 316 302 300 300 300 300 289 282 327 336 338 351 351 356 360 360 360 351 347 338 331 320 320
01 31 309 316 302 300 300 300 300 289 280 320 331 338 351 351 360 360 360 360 351 340 338 331 320 320
02 01 309 309 300 300 300 289 289 280 280 320 331 331 343 351 351 360 360 360 351 340 340 331 320 320
02 02 309 309 309 300 300 300 289 289 280 320 331 331 351 356 356 360 360 360 351 340 340 331 320 320
02 03 309 309 302 300 300 289 289 289 280 320 331 331 351 351 356 360 360 360 351 340 340 331 331 320
02 04 309 309 309 300 300 289 289 289 280 320 331 338 351 356 356 360 360 360 351 351 340 331 331 320
02 05 309 309 309 300 300 289 289 284 280 320 331 331 351 356 360 360 360 360 351 351 340 331 331 320
02 06 309 309 309 300 300 289 289 284 280 320 324 331 351 360 360 360 360 360 360 351 340 331 331 320
02 07 309 309 309 300 300 289 289 289 280 320 320 331 340 356 356 360 360 360 351 351 340 331 331 320
02 08 311 309 309 300 300 289 289 289 282 320 320 331 340 351 351 360 360 360 356 351 340 331 331 331
02 09 320 309 309 300 300 289 289 289 289 320 331 331 340 351 351 360 360 360 360 351 340 340 331 331
02 10 320 309 309 300 300 300 289 289 289 320 331 331 340 351 351 360 360 360 360 351 340 340 331 331
02 11 320 309 309 300 300 300 289 289 300 331 331 338 340 351 351 360 360 360 360 351 340 340 331 331
02 12 320 320 320 309 300 300 300 300 300 331 331 338 351 351 351 360 360 370 360 351 351 340 331 331
02 13 320 320 320 309 300 300 300 300 302 331 331 338 351 356 351 360 360 370 360 351 351 340 331 331
02 14 320 320 320 309 300 300 300 300 309 331 338 340 351 356 351 360 360 370 360 351 351 340 340 338
02 15 320 320 320 309 309 300 300 300 309 340 340 340 351 360 351 360 360 370 370 351 351 340 340 340
02 16 331 331 320 309 309 302 302 300 309 340 340 340 351 360 360 360 360 370 360 351 351 340 340 340
02 17 331 331 320 311 309 302 302 300 309 340 340 340 351 360 356 360 360 370 360 351 351 340 340 340
02 18 331 331 320 320 309 309 302 300 309 340 340 340 351 351 351 360 351 370 360 351 351 340 331 331
02 19 320 331 320 309 300 302 300 289 309 340 331 340 340 351 351 360 351 360 351 351 351 340 331 331
02 20 320 320 320 309 300 300 300 289 309 340 338 340 351 351 351 360 351 360 351 351 351 340 331 331
02 21 331 320 320 311 300 302 300 300 309 340 340 340 351 351 356 360 360 370 351 351 351 340 340 340
02 22 331 331 331 320 320 309 309 309 320 340 340 351 360 370 360 360 360 370 370 360 351 351 340 340
02 23 340 338 331 331 320 309 309 309 320 351 340 351 360 370 367 360 360 370 370 360 351 351 340 340
02 24 340 338 331 331 320 311 311 309 320 351 351 351 360 370 370 360 360 370 370 360 360 351 351 340
02 25 338 338 331 331 320 320 311 309 320 351 351 351 360 370 370 360 360 370 370 360 360 351 351 340
02 26 338 338 331 331 320 320 320 309 320 351 351 356 360 370 370 370 370 370 370 360 360 351 351 340
02 27 331 338 331 331 320 311 309 309 320 351 351 360 360 370 370 370 370 370 370 370 360 360 351 351
02 28 340 338 331 331 320 320 309 309 320 351 360 360 360 370 370 370 370 374 370 370 360 360 351 351
03 01 340 338 331 331 320 320 320 320 331 351 360 360 360 370 370 370 370 370 370 370 360 360 351 351
03 02 340 338 333 331 331 320 320 320 331 351 360 360 360 370 370 370 370 370 370 370 370 360 351 351
03 03 340 338 333 331 320 320 311 320 331 351 360 360 360 370 370 370 370 370 370 370 370 360 351 351
03 04 340 340 338 331 322 320 320 320 338 351 360 360 370 370 372 370 370 370 370 370 370 360 351 351
03 05 351 340 338 331 331 320 320 320 340 358 360 367 370 370 370 378 379 374 374 370 370 360 356 351
03 06 351 340 338 331 331 320 320 320 340 360 360 370 370 370 370 378 379 372 374 370 374 367 356 356
03 07 351 340 340 331 331 320 320 320 340 360 360 370 370 370 370 378 379 370 374 370 374 367 356 356
03 08 351 340 340 331 331 320 320 320 340 360 360 370 370 370 370 376 379 370 370 370 370 367 356 356
03 09 351 340 340 331 331 320 320 320 340 361 360 370 374 370 370 370 379 370 370 370 370 360 356 351
03 10 351 340 340 331 331 320 320 320 342 370 360 370 379 379 372 378 379 374 374 370 370 365 356 356
03 11 351 340 340 331 331 331 320 320 345 370 360 370 379 379 372 378 379 378 374 370 374 370 360 360
03 12 351 342 340 331 331 324 320 320 351 370 363 370 379 379 372 378 379 378 374 374 374 370 360 360
03 13 351 351 340 333 331 331 320 322 351 370 369 370 379 379 374 379 379 379 379 374 379 370 360 360
03 14 356 351 340 338 331 331 320 325 351 370 369 370 379 379 379 379 379 374 379 374 374 370 360 360
03 15 351 351 340 340 331 331 325 331 351 361 369 370 379 379 379 379 379 372 374 370 370 370 360 360
03 16 356 351 340 340 338 331 320 331 351 360 369 370 379 379 379 379 379 379 374 370 374 370 370 360
03 17 360 351 340 340 340 331 331 331 351 370 370 374 379 379 379 379 379 379 379 374 379 370 370 360
03 18 356 351 340 340 340 338 331 331 360 370 370 379 379 379 390 390 379 379 379 374 379 370 370 360
03 19 356 351 351 340 340 340 331 340 370 370 379 379 379 390 390 390 390 379 379 379 379 370 370 360
03 20 360 351 340 340 340 338 331 340 370 370 379 379 379 390 390 390 390 379 379 379 379 370 370 360
03 21 360 351 340 340 340 338 331 340 370 370 379 379 379 390 390 390 379 379 379 379 379 370 370 360
03 22 360 351 351 340 340 338 331 340 370 370 379 379 379 390 390 390 379 379 379 374 379 370 370 360
03 23 360 351 351 340 340 331 329 340 360 370 372 379 379 390 390 390 379 379 379 370 379 370 370 360
03 24 360 351 340 340 331 331 325 340 360 370 370 379 379 379 388 390 379 379 379 370 379 370 360 360
03 25 360 351 340 340 331 331 320 338 360 361 370 379 379 379 379 379 379 379 374 370 379 370 360 360
03 26 360 351 340 340 331 331 320 331 360 360 370 379 379 379 379 379 379 379 374 370 379 370 360 360
03 27 360 351 340 340 331 331 320 331 360 360 372 379 379 379 379 379 379 374 374 370 379 370 360 360
03 28 360 351 340 340 331 331 320 331 360 360 370 379 379 379 379 379 379 370 374 370 370 370 360 360
03 29 360 351 340 340 331 331 320 338 360 360 370 379 379 379 379 379 379 374 374 370 379 370 360 360
03 30 360 351 340 340 331 331 320 338 360 360 370 379 379 379 379 379 379 379 374 370 379 370 370 360
03 31 360 351 340 340 338 331 320 338 363 360 372 379 379 379 379 379 379 374 374 370 379 370 360 360
04 01 360 351 340 340 331 331 320 338 360 360 370 379 379 379 379 379 379 370 374 370 379 370 360 360
04 02 360 351 340 340 331 331 320 338 360 360 370 379 379 379 379 379 379 370 374 370 379 370 360 360
04 03 360 351 340 340 331 331 320 338 360 360 370 379 379 379 379 379 379 370 374 376 379 370 360 360
04 04 360 351 340 340 338 331 320 340 360 360 370 379 379 379 379 379 379 379 379 379 379 370 370 360
04 05 360 351 351 340 331 331 320 340 363 360 370 379 379 379 379 379 379 379 379 379 379 374 370 360
04 06 360 351 351 340 340 331 320 340 370 360 374 379 390 379 379 379 379 379 379 379 379 374 370 360
04 07 360 351 351 340 340 331 325 340 370 370 379 390 390 387 379 379 379 379 379 379 379 374 370 360
04 08 370 351 351 340 340 331 325 340 370 370 379 390 390 390 379 379 379 379 379 379 379 374 370 370
04 09 370 352 351 351 340 331 331 351 370 374 379 390 390 390 379 390 379 379 379 379 379 374 374 370
04 10 370 360 351 351 340 340 331 351 370 379 379 390 390 390 385 390 390 379 379 379 379 379 374 370
04 11 370 360 351 351 349 340 331 360 370 379 379 390 390 390 390 390 390 379 379 379 379 379 379 370
04 12 370 360 351 351 343 340 331 360 379 379 379 390 392 392 390 390 390 390 390 385 379 379 379 370
04 13 370 360 360 351 351 340 338 360 379 379 390 399 399 399 397 390 390 390 390 390 390 390 379 374
04 14 370 360 360 360 351 340 340 370 379 379 390 399 399 399 399 390 390 390 390 390 390 390 379 379
04 15 374 370 360 360 351 340 340 370 379 390 390 399 399 399 399 390 392 390 390 390 390 390 379 379
04 16 379 370 360 360 351 340 340 370 379 390 390 399 399 399 399 396 399 399 390 390 390 390 383 379
04 17 379 370 370 360 351 351 351 370 379 390 390 399 399 399 399 399 399 399 390 390 390 390 383 379
04 18 379 370 370 360 351 351 351 374 379 390 392 399 399 399 399 399 399 399 390 390 390 390 390 379
04 19 379 370 370 360 351 351 351 379 379 390 399 399 399 399 410 399 399 399 390 390 390 390 390 379
04 20 379 370 370 360 360 351 351 379 390 392 399 406 410 399 410 410 399 399 399 390 390 390 390 379
04 21 379 370 370 369 360 351 351 379 390 399 399 410 410 410 410 410 399 399 399 390 392 392 390 390
04 22 379 374 370 370 360 351 351 379 390 399 399 410 410 410 410 410 410 399 399 399 392 392 390 390
04 23 379 374 370 370 360 351 358 379 390 399 399 410 410 410 410 410 410 410 399 399 399 399 390 390
04 24 379 379 370 370 360 360 358 390 392 399 410 410 410 410 410 410 410 410 399 399 399 399 390 390
04 25 379 379 370 370 360 360 360 390 399 399 410 410 410 410 421 421 410 410 399 399 399 399 392 390
04 26 390 379 370 370 363 360 360 390 399 399 410 410 421 421 421 421 410 410 410 399 399 399 399 390
04 27 390 379 378 370 370 360 360 399 399 399 410 410 421 421 421 421 410 410 410 410 399 399 399 390
04 28 390 379 379 370 370 360 360 399 403 399 410 410 421 421 421 421 410 410 410 410 399 399 399 390
04 29 390 379 379 370 370 360 370 399 410 410 410 415 421 421 421 421 410 410 410 406 399 399 399 390
04 30 379 379 379 370 370 360 370 399 410 410 410 415 421 421 421 421 410 410 410 399 399 399 399 390
05 01 379 379 374 370 370 360 361 399 410 410 410 410 421 421 421 421 421 410 410 399 399 399 399 390
05 02 379 379 370 370 363 360 360 399 410 410 421 421 421 421 421 421 421 410 410 410 410 399 399 390
05 03 379 379 370 370 360 360 370 399 410 410 421 421 421 421 421 421 421 414 410 410 410 399 399 390
05 04 379 379 374 370 360 360 370 399 410 410 421 421 421 421 421 421 421 421 410 410 410 399 399 390
05 05 390 379 374 370 363 360 370 410 410 419 421 421 428 428 423 428 421 421 410 410 410 410 399 390
05 06 390 379 378 370 365 360 370 410 410 421 421 426 430 430 428 428 421 421 410 410 410 410 399 390
05 07 390 379 378 370 370 360 374 410 410 421 421 428 430 430 430 430 424 421 421 410 410 410 399 399
05 08 390 387 379 370 370 361 379 410 410 421 428 430 430 430 430 430 428 421 421 421 421 410 399 399
05 09 390 388 379 374 370 361 379 421 421 421 428 430 430 430 430 430 428 428 421 421 421 410 399 399
05 10 392 390 379 374 370 365 379 421 421 421 430 430 430 437 430 430 430 428 423 421 421 410 410 399
05 11 392 390 379 374 370 369 379 421 421 421 430 430 430 441 437 430 430 428 428 421 421 410 410 399
05 12 397 390 379 376 370 370 379 421 421 428 430 430 441 441 441 439 430 430 430 421 421 410 410 410
05 13 399 390 390 379 370 370 390 421 428 430 430 430 441 441 441 441 430 430 430 430 421 421 410 410
05 14 399 390 390 379 374 370 390 421 430 430 430 439 441 441 441 441 433 430 430 430 421 421 410 410
05 15 399 392 390 379 379 370 390 428 430 430 430 441 441 441 441 441 441 441 430 430 428 421 421 410
05 16 399 392 390 390 379 370 390 430 430 430 441 441 441 446 441 448 441 441 430 430 430 421 421 410
05 17 410 399 399 390 379 379 399 430 435 441 441 446 450 450 450 450 441 441 441 430 430 428 421 421
05 18 410 399 399 394 390 379 399 430 441 441 446 450 450 450 450 450 446 441 441 430 430 428 421 421
05 19 410 410 399 399 390 379 410 430 441 441 448 450 450 450 450 450 450 446 441 441 430 430 428 421
05 20 410 410 399 399 399 390 410 441 441 446 450 450 450 460 460 450 450 450 441 441 432 430 430 421
05 21 410 410 399 399 399 390 421 441 450 450 450 450 450 460 460 460 450 450 441 441 441 430 430 421
05 22 410 410 399 399 399 390 421 441 450 450 450 450 460 460 460 460 450 450 441 441 441 430 430 421
05 23 421 410 405 399 399 390 421 441 450 450 459 460 460 460 460 460 450 450 441 441 441 430 430 421
05 24 421 410 410 410 399 399 421 446 450 450 460 460 460 460 460 460 457 450 441 441 441 430 430 428
05 25 421 417 410 410 399 399 421 450 450 460 460 460 460 460 460 460 460 450 441 444 441 441 441 430
05 26 428 421 410 410 399 399 421 450 450 460 460 460 460 460 460 460 460 450 441 446 441 441 441 430
05 27 430 421 410 410 401 399 421 450 460 460 460 460 460 460 460 460 460 450 441 450 441 441 441 430
05 28 430 421 410 410 410 399 421 450 460 460 460 460 460 464 460 460 460 450 444 450 441 444 441 430
05 29 430 421 410 410 410 399 421 450 460 460 460 460 468 464 468 460 460 450 450 450 450 450 441 430
05 30 430 423 421 410 410 406 430 450 460 460 460 460 469 469 469 460 460 450 450 450 450 450 441 433
05 31 430 430 421 410 410 410 430 450 460 460 460 469 469 469 469 464 460 460 457 450 450 450 441 441
06 01 430 430 421 410 410 410 430 450 460 460 464 469 469 469 469 464 460 460 457 450 450 450 441 441
06 02 430 430 421 410 410 408 432 451 460 464 468 469 469 469 469 464 460 460 460 453 450 450 441 441
06 03 430 430 421 410 410 410 432 453 460 464 469 469 469 469 469 466 464 460 460 459 457 450 446 441
06 04 430 430 421 410 410 410 432 453 460 469 469 469 469 469 469 469 468 460 460 460 460 450 448 441
06 05 433 430 421 410 410 410 432 451 460 469 469 469 475 469 469 469 469 460 460 460 460 450 450 441
06 06 441 430 426 421 410 410 441 460 460 469 480 477 480 469 469 469 469 460 460 460 460 450 450 441
06 07 441 430 430 421 412 410 441 460 460 469 480 480 480 469 469 469 469 464 460 460 460 450 450 441
06 08 -9999 430 430 421 410 410 441 460 464 469 480 480 480 469 469 469 469 469 460 460 460 453 450 441
06 09 -9999 430 430 421 412 410 441 460 469 469 480 480 480 469 469 469 469 469 460 460 460 450 450 441
06 10 -9999 430 430 410 412 410 441 460 469 469 480 480 480 477 469 469 469 469 460 460 460 450 450 441
06 11 -9999 430 430 421 421 410 441 460 469 469 480 480 480 477 480 469 469 469 460 460 460 450 450 441
06 12 -9999 430 430 421 421 410 441 460 469 469 480 480 480 480 480 480 469 469 460 460 460 455 450 442
06 13 -9999 430 430 421 421 410 441 460 469 475 480 480 480 480 480 480 469 469 464 460 460 460 450 450
06 14 -9999 430 430 421 421 410 441 464 469 480 480 480 480 480 480 480 480 469 469 464 460 460 450 450
06 15 -9999 430 430 421 421 410 446 469 469 480 480 480 482 480 480 480 480 469 469 464 460 460 450 450
06 16 -9999 430 430 421 421 410 450 469 469 480 480 480 482 482 480 480 480 469 469 464 460 460 450 450
06 17 -9999 430 430 421 421 410 446 469 469 480 480 480 482 482 480 480 480 469 469 464 460 460 450 450
06 18 -9999 430 430 421 421 410 450 469 469 480 480 480 482 482 482 480 480 480 469 469 460 460 450 450
06 19 -9999 441 430 421 421 410 450 469 473 480 480 482 482 489 489 480 480 480 469 469 464 460 450 450
06 20 -9999 441 430 428 421 417 450 469 480 480 482 482 482 489 489 482 480 480 469 469 469 460 450 450
06 21 -9999 441 430 421 421 410 450 469 480 480 480 482 482 489 489 482 480 480 469 469 464 460 450 450
06 22 -9999 441 430 428 421 417 450 469 480 480 482 489 482 489 489 489 480 480 469 469 469 460 450 450
06 23 -9999 441 441 430 421 421 450 480 480 480 489 489 489 489 489 489 480 480 480 469 469 460 455 450
06 24 -9999 441 441 430 421 421 450 480 480 480 489 489 489 489 489 489 482 480 480 477 469 460 460 450
06 25 -9999 441 441 430 428 421 460 480 482 489 489 489 489 489 489 489 489 480 480 480 469 469 460 460
06 26 -9999 450 441 430 430 428 460 480 486 489 489 489 489 500 489 489 489 489 480 480 469 469 464 460
06 27 -9999 450 441 441 430 430 460 480 489 489 489 489 489 500 489 489 489 489 480 480 477 469 468 460
06 28 -9999 450 441 441 430 430 460 482 489 489 489 489 489 500 498 489 489 489 480 480 480 469 468 460
06 29 -9999 450 441 441 430 430 460 482 489 489 489 495 489 500 500 489 489 489 480 480 480 469 469 460
06 30 -9999 450 450 441 437 430 460 489 489 489 500 500 489 500 500 489 489 489 482 480 480 469 469 460
07 01 -9999 450 450 441 441 435 460 489 489 489 500 500 500 500 500 498 489 489 484 480 480 469 469 464
07 02 -9999 450 450 446 441 441 464 489 489 500 500 500 500 500 500 500 489 489 489 480 480 469 469 464
07 03 -9999 450 450 446 441 441 466 489 489 500 500 500 500 500 500 500 489 489 489 480 480 469 469 469
07 04 -9999 450 450 446 441 441 469 489 500 500 500 500 500 500 500 500 489 489 489 482 482 480 469 469
07 05 -9999 460 450 450 446 441 469 489 491 500 500 500 500 500 500 500 489 489 489 482 482 480 469 469
07 06 -9999 460 450 450 446 441 469 489 500 500 500 500 500 500 500 500 500 489 489 489 482 480 480 469
07 07 -9999 460 460 450 450 446 469 500 500 500 500 500 500 500 500 500 500 498 489 489 482 480 480 469
07 08 -9999 460 460 450 450 446 469 500 500 500 500 500 500 500 500 500 500 498 489 489 482 480 480 469
07 09 -9999 464 460 460 450 450 471 500 500 500 500 500 500 500 500 500 500 495 489 489 482 480 480 473
07 10 -9999 464 460 460 450 450 480 500 500 500 500 500 500 500 500 500 500 500 489 489 489 480 480 480
07 11 -9999 464 460 460 450 450 480 500 500 500 500 500 511 500 500 500 500 500 489 489 489 480 480 480
07 12 -9999 464 460 460 450 450 469 500 500 500 500 500 509 500 500 500 500 500 489 489 489 480 480 480
07 13 -9999 464 464 460 450 450 469 500 500 500 500 509 509 500 500 500 500 500 489 489 489 480 480 480
07 14 -9999 469 469 460 460 450 480 500 500 500 500 509 511 500 500 500 500 500 489 489 489 482 480 480
07 15 -9999 469 469 469 460 460 480 500 500 500 500 511 511 500 500 500 500 500 489 489 489 489 482 480
07 16 -9999 469 469 469 460 460 480 500 500 500 500 511 511 511 500 500 500 500 500 489 489 489 482 480
07 17 -9999 469 469 469 464 460 480 500 500 500 500 509 511 509 500 500 500 500 500 489 489 489 489 480
07 18 -9999 478 469 469 469 460 480 500 500 500 500 500 511 509 500 500 500 500 500 489 489 489 489 480
07 19 -9999 478 469 469 460 460 480 500 500 500 500 511 509 509 500 500 500 500 500 489 489 489 489 482
07 20 -9999 480 469 469 464 460 480 500 500 500 500 511 509 500 511 500 500 500 500 489 489 489 489 482
07 21 -9999 480 469 469 464 464 480 500 500 500 505 511 500 500 505 500 500 500 500 489 489 489 489 482
07 22 -9999 480 469 469 469 464 480 500 500 500 505 511 500 500 500 500 500 500 500 489 489 489 489 482
07 23 -9999 469 469 469 460 460 480 500 500 500 511 511 511 500 511 500 500 500 500 500 489 489 489 489
07 24 -9999 469 469 469 460 460 480 500 500 500 511 511 511 500 511 500 500 500 500 500 489 489 489 489
07 25 -9999 469 469 469 460 460 480 500 500 500 511 511 511 511 511 500 500 500 500 500 500 489 489 489
07 26 -9999 469 469 469 460 460 480 500 511 511 511 511 511 511 511 511 500 500 500 500 500 489 489 489
07 27 -9999 469 469 469 464 464 480 500 511 511 511 511 511 511 511 511 500 500 500 500 500 489 489 489
07 28 -9999 480 480 469 469 469 480 500 511 511 511 511 511 511 511 511 511 500 500 500 500 489 489 489
07 29 -9999 480 480 469 464 464 480 500 511 511 511 511 511 511 511 511 511 500 500 500 500 489 489 489
07 30 -9999 480 469 469 460 460 480 500 511 511 511 511 511 511 511 511 511 500 500 500 500 489 489 489
07 31 -9999 480 469 469 460 460 480 500 511 511 511 511 511 511 511 511 511 500 500 500 500 489 489 489
08 01 -9999 480 469 464 460 460 480 500 511 511 511 511 511 511 511 511 511 500 500 500 500 500 489 482
08 02 -9999 469 464 460 460 460 480 500 511 511 511 511 511 511 511 511 511 500 500 500 500 500 489 482
08 03 -9999 469 469 464 460 460 480 500 511 511 511 516 511 511 511 511 511 511 500 500 500 500 489 482
08 04 -9999 469 464 460 460 460 469 500 511 511 511 518 511 511 511 511 511 511 500 500 500 500 489 482
08 05 -9999 469 464 460 460 460 464 500 511 511 511 518 518 511 511 511 511 511 500 500 500 489 489 482
08 06 -9999 469 464 460 460 460 464 500 511 511 511 518 518 511 511 511 511 511 500 500 500 489 489 489
08 07 -9999 469 469 460 460 460 464 500 511 511 511 518 511 511 511 511 511 511 500 500 500 500 489 482
08 08 -9999 469 469 460 460 464 469 500 511 511 511 518 518 511 511 511 511 511 500 500 500 500 489 484
08 09 -9999 469 469 460 460 464 464 500 511 511 511 511 511 511 511 511 511 511 509 500 500 500 489 484
08 10 -9999 471 469 464 460 464 464 500 511 511 511 511 518 511 511 511 511 511 511 500 500 500 489 489
08 11 -9999 469 469 460 460 460 460 500 511 511 511 511 518 518 511 511 511 511 511 500 500 500 489 489
08 12 -9999 469 469 460 460 460 460 500 511 511 511 511 518 518 511 511 511 511 500 500 500 489 489 489
08 13 -9999 469 469 460 460 460 460 500 511 511 511 511 518 518 511 511 511 511 500 500 500 489 489 489
08 14 -9999 469 469 460 460 464 464 500 511 511 511 511 511 511 511 511 511 511 500 500 500 489 489 484
08 15 -9999 471 469 460 460 464 464 500 511 511 511 511 511 511 511 511 511 511 511 500 500 489 489 489
08 16 -9999 480 469 460 464 464 464 500 511 511 511 511 511 511 511 511 511 511 509 500 500 489 489 489
08 17 -9999 480 469 464 464 464 464 500 511 511 511 511 511 511 511 511 511 511 500 500 500 489 489 482
08 18 -9999 471 469 460 460 460 460 500 511 511 511 511 511 511 511 511 511 511 500 500 500 489 489 482
08 19 -9999 469 469 460 460 460 460 500 511 511 511 511 511 511 511 511 511 511 500 500 500 489 489 482
08 20 -9999 469 469 460 460 460 464 500 500 511 511 511 511 511 511 511 511 511 500 500 500 489 489 480
08 21 -9999 469 469 460 460 460 460 500 500 511 511 511 511 511 511 511 511 511 500 500 500 489 489 480
08 22 -9999 469 469 460 460 460 460 500 500 511 511 511 511 511 511 511 511 511 500 500 500 489 489 480
08 23 -9999 469 462 460 460 460 460 500 500 511 511 511 511 511 511 511 511 511 500 500 500 489 489 480
08 24 -9999 469 460 460 455 450 450 489 500 511 511 511 511 511 511 511 511 511 500 500 500 489 482 480
08 25 -9999 460 460 450 450 450 450 489 500 511 511 511 511 511 511 511 511 511 500 500 500 489 482 480
08 26 -9999 464 460 450 450 450 450 489 500 511 511 511 511 511 511 511 511 511 500 500 500 489 480 480
08 27 -9999 460 460 450 450 450 450 489 500 511 511 511 511 511 511 511 511 511 500 500 500 489 480 480
08 28 -9999 460 460 450 450 450 450 482 500 511 511 511 511 511 511 511 511 511 500 500 500 480 480 480
08 29 -9999 460 460 450 450 450 446 482 500 504 511 511 511 511 511 511 500 500 500 500 489 480 480 469
08 30 -9999 460 450 450 446 446 441 480 500 500 511 511 511 511 511 511 500 500 500 500 489 480 480 469
08 31 -9999 460 450 450 441 441 441 480 500 500 511 511 511 511 511 511 500 500 500 489 489 480 480 469
09 01 -9999 450 450 446 441 441 441 480 500 500 500 500 511 511 511 504 500 500 500 489 489 480 480 469
09 02 -9999 450 450 446 441 441 441 469 500 500 500 500 502 500 500 500 500 500 500 489 489 480 480 469
09 03 -9999 450 450 446 441 441 441 469 500 500 500 500 500 500 500 500 500 500 500 489 489 480 469 464
09 04 -9999 450 450 446 441 441 441 469 500 500 500 500 500 500 500 500 500 500 500 489 482 480 469 464
09 05 -9999 450 450 441 441 430 430 464 489 500 500 500 500 500 500 500 500 500 489 482 482 480 469 464
09 06 -9999 450 441 441 430 430 430 460 489 500 500 500 500 500 500 500 489 500 489 482 482 469 464 460
09 07 -9999 450 441 441 430 430 430 460 489 500 500 500 500 500 500 500 489 489 489 482 480 469 464 460
09 08 -9999 446 441 441 430 430 430 460 489 489 500 500 500 489 500 500 489 489 489 482 480 469 460 460
09 09 -9999 446 441 430 430 430 430 460 489 489 489 489 489 489 489 500 489 489 489 480 480 469 460 460
09 10 -9999 446 441 430 428 428 430 460 482 489 489 489 489 489 489 489 489 489 489 480 480 469 460 460
09 11 446 441 441 430 428 428 428 450 482 489 489 489 489 489 489 489 489 480 489 480 469 469 460 460
09 12 446 441 441 430 428 421 428 450 480 489 489 489 489 489 489 489 489 480 489 480 469 469 460 450
09 13 446 441 430 428 421 421 421 450 480 489 489 489 489 482 489 489 482 480 482 480 469 464 460 450
09 14 441 441 430 428 421 421 421 446 480 482 489 489 489 482 489 482 482 480 482 480 469 460 460 450
09 15 441 441 428 421 421 410 410 441 480 482 482 482 489 480 482 482 480 480 480 480 469 460 460 450
09 16 -9999 430 428 421 421 410 410 441 480 482 480 482 480 480 480 480 480 480 480 469 469 460 450 446
09 17 -9999 430 421 410 410 410 410 430 480 480 480 480 480 469 480 480 480 480 480 469 464 460 450 441
09 18 -9999 421 421 410 410 410 399 430 469 480 480 480 480 469 469 469 469 480 480 469 464 450 450 441
09 19 -9999 421 421 410 410 399 399 428 469 480 480 480 480 469 469 469 469 469 480 469 460 450 450 441
09 20 -9999 428 421 410 410 399 399 421 469 480 480 480 480 469 480 469 469 480 480 469 460 450 448 441
09 21 -9999 426 421 410 410 399 399 421 469 480 480 480 480 469 469 469 469 469 469 469 460 450 446 441
09 22 -9999 428 421 419 410 410 406 421 469 469 480 469 480 469 469 464 469 469 469 469 460 450 446 441
09 23 -9999 426 421 410 410 399 399 421 464 469 480 469 480 469 469 464 469 469 469 469 460 450 446 441
09 24 -9999 426 421 410 410 399 399 421 464 469 469 469 469 469 469 464 469 469 469 469 460 450 446 441
09 25 -9999 426 421 410 410 399 399 421 464 469 469 469 469 469 469 460 464 469 469 469 460 450 446 441
09 26 -9999 421 421 410 410 399 399 421 460 469 469 469 469 469 469 460 469 469 469 469 460 450 446 441
09 27 -9999 421 419 410 399 399 392 410 460 464 469 469 469 469 469 460 464 469 469 464 460 450 444 441
09 28 -9999 421 410 410 399 399 392 410 460 460 469 469 469 469 469 460 469 469 469 464 460 450 441 441
09 29 -9999 421 410 410 399 399 392 410 460 460 469 469 464 464 460 450 464 469 469 464 460 450 441 430
09 30 -9999 421 410 410 399 399 390 399 450 460 469 462 460 460 460 450 464 469 469 460 460 450 441 441
10 01 -9999 421 410 410 399 399 390 399 450 460 469 462 464 460 469 460 468 469 469 464 460 450 441 441
10 02 -9999 421 419 410 410 399 399 399 450 450 460 460 464 464 469 460 469 469 469 464 460 450 441 441
10 03 -9999 421 410 410 399 399 390 399 446 450 460 460 460 464 460 460 464 469 464 460 450 446 441 430
10 04 -9999 410 410 399 399 392 390 392 446 450 460 460 460 460 460 460 460 460 460 460 450 441 441 430
10 05 -9999 410 410 399 392 390 390 390 441 446 450 450 450 460 460 450 450 460 460 460 450 441 441 428
10 06 428 410 410 399 392 390 390 390 441 446 450 450 450 460 460 450 450 460 460 460 450 441 441 428
10 07 424 410 399 399 392 390 379 379 441 441 450 450 450 460 460 450 450 450 460 450 446 441 430 428
10 08 421 410 399 392 390 390 379 379 441 441 446 450 450 450 450 446 450 450 451 450 441 430 430 421
10 09 421 410 399 392 390 390 379 379 441 441 441 446 446 450 450 446 446 450 450 450 441 430 428 421
10 10 421 399 399 390 390 390 379 379 430 441 441 446 446 446 450 446 446 450 450 450 441 430 421 421
10 11 417 399 399 390 390 385 379 379 430 441 441 446 446 446 450 446 450 450 450 450 441 430 421 421
10 12 417 399 399 390 390 390 379 379 430 441 446 446 450 446 450 446 446 450 450 450 441 430 421 421
10 13 410 399 399 390 390 381 374 379 430 441 446 446 450 446 450 446 446 450 450 450 441 430 421 417
10 14 410 399 396 390 390 379 374 379 430 441 441 446 450 446 450 446 446 450 450 448 441 428 421 410
10 15 -9999 399 399 392 390 379 379 379 430 441 441 446 450 450 450 446 446 450 450 446 441 428 421 410
10 16 399 399 392 390 390 379 374 379 430 441 441 446 450 446 446 446 441 450 450 441 430 421 421 410
10 17 399 399 392 390 388 379 374 379 430 441 441 446 446 446 446 446 441 446 446 441 430 421 421 410
10 18 399 399 390 390 388 379 374 379 430 441 441 441 446 446 446 446 446 450 450 441 430 421 421 410
10 19 399 399 390 390 388 379 374 379 428 441 441 441 446 446 446 446 446 446 450 441 430 421 410 410
10 20 399 394 390 390 379 374 374 370 424 430 441 435 444 441 446 446 441 446 446 441 430 421 410 410
10 21 399 392 390 390 379 374 370 370 421 428 437 435 441 441 446 446 446 446 446 441 430 421 410 410
10 22 399 392 390 387 379 374 374 370 421 430 437 435 441 441 441 446 441 446 444 439 428 410 410 399
10 23 392 390 387 379 379 374 370 370 410 428 430 430 441 441 441 446 441 441 441 430 421 410 410 399
10 24 390 390 379 376 374 370 363 360 399 421 430 430 430 441 441 441 441 441 441 430 421 410 399 392
10 25 390 390 374 374 374 360 360 358 392 421 428 428 430 441 441 441 430 430 439 430 410 410 399 392
10 26 388 379 374 370 370 360 356 351 392 410 421 428 428 430 430 430 428 428 430 428 410 410 399 390
10 27 379 379 374 370 367 356 356 351 390 410 421 421 421 428 430 430 428 428 430 428 410 410 394 390
10 28 379 379 370 370 360 356 351 351 388 399 410 421 421 428 430 428 428 428 430 428 410 410 392 390
10 29 379 379 370 360 360 356 351 351 379 410 421 421 421 428 430 430 428 428 428 428 410 405 392 390
10 30 379 374 370 360 360 356 351 351 379 410 410 421 421 428 430 430 428 428 428 428 408 399 390 383
10 31 374 374 370 360 360 356 351 340 379 410 410 410 410 423 430 430 430 428 428 421 399 399 390 379
11 01 374 370 369 360 356 356 351 340 374 399 399 410 410 421 430 428 424 421 421 412 399 392 390 379
11 02 374 370 369 360 356 351 351 340 378 399 399 410 410 421 428 421 421 421 421 410 399 392 390 379
11 03 374 370 360 360 356 351 349 340 374 399 399 410 410 410 421 410 421 421 421 410 399 390 390 379
11 04 370 370 360 360 351 351 340 340 370 399 399 410 410 421 421 410 421 421 410 410 399 390 390 374
11 05 370 370 360 360 351 351 340 340 360 399 399 401 410 410 410 410 410 421 410 410 392 390 379 370
11 06 370 370 356 358 351 351 340 340 360 390 396 399 410 410 410 410 410 421 410 410 392 390 379 370
11 07 360 370 356 356 351 351 340 340 356 390 399 399 410 410 410 410 410 421 410 399 390 390 379 370
11 08 360 360 356 356 351 351 340 340 356 390 399 399 410 410 410 410 410 421 410 399 390 390 379 370
11 09 360 360 356 360 351 351 340 340 356 390 399 399 410 410 410 410 410 421 410 399 390 390 379 374
11 10 370 370 360 360 356 351 351 340 360 390 399 399 410 410 410 410 410 421 410 399 390 390 379 370
11 11 369 370 360 360 356 351 351 340 360 390 399 399 410 410 410 410 410 421 410 399 390 390 379 370
11 12 360 363 360 360 356 351 351 340 356 390 399 399 410 406 410 410 410 410 410 399 390 379 370 370
11 13 360 360 356 360 351 351 340 340 356 379 392 390 399 399 399 406 405 410 399 392 390 379 370 370
11 14 356 351 351 351 351 349 340 340 351 379 390 390 399 399 399 399 399 410 399 390 379 374 360 360
11 15 351 351 351 351 351 340 338 338 340 379 388 390 399 394 399 399 399 399 399 390 379 370 360 358
11 16 343 351 343 347 340 340 331 331 340 379 379 379 392 390 399 392 399 399 399 390 379 370 360 351
11 17 343 351 340 340 340 331 331 331 331 370 379 379 390 390 390 392 390 399 392 379 374 370 360 351
11 18 340 351 340 340 338 331 331 331 331 370 379 379 390 390 390 390 390 399 394 379 370 370 360 351
11 19 340 351 340 331 331 331 320 320 331 370 370 379 379 390 390 390 390 392 390 379 370 367 360 351
11 20 340 343 340 331 331 331 320 320 331 370 370 374 379 379 379 390 390 390 390 379 370 360 356 351
11 21 340 340 338 331 331 327 320 320 320 360 360 370 379 374 379 379 390 390 379 374 370 360 356 340
11 22 340 340 338 331 331 320 320 320 320 356 360 360 374 374 374 379 390 390 379 374 360 360 356 340
11 23 340 338 331 331 331 320 309 309 320 351 351 360 370 370 374 379 390 390 379 370 360 356 351 340
11 24 338 331 331 320 320 309 309 309 320 351 351 360 370 370 374 374 379 379 374 370 360 356 351 340
11 25 338 331 331 320 320 309 309 309 320 351 351 356 370 370 370 370 379 379 374 370 360 356 351 340
11 26 338 331 331 320 320 309 309 309 320 351 351 356 370 370 370 370 379 379 374 370 356 356 351 340
11 27 338 331 331 320 320 309 309 309 309 340 351 356 370 370 370 370 379 379 370 370 356 351 351 340
11 28 340 331 331 320 320 309 309 309 309 340 351 351 370 370 370 370 379 379 370 370 356 351 351 340
11 29 -9999 331 331 320 320 309 309 309 320 340 351 356 370 370 370 370 379 379 370 370 360 351 351 340
11 30 -9999 331 331 320 320 320 309 309 320 340 351 356 370 370 370 370 379 379 370 370 356 340 351 340
12 01 -9999 331 331 320 320 309 309 309 320 340 351 356 360 370 370 370 379 379 370 370 356 340 351 340
12 02 -9999 331 331 320 320 309 309 309 309 340 351 351 360 370 370 370 379 379 370 370 356 340 340 340
12 03 -9999 331 331 320 309 309 309 309 309 340 351 351 360 370 370 370 379 379 370 360 351 340 340 340
12 04 -9999 331 331 320 320 309 309 309 309 340 351 351 360 370 370 370 379 374 370 360 351 338 340 340
12 05 -9999 331 320 320 309 309 309 309 309 340 351 351 360 370 370 370 374 370 370 360 351 338 340 338
12 06 -9999 331 320 320 309 309 302 300 300 340 351 351 360 370 370 370 374 370 370 360 351 340 340 340
12 07 -9999 331 320 320 309 309 309 300 300 340 356 351 360 370 370 370 370 370 360 360 351 340 340 340
12 08 -9999 331 320 320 309 309 309 309 300 340 351 351 360 360 370 370 370 370 360 356 340 340 340 338
12 09 -9999 331 320 309 309 309 309 302 300 338 351 340 356 356 360 360 370 360 360 351 340 340 331 331
12 10 -9999 331 320 309 309 309 300 300 300 331 340 340 356 351 356 360 360 360 351 351 338 331 331 331
12 11 -9999 320 309 309 309 300 300 300 300 331 340 338 351 351 356 360 360 360 351 340 331 331 320 320
12 12 -9999 316 309 302 300 300 291 289 289 320 340 331 340 351 351 360 356 356 351 340 331 331 320 320
12 13 -9999 309 304 300 300 300 289 289 289 320 338 331 340 340 351 360 351 356 351 340 331 320 320 320
12 14 -9999 309 302 300 300 300 289 289 289 320 338 331 340 340 340 351 351 351 351 338 331 320 320 320
12 15 -9999 309 302 300 300 289 289 289 284 320 331 331 338 340 340 351 351 351 340 331 320 320 313 309
12 16 -9999 309 300 300 300 293 289 289 284 320 331 331 338 340 340 351 351 351 340 331 320 320 313 309
12 17 -9999 307 300 300 300 293 284 289 280 309 331 331 333 351 340 351 351 340 338 331 320 320 309 309
12 18 -9999 307 300 300 289 289 280 280 280 309 331 331 333 351 340 351 351 351 340 331 320 320 309 302
12 19 -9999 302 300 300 289 289 280 280 280 309 331 324 331 351 340 351 351 340 340 331 320 320 309 309
12 20 -9999 302 300 300 289 289 289 289 284 309 331 331 340 351 340 351 351 351 340 331 320 320 309 309
12 21 -9999 300 300 300 289 289 289 289 284 313 331 331 340 351 340 351 351 351 340 331 320 320 320 309
12 22 -9999 302 300 300 289 289 289 289 284 309 331 331 340 351 340 351 351 340 340 331 320 320 320 309
12 23 -9999 300 300 300 289 289 289 289 280 309 331 331 340 351 351 351 351 351 340 334 327 320 320 309
12 24 -9999 300 300 300 289 289 280 289 280 309 331 331 340 351 351 351 351 351 340 331 320 320 320 309
12 25 -9999 302 300 300 289 289 280 280 280 309 331 331 340 356 351 351 351 351 340 334 331 320 320 309
12 26 -9999 302 300 300 289 289 280 280 280 309 331 338 351 356 351 351 351 351 340 331 331 320 320 309
12 27 -9999 307 300 300 289 289 289 289 280 309 331 334 351 356 351 351 351 351 340 338 331 320 320 309
12 28 -9999 309 300 300 289 289 289 289 280 309 340 340 352 360 351 351 351 351 340 340 331 320 320 309
12 29 -9999 309 300 300 289 289 289 289 280 309 340 340 356 360 356 356 351 356 340 340 331 320 320 311
12 30 -9999 309 300 300 300 300 289 289 280 309 340 340 356 360 356 360 356 360 340 340 338 331 331 320
12 31 -9999 309 302 300 300 300 289 289 289 320 340 351 360 360 360 360 360 360 351 340 340 331 331 320
