01 01 284 279 279 279 282 282 279 271 271 291 284 282 282 284 291 282 284 284 279 284 284 284 284 284
01 02 284 279 279 279 284 282 282 279 282 298 284 284 284 284 291 282 284 284 284 284 284 291 289 291
01 03 284 282 282 282 284 282 282 279 282 298 284 284 284 289 298 282 284 282 279 279 284 284 284 284
01 04 282 266 279 271 279 282 271 271 280 291 284 284 282 284 291 279 271 271 271 271 271 279 282 271
01 05 270 266 271 270 271 271 271 271 271 284 282 279 277 282 284 271 271 271 271 270 270 271 271 271
01 06 270 266 271 270 271 271 271 271 271 282 279 271 271 282 284 266 266 266 271 270 266 271 271 266
01 07 266 266 266 266 271 270 266 266 266 282 271 271 270 271 279 266 266 266 271 270 266 271 271 266
01 08 270 266 266 266 271 270 266 266 266 282 271 271 270 271 279 266 266 266 271 270 270 271 271 266
01 09 270 266 270 266 271 266 266 266 266 282 271 271 266 271 271 266 266 266 271 266 266 271 262 262
01 10 266 262 266 262 271 262 266 266 266 282 271 271 270 271 271 266 266 266 271 266 266 271 262 262
01 11 266 262 270 266 271 262 271 266 271 284 282 271 271 271 271 266 266 271 271 271 266 271 262 266
01 12 266 262 270 266 266 262 266 266 266 282 282 271 282 271 271 266 266 271 271 271 266 271 262 266
01 13 266 262 270 266 266 262 266 266 262 282 271 271 271 271 266 266 262 266 271 270 266 271 262 262
01 14 266 262 262 262 252 252 262 262 262 271 271 266 266 266 262 262 262 266 266 266 266 262 259 262
01 15 262 259 262 252 252 252 262 262 262 271 271 262 262 262 262 259 259 259 266 266 266 262 262 262
01 16 262 252 261 252 252 252 262 262 262 282 271 262 266 266 262 262 262 266 271 271 271 271 262 262
01 17 266 252 262 252 262 252 266 262 262 282 271 262 262 266 262 262 262 266 266 271 271 271 262 262
01 18 266 259 271 252 262 262 266 262 262 282 271 262 266 270 266 266 262 270 271 282 271 271 271 266
01 19 270 271 271 266 266 266 271 262 262 282 271 266 266 266 266 266 266 271 279 282 271 271 282 270
01 20 266 271 271 252 262 262 266 262 262 284 271 266 266 262 262 266 266 270 271 282 271 271 282 271
01 21 266 271 271 266 266 266 271 262 266 289 282 271 266 266 266 271 271 271 282 282 282 284 282 284
01 22 271 282 282 282 271 271 271 270 282 291 284 282 266 271 271 282 282 282 282 282 282 291 284 284
01 23 282 289 284 282 271 271 279 270 282 291 284 282 266 270 270 271 282 282 282 282 282 284 282 284
01 24 282 284 282 282 271 271 271 270 282 291 289 282 270 271 271 282 282 282 282 282 284 291 289 284
01 25 282 289 282 282 279 271 279 270 282 291 289 284 271 282 271 282 282 284 289 284 284 302 291 284
01 26 282 289 282 282 279 277 282 270 282 291 289 284 279 282 271 282 282 282 289 289 289 291 289 284
01 27 282 291 282 282 279 279 282 279 284 302 289 284 279 282 271 282 282 271 282 284 284 291 291 284
01 28 282 291 282 282 271 279 282 279 289 302 289 284 280 284 282 282 282 284 282 282 284 291 289 284
01 29 282 289 282 282 279 282 284 282 291 302 302 289 284 289 284 284 284 284 289 291 289 302 291 289
01 30 284 298 282 282 282 282 282 279 291 302 302 289 284 284 284 284 284 284 289 291 291 302 291 289
01 31 284 298 282 284 282 279 282 279 291 302 302 289 284 284 284 284 284 284 289 291 298 302 298 289
02 01 282 298 282 282 271 277 282 282 291 302 302 289 291 289 284 284 284 284 291 291 302 302 298 289
02 02 282 298 282 282 279 277 284 282 298 309 302 302 298 289 284 284 284 284 298 291 302 302 298 289
02 03 284 302 282 284 282 282 289 284 298 309 302 302 302 298 284 289 286 291 302 298 302 302 302 298
02 04 291 302 284 291 284 289 291 284 298 302 302 302 302 298 284 284 284 284 298 291 302 302 298 289
02 05 284 298 282 282 271 279 284 282 291 302 302 289 291 284 282 282 282 279 282 284 291 291 291 289
02 06 282 289 282 271 271 271 282 279 284 298 284 282 284 284 271 271 279 271 271 282 291 291 291 284
02 07 282 284 271 271 270 271 282 279 291 298 284 282 282 284 270 270 271 266 271 282 289 289 291 289
02 08 282 284 282 282 270 271 282 279 284 284 282 279 282 282 266 266 271 266 270 279 282 282 289 282
02 09 282 289 282 282 270 270 282 279 284 284 271 279 282 282 266 266 270 266 266 271 282 282 289 289
02 10 282 291 282 282 271 270 282 282 284 291 271 282 282 284 266 266 271 270 271 279 284 291 291 302
02 11 291 291 284 284 282 271 284 284 284 302 284 282 284 284 266 271 279 279 284 284 302 302 302 320
02 12 302 302 291 302 302 282 284 284 298 302 289 284 291 284 271 271 284 284 302 302 302 311 320 320
02 13 320 302 302 302 302 284 302 291 298 302 291 289 298 291 282 284 284 284 302 302 302 320 320 320
02 14 320 309 302 309 311 302 302 302 311 320 302 302 302 302 291 291 291 284 302 320 320 320 320 331
02 15 320 320 320 311 320 311 309 302 320 320 302 302 320 302 298 291 291 284 302 320 320 320 320 331
02 16 320 320 320 320 320 311 311 302 320 320 302 302 311 302 284 284 284 284 302 320 320 320 320 331
02 17 320 311 311 311 320 311 309 302 320 320 302 302 311 302 298 289 291 284 302 320 311 320 320 331
02 18 320 320 311 320 320 320 320 309 320 331 320 302 320 311 302 302 302 284 302 320 320 320 331 338
02 19 331 320 320 320 320 320 320 320 320 338 320 320 320 320 302 311 302 302 311 320 320 331 331 338
02 20 331 331 320 331 331 338 320 320 331 340 329 320 338 329 320 320 320 320 320 338 331 340 338 340
02 21 338 331 331 331 340 338 331 320 338 351 340 338 338 338 331 320 320 320 320 338 331 338 338 340
02 22 338 320 329 331 340 338 331 320 338 340 340 338 338 338 329 320 320 320 320 340 331 331 340 340
02 23 338 320 331 338 340 340 338 320 338 351 340 340 340 338 338 329 329 329 338 340 340 340 349 340
02 24 340 331 331 338 349 340 338 329 340 349 340 340 338 338 340 331 331 331 338 349 340 349 351 349
02 25 340 338 340 340 349 340 338 329 340 351 340 340 338 340 340 338 331 338 338 349 340 349 351 340
02 26 340 338 338 340 340 340 338 329 340 340 340 340 340 340 340 338 338 331 338 349 340 349 349 351
02 27 340 338 338 338 340 340 338 329 340 340 340 340 338 338 338 331 331 331 338 340 340 349 349 340
02 28 340 338 338 331 340 340 338 320 340 340 340 338 329 338 331 329 320 311 338 340 340 349 340 340
03 01 338 331 331 331 338 338 331 320 338 338 338 320 309 320 320 320 320 302 331 338 338 338 338 340
03 02 338 320 331 331 329 320 331 320 340 338 338 320 309 320 320 320 311 302 311 320 331 331 331 338
03 03 338 320 329 320 320 320 320 311 338 331 331 320 302 311 311 320 311 302 311 331 338 331 329 329
03 04 331 320 320 320 320 320 311 302 338 329 329 320 302 302 302 302 302 302 309 331 338 331 331 331
03 05 331 320 329 320 329 320 320 311 338 338 329 320 302 302 302 302 302 302 309 331 331 329 331 331
03 06 331 320 320 320 331 320 320 320 340 338 338 320 302 311 302 309 302 302 311 338 331 331 338 340
03 07 338 320 329 320 338 320 320 320 340 338 338 320 302 311 302 309 302 302 309 331 331 331 338 340
03 08 338 329 338 329 338 329 331 320 340 338 338 320 311 320 302 320 302 302 320 338 338 338 340 356
03 09 340 338 349 338 349 340 338 329 356 349 340 340 331 320 320 329 311 311 329 340 340 349 349 356
03 10 351 351 351 338 351 340 340 331 356 351 340 356 338 320 331 331 320 311 329 340 351 356 349 360
03 11 360 351 356 351 360 351 340 338 356 356 356 356 351 338 338 331 320 320 331 349 351 351 349 360
03 12 356 351 351 349 360 351 340 338 360 360 356 356 351 338 338 331 320 320 331 340 351 349 340 356
03 13 340 349 349 338 351 340 338 338 360 356 351 356 349 338 338 331 320 320 331 340 340 340 340 340
03 14 340 338 338 331 338 331 338 331 356 356 340 338 338 331 331 329 320 320 320 340 340 338 340 340
03 15 340 338 340 338 351 338 340 338 360 356 351 356 351 338 338 331 351 320 331 340 349 349 340 351
03 16 351 349 351 340 351 340 351 351 369 360 356 360 356 351 340 351 356 338 331 349 349 351 351 356
03 17 356 351 356 340 351 351 351 356 374 369 360 360 356 356 356 370 360 351 356 360 360 356 360 374
03 18 370 370 370 370 370 370 370 374 379 374 374 370 370 370 374 374 370 356 356 370 374 360 370 374
03 19 379 379 379 374 374 374 374 379 392 379 374 374 374 374 374 374 374 356 370 374 374 374 379 379
03 20 392 387 379 379 379 374 379 379 392 379 379 374 374 374 379 374 374 360 374 374 374 374 388 379
03 21 390 379 379 374 388 374 379 390 392 390 379 379 374 374 379 379 374 370 374 390 392 379 390 390
03 22 392 392 392 390 390 379 379 390 399 390 379 379 374 379 379 379 374 374 374 390 399 374 392 390
03 23 392 392 390 379 388 379 379 390 392 390 379 379 374 379 379 379 374 370 374 390 390 374 390 379
03 24 379 392 379 374 379 374 374 379 392 379 374 374 374 374 379 379 374 360 374 379 379 374 388 379
03 25 379 387 379 374 379 374 374 379 392 379 379 374 374 374 379 379 374 370 374 374 388 374 390 379
03 26 379 379 374 370 374 374 374 379 390 379 374 374 374 374 379 379 374 370 379 379 390 374 390 379
03 27 379 379 374 370 374 374 374 379 392 379 374 374 374 374 379 379 379 374 390 390 399 392 399 399
03 28 399 399 392 390 390 390 379 390 399 388 379 379 388 379 390 390 390 379 399 399 410 399 410 410
03 29 410 410 399 392 399 392 390 390 410 399 390 390 392 390 392 392 390 392 399 410 410 410 419 410
03 30 410 410 -9999 399 399 392 390 392 410 399 390 390 392 390 399 392 390 399 410 399 410 410 421 410
03 31 410 410 -9999 399 399 390 390 392 410 399 388 390 392 390 399 399 392 399 410 410 410 410 421 419
04 01 410 410 -9999 399 392 390 392 392 410 399 390 390 390 390 392 392 390 392 406 399 399 410 419 410
04 02 410 410 399 392 392 390 392 392 410 399 388 390 390 390 392 392 390 392 399 399 399 410 419 410
04 03 410 410 -9999 399 399 390 392 392 410 410 390 392 392 390 392 392 390 390 399 399 399 399 410 410
04 04 410 410 392 399 399 392 399 392 410 410 390 379 392 390 392 392 390 390 399 399 399 399 410 410
04 05 410 410 399 399 399 392 399 399 410 410 392 390 392 390 399 392 390 392 399 399 399 410 419 421
04 06 410 410 399 410 410 399 399 410 410 410 399 392 399 392 399 392 390 392 399 399 399 410 419 421
04 07 410 410 399 410 410 399 399 410 421 410 399 392 399 399 399 392 390 392 399 399 399 410 410 421
04 08 410 410 -9999 410 410 392 399 410 421 410 399 392 399 392 399 392 390 392 399 399 399 410 410 421
04 09 410 410 399 410 410 390 399 410 410 410 392 390 392 392 392 392 390 390 399 399 399 410 410 421
04 10 410 410 410 410 410 390 399 410 410 410 399 390 392 392 399 392 390 390 399 399 399 410 421 421
04 11 421 410 410 410 410 392 399 410 421 410 399 392 399 399 399 399 392 392 410 399 410 410 428 428
04 12 428 419 410 410 410 410 410 421 430 421 410 392 399 410 399 410 399 392 410 410 410 428 428 428
04 13 428 421 421 410 421 421 421 428 446 428 410 399 410 410 410 410 399 399 410 410 426 428 430 430
04 14 430 428 421 428 430 428 428 446 450 430 410 410 421 410 410 410 410 399 421 421 428 430 430 430
04 15 441 441 428 430 430 430 428 450 464 439 419 410 428 410 410 410 410 410 421 428 430 430 439 441
04 16 441 441 430 430 446 430 441 459 464 441 421 421 428 428 421 419 410 421 428 430 446 441 450 460
04 17 459 450 446 446 450 446 446 464 469 446 446 428 430 428 428 421 421 428 428 441 446 446 460 464
04 18 464 464 450 446 450 446 446 469 469 450 450 430 441 441 428 428 428 428 430 446 446 460 464 464
04 19 464 464 464 450 469 450 450 482 480 464 464 446 446 446 430 430 430 441 441 446 446 460 464 464
04 20 469 469 469 480 469 464 460 482 489 464 464 446 450 450 446 441 446 446 446 450 460 464 464 469
04 21 482 480 480 480 482 464 464 489 489 464 464 460 464 460 459 441 446 446 450 464 464 478 480 482
04 22 489 482 480 482 500 469 480 489 500 480 464 464 464 464 464 446 450 460 469 464 482 500 500 489
04 23 500 500 500 500 500 489 489 511 518 509 500 480 489 489 469 469 464 469 480 482 500 500 500 518
04 24 509 511 511 500 518 500 500 518 520 518 500 489 500 500 482 482 469 480 482 500 518 511 518 518
04 25 520 518 518 518 518 511 518 536 536 529 511 509 518 511 489 482 482 482 500 518 520 520 520 531
04 26 520 518 520 518 518 511 518 536 536 520 511 511 518 511 500 500 482 482 500 511 518 518 520 531
04 27 520 518 520 518 518 511 518 531 531 518 509 500 518 511 500 500 482 482 500 511 511 511 520 520
04 28 520 518 520 511 518 509 518 529 531 518 500 500 518 500 500 500 482 489 500 511 511 518 520 531
04 29 520 520 520 518 518 511 518 531 531 520 509 500 518 511 500 500 482 500 511 511 518 520 531 531
04 30 529 520 531 -9999 520 518 518 536 536 531 511 511 518 511 500 500 489 500 518 520 520 536 536 536
05 01 540 531 536 520 520 518 518 540 549 536 527 520 520 520 511 500 500 518 520 531 531 540 536 536
05 02 540 536 536 531 531 520 520 550 554 540 531 536 531 531 518 518 518 520 536 536 536 540 540 540
05 03 549 536 540 536 531 520 520 550 554 540 536 536 531 536 520 520 518 520 536 536 540 549 540 540
05 04 550 540 -9999 536 536 520 531 549 554 540 536 536 536 536 520 531 520 520 536 536 540 540 540 540
05 05 554 536 540 540 536 520 531 550 554 540 536 536 536 536 531 531 531 536 536 536 549 550 540 550
05 06 554 540 549 540 536 531 536 554 559 554 540 540 540 540 540 536 536 536 540 540 550 550 550 550
05 07 554 549 549 549 536 531 536 554 559 554 540 549 549 540 540 536 536 536 540 540 550 554 554 550
05 08 554 549 550 550 536 531 540 554 559 559 550 550 550 549 550 536 540 540 550 554 550 559 554 554
05 09 559 554 554 550 540 536 540 559 559 568 550 550 550 550 550 536 540 540 554 559 554 559 554 554
05 10 559 554 554 550 550 536 540 559 568 568 554 550 550 550 550 540 550 540 554 559 554 559 559 556
05 11 559 559 554 554 550 550 550 572 572 570 570 559 554 559 554 554 559 554 559 570 570 572 572 570
05 12 572 568 559 568 554 554 554 579 572 570 570 570 570 559 554 559 559 559 559 570 559 572 572 570
05 13 572 568 559 570 554 554 554 572 572 579 570 570 570 570 554 559 559 559 559 572 568 579 572 570
05 14 572 570 559 568 554 554 554 579 579 579 590 579 572 570 570 570 568 570 568 579 572 579 579 572
05 15 579 579 568 570 554 554 559 579 579 590 590 590 590 572 570 572 570 570 568 579 579 590 579 572
05 16 579 579 570 572 568 559 559 579 590 590 590 590 590 572 572 579 572 572 572 590 579 590 590 579
05 17 590 590 579 579 570 568 568 590 590 601 599 590 599 579 572 590 572 579 572 590 590 590 590 590
05 18 590 590 590 590 572 572 570 599 608 610 601 601 601 601 590 590 590 590 579 601 590 601 599 590
05 19 590 601 599 590 579 579 579 608 610 619 608 601 601 601 590 601 590 590 590 601 590 608 601 601
05 20 601 601 601 590 590 590 579 610 619 626 610 608 608 601 599 601 599 590 590 601 599 610 608 601
05 21 608 608 601 608 590 590 590 610 621 626 619 610 608 601 601 601 601 601 590 601 601 610 610 608
05 22 610 610 608 610 601 590 590 619 621 626 619 610 610 608 599 601 608 601 590 601 601 610 610 610
05 23 610 610 610 610 608 601 599 619 626 630 621 619 610 610 601 608 608 601 590 610 608 610 610 619
05 24 619 621 610 610 610 608 608 621 626 630 621 619 610 610 601 608 608 608 590 610 608 610 610 619
05 25 619 621 610 610 610 608 608 619 621 626 619 610 610 610 601 608 601 608 599 621 610 619 610 619
05 26 619 621 610 610 610 610 610 619 630 630 626 626 619 626 619 610 610 610 610 621 610 621 619 626
05 27 621 621 621 610 619 621 621 630 639 639 640 644 630 630 626 626 626 630 626 626 619 626 630 630
05 28 630 630 626 610 626 626 626 630 640 640 644 649 640 644 639 640 626 640 644 640 640 630 640 640
05 29 639 639 630 621 630 630 630 644 649 644 649 649 644 644 644 644 640 644 649 644 644 649 649 644
05 30 644 644 640 630 640 639 639 649 660 649 660 658 649 660 649 644 644 644 660 649 649 649 649 649
05 31 649 649 644 644 644 640 640 660 662 669 662 662 649 660 658 649 644 649 660 658 658 658 649 658
06 01 649 649 649 649 644 640 640 662 669 669 662 662 660 660 660 649 644 649 649 649 658 658 649 658
06 02 660 649 649 649 649 644 644 669 680 680 669 662 660 660 660 649 644 649 660 660 660 660 660 658
06 03 660 660 649 649 649 644 644 669 680 680 669 662 660 662 662 660 660 660 660 660 660 660 660 660
06 04 660 660 649 649 649 644 644 669 680 680 669 662 660 662 662 660 660 660 660 662 660 660 660 660
06 05 660 660 649 649 649 649 649 669 680 680 680 669 660 662 662 662 660 660 662 669 662 669 660 660
06 06 660 660 660 649 649 649 649 680 680 680 680 669 662 662 669 662 660 662 662 669 662 660 660 660
06 07 660 660 -9999 -9999 649 649 649 680 680 680 680 669 662 669 669 662 662 669 662 669 662 669 660 662
06 08 669 660 -9999 649 649 649 649 680 680 680 680 669 662 662 669 662 662 669 660 669 662 669 662 669
06 09 669 662 660 -9999 660 660 660 680 691 691 680 680 669 669 669 669 669 669 662 669 669 669 669 669
06 10 669 669 669 -9999 660 660 660 680 691 691 680 680 662 669 669 669 669 669 662 669 669 669 669 669
06 11 669 669 -9999 -9999 660 662 662 680 698 698 680 680 669 669 669 669 669 669 662 669 669 669 669 669
06 12 669 669 -9999 669 660 662 662 680 698 698 691 680 669 669 669 669 669 669 669 669 669 669 669 669
06 13 669 669 -9999 669 669 662 662 680 698 698 691 680 669 669 669 669 669 669 662 669 669 669 669 669
06 14 669 669 -9999 669 669 669 662 691 698 698 691 680 669 680 669 669 669 669 662 669 669 669 669 669
06 15 680 669 -9999 669 669 669 669 691 700 700 691 680 680 680 669 669 669 669 669 669 669 669 669 680
06 16 680 669 -9999 669 669 669 669 698 700 700 698 691 680 680 680 680 680 669 669 680 669 680 680 680
06 17 680 680 -9999 669 680 680 680 700 700 700 698 698 680 680 680 680 680 669 680 680 680 680 680 680
06 18 680 680 -9999 680 680 680 680 700 709 709 698 698 680 680 680 680 680 680 680 680 680 680 680 680
06 19 680 680 680 680 680 680 680 700 711 709 700 698 680 680 680 680 680 680 680 680 680 680 680 680
06 20 680 680 680 680 680 680 680 700 711 709 698 698 680 680 680 680 680 680 680 680 680 680 680 689
06 21 680 680 680 680 680 680 680 700 711 709 698 698 680 680 680 680 680 680 680 680 680 680 689 691
06 22 680 680 680 680 680 680 680 700 711 711 698 698 680 680 680 680 680 680 680 680 680 680 689 691
06 23 680 680 680 680 680 680 680 709 716 711 700 698 680 680 680 680 680 680 680 680 680 689 689 691
06 24 680 689 689 680 680 680 680 711 716 711 700 698 680 680 680 680 680 680 680 680 691 691 691 691
06 25 689 689 691 680 689 680 691 711 720 716 709 698 691 680 680 680 691 680 680 691 691 698 698 691
06 26 691 691 691 689 691 680 691 711 720 716 709 698 689 680 680 689 691 680 680 698 698 698 698 698
06 27 691 691 691 691 691 691 691 711 729 716 711 698 689 680 680 680 680 680 680 698 698 698 698 698
06 28 691 691 691 691 691 691 691 711 729 716 711 698 691 680 680 680 691 680 691 698 698 698 698 700
06 29 698 691 691 691 691 691 691 716 730 716 711 698 691 680 680 691 680 680 691 700 700 698 698 700
06 30 698 691 691 691 691 691 691 716 730 720 716 700 691 680 680 691 691 691 698 700 700 700 700 700
07 01 700 698 691 691 691 691 691 716 729 720 711 700 698 691 691 680 691 691 698 700 700 700 700 700
07 02 700 691 691 691 691 691 691 716 720 720 716 700 698 691 691 691 691 691 698 700 700 700 700 700
07 03 700 698 691 691 691 691 691 716 720 720 716 700 700 698 691 691 691 691 698 700 700 700 700 700
07 04 700 691 691 691 691 691 691 716 720 720 716 700 698 698 691 691 691 691 698 700 700 700 700 700
07 05 700 698 691 691 691 691 691 716 730 720 716 700 700 698 691 691 691 691 698 700 700 700 700 700
07 06 700 698 691 691 691 691 691 716 730 729 716 709 700 698 691 691 691 691 700 700 700 700 700 700
07 07 700 698 691 691 691 691 691 716 730 729 716 711 700 698 691 691 691 691 698 700 700 700 700 700
07 08 700 700 691 691 691 691 691 711 730 720 716 711 700 698 691 691 691 691 698 700 700 700 700 700
07 09 700 698 691 -9999 691 691 691 711 720 720 716 711 700 698 691 691 691 691 698 700 700 700 700 700
07 10 700 698 691 691 691 691 691 711 720 720 716 711 700 698 691 680 691 691 698 700 700 700 700 700
07 11 700 691 691 691 691 691 691 711 720 720 716 711 700 698 691 691 691 691 698 700 700 700 700 700
07 12 700 700 691 691 691 691 691 711 720 720 716 711 700 698 691 691 691 691 700 700 700 700 700 700
07 13 700 700 691 691 691 691 691 711 720 720 716 711 698 698 691 691 691 691 698 700 700 700 700 700
07 14 700 700 691 -9999 691 700 691 711 720 720 716 711 698 698 691 680 691 691 698 700 700 700 700 700
07 15 700 700 691 691 691 700 691 711 720 720 716 711 698 691 680 691 698 691 698 700 700 700 700 700
07 16 700 700 691 691 691 700 691 711 720 727 716 711 698 691 680 691 698 698 698 700 700 700 700 700
07 17 700 698 691 698 700 700 691 711 729 729 716 711 698 691 680 680 691 691 698 698 700 700 700 700
07 18 691 698 691 691 700 691 691 711 729 729 716 700 698 691 680 680 691 691 698 698 698 700 700 700
07 19 698 700 691 691 700 700 698 711 720 729 716 700 691 691 680 680 691 691 698 698 698 700 700 700
07 20 700 700 698 698 700 700 698 711 720 720 711 700 691 691 680 680 691 691 698 698 698 698 700 700
07 21 698 698 691 -9999 700 700 698 711 720 727 711 700 691 691 680 680 691 691 698 698 698 700 700 700
07 22 700 700 691 -9999 700 700 698 711 720 729 711 700 691 691 680 680 691 691 698 700 700 700 700 700
07 23 700 700 691 -9999 700 700 698 711 720 729 711 700 691 691 680 680 691 691 698 700 700 700 700 700
07 24 698 698 698 -9999 700 700 698 711 720 729 716 700 691 685 680 680 689 691 698 700 698 700 700 700
07 25 700 698 698 -9999 700 700 700 711 720 729 716 700 691 691 680 680 680 691 698 700 700 700 700 700
07 26 700 700 698 -9999 700 700 700 716 720 729 711 700 691 680 680 680 680 691 698 700 700 700 700 700
07 27 700 700 -9999 -9999 700 700 700 711 720 720 711 700 691 691 680 680 689 691 698 700 700 700 700 700
07 28 700 700 -9999 -9999 700 700 700 711 720 727 711 700 698 691 680 680 689 691 698 700 700 700 700 700
07 29 700 700 -9999 -9999 700 700 700 711 720 729 711 700 698 691 680 680 689 691 698 700 700 700 700 700
07 30 700 700 -9999 -9999 700 700 700 716 720 729 711 700 698 691 680 680 680 691 700 700 700 700 700 700
07 31 700 700 -9999 -9999 700 700 700 716 720 729 711 700 698 691 680 680 680 691 700 700 700 700 700 700
08 01 700 700 -9999 -9999 700 700 700 716 720 720 711 700 691 691 680 680 680 698 700 700 709 700 700 700
08 02 700 700 -9999 -9999 698 698 698 711 720 720 711 700 691 680 680 680 680 691 698 700 709 700 700 700
08 03 700 698 -9999 -9999 691 691 691 711 720 720 711 700 691 680 680 680 680 691 698 700 700 700 700 700
08 04 -9999 691 -9999 -9999 691 691 691 711 720 720 711 700 691 680 680 680 680 691 698 700 700 700 700 700
08 05 700 698 -9999 -9999 691 691 691 711 720 720 709 700 691 680 680 680 680 691 698 700 709 700 700 700
08 06 698 698 -9999 -9999 691 691 691 711 720 720 709 700 691 680 680 680 680 698 698 700 700 700 700 700
08 07 698 700 -9999 -9999 698 691 691 711 720 720 709 700 698 691 680 680 689 698 698 698 700 700 700 700
08 08 700 700 -9999 -9999 698 691 691 711 720 720 700 700 698 691 680 680 691 698 698 698 700 700 700 700
08 09 700 700 -9999 -9999 691 691 691 711 720 716 700 700 691 689 680 680 691 698 698 698 700 700 700 700
08 10 700 700 -9999 -9999 691 691 691 711 716 711 700 700 691 680 680 680 691 698 698 698 700 700 700 700
08 11 700 700 -9999 -9999 691 691 691 711 720 720 700 700 691 680 680 680 680 698 691 698 700 700 700 700
08 12 700 700 -9999 700 691 691 691 711 716 720 700 700 691 680 680 680 680 691 691 698 700 700 700 700
08 13 698 700 -9999 -9999 691 691 691 711 716 716 700 698 691 680 680 680 680 691 691 698 700 700 700 700
08 14 700 700 -9999 698 691 691 691 711 716 716 700 700 691 680 680 680 680 689 689 691 698 700 700 700
08 15 700 700 -9999 -9999 691 691 691 711 716 720 700 698 691 680 680 680 680 689 689 691 700 700 700 700
08 16 700 700 -9999 -9999 698 691 691 711 720 720 709 698 698 680 680 680 680 689 689 698 700 700 700 700
08 17 700 700 -9999 700 698 691 691 711 720 720 711 700 698 680 680 680 689 691 691 698 700 700 700 709
08 18 700 700 -9999 700 700 691 691 711 720 720 711 700 698 680 680 680 680 691 691 698 700 700 700 709
08 19 700 700 -9999 700 698 691 691 711 720 720 709 698 698 680 680 680 680 689 691 698 700 700 700 700
08 20 700 700 -9999 700 698 691 691 711 720 720 711 698 698 680 680 680 680 689 691 698 700 700 700 700
08 21 700 700 -9999 700 698 691 691 711 720 720 711 698 698 680 680 680 680 689 698 700 700 698 700 700
08 22 700 700 -9999 700 698 691 691 711 720 720 709 698 691 680 680 680 680 680 691 698 700 698 700 700
08 23 700 700 -9999 698 691 691 691 709 716 716 700 698 691 680 680 680 680 680 691 698 700 698 700 700
08 24 700 700 -9999 698 691 691 691 700 711 716 700 698 691 680 680 680 680 680 689 698 698 698 700 700
08 25 700 700 -9999 691 691 691 689 700 711 716 700 698 689 680 680 669 669 680 680 691 698 698 700 700
08 26 698 698 691 691 691 691 680 700 711 711 700 698 680 680 680 662 669 669 680 691 698 698 698 698
08 27 698 691 -9999 691 691 689 680 700 711 711 698 691 680 680 680 662 662 669 680 691 696 698 698 698
08 28 691 691 691 691 691 680 680 700 700 700 698 680 680 680 662 660 662 662 680 680 691 691 691 691
08 29 691 691 691 680 680 680 680 691 700 698 689 680 669 662 660 649 660 662 680 680 680 691 689 689
08 30 680 680 680 680 680 680 669 680 698 691 680 680 660 660 649 644 649 660 669 680 680 680 680 680
08 31 680 680 680 680 680 669 662 680 691 680 680 680 649 649 644 640 644 649 662 680 680 680 680 680
09 01 680 680 680 669 680 662 662 680 689 680 680 669 644 644 644 630 644 644 662 669 680 680 680 680
09 02 680 680 680 669 669 662 662 680 680 680 680 662 644 644 644 630 640 644 662 669 680 680 680 680
09 03 680 680 -9999 669 669 660 660 680 680 680 669 662 644 644 644 630 639 644 662 662 669 669 669 669
09 04 680 669 669 669 669 660 660 662 680 680 669 662 644 644 644 630 639 644 662 662 669 669 669 669
09 05 680 669 669 669 669 660 660 662 680 680 669 662 644 644 640 630 639 644 662 662 669 669 669 669
09 06 669 669 680 669 669 660 660 669 680 680 669 669 644 644 644 640 639 644 662 669 669 669 669 680
09 07 680 669 680 669 669 660 660 669 680 680 680 680 649 649 644 640 640 644 662 669 680 669 669 680
09 08 669 669 669 669 662 660 660 669 680 680 669 669 644 644 640 640 639 644 662 669 662 669 669 669
09 09 662 662 -9999 662 662 649 649 660 680 669 662 649 644 644 630 630 626 630 658 662 660 669 662 662
09 10 662 644 -9999 649 649 644 644 649 662 662 649 644 639 640 630 630 626 626 640 660 660 662 649 660
09 11 649 640 -9999 640 640 640 630 640 660 662 644 644 630 626 626 626 619 621 640 640 640 649 649 649
09 12 644 630 -9999 626 630 630 619 626 649 658 640 630 626 621 621 626 619 621 630 630 630 640 630 640
09 13 -9999 630 -9999 621 626 626 619 626 644 640 639 630 621 610 621 621 619 619 626 626 626 626 630 630
09 14 -9999 626 -9999 621 621 619 610 621 644 639 621 621 610 610 619 610 610 610 621 621 621 621 621 621
09 15 -9999 621 -9999 610 610 610 610 619 630 630 621 610 610 608 610 610 608 601 610 610 610 610 610 610
09 16 -9999 610 -9999 608 610 608 601 608 621 621 610 601 590 590 599 608 601 599 610 601 599 608 601 590
09 17 590 601 -9999 590 590 590 579 590 608 599 601 590 590 590 590 590 590 579 590 590 590 599 590 590
09 18 590 590 -9999 579 579 579 572 572 590 579 572 570 559 570 568 568 579 570 579 572 572 572 572 579
09 19 570 570 550 550 550 554 554 570 570 559 559 559 550 550 550 554 559 554 570 570 568 570 554 570
09 20 550 554 540 550 550 550 540 554 559 559 550 550 540 536 536 536 554 549 559 554 554 554 554 554
09 21 550 550 540 540 540 536 536 540 554 554 549 540 536 536 531 520 531 520 540 540 550 550 550 550
09 22 540 540 540 536 531 531 531 536 550 550 536 531 529 520 518 518 518 518 536 536 540 550 550 540
09 23 540 540 536 536 520 520 520 531 550 549 520 518 511 518 511 511 500 511 529 536 536 540 540 540
09 24 531 536 520 520 520 520 511 520 549 540 518 511 500 511 500 500 500 500 520 536 536 536 540 540
09 25 531 520 518 520 518 520 511 520 540 536 520 511 500 500 500 500 500 500 520 531 536 536 531 531
09 26 520 518 518 520 518 520 511 518 540 536 520 511 500 511 500 500 500 500 518 529 531 531 531 520
09 27 520 518 518 520 518 518 511 518 540 536 518 511 500 500 500 500 489 500 518 520 531 529 520 518
09 28 518 511 511 511 511 511 500 518 536 531 518 500 500 500 500 482 489 500 518 520 520 520 520 511
09 29 511 509 509 511 511 500 500 511 536 529 509 500 489 489 482 480 482 482 511 500 518 511 511 511
09 30 511 509 500 500 500 500 500 511 536 520 500 500 489 489 482 480 480 482 511 500 500 509 511 511
10 01 511 509 509 511 500 500 500 511 531 520 500 489 489 482 482 480 480 482 500 500 500 500 509 509
10 02 511 509 500 500 500 500 500 509 531 518 500 489 489 482 482 480 480 482 500 500 500 511 509 509
10 03 509 500 500 500 500 500 500 500 529 518 500 482 482 482 482 480 480 482 500 500 500 500 509 509
10 04 509 509 500 500 500 500 489 500 520 511 500 482 482 482 482 469 469 480 500 500 500 500 500 500
10 05 500 500 500 489 500 500 489 500 520 511 500 489 482 482 480 469 469 480 500 500 500 500 500 500
10 06 500 500 500 489 489 489 482 489 520 500 489 482 482 480 480 469 469 480 500 500 500 500 500 500
10 07 500 500 489 489 482 489 480 489 518 500 489 480 480 480 469 464 469 480 489 500 500 500 500 489
10 08 500 489 489 489 482 482 480 489 511 500 482 480 480 478 469 464 469 480 489 500 500 500 500 500
10 09 500 500 489 489 482 482 480 482 509 500 482 480 480 464 469 464 469 480 489 500 500 500 500 500
10 10 500 500 489 482 480 482 480 482 511 500 482 469 480 464 464 464 469 480 489 500 500 500 500 489
10 11 500 489 482 482 480 480 480 482 500 500 480 469 469 464 464 460 469 480 489 500 500 500 489 489
10 12 500 489 482 480 480 469 469 480 500 489 480 469 469 464 464 460 469 480 489 500 500 500 489 489
10 13 500 489 482 480 480 469 469 480 500 489 480 469 469 464 460 460 469 480 489 500 500 489 489 489
10 14 489 482 482 480 469 469 464 480 500 500 482 469 469 469 464 460 469 482 489 500 500 489 482 480
10 15 482 482 480 480 464 464 460 480 489 482 480 469 469 464 460 460 469 480 480 500 489 482 480 469
10 16 469 480 469 464 460 460 450 464 482 480 464 464 464 464 460 460 450 464 469 482 482 480 469 464
10 17 464 469 464 464 459 450 450 460 482 469 460 460 460 460 450 450 450 464 469 480 482 480 464 464
10 18 464 464 464 464 450 450 446 460 480 469 460 460 460 460 450 446 450 464 469 480 480 480 464 464
10 19 464 464 464 460 450 450 446 460 480 469 460 446 450 450 446 446 430 460 460 469 464 464 464 460
10 20 460 464 460 460 450 446 446 450 480 464 450 441 446 441 441 430 428 441 450 450 460 464 460 460
10 21 460 460 459 450 446 446 446 450 469 464 450 430 441 439 441 430 428 430 450 450 450 460 460 460
10 22 460 460 450 446 446 446 446 450 469 464 446 430 446 439 441 430 428 439 450 450 464 460 460 459
10 23 459 459 446 446 446 441 446 446 464 464 446 430 446 439 439 430 428 439 450 450 464 460 460 459
10 24 459 459 446 446 446 441 446 446 464 464 446 430 441 430 428 430 428 430 446 450 450 460 460 450
10 25 450 450 446 441 446 441 446 446 464 464 446 430 430 428 428 428 421 430 441 446 450 450 450 450
10 26 446 450 441 441 439 441 441 446 460 446 441 428 428 421 419 419 410 428 430 441 450 450 446 446
10 27 446 446 441 439 430 430 430 441 459 446 428 421 410 410 410 410 410 421 428 430 446 446 441 441
10 28 441 441 430 430 430 428 428 428 450 446 421 410 410 410 399 410 410 410 428 430 441 441 430 441
10 29 441 428 428 421 421 421 410 421 446 430 419 410 399 392 392 399 392 410 421 428 428 428 428 421
10 30 421 421 421 410 410 410 410 410 428 428 410 399 392 379 392 392 379 392 410 421 421 421 421 410
10 31 421 419 410 410 410 399 392 399 428 428 410 399 392 379 392 392 390 399 410 428 428 421 428 421
11 01 421 421 421 410 410 410 410 410 428 428 410 410 392 390 392 392 390 410 410 428 428 421 428 421
11 02 428 421 410 410 410 399 392 399 428 428 410 399 392 390 392 390 390 392 410 428 421 421 421 410
11 03 421 419 410 410 410 399 399 410 428 421 410 399 392 390 379 374 388 392 410 421 421 421 419 410
11 04 410 410 410 390 390 392 390 392 410 410 410 399 390 374 374 374 379 392 399 410 410 410 410 399
11 05 410 399 399 379 379 392 390 392 410 410 410 399 390 374 379 374 379 392 399 410 410 410 410 399
11 06 399 399 379 379 374 390 388 390 410 410 410 399 390 374 379 374 379 390 390 399 399 410 399 399
11 07 399 399 379 374 370 379 379 379 410 410 399 392 379 374 379 374 379 390 379 399 392 399 399 399
11 08 392 399 374 374 369 374 374 379 399 410 399 374 374 374 374 374 374 390 374 390 392 392 392 390
11 09 390 374 370 370 360 370 374 374 392 399 379 370 369 360 370 360 360 374 370 390 390 379 390 379
11 10 379 370 370 360 356 370 370 369 390 392 379 370 360 360 369 360 360 374 370 390 390 379 390 379
11 11 379 374 370 370 360 370 374 370 392 410 379 370 369 360 369 351 360 388 374 390 390 379 390 379
11 12 390 374 370 374 370 374 374 374 399 410 379 379 374 374 370 360 374 390 374 390 390 388 390 379
11 13 390 379 370 370 370 370 374 374 392 399 379 390 370 360 369 356 374 388 374 379 390 379 390 379
11 14 390 379 374 374 370 374 374 370 392 399 379 374 369 360 369 360 374 374 374 374 379 374 390 374
11 15 390 379 374 370 370 374 374 370 392 399 379 374 374 374 374 360 370 374 374 374 374 374 379 374
11 16 388 374 -9999 370 370 370 374 370 390 392 379 370 356 360 356 356 356 360 370 370 374 374 379 374
11 17 374 370 -9999 360 369 360 360 369 379 392 379 374 356 356 356 356 356 360 370 370 370 370 370 370
11 18 360 369 360 360 360 360 356 360 374 379 374 370 356 356 349 340 356 356 370 370 370 370 370 369
11 19 360 360 360 356 360 356 356 360 374 390 374 370 356 356 340 340 351 356 360 370 370 370 370 369
11 20 360 360 356 -9999 356 356 356 356 370 379 374 369 351 351 340 338 338 351 356 360 360 356 356 360
11 21 356 356 351 -9999 340 340 340 349 360 370 360 356 340 340 338 338 331 338 340 351 356 351 356 356
11 22 349 351 349 -9999 338 338 340 338 360 360 356 349 338 331 338 331 329 320 340 351 356 351 356 356
11 23 349 340 338 -9999 338 338 338 338 356 360 351 349 331 331 329 320 320 320 338 340 351 351 356 356
11 24 340 340 338 -9999 331 338 338 331 351 360 351 349 338 331 329 320 320 320 331 349 351 351 349 356
11 25 349 340 338 -9999 331 338 331 331 351 360 351 349 331 329 320 320 320 320 331 351 351 349 340 340
11 26 349 340 338 -9999 -9999 331 331 320 340 356 340 340 331 329 320 320 320 320 329 340 349 349 340 340
11 27 340 338 329 -9999 -9999 329 320 320 340 340 338 338 320 320 309 311 320 320 320 338 340 340 338 338
11 28 331 331 -9999 -9999 -9999 320 320 320 340 349 338 338 320 320 311 320 320 320 320 338 340 340 338 338
11 29 331 320 -9999 320 311 320 320 320 338 338 338 331 320 320 302 302 302 320 320 331 340 338 338 331
11 30 331 320 -9999 320 311 320 320 320 338 338 338 331 320 320 302 302 302 311 320 331 340 338 338 331
12 01 320 320 -9999 -9999 311 320 320 320 338 338 338 329 320 311 302 302 302 309 320 331 340 338 338 331
12 02 320 320 -9999 -9999 311 320 320 302 331 338 331 329 320 311 302 302 298 311 320 331 338 338 338 320
12 03 320 320 -9999 -9999 -9999 320 311 302 338 338 331 320 320 309 302 302 298 302 311 331 320 331 320 320
12 04 320 320 -9999 320 311 311 311 302 338 338 331 320 320 302 302 302 298 302 311 320 320 331 320 320
12 05 320 320 -9999 320 311 302 311 302 338 338 331 311 311 302 291 291 284 302 302 320 320 320 320 320
12 06 320 320 -9999 320 311 320 311 302 338 338 331 311 320 302 302 302 298 302 302 320 320 320 320 320
12 07 320 320 -9999 320 311 320 320 302 331 338 331 311 311 302 298 302 298 302 302 320 320 320 320 320
12 08 320 320 -9999 320 311 302 302 302 320 331 329 311 311 302 291 291 291 300 302 320 320 320 320 320
12 09 320 320 -9999 311 311 302 302 302 302 320 311 302 302 302 291 291 284 284 291 320 302 302 320 302
12 10 311 311 -9999 302 302 302 302 291 302 309 311 302 302 291 284 282 284 284 291 302 302 302 302 302
12 11 311 302 302 302 302 302 302 302 302 311 302 300 302 291 282 284 284 284 289 302 302 302 302 302
12 12 311 302 291 302 302 302 291 284 302 311 302 300 291 282 271 271 284 284 284 302 302 302 302 284
12 13 302 302 291 302 302 284 284 291 291 309 302 284 289 284 271 271 284 284 284 302 302 302 302 302
12 14 302 302 291 302 291 284 284 291 302 311 311 284 289 284 271 271 284 284 284 302 302 291 302 284
12 15 302 284 284 291 284 284 284 284 291 302 302 284 282 271 270 266 284 284 284 298 298 284 291 284
12 16 302 284 271 284 271 271 271 284 282 302 298 282 282 271 266 266 271 284 284 291 284 284 291 282
12 17 302 279 271 270 270 270 271 271 271 302 284 271 266 266 262 252 270 271 284 284 284 284 289 282
12 18 289 266 266 266 262 262 259 262 266 284 282 266 262 252 252 250 262 266 271 284 284 284 284 271
12 19 284 266 262 -9999 262 259 252 262 262 284 271 262 252 250 248 248 252 262 271 282 282 279 284 271
12 20 284 271 266 -9999 262 262 262 266 266 291 284 266 266 266 252 252 266 270 271 284 284 284 291 282
12 21 284 271 270 271 266 266 270 271 270 302 284 270 266 266 262 252 266 266 271 284 284 284 289 282
12 22 284 279 271 271 266 266 270 270 270 291 284 270 266 266 262 252 266 266 271 284 284 284 284 284
12 23 284 271 271 271 270 270 271 271 270 298 284 271 266 266 262 252 266 266 284 291 284 284 291 284
12 24 284 282 282 284 282 271 271 284 279 302 284 282 277 266 266 266 271 279 284 291 291 291 291 291
12 25 289 284 284 284 284 282 284 284 279 302 289 282 282 271 266 266 282 282 284 302 302 302 302 298
12 26 291 282 284 284 284 282 282 282 270 298 284 282 279 270 266 266 271 279 284 291 298 302 302 298
12 27 289 282 282 282 282 282 271 271 270 289 284 271 277 266 291 262 270 266 279 284 289 291 289 284
12 28 284 271 279 279 279 271 271 271 270 289 284 271 266 266 282 252 266 266 271 284 284 284 289 284
12 29 282 266 271 271 271 271 266 266 266 284 282 270 266 266 282 262 266 266 271 284 284 289 289 284
12 30 284 271 279 279 279 271 271 270 270 289 284 271 277 271 284 266 271 279 279 284 284 291 289 284
12 31 284 271 279 279 282 282 279 271 270 289 284 282 282 271 291 282 284 279 279 284 284 289 289 284
