01 01 -9999 61 59 52 52 50 52 52 70 81 82 91 91 100 91 90 90 81 81 70 68 72 61 63
01 02 -9999 63 61 59 52 50 52 52 70 81 82 91 104 102 99 91 90 86 82 79 72 79 63 70
01 03 -9999 68 63 63 52 52 52 52 81 90 91 102 109 109 102 104 102 91 86 82 82 82 70 70
01 04 -9999 72 70 70 63 63 68 70 82 91 100 109 111 109 104 104 102 91 91 86 86 82 70 72
01 05 -9999 70 70 68 63 63 63 68 81 91 100 104 109 104 102 104 100 91 91 82 82 82 70 72
01 06 -9999 70 63 63 52 52 52 61 72 90 91 104 109 104 100 104 100 91 86 82 81 79 70 70
01 07 -9999 70 63 63 61 52 61 63 72 90 100 104 109 104 102 104 100 90 82 82 79 72 63 70
01 08 -9999 70 63 63 61 52 63 68 81 91 100 104 111 104 102 104 102 90 86 81 81 79 70 72
01 09 -9999 72 70 63 63 68 68 70 82 99 102 109 111 109 104 109 102 90 86 82 86 82 70 72
01 10 -9999 72 70 70 63 70 70 72 86 102 109 111 120 111 109 109 102 91 99 86 86 82 70 81
01 11 -9999 72 70 70 70 70 70 72 86 100 109 109 120 111 109 109 102 100 99 86 86 82 70 81
01 12 -9999 72 70 70 70 70 70 79 86 100 109 109 111 111 109 109 102 100 102 91 91 82 72 82
01 13 -9999 72 79 79 70 72 70 79 86 102 109 111 111 111 111 109 109 102 102 102 91 82 82 86
01 14 -9999 81 81 81 72 81 81 81 90 102 111 111 120 120 111 111 111 102 102 102 91 90 82 90
01 15 -9999 82 86 82 81 81 82 86 100 104 118 118 122 122 120 111 120 109 109 109 102 100 90 91
01 16 -9999 86 86 86 81 86 82 86 100 104 111 120 122 122 122 120 120 109 111 109 102 100 91 91
01 17 -9999 86 82 82 81 81 82 81 100 102 120 122 122 129 129 122 122 109 111 109 102 100 91 91
01 18 -9999 82 81 82 81 81 81 81 100 102 120 120 120 122 120 120 120 102 109 109 91 91 90 91
01 19 -9999 81 72 82 72 72 81 81 91 102 111 111 120 122 122 118 111 102 109 109 91 91 90 91
01 20 -9999 82 82 82 81 81 82 81 100 102 111 118 120 129 129 120 120 102 109 109 102 99 91 91
01 21 -9999 82 82 86 82 82 82 81 102 104 120 122 122 131 129 122 120 109 109 109 102 99 91 91
01 22 -9999 90 82 90 82 82 82 82 102 104 120 122 122 131 129 120 122 109 109 109 109 102 91 91
01 23 -9999 90 82 90 82 82 86 82 102 109 120 122 122 131 131 120 122 109 109 109 102 102 91 91
01 24 -9999 90 82 82 81 82 82 82 102 104 111 122 122 131 131 129 122 109 111 109 102 102 91 91
01 25 -9999 91 81 81 81 82 82 82 100 104 111 122 122 129 129 129 120 109 111 109 102 102 91 100
01 26 -9999 90 81 81 81 82 82 82 100 104 111 122 122 129 129 122 120 109 109 109 102 99 91 91
01 27 -9999 82 81 79 81 82 82 82 100 104 120 122 122 129 129 122 111 104 91 102 91 91 91 91
01 28 -9999 81 72 72 81 82 82 86 102 109 120 120 122 129 122 120 109 104 90 102 91 91 91 90
01 29 -9999 81 72 72 72 72 81 82 100 102 111 120 120 122 122 111 109 102 90 100 90 82 82 82
01 30 -9999 72 70 70 70 70 70 70 90 91 109 102 111 122 120 109 102 100 82 90 82 82 72 82
01 31 -9999 72 68 61 63 63 63 61 81 90 109 102 120 122 122 109 102 91 82 86 82 72 70 81
02 01 -9999 72 68 52 61 63 63 61 82 91 109 102 120 122 122 111 109 100 82 90 82 81 72 81
02 02 -9999 72 68 61 61 63 70 63 90 91 109 111 120 129 122 120 109 102 82 90 86 81 72 81
02 03 -9999 72 68 52 61 61 68 61 90 91 109 120 120 129 122 120 109 102 82 91 90 82 72 81
02 04 -9999 63 63 52 61 61 61 61 81 91 109 111 120 122 122 120 109 102 82 90 90 81 63 81
02 05 -9999 63 63 50 52 50 61 59 81 86 109 102 109 120 122 111 102 100 81 82 82 81 61 72
02 06 -9999 61 52 50 50 41 52 50 70 82 102 102 109 120 122 120 109 100 81 82 82 72 61 72
02 07 -9999 61 61 50 50 41 52 50 70 82 102 102 109 120 122 111 104 100 81 82 82 72 61 70
02 08 -9999 61 61 50 50 41 52 50 70 82 109 102 109 120 122 120 109 109 86 90 86 81 70 81
02 09 -9999 61 63 50 50 41 52 50 70 86 109 111 120 122 122 120 111 109 90 91 90 82 72 82
02 10 -9999 63 68 52 52 50 61 50 70 82 102 111 120 122 122 122 109 109 90 91 91 91 82 82
02 11 -9999 72 70 52 61 50 61 61 70 90 109 111 122 129 129 122 111 120 100 102 100 91 82 82
02 12 -9999 72 70 52 61 52 61 59 70 90 102 111 122 122 129 122 111 120 100 102 91 91 82 82
02 13 -9999 72 70 52 63 61 61 61 72 91 109 122 131 129 131 129 129 120 104 104 91 91 100 90
02 14 -9999 82 72 61 81 72 70 72 81 100 129 129 142 131 142 140 131 131 111 111 100 104 100 91
02 15 -9999 86 82 68 86 81 81 81 90 109 129 140 142 140 151 151 131 140 122 120 102 120 102 100
02 16 -9999 86 82 72 90 82 82 82 102 111 131 142 151 142 153 153 142 131 120 120 102 111 102 104
02 17 -9999 90 82 82 90 82 82 86 102 122 140 142 151 158 153 153 149 153 140 122 120 122 109 109
02 18 -9999 91 86 82 91 86 82 91 104 122 140 151 153 158 153 153 151 153 140 131 120 129 120 111
02 19 -9999 102 91 90 100 91 90 91 120 131 142 151 153 160 153 158 151 153 140 131 122 129 120 111
02 20 -9999 102 91 90 100 91 91 91 120 131 149 153 160 162 160 162 153 153 142 142 131 140 131 120
02 21 -9999 109 104 100 102 100 91 102 122 131 153 162 171 171 162 169 160 158 151 153 142 151 131 131
02 22 -9999 111 109 102 111 104 102 109 131 142 162 162 172 172 169 172 162 160 153 153 151 153 142 131
02 23 -9999 122 109 111 111 109 109 109 131 142 171 169 180 172 169 172 162 160 153 153 153 153 142 131
02 24 -9999 122 109 111 111 111 111 111 140 153 171 169 180 172 162 172 160 158 153 153 151 151 131 131
02 25 -9999 111 104 102 111 120 111 109 142 153 171 169 172 172 162 169 160 158 151 151 151 142 131 131
02 26 -9999 109 91 100 102 109 100 102 131 142 162 162 171 171 160 160 158 153 142 151 140 140 131 122
02 27 -9999 102 90 91 102 100 91 102 131 142 171 162 171 171 160 158 153 153 142 151 142 142 131 122
02 28 -9999 102 100 100 109 109 109 109 140 153 171 169 171 171 160 160 151 153 142 151 151 153 142 131
03 01 -9999 111 104 109 109 102 109 109 140 160 171 171 172 172 162 169 160 158 151 151 151 162 153 140
03 02 -9999 111 109 111 120 111 111 120 142 162 171 171 172 172 172 172 162 169 160 153 153 162 160 151
03 03 -9999 122 118 122 122 129 120 122 151 171 172 172 180 172 180 172 172 172 171 162 162 169 171 160
03 04 -9999 129 129 131 131 131 129 129 151 171 172 172 180 172 180 172 176 172 171 162 162 162 171 160
03 05 -9999 129 129 131 131 131 129 140 149 171 172 176 181 172 181 180 190 176 172 171 172 172 180 162
03 06 -9999 140 131 140 140 140 129 140 153 176 172 180 181 172 181 180 190 192 176 171 172 172 172 162
03 07 -9999 142 142 140 140 142 129 142 158 180 172 180 181 172 181 180 190 181 180 180 172 172 172 169
03 08 -9999 142 142 140 140 140 129 151 169 180 172 180 181 172 181 181 190 176 172 171 172 180 172 169
03 09 -9999 142 140 140 140 131 129 151 169 180 172 180 181 172 189 181 190 176 172 171 172 181 172 169
03 10 -9999 142 142 140 140 131 129 151 169 180 176 180 181 176 190 181 190 180 176 172 172 181 172 162
03 11 -9999 142 142 142 140 131 129 151 171 181 180 180 181 180 190 190 190 181 180 181 180 190 172 162
03 12 -9999 142 142 140 131 131 129 151 169 181 180 180 190 181 190 192 190 194 181 190 181 192 181 172
03 13 -9999 142 153 153 151 140 140 153 180 192 190 192 192 190 199 194 192 199 192 199 192 199 190 180
03 14 -9999 151 158 153 151 140 140 153 180 190 181 190 192 190 199 194 194 201 192 201 199 201 189 180
03 15 -9999 153 160 153 151 140 142 158 180 190 190 190 192 190 201 194 199 201 192 199 199 201 190 176
03 16 -9999 151 160 160 153 142 149 160 180 192 190 190 192 190 201 194 194 201 199 210 199 208 192 180
03 17 -9999 158 162 160 160 142 151 160 180 192 192 194 199 194 210 208 201 210 210 210 201 210 201 190
03 18 -9999 172 172 162 162 151 151 160 181 194 199 194 199 194 210 210 210 212 210 210 201 210 201 190
03 19 -9999 172 176 169 162 153 151 160 181 194 201 208 201 201 212 212 210 219 219 212 201 212 201 192
03 20 -9999 181 181 172 171 160 153 176 190 199 208 210 199 201 212 212 212 212 212 212 201 210 199 194
03 21 -9999 190 181 172 171 162 158 172 190 194 201 210 208 201 219 212 219 212 212 212 201 210 201 199
03 22 -9999 190 181 172 162 162 158 172 192 194 201 201 201 194 212 212 219 212 212 210 201 210 192 190
03 23 -9999 176 180 169 162 160 158 160 190 192 192 194 199 192 210 210 212 212 212 210 199 201 190 189
03 24 -9999 176 176 162 160 151 151 160 190 192 190 190 194 181 201 199 210 210 210 208 199 201 181 180
03 25 -9999 176 171 160 153 151 151 158 181 192 190 190 192 190 199 194 210 201 208 201 199 201 190 180
03 26 -9999 181 172 162 153 151 153 158 190 192 190 190 199 190 199 199 210 201 208 201 199 199 199 190
03 27 -9999 190 180 169 162 162 158 172 192 194 192 194 199 192 201 199 210 210 208 201 199 201 199 190
03 28 -9999 190 176 171 162 162 158 172 192 194 199 194 201 194 219 201 219 210 208 201 199 201 194 180
03 29 -9999 181 180 171 162 162 160 172 192 199 208 201 210 194 219 212 219 210 208 201 199 201 199 180
03 30 -9999 181 180 172 169 169 160 176 192 199 208 201 210 210 219 219 219 212 212 210 199 201 199 192
03 31 -9999 181 181 172 169 171 162 180 192 199 208 199 210 219 221 219 219 212 208 208 201 210 194 192
04 01 -9999 180 181 172 162 171 162 180 199 208 199 199 210 219 221 219 219 212 208 201 199 201 192 180
04 02 -9999 180 180 172 169 171 172 180 199 208 199 199 210 219 221 219 219 212 208 201 201 210 192 180
04 03 -9999 180 181 176 171 171 172 180 194 208 199 199 210 212 221 219 219 212 201 201 201 201 192 180
04 04 -9999 176 180 176 171 171 172 180 194 199 199 199 210 212 219 212 212 212 201 201 201 201 192 180
04 05 -9999 180 180 180 176 172 176 181 201 208 201 210 210 219 221 219 212 212 212 210 210 210 194 180
04 06 -9999 180 180 181 180 172 180 181 201 210 212 210 210 219 221 219 212 219 212 210 212 212 210 199
04 07 -9999 194 189 181 181 181 180 192 210 212 219 212 212 221 232 232 232 232 219 212 219 212 210 201
04 08 -9999 194 194 194 190 190 192 199 212 219 221 219 212 221 232 232 232 232 219 212 219 212 210 201
04 09 -9999 199 194 194 190 190 192 199 212 219 221 221 219 221 232 239 241 232 221 212 221 212 210 201
04 10 -9999 199 194 194 181 189 190 199 212 219 221 230 219 221 241 241 241 239 230 221 221 219 212 210
04 11 -9999 201 194 194 190 190 192 199 210 212 221 219 219 221 239 239 232 239 230 219 221 219 212 210
04 12 -9999 201 194 194 192 199 192 199 210 212 219 219 212 219 221 219 212 230 230 219 219 219 219 210
04 13 -9999 210 199 194 192 199 192 199 210 212 219 212 212 219 221 219 212 230 230 219 219 219 219 210
04 14 -9999 210 199 190 192 199 192 199 210 210 219 212 210 212 219 219 219 230 230 219 219 219 219 210
04 15 -9999 201 190 190 192 199 190 199 210 212 219 219 210 210 219 219 212 230 230 219 219 221 219 210
04 16 -9999 210 194 190 192 199 190 199 210 208 219 219 210 201 210 219 221 230 230 221 219 221 221 210
04 17 -9999 210 192 190 192 199 190 199 210 212 219 212 210 201 210 219 219 232 230 221 219 221 219 210
04 18 -9999 201 190 190 190 199 190 199 210 210 210 212 208 201 210 212 212 230 230 221 230 221 221 210
04 19 -9999 210 190 194 192 192 192 199 212 219 212 212 210 201 212 219 212 232 232 230 230 230 230 221
04 20 -9999 212 192 199 192 192 199 199 212 210 210 212 210 201 212 219 219 232 241 230 230 230 230 212
04 21 -9999 219 201 199 199 199 199 210 219 219 219 219 212 208 219 221 219 241 248 243 232 232 230 221
04 22 -9999 212 201 199 199 199 210 210 219 221 219 219 212 201 219 219 212 241 248 243 241 232 230 212
04 23 -9999 210 194 199 199 199 210 212 221 221 219 219 219 210 219 221 230 241 250 243 241 230 230 230
04 24 -9999 219 201 201 201 199 212 219 230 230 219 219 212 210 219 219 230 243 250 248 241 232 232 232
04 25 -9999 219 201 201 201 199 212 219 230 221 219 219 210 201 212 219 230 243 250 243 243 232 232 230
04 26 -9999 212 201 201 201 199 212 221 232 230 219 219 210 210 219 221 230 250 250 250 243 239 239 232
04 27 -9999 219 210 212 212 201 219 230 239 230 230 221 219 221 230 241 250 252 252 250 248 239 232 232
04 28 -9999 219 210 212 219 210 221 232 243 241 232 232 230 230 230 252 250 261 252 250 250 241 241 232
04 29 -9999 219 212 212 219 212 230 232 243 241 241 243 232 230 230 248 250 261 261 252 250 241 243 232
04 30 -9999 221 212 212 219 212 230 232 241 232 232 232 230 230 230 243 250 252 261 250 250 241 243 232
05 01 -9999 219 212 219 219 212 230 232 243 241 241 241 230 230 230 241 250 250 252 252 250 243 243 232
05 02 -9999 219 212 221 219 219 232 232 243 241 241 241 230 230 230 243 243 250 252 250 250 248 243 232
05 03 -9999 219 212 221 219 221 232 241 248 241 241 243 241 232 241 250 250 250 250 243 248 243 243 232
05 04 -9999 219 221 230 221 232 232 243 248 243 243 248 250 241 243 250 243 250 252 250 248 248 248 232
05 05 -9999 221 221 230 232 243 241 248 252 248 243 248 250 241 243 252 250 250 252 250 250 248 248 241
05 06 -9999 221 230 230 232 243 243 241 250 250 250 248 248 232 252 250 252 250 252 250 252 248 248 241
05 07 -9999 230 230 230 239 241 248 241 252 250 250 248 243 232 250 252 252 252 252 252 252 250 250 243
05 08 -9999 232 232 239 243 243 250 248 261 252 252 250 250 243 252 261 261 261 262 262 261 252 250 248
05 09 -9999 243 243 243 243 248 252 250 262 252 261 250 252 250 261 262 261 261 262 262 261 252 252 252
05 10 -9999 248 248 250 250 250 252 252 262 262 261 252 252 250 261 262 252 261 262 262 262 252 252 248
05 11 -9999 250 250 250 250 250 252 252 262 261 261 252 261 252 262 266 252 261 262 262 262 261 252 252
05 12 -9999 252 250 250 243 250 252 250 262 259 261 252 261 252 261 266 261 261 270 266 262 262 252 252
05 13 -9999 252 252 252 252 250 261 252 262 252 261 252 261 252 261 266 261 262 270 270 266 262 261 261
05 14 -9999 261 252 252 252 250 261 252 262 261 261 252 261 261 262 270 262 262 270 270 266 270 262 261
05 15 -9999 262 261 261 252 252 262 259 266 266 261 262 270 262 266 270 262 266 271 270 266 270 262 261
05 16 -9999 262 262 261 252 252 262 261 270 266 261 262 270 270 266 271 270 271 271 270 270 271 262 262
05 17 -9999 266 262 261 252 252 262 262 270 270 262 262 270 270 270 279 271 271 280 271 270 271 262 262
05 18 -9999 270 262 262 261 262 262 262 271 270 270 266 271 271 271 282 282 282 284 282 280 280 270 262
05 19 -9999 271 266 266 261 252 262 262 271 271 270 270 271 271 280 282 282 282 289 282 279 280 271 266
05 20 -9999 271 271 271 262 266 271 271 279 280 270 270 271 271 282 284 289 282 289 284 280 280 270 270
05 21 -9999 280 282 282 271 270 271 282 289 282 282 282 280 280 284 289 289 282 289 289 282 280 271 271
05 22 -9999 280 282 282 271 271 282 282 289 289 282 282 282 280 289 289 289 282 289 289 282 280 271 270
05 23 -9999 280 289 289 271 282 282 282 291 289 282 280 280 280 282 289 289 282 289 291 282 282 271 270
05 24 -9999 280 282 289 271 282 282 282 291 289 289 282 280 280 284 289 291 282 289 291 282 282 271 271
05 25 -9999 280 289 282 280 282 282 282 291 291 289 284 282 280 289 291 291 289 289 291 282 284 280 271
05 26 -9999 280 289 289 282 282 284 289 300 289 289 282 282 280 284 289 291 289 289 291 284 284 271 271
05 27 -9999 280 289 289 282 282 289 289 291 289 289 284 289 280 284 289 289 282 289 291 289 289 280 280
05 28 -9999 282 289 289 282 282 289 289 291 284 289 282 282 280 289 291 289 282 289 291 289 289 280 280
05 29 -9999 284 291 289 289 282 289 289 300 289 289 289 289 282 291 300 300 289 291 291 291 289 280 282
05 30 -9999 291 302 291 289 289 291 291 300 291 289 291 291 289 300 300 300 291 291 300 291 289 289 282
05 31 -9999 291 302 291 291 289 291 300 302 291 291 291 291 289 300 300 300 291 291 291 291 289 291 284
06 01 -9999 291 302 298 291 291 298 300 302 300 291 289 291 282 300 300 300 289 298 291 291 289 291 282
06 02 -9999 298 302 300 291 291 291 300 302 289 289 289 289 282 291 300 300 291 298 291 291 291 291 284
06 03 -9999 298 302 298 291 289 291 291 300 289 289 280 282 280 289 291 300 291 291 291 289 289 289 284
06 04 -9999 291 302 291 291 289 289 289 300 282 280 280 282 280 289 298 300 291 291 291 289 289 289 284
06 05 -9999 291 300 291 291 289 291 291 291 282 271 279 280 282 289 300 300 291 291 289 284 289 289 282
06 06 -9999 291 302 291 291 289 291 291 291 280 271 280 282 282 282 289 300 289 291 289 289 289 289 289
06 07 -9999 298 302 291 298 291 291 291 291 284 280 280 282 282 289 300 300 289 291 289 289 289 282 289
06 08 -9999 300 302 291 298 291 298 291 298 284 282 284 291 289 291 300 302 289 291 289 289 284 282 289
06 09 -9999 300 302 291 298 291 291 291 291 282 280 280 284 284 289 291 302 289 291 289 282 282 282 289
06 10 -9999 300 302 300 298 291 291 291 291 282 282 284 284 289 289 300 302 291 291 282 282 282 282 289
06 11 -9999 300 302 302 300 298 298 298 300 289 289 284 282 289 291 300 302 291 291 289 289 289 282 282
06 12 -9999 291 300 291 291 289 289 291 291 282 280 280 282 284 289 291 302 291 291 289 289 282 282 280
06 13 -9999 289 291 291 291 289 289 289 291 282 271 271 280 282 282 289 302 291 291 289 289 280 280 279
06 14 -9999 284 291 284 289 282 289 289 291 282 271 271 271 280 282 289 302 291 291 289 282 271 280 279
06 15 -9999 291 291 289 282 282 282 282 282 270 271 271 271 282 282 284 302 291 291 291 291 271 280 271
06 16 -9999 291 291 284 289 282 280 282 282 270 270 270 271 280 282 282 289 289 291 289 282 270 280 270
06 17 -9999 289 291 282 282 280 262 271 280 262 270 270 279 280 282 282 300 289 291 289 289 271 271 270
06 18 -9999 289 291 284 282 282 262 279 282 262 270 270 279 282 282 289 298 289 300 291 291 280 279 270
06 19 -9999 291 298 291 289 282 271 282 282 266 270 270 279 282 282 282 289 289 300 291 289 271 280 270
06 20 -9999 291 302 291 289 282 279 282 282 270 270 270 279 280 282 282 282 289 302 298 291 280 280 270
06 21 -9999 284 291 284 282 280 262 271 280 266 261 262 271 282 282 289 289 289 302 300 291 280 280 270
06 22 -9999 282 291 284 280 271 262 270 280 266 261 261 271 280 282 282 282 289 302 298 291 282 280 270
06 23 -9999 282 291 289 280 271 262 270 280 266 261 261 271 280 282 282 282 289 302 300 291 284 280 270
06 24 -9999 282 291 289 282 271 262 271 280 266 262 262 280 282 282 289 282 289 302 302 298 289 280 270
06 25 -9999 284 291 291 282 271 262 271 280 270 262 262 280 282 284 289 282 289 309 302 298 289 280 271
06 26 -9999 284 291 291 282 271 262 271 280 266 262 270 280 282 284 289 282 289 309 302 298 291 280 271
06 27 -9999 298 309 300 291 282 280 282 282 289 270 271 282 282 289 289 289 289 302 302 298 291 282 279
06 28 -9999 300 311 302 291 282 280 282 282 289 270 271 282 289 291 289 289 289 309 302 298 298 289 282
06 29 -9999 309 311 309 298 289 284 282 282 289 270 271 284 289 291 298 289 291 309 298 291 300 289 289
06 30 -9999 309 311 302 300 298 289 284 289 291 271 280 289 289 289 300 300 300 309 300 300 302 309 302
07 01 -9999 311 320 309 302 300 289 289 289 291 280 282 298 289 298 300 309 302 311 302 302 302 309 302
07 02 -9999 311 320 309 302 300 291 298 291 298 289 289 300 300 302 302 309 311 311 302 309 309 302 302
07 03 -9999 311 320 309 302 300 289 298 291 300 289 291 302 300 302 302 309 311 311 302 309 309 302 302
07 04 -9999 311 320 309 302 302 289 291 291 300 291 300 302 302 302 309 309 320 311 302 309 309 309 309
07 05 -9999 311 320 311 309 302 291 298 300 300 289 300 309 302 309 309 311 320 320 309 311 309 311 311
07 06 -9999 311 320 311 311 302 300 302 302 300 291 302 302 302 309 309 309 320 320 309 309 309 309 311
07 07 -9999 320 320 311 311 309 302 309 311 309 300 302 309 302 311 311 309 320 320 309 309 302 309 311
07 08 -9999 320 320 311 311 309 309 302 311 309 302 302 311 302 320 320 320 329 320 311 311 309 309 311
07 09 -9999 320 320 320 311 309 309 302 311 309 302 309 311 309 320 320 311 329 320 311 311 309 309 311
07 10 -9999 320 320 320 320 309 309 302 311 309 302 309 320 311 320 320 311 331 320 311 311 302 302 311
07 11 -9999 320 320 320 320 309 309 302 311 309 302 309 320 309 320 320 311 331 320 320 311 302 302 311
07 12 -9999 320 320 320 320 311 311 302 311 302 300 302 311 300 302 311 311 331 320 320 311 302 309 311
07 13 -9999 320 320 320 320 311 311 302 311 309 300 302 311 300 302 311 309 329 320 320 320 309 302 309
07 14 -9999 311 320 320 320 309 309 302 309 302 298 302 309 291 302 311 309 329 320 320 320 311 309 309
07 15 -9999 320 320 320 320 311 311 302 309 302 291 302 300 291 302 302 309 320 320 320 320 302 302 309
07 16 -9999 320 320 320 320 311 320 309 320 302 291 302 291 300 302 311 309 320 320 320 320 302 302 302
07 17 302 320 320 329 320 311 320 311 320 302 300 302 291 302 302 309 309 320 320 320 320 302 302 302
07 18 309 320 320 329 320 309 320 311 311 302 291 300 291 302 309 309 309 320 320 320 311 309 302 309
07 19 311 331 320 331 320 311 320 309 309 291 291 291 291 302 302 302 309 311 320 320 311 309 302 309
07 20 311 331 331 331 320 311 311 302 309 291 289 289 289 300 302 302 309 311 320 311 309 309 298 302
07 21 311 329 329 329 320 320 311 302 302 271 280 284 289 291 302 300 302 302 311 309 309 302 298 302
07 22 311 331 320 320 320 320 311 300 298 271 279 280 289 291 302 302 302 309 311 309 309 309 298 302
07 23 -9999 331 331 331 320 320 311 302 300 266 270 271 284 289 300 298 302 309 311 302 302 302 289 302
07 24 -9999 331 331 331 320 320 311 309 302 262 270 271 284 289 300 298 302 302 302 302 302 302 289 298
07 25 -9999 329 329 320 320 311 309 309 302 266 270 270 280 289 291 289 300 302 298 302 302 298 289 291
07 26 -9999 320 320 320 320 309 309 309 302 270 270 270 280 289 289 282 298 302 291 302 302 298 289 291
07 27 -9999 320 320 320 320 309 302 309 302 270 270 270 271 289 289 280 289 298 289 298 291 298 289 291
07 28 -9999 320 320 311 320 309 300 300 300 262 270 270 280 289 289 282 289 302 289 300 300 291 289 298
07 29 -9999 320 320 320 320 309 309 309 302 270 270 270 280 291 284 282 289 302 289 300 291 298 289 298
07 30 -9999 320 320 320 320 311 309 309 309 270 271 270 289 291 289 289 300 302 300 300 291 300 289 298
07 31 -9999 320 311 320 320 309 302 309 302 280 280 271 282 291 282 284 291 309 302 302 302 302 300 302
08 01 -9999 320 320 320 320 311 302 309 309 279 271 270 282 289 280 284 291 302 309 300 302 302 302 302
08 02 -9999 311 311 320 320 311 300 309 309 271 271 270 284 284 280 291 291 302 300 300 302 302 300 302
08 03 -9999 309 309 311 320 309 300 302 302 270 270 270 282 282 271 291 291 302 291 300 302 302 300 302
08 04 -9999 302 309 311 320 309 300 302 309 271 270 270 282 282 280 291 291 309 302 300 302 302 300 302
08 05 -9999 302 309 311 311 302 300 302 309 280 271 271 289 282 280 298 300 311 309 302 309 309 302 302
08 06 -9999 302 309 311 309 302 298 300 309 280 271 271 289 289 289 300 291 309 309 300 309 302 300 300
08 07 -9999 302 302 309 309 302 298 291 309 280 279 280 289 289 298 300 291 302 309 300 302 302 300 300
08 08 -9999 298 302 309 309 300 291 291 302 289 271 280 284 289 289 298 291 302 309 300 309 309 300 302
08 09 -9999 300 302 309 309 298 291 289 298 282 271 280 284 289 289 300 298 302 309 300 309 302 300 302
08 10 -9999 298 302 309 309 291 289 289 298 280 270 271 284 289 291 300 298 309 309 300 309 302 300 302
08 11 -9999 298 302 302 300 291 289 280 282 279 270 271 289 291 298 300 300 311 309 302 309 309 300 300
08 12 -9999 300 300 302 291 289 284 280 280 271 270 271 289 291 298 300 300 311 309 300 309 309 300 298
08 13 -9999 300 298 291 289 284 280 270 271 271 262 271 284 282 289 300 291 302 309 300 309 302 300 298
08 14 -9999 300 298 289 289 279 271 262 270 270 261 270 282 280 284 291 291 300 302 300 309 302 298 291
08 15 -9999 289 289 282 282 270 262 252 262 252 250 259 280 280 284 289 291 300 302 298 302 300 298 289
08 16 -9999 289 289 282 280 270 259 248 250 250 241 250 270 270 280 282 289 298 300 289 291 289 291 282
08 17 -9999 280 282 279 279 270 248 248 250 250 232 243 262 270 279 282 284 291 300 289 289 289 289 280
08 18 -9999 279 282 279 279 262 248 243 250 250 239 250 262 270 280 282 284 291 300 289 289 289 289 279
08 19 -9999 282 289 280 279 259 248 243 248 248 239 243 261 270 280 284 282 291 300 289 289 289 289 280
08 20 -9999 289 289 282 279 262 248 241 248 248 232 241 252 270 280 282 282 291 298 289 289 289 289 280
08 21 -9999 289 289 282 279 262 248 241 248 250 239 243 261 270 271 282 284 291 298 291 289 289 289 279
08 22 -9999 289 289 282 279 262 248 241 248 250 239 243 261 270 271 282 280 289 298 291 289 289 289 279
08 23 -9999 289 289 282 270 261 250 241 243 250 241 243 262 270 279 282 280 291 298 291 289 289 289 279
08 24 -9999 289 289 282 271 261 250 243 248 250 232 241 262 270 279 284 280 291 300 291 289 289 291 280
08 25 -9999 289 284 280 279 261 250 248 248 250 232 239 252 262 270 282 280 291 298 289 289 289 291 280
08 26 -9999 289 289 282 279 262 250 250 248 250 239 239 250 261 270 280 280 289 298 289 289 284 291 280
08 27 -9999 289 282 282 280 266 250 250 241 250 230 232 243 252 270 271 280 289 291 282 289 289 291 280
08 28 -9999 284 282 282 280 270 252 250 241 250 232 232 241 252 262 270 271 289 289 289 289 284 289 279
08 29 -9999 282 282 282 280 270 259 250 241 250 241 239 250 261 270 271 279 289 289 289 289 284 289 279
08 30 -9999 282 282 280 279 266 259 259 252 250 241 239 250 261 270 271 271 289 289 289 289 284 282 271
08 31 -9999 280 282 280 280 270 270 259 252 250 241 243 252 261 271 271 271 289 291 291 291 289 289 279
09 01 -9999 280 282 284 289 270 270 261 261 252 250 252 261 262 271 280 279 291 291 291 291 289 289 280
09 02 -9999 280 282 284 289 280 271 270 262 261 250 252 262 262 271 282 280 291 291 291 291 289 289 282
09 03 -9999 280 282 282 284 271 279 270 270 261 250 252 261 262 271 271 271 291 291 291 291 289 289 282
09 04 -9999 271 270 270 271 270 270 270 270 261 250 250 261 261 270 271 271 289 289 289 289 289 282 282
09 05 -9999 270 266 270 270 266 270 262 262 252 250 248 259 261 270 271 271 291 289 289 289 289 282 280
09 06 -9999 262 261 262 270 262 262 261 261 250 243 241 250 261 266 271 271 289 289 289 289 289 282 282
09 07 -9999 270 266 262 270 262 262 261 259 250 243 241 250 261 262 271 271 284 289 289 289 289 282 282
09 08 -9999 262 270 262 270 262 261 259 259 250 250 243 250 261 261 270 270 282 280 284 289 289 282 282
09 09 -9999 266 270 266 270 262 261 252 259 250 250 250 250 261 261 270 270 282 280 289 289 289 282 282
09 10 -9999 266 270 262 262 259 261 252 252 250 250 243 250 261 261 270 270 282 284 289 289 289 282 280
09 11 -9999 270 270 262 262 259 261 252 252 250 250 243 250 261 261 270 270 280 284 289 289 289 280 279
09 12 -9999 266 270 262 261 259 261 252 252 243 250 248 250 261 261 270 270 282 291 289 289 289 279 270
09 13 -9999 262 270 262 262 259 261 259 252 243 243 248 250 261 262 271 271 284 291 289 289 289 280 270
09 14 -9999 266 266 262 270 262 261 259 252 250 250 248 250 261 262 270 271 284 284 289 289 289 271 270
09 15 -9999 262 266 262 259 252 259 259 259 252 250 243 250 261 261 271 280 284 280 289 284 282 271 270
09 16 -9999 262 266 261 250 250 252 250 252 250 241 241 248 261 261 270 270 280 280 289 282 280 271 270
09 17 -9999 261 261 252 250 243 243 241 250 243 241 241 243 250 250 266 262 270 271 284 280 280 262 261
09 18 -9999 250 250 241 232 232 221 230 241 232 230 241 239 243 248 259 261 261 270 282 271 271 261 250
09 19 -9999 248 252 241 232 230 219 230 241 230 230 241 230 239 232 250 261 261 270 282 271 270 261 250
09 20 -9999 248 250 241 232 219 219 230 232 241 230 241 232 230 230 243 259 261 262 282 271 270 250 250
09 21 -9999 243 232 230 232 219 219 230 230 241 230 241 230 230 230 243 259 259 262 282 262 262 250 248
09 22 -9999 230 230 219 230 219 210 219 230 239 230 241 230 230 230 241 250 250 262 282 262 262 248 232
09 23 -9999 230 219 219 230 219 210 219 221 230 230 239 230 230 230 241 250 250 262 282 261 259 243 230
09 24 -9999 221 219 219 219 212 210 219 221 230 230 239 230 230 230 239 259 250 261 270 261 259 243 230
09 25 -9999 219 219 219 219 212 210 219 221 232 230 239 230 230 230 232 250 248 252 259 261 250 241 230
09 26 -9999 219 219 219 219 212 210 219 221 230 230 239 230 230 230 232 250 250 252 259 261 250 248 230
09 27 -9999 221 219 219 219 219 210 219 230 239 230 239 230 221 230 230 241 248 250 250 259 250 241 230
09 28 -9999 219 212 212 212 212 201 210 219 230 212 230 221 219 221 230 230 241 241 243 241 241 221 219
09 29 -9999 201 199 210 201 208 199 210 210 212 210 212 221 212 219 221 230 241 239 241 232 230 219 219
09 30 -9999 201 199 210 201 199 192 199 210 210 201 210 219 210 212 219 221 230 232 241 219 219 212 212
10 01 -9999 201 192 201 199 199 192 201 208 210 201 210 219 210 212 219 219 230 232 241 219 212 212 212
10 02 -9999 199 190 192 199 199 190 199 208 210 201 210 219 210 212 219 219 230 230 241 219 210 210 210
10 03 -9999 199 190 201 199 199 199 201 210 212 208 212 219 210 212 219 219 230 230 239 219 201 208 199
10 04 -9999 189 190 190 199 199 192 199 201 210 201 210 219 210 212 219 219 219 230 221 212 199 192 199
10 05 -9999 189 189 189 190 190 189 192 199 210 201 210 212 210 208 212 212 212 212 219 210 199 190 199
10 06 -9999 180 180 181 181 189 180 192 199 208 201 210 210 208 201 212 212 212 208 212 201 192 190 180
10 07 -9999 176 180 180 180 180 180 190 199 201 199 210 201 199 201 210 212 212 208 208 199 189 189 180
10 08 -9999 172 172 180 180 180 176 189 194 201 199 208 199 199 201 210 208 210 208 208 199 181 189 180
10 09 -9999 172 176 180 171 180 176 180 192 199 199 201 194 192 199 201 201 208 201 208 199 180 180 176
10 10 -9999 171 171 172 169 171 171 180 190 194 199 201 194 192 199 199 199 201 199 199 192 176 172 172
10 11 -9999 169 169 169 169 160 169 180 180 190 192 199 189 192 192 190 199 201 199 194 189 176 169 171
10 12 -9999 162 158 169 162 160 160 172 180 190 189 192 181 190 192 190 199 201 199 192 192 176 169 172
10 13 -9999 162 162 169 160 160 160 180 180 190 189 192 189 190 194 190 199 201 199 194 192 176 172 176
10 14 -9999 171 171 176 160 160 160 172 180 190 192 192 189 190 192 190 199 199 199 190 190 176 169 171
10 15 -9999 162 162 160 151 160 158 169 176 181 181 190 181 190 190 181 190 190 192 180 189 172 158 171
10 16 -9999 160 153 153 151 158 151 160 171 180 180 181 180 189 189 181 189 181 190 176 176 162 158 162
10 17 -9999 160 158 153 151 158 151 160 171 180 180 180 176 181 180 180 189 180 180 172 176 162 158 160
10 18 -9999 160 153 153 151 151 149 160 169 171 180 180 172 180 180 180 180 176 171 169 171 162 158 160
10 19 -9999 151 151 151 142 142 140 149 160 160 169 172 171 180 176 176 180 171 169 160 162 160 153 151
10 20 -9999 149 142 142 140 140 129 140 153 160 162 162 169 176 171 171 176 169 160 160 162 160 151 151
10 21 -9999 149 142 140 140 140 129 140 151 151 162 162 160 172 171 171 171 169 160 158 158 151 151 149
10 22 -9999 142 140 140 140 140 140 140 153 160 169 162 160 171 171 171 171 169 160 158 158 149 149 140
10 23 -9999 140 140 140 140 140 131 140 153 160 162 162 160 171 160 171 169 160 158 153 151 149 149 140
10 24 -9999 140 140 140 140 140 131 140 153 160 162 162 160 160 160 160 169 160 158 149 149 140 140 140
10 25 -9999 140 140 140 140 140 131 140 151 151 160 162 160 160 160 160 160 149 149 149 142 140 140 131
10 26 -9999 129 140 140 129 129 122 129 149 149 153 160 160 160 151 158 151 149 140 142 140 140 140 131
10 27 -9999 122 140 129 129 122 118 129 142 142 151 158 153 149 140 142 142 131 129 140 129 129 120 122
10 28 -9999 109 118 120 118 102 109 109 122 131 140 142 140 140 129 140 140 120 122 131 122 122 120 120
10 29 -9999 109 109 109 109 100 109 109 122 131 140 142 140 140 129 140 140 129 129 140 129 122 120 122
10 30 -9999 109 109 109 109 100 109 109 120 129 140 140 140 140 140 142 149 140 129 140 129 122 122 122
10 31 -9999 109 109 109 109 100 109 109 122 131 140 142 140 140 140 142 142 140 129 140 129 122 120 120
11 01 -9999 109 102 109 109 90 109 109 120 129 140 142 140 140 140 142 140 129 129 131 122 122 120 118
11 02 -9999 102 99 102 100 90 100 109 120 122 140 142 142 142 140 153 142 131 129 140 122 122 120 109
11 03 -9999 109 102 109 91 91 104 109 122 129 140 149 153 142 140 153 140 131 129 140 129 129 122 122
11 04 -9999 109 109 118 109 100 109 118 140 140 140 151 158 151 142 158 140 140 129 140 129 129 129 122
11 05 -9999 109 109 118 109 91 109 118 140 140 140 149 153 149 142 151 140 131 129 140 129 129 122 122
11 06 -9999 109 102 109 100 91 109 109 129 131 140 151 153 151 142 153 140 129 129 140 129 129 129 122
11 07 -9999 109 104 109 99 91 104 109 122 140 140 149 158 151 142 153 140 140 131 140 129 129 129 122
11 08 -9999 109 109 109 99 100 100 109 122 131 140 149 151 149 140 151 140 140 129 140 131 129 122 111
11 09 -9999 102 99 109 90 90 99 102 122 122 131 149 149 140 140 149 129 122 122 129 129 120 120 104
11 10 -9999 91 91 100 90 90 99 102 120 122 129 142 142 140 140 140 129 122 129 131 129 122 120 104
11 11 -9999 99 91 100 90 91 99 102 122 129 131 149 149 142 142 142 129 129 131 140 129 122 120 111
11 12 -9999 100 100 100 91 100 99 109 122 122 131 142 149 140 140 142 129 122 122 122 122 120 111 102
11 13 -9999 91 90 91 90 90 90 100 120 122 129 140 140 140 140 140 129 120 120 122 120 111 111 99
11 14 -9999 90 90 90 90 90 90 99 120 122 129 140 140 140 140 140 122 111 111 118 109 111 109 90
11 15 -9999 90 90 90 82 82 86 91 118 120 129 140 140 140 140 140 122 120 118 120 111 111 109 99
11 16 -9999 90 90 90 82 82 90 91 118 118 129 129 131 140 140 140 111 109 109 111 109 109 109 90
11 17 -9999 90 90 90 82 82 72 81 90 102 120 120 120 129 129 129 100 99 102 109 100 100 100 90
11 18 -9999 90 82 81 70 79 72 72 82 91 109 109 111 122 122 118 100 91 90 100 90 91 90 90
11 19 -9999 90 81 72 70 72 70 70 81 90 100 109 109 120 120 118 99 90 86 91 90 90 82 81
11 20 -9999 82 79 70 63 70 70 70 79 90 100 100 109 120 118 111 99 90 86 91 81 82 81 79
11 21 -9999 81 79 70 63 70 70 70 72 82 99 99 102 109 104 102 91 81 82 90 79 81 79 70
11 22 -9999 79 70 63 61 70 70 63 70 82 91 91 99 102 99 90 90 81 79 79 72 72 70 63
11 23 -9999 79 61 61 59 61 61 61 70 81 90 91 99 100 91 90 82 72 72 72 70 70 63 63
11 24 -9999 70 59 59 50 59 59 52 61 79 90 90 99 100 90 90 81 72 70 70 61 63 61 50
11 25 -9999 70 52 50 41 52 52 50 61 70 81 90 91 99 90 90 81 70 70 70 61 63 61 50
11 26 -9999 70 41 50 39 50 50 39 50 61 79 90 90 91 82 82 81 70 70 63 61 61 52 50
11 27 -9999 61 41 50 39 50 50 39 50 61 72 82 82 82 82 82 70 63 70 68 61 61 52 50
11 28 -9999 61 41 50 39 50 50 50 52 61 72 82 82 82 82 82 70 63 70 68 61 61 52 50
11 29 -9999 52 41 50 39 50 50 50 52 61 72 86 82 82 82 82 70 59 70 70 61 61 52 50
11 30 -9999 52 50 50 41 50 50 50 52 61 72 82 82 82 82 81 70 59 68 68 61 61 61 52
12 01 -9999 52 41 50 50 52 50 50 61 61 79 82 90 82 82 82 70 59 63 63 61 61 61 52
12 02 -9999 52 41 50 50 52 50 50 61 70 79 82 82 82 82 82 70 59 63 61 52 61 52 50
12 03 -9999 50 39 50 41 50 50 50 61 61 81 82 90 90 82 82 70 63 63 63 61 61 52 50
12 04 -9999 50 39 41 41 50 50 50 61 70 81 86 90 82 82 82 70 63 63 68 61 61 52 52
12 05 -9999 52 39 41 41 41 50 41 52 61 72 81 82 82 82 82 70 63 63 63 61 52 52 50
12 06 -9999 41 39 41 41 41 41 39 52 61 72 79 86 82 82 82 70 63 61 63 61 52 52 50
12 07 -9999 50 41 50 50 41 50 41 61 68 72 82 90 82 82 82 72 63 63 68 63 61 52 61
12 08 -9999 52 50 50 52 50 50 50 61 70 72 82 91 90 82 90 72 63 63 70 63 63 61 63
12 09 -9999 59 52 52 52 50 50 50 61 70 79 86 91 90 86 91 79 70 68 70 70 68 68 63
12 10 -9999 63 52 52 52 50 52 50 63 72 72 82 91 91 86 91 81 70 68 72 68 63 63 63
12 11 -9999 63 52 52 52 50 52 59 63 72 81 86 91 91 90 91 82 70 68 79 68 68 63 68
12 12 -9999 63 52 52 52 50 50 59 63 72 82 90 102 91 90 91 90 72 68 79 70 70 63 68
12 13 -9999 63 59 52 52 52 50 59 61 79 82 90 102 99 91 99 90 72 68 79 70 72 68 68
12 14 -9999 63 59 59 52 52 52 59 61 72 82 90 102 99 90 91 90 72 72 79 70 72 70 68
12 15 -9999 59 63 59 52 52 59 59 61 72 81 90 100 91 90 91 82 72 63 72 63 68 63 68
12 16 -9999 52 61 52 52 50 50 50 52 70 79 86 91 91 90 91 82 72 63 72 63 63 61 68
12 17 -9999 52 61 52 52 50 50 59 59 70 81 90 91 100 91 91 90 82 72 79 68 72 68 68
12 18 -9999 63 63 61 59 59 50 59 61 70 81 90 91 91 90 90 82 81 68 72 61 72 63 68
12 19 -9999 52 61 61 52 52 50 59 61 70 81 86 86 91 86 86 82 72 68 70 61 68 63 68
12 20 -9999 52 61 59 52 52 50 52 61 70 81 86 90 91 90 86 82 81 68 72 63 72 63 68
12 21 -9999 52 61 61 59 52 52 52 63 70 81 90 91 100 90 90 90 82 68 72 63 79 63 68
12 22 -9999 52 63 63 61 59 52 59 68 72 81 90 90 100 91 90 90 82 68 72 63 81 63 68
12 23 -9999 52 61 61 52 59 52 59 70 72 82 90 91 100 91 90 90 82 81 79 70 81 63 68
12 24 -9999 63 63 63 59 59 52 61 70 72 82 90 91 102 91 90 90 82 82 79 70 81 63 68
12 25 -9999 61 61 61 59 52 52 52 70 72 82 90 91 100 91 90 90 82 81 72 68 81 63 68
12 26 -9999 59 61 61 59 50 50 52 70 72 82 90 91 100 91 90 90 82 68 70 63 72 61 63
12 27 -9999 59 61 52 59 50 50 52 70 72 81 90 91 102 91 90 90 82 81 72 70 81 63 68
12 28 -9999 59 61 59 52 50 52 52 70 72 82 90 91 102 91 90 90 81 68 70 63 72 61 68
12 29 -9999 59 61 52 52 50 52 52 70 72 82 90 91 102 91 90 82 81 68 70 63 72 61 63
12 30 -9999 59 61 52 52 50 50 52 70 72 82 90 91 102 91 90 90 81 81 70 68 72 61 63
12 31 -9999 61 59 52 52 50 52 52 70 81 82 90 91 100 91 90 90 81 81 70 68 72 61 63
