01 01 822 -9999 -9999 -9999 -9999 -9999 820 820 829 840 849 849 860 860 860 860 856 846 838 829 826 822 824 822
01 02 822 -9999 -9999 -9999 -9999 -9999 820 820 829 840 849 849 860 860 860 860 856 846 838 829 822 820 824 822
01 03 822 -9999 -9999 -9999 -9999 -9999 820 820 829 840 849 849 860 860 860 860 855 846 838 829 822 820 822 820
01 04 822 -9999 -9999 -9999 -9999 -9999 820 820 829 840 849 849 860 860 860 860 856 846 837 829 822 820 822 820
01 05 820 -9999 -9999 -9999 -9999 -9999 820 820 829 840 849 851 860 860 860 860 855 846 837 829 822 820 822 820
01 06 820 -9999 -9999 -9999 -9999 -9999 820 820 829 840 849 849 860 860 860 860 853 846 837 829 822 820 820 820
01 07 820 -9999 -9999 -9999 -9999 -9999 820 820 829 840 849 849 860 860 860 860 853 844 837 828 822 820 820 820
01 08 820 -9999 -9999 -9999 -9999 -9999 820 820 828 840 846 849 860 860 860 860 853 844 835 828 822 820 820 820
01 09 820 -9999 -9999 -9999 -9999 -9999 820 820 828 840 846 849 860 860 860 860 855 846 837 828 822 820 822 820
01 10 820 -9999 -9999 -9999 -9999 -9999 820 820 829 840 846 849 860 860 860 860 855 844 837 828 822 820 820 820
01 11 820 -9999 -9999 -9999 -9999 -9999 820 820 829 840 847 849 860 860 860 860 855 844 837 828 822 820 820 820
01 12 820 -9999 -9999 -9999 -9999 -9999 820 820 829 840 849 853 860 860 860 860 855 846 835 828 822 820 820 820
01 13 820 -9999 -9999 -9999 -9999 -9999 820 820 829 840 847 851 860 860 860 860 855 844 835 828 822 820 820 820
01 14 820 -9999 -9999 -9999 -9999 -9999 820 820 828 840 847 851 860 860 860 860 855 844 835 828 822 820 820 820
01 15 820 -9999 -9999 -9999 -9999 -9999 820 820 826 840 847 849 860 860 860 860 855 844 835 828 824 820 820 820
01 16 820 -9999 -9999 -9999 -9999 -9999 820 820 826 840 846 851 860 860 860 860 855 842 835 826 822 820 820 820
01 17 820 -9999 -9999 -9999 -9999 -9999 820 820 826 840 846 851 860 860 860 860 855 842 835 826 822 820 820 820
01 18 820 -9999 -9999 -9999 -9999 -9999 820 820 826 840 844 853 860 860 860 860 855 842 835 826 824 820 820 820
01 19 820 -9999 -9999 -9999 -9999 -9999 820 820 824 840 844 853 860 860 860 860 853 842 835 826 822 820 820 820
01 20 820 -9999 -9999 -9999 -9999 -9999 820 820 824 840 844 853 860 860 860 860 853 842 835 826 822 820 820 820
01 21 820 -9999 -9999 -9999 -9999 -9999 820 820 826 840 844 853 860 860 860 860 853 842 835 826 822 820 820 820
01 22 820 -9999 -9999 -9999 -9999 -9999 820 820 824 840 844 851 860 860 860 860 853 842 835 826 822 820 820 820
01 23 820 -9999 -9999 -9999 -9999 -9999 820 820 824 840 846 853 860 860 860 860 853 842 835 826 822 820 820 820
01 24 820 -9999 -9999 -9999 -9999 -9999 820 820 826 840 846 853 860 860 860 860 849 842 835 826 822 820 820 820
01 25 820 -9999 -9999 -9999 -9999 -9999 820 820 824 840 846 853 860 860 860 860 849 842 835 826 822 820 820 820
01 26 820 -9999 -9999 -9999 -9999 -9999 820 820 824 840 846 853 860 860 860 860 849 842 835 826 822 820 820 820
01 27 820 -9999 -9999 -9999 -9999 -9999 820 820 824 840 846 853 860 860 860 860 853 842 835 826 822 820 820 820
01 28 820 -9999 -9999 -9999 -9999 -9999 820 820 824 840 846 853 860 860 860 860 849 842 835 828 822 820 820 820
01 29 820 -9999 -9999 -9999 -9999 -9999 820 820 826 840 846 853 860 860 860 860 853 844 837 828 822 820 820 820
01 30 820 -9999 -9999 -9999 -9999 -9999 820 820 824 838 846 851 860 860 860 860 853 844 837 826 822 820 820 820
01 31 820 -9999 -9999 -9999 -9999 -9999 820 820 824 838 846 849 860 860 860 860 853 844 837 826 822 820 820 820
02 01 820 -9999 -9999 -9999 -9999 -9999 820 820 824 837 847 849 860 860 860 860 855 847 838 828 822 820 820 820
02 02 820 -9999 -9999 -9999 -9999 -9999 820 820 824 838 847 849 860 860 860 860 856 847 838 828 822 820 820 820
02 03 820 -9999 -9999 -9999 -9999 -9999 820 820 824 838 847 849 860 860 860 860 860 847 838 828 822 820 820 820
02 04 820 -9999 -9999 -9999 -9999 -9999 820 820 824 838 849 849 860 860 860 860 856 849 837 828 822 820 820 820
02 05 820 -9999 -9999 -9999 -9999 -9999 820 820 824 835 847 849 860 860 860 860 860 849 837 828 822 820 820 820
02 06 820 -9999 -9999 -9999 -9999 -9999 820 820 824 835 847 851 860 860 860 860 860 849 837 828 822 820 820 820
02 07 820 -9999 -9999 -9999 -9999 -9999 820 820 824 835 847 851 860 860 860 860 860 849 837 828 822 820 820 820
02 08 820 -9999 -9999 -9999 -9999 -9999 819 820 824 835 847 851 860 860 860 860 860 849 837 828 822 820 820 820
02 09 820 -9999 -9999 -9999 -9999 -9999 817 820 824 835 846 851 860 860 860 860 860 849 837 828 822 820 820 820
02 10 820 -9999 -9999 -9999 -9999 -9999 817 820 824 835 844 851 860 860 860 860 860 849 837 828 822 820 820 820
02 11 820 -9999 -9999 -9999 -9999 -9999 817 820 824 835 844 851 860 860 860 860 860 849 835 826 822 820 820 820
02 12 820 -9999 -9999 -9999 -9999 -9999 815 820 824 835 846 851 860 860 860 860 860 849 835 826 822 820 820 820
02 13 820 -9999 -9999 -9999 -9999 -9999 817 820 824 840 847 849 860 860 860 860 860 849 835 826 822 820 820 820
02 14 820 -9999 -9999 -9999 -9999 -9999 817 820 824 840 849 853 860 860 860 860 860 849 835 826 822 820 820 820
02 15 820 -9999 -9999 -9999 -9999 -9999 817 820 824 840 849 853 860 860 860 860 860 849 835 826 822 820 820 820
02 16 820 -9999 -9999 -9999 -9999 -9999 817 820 824 840 849 853 860 860 860 860 860 849 835 826 822 820 820 820
02 17 820 -9999 -9999 -9999 -9999 -9999 817 820 824 840 849 853 860 860 860 860 860 849 835 826 822 820 820 820
02 18 820 -9999 -9999 -9999 -9999 -9999 817 820 824 840 847 853 860 860 860 860 860 849 835 826 822 822 822 820
02 19 820 -9999 -9999 -9999 -9999 -9999 815 820 826 840 849 853 860 860 860 860 860 849 837 828 824 822 822 820
02 20 820 -9999 -9999 -9999 -9999 -9999 817 820 826 840 849 853 860 860 860 860 860 849 837 828 824 822 822 820
02 21 820 -9999 -9999 -9999 -9999 -9999 817 820 828 840 849 853 860 860 860 860 860 849 837 828 824 820 822 820
02 22 820 -9999 -9999 -9999 -9999 -9999 817 820 828 840 849 853 860 860 860 860 860 849 837 829 824 822 822 820
02 23 820 -9999 -9999 -9999 -9999 -9999 817 820 828 840 849 853 860 860 860 860 860 849 838 829 824 822 822 820
02 24 820 -9999 -9999 -9999 -9999 -9999 817 820 828 840 849 853 860 860 860 860 860 849 838 829 824 822 822 820
02 25 820 -9999 -9999 -9999 -9999 -9999 817 820 829 840 849 853 860 860 860 860 860 849 838 829 824 822 822 820
02 26 820 -9999 -9999 -9999 -9999 -9999 817 820 828 840 849 853 860 860 860 860 860 849 838 829 826 822 822 820
02 27 820 -9999 -9999 -9999 -9999 -9999 817 820 828 840 849 853 860 860 860 860 860 849 838 829 826 822 822 820
02 28 820 -9999 -9999 -9999 -9999 -9999 817 820 828 840 849 853 860 860 860 860 860 849 838 829 824 822 820 820
03 01 820 -9999 -9999 -9999 -9999 -9999 817 820 828 840 849 853 860 860 860 860 860 849 838 829 824 822 820 820
03 02 820 -9999 -9999 -9999 -9999 -9999 817 820 828 840 849 853 862 860 860 860 860 849 840 829 824 822 820 820
03 03 820 -9999 -9999 -9999 -9999 -9999 817 820 828 840 849 855 862 860 860 860 860 849 840 829 824 822 820 820
03 04 820 -9999 -9999 -9999 -9999 -9999 817 820 828 840 849 855 860 860 860 860 860 849 840 829 826 822 820 820
03 05 820 -9999 -9999 -9999 -9999 -9999 820 820 829 840 849 853 860 860 860 860 860 849 840 829 826 822 820 820
03 06 820 -9999 -9999 -9999 -9999 -9999 820 820 829 840 849 855 860 860 860 860 860 849 840 829 826 822 820 820
03 07 820 -9999 -9999 -9999 -9999 -9999 820 820 829 840 849 855 860 860 860 860 860 849 840 829 826 822 820 820
03 08 820 -9999 -9999 -9999 -9999 -9999 820 820 829 840 849 856 860 860 860 860 860 849 840 829 826 824 822 820
03 09 820 -9999 -9999 -9999 -9999 -9999 820 820 829 840 849 856 860 860 862 860 860 849 840 829 826 824 822 820
03 10 820 -9999 -9999 -9999 -9999 -9999 820 820 829 840 849 856 860 860 862 860 860 849 840 829 826 824 822 820
03 11 820 -9999 -9999 -9999 -9999 -9999 820 820 829 840 849 856 860 860 862 860 860 849 840 829 826 824 822 822
03 12 820 -9999 -9999 -9999 -9999 -9999 820 820 829 840 849 856 860 860 864 860 860 849 840 829 826 824 822 822
03 13 820 -9999 -9999 -9999 -9999 -9999 820 820 829 840 849 858 860 862 864 860 860 849 840 829 826 824 822 822
03 14 822 -9999 -9999 -9999 -9999 -9999 820 820 829 840 849 858 860 862 864 860 860 849 840 829 826 826 822 822
03 15 822 -9999 -9999 -9999 -9999 -9999 820 820 829 840 849 860 860 862 864 860 860 849 840 829 828 826 824 822
03 16 822 -9999 -9999 -9999 -9999 -9999 820 820 829 840 849 860 860 860 862 860 860 849 840 829 828 826 824 822
03 17 822 -9999 -9999 -9999 -9999 -9999 820 820 829 840 849 860 860 862 864 860 860 849 840 829 828 826 824 822
03 18 822 -9999 -9999 -9999 -9999 -9999 820 820 829 840 849 860 860 862 864 860 860 849 840 829 828 826 824 822
03 19 822 -9999 -9999 -9999 -9999 -9999 820 820 829 840 849 860 860 862 862 860 860 849 840 829 828 826 824 822
03 20 822 -9999 -9999 -9999 -9999 -9999 820 820 829 840 849 860 862 862 862 860 860 849 840 829 828 826 824 822
03 21 822 -9999 -9999 -9999 -9999 -9999 820 820 829 840 849 860 862 862 862 860 860 849 840 829 828 826 822 822
03 22 822 -9999 -9999 -9999 -9999 -9999 820 820 829 840 849 860 862 860 862 860 860 849 840 829 828 826 822 822
03 23 822 -9999 -9999 -9999 -9999 -9999 820 820 829 840 849 860 862 860 862 860 860 849 840 829 828 826 822 820
03 24 822 -9999 -9999 -9999 -9999 -9999 820 820 829 840 849 860 862 860 862 860 860 849 840 829 829 826 822 820
03 25 822 -9999 -9999 -9999 -9999 -9999 820 820 829 840 849 860 862 860 862 860 860 849 840 829 829 826 822 820
03 26 820 -9999 -9999 -9999 -9999 -9999 820 820 829 840 849 860 862 860 862 860 860 849 840 829 828 826 822 820
03 27 820 -9999 -9999 -9999 -9999 -9999 820 820 829 840 849 860 862 860 860 860 860 849 840 829 828 826 822 820
03 28 820 -9999 -9999 -9999 -9999 -9999 820 820 829 840 849 860 862 860 860 860 860 849 840 829 828 826 822 820
03 29 820 -9999 -9999 -9999 -9999 -9999 820 820 829 840 849 860 862 860 860 860 860 849 840 829 829 826 822 820
03 30 820 -9999 -9999 -9999 -9999 -9999 820 820 829 840 849 860 862 860 860 860 860 849 840 829 828 826 822 820
03 31 820 -9999 -9999 -9999 -9999 -9999 820 820 829 840 849 860 862 860 860 860 860 849 840 829 828 826 822 820
04 01 822 -9999 -9999 -9999 -9999 -9999 820 820 829 840 849 860 862 860 860 860 860 849 840 829 828 824 822 820
04 02 822 -9999 -9999 -9999 -9999 -9999 820 820 829 840 849 860 862 860 860 860 860 849 840 829 826 824 822 820
04 03 820 -9999 -9999 -9999 -9999 -9999 820 820 829 840 849 860 864 860 860 860 860 849 840 829 826 824 822 820
04 04 822 -9999 -9999 -9999 -9999 -9999 820 820 829 840 849 860 864 860 860 860 860 849 840 829 826 824 822 820
04 05 822 -9999 -9999 -9999 -9999 -9999 820 820 829 840 849 860 864 860 860 860 860 849 840 829 828 826 822 820
04 06 822 -9999 -9999 -9999 -9999 -9999 820 820 829 840 849 860 864 860 860 860 860 849 840 829 826 824 824 820
04 07 822 -9999 -9999 -9999 -9999 -9999 820 820 829 840 849 860 862 860 860 860 860 849 840 829 826 826 824 820
04 08 822 -9999 -9999 -9999 -9999 -9999 820 820 829 840 849 860 862 860 860 860 860 849 840 829 828 826 826 822
04 09 824 -9999 -9999 -9999 -9999 -9999 820 820 829 842 849 860 862 860 862 860 860 849 840 829 828 826 826 822
04 10 824 -9999 -9999 -9999 -9999 -9999 820 820 829 842 849 860 864 860 860 860 860 849 840 829 828 826 826 822
04 11 824 -9999 -9999 -9999 -9999 -9999 820 820 829 842 849 860 864 862 860 860 860 849 840 829 829 828 826 822
04 12 824 -9999 -9999 -9999 -9999 -9999 820 820 829 842 851 860 864 862 860 860 860 849 840 829 829 828 826 824
04 13 824 -9999 -9999 -9999 -9999 -9999 820 820 829 844 851 860 864 862 860 860 860 849 840 829 828 828 826 826
04 14 824 -9999 -9999 -9999 -9999 -9999 820 822 829 842 849 860 864 860 860 860 860 849 840 829 829 828 826 826
04 15 826 -9999 -9999 -9999 -9999 -9999 820 822 829 842 849 860 864 860 860 860 860 849 840 829 829 828 828 826
04 16 826 -9999 -9999 -9999 -9999 -9999 820 822 831 842 849 860 864 860 860 860 860 849 840 829 829 828 828 826
04 17 826 -9999 -9999 -9999 -9999 -9999 820 822 831 844 849 860 862 860 860 860 860 849 840 829 829 828 828 826
04 18 826 -9999 -9999 -9999 -9999 -9999 820 822 831 842 849 860 862 860 860 860 860 849 840 829 829 828 828 826
04 19 826 -9999 -9999 -9999 -9999 -9999 820 822 831 844 849 860 862 860 860 860 860 849 840 829 829 828 828 826
04 20 826 -9999 -9999 -9999 -9999 -9999 820 822 831 844 849 860 862 862 860 860 860 849 840 829 829 828 828 826
04 21 826 -9999 -9999 -9999 -9999 -9999 820 822 831 844 849 860 862 864 860 860 860 849 840 829 829 828 828 826
04 22 826 -9999 -9999 -9999 -9999 -9999 820 822 831 844 849 860 862 865 860 860 860 849 840 829 829 828 828 826
04 23 826 -9999 -9999 -9999 -9999 -9999 820 822 831 844 849 860 862 865 860 860 858 849 840 829 829 828 828 826
04 24 826 -9999 -9999 -9999 -9999 -9999 820 822 831 842 849 860 862 865 860 860 860 849 840 829 829 828 828 826
04 25 826 -9999 -9999 -9999 -9999 -9999 820 824 831 842 849 860 862 864 860 860 860 849 840 829 829 828 828 828
04 26 826 -9999 -9999 -9999 -9999 -9999 820 824 835 844 849 860 862 865 860 860 860 849 840 829 829 828 828 826
04 27 826 -9999 -9999 -9999 -9999 -9999 820 824 835 846 849 860 862 865 862 860 860 849 840 829 829 828 828 828
04 28 824 -9999 -9999 -9999 -9999 -9999 820 826 835 846 851 860 862 865 862 860 860 849 840 829 829 828 828 828
04 29 826 -9999 -9999 -9999 -9999 -9999 820 826 835 846 853 860 864 865 862 860 860 849 840 829 829 829 829 828
04 30 826 -9999 -9999 -9999 -9999 -9999 820 826 835 846 853 860 864 865 862 860 860 849 840 829 829 829 829 828
05 01 826 -9999 -9999 -9999 -9999 -9999 820 826 835 847 853 860 864 865 862 860 860 849 840 829 829 829 829 828
05 02 826 -9999 -9999 -9999 -9999 -9999 820 826 838 847 853 860 864 869 865 860 860 849 840 829 829 829 828 828
05 03 826 -9999 -9999 -9999 -9999 -9999 820 826 840 847 853 860 864 871 865 860 860 849 840 829 829 829 828 828
05 04 826 -9999 -9999 -9999 -9999 -9999 820 826 840 846 853 860 864 869 865 860 860 849 840 829 829 829 829 828
05 05 826 -9999 -9999 -9999 -9999 -9999 820 826 840 847 853 860 864 865 865 860 860 849 840 829 829 829 828 824
05 06 824 -9999 -9999 -9999 -9999 -9999 820 826 840 847 853 860 864 865 865 860 860 849 840 829 829 829 829 826
05 07 824 -9999 -9999 -9999 -9999 -9999 820 826 840 847 853 860 864 865 865 860 860 849 840 829 829 829 829 826
05 08 824 -9999 -9999 -9999 -9999 -9999 820 826 840 849 853 860 864 865 865 860 860 849 840 829 829 829 829 826
05 09 824 -9999 -9999 -9999 -9999 -9999 820 826 840 849 853 860 864 865 865 860 860 849 840 829 829 829 829 826
05 10 824 -9999 -9999 -9999 -9999 -9999 820 826 840 849 855 860 865 865 865 860 860 849 840 829 829 829 829 826
05 11 824 -9999 -9999 -9999 -9999 -9999 820 826 840 849 855 860 865 865 865 860 860 849 840 829 829 829 829 826
05 12 824 -9999 -9999 -9999 -9999 -9999 820 826 840 849 855 860 865 865 865 860 860 849 840 829 829 829 829 826
05 13 826 -9999 -9999 -9999 -9999 -9999 820 826 840 849 855 860 865 865 865 862 860 849 840 829 829 829 829 824
05 14 824 -9999 -9999 -9999 -9999 -9999 820 826 840 849 855 860 865 865 865 860 860 849 840 829 829 829 828 824
05 15 824 -9999 -9999 -9999 -9999 -9999 820 826 840 849 855 860 867 865 865 860 860 849 840 829 829 829 828 824
05 16 824 -9999 -9999 -9999 -9999 -9999 820 826 840 849 856 860 869 867 865 860 860 849 840 829 829 829 829 826
05 17 824 -9999 -9999 -9999 -9999 -9999 820 826 840 849 856 860 869 865 864 860 860 849 840 829 829 829 829 826
05 18 824 -9999 -9999 -9999 -9999 -9999 820 826 840 849 858 860 869 865 864 860 860 849 840 829 829 829 829 826
05 19 824 -9999 -9999 -9999 -9999 -9999 820 826 840 849 858 860 871 865 864 860 860 849 842 829 829 829 829 826
05 20 824 -9999 -9999 -9999 -9999 -9999 820 826 840 849 858 860 871 865 865 860 860 849 842 829 829 829 829 826
05 21 824 -9999 -9999 -9999 -9999 -9999 820 826 840 849 858 860 871 869 865 862 860 849 842 829 829 829 829 828
05 22 824 -9999 -9999 -9999 -9999 -9999 820 826 840 849 860 860 871 871 869 862 860 849 844 829 829 829 829 829
05 23 824 -9999 -9999 -9999 -9999 -9999 820 826 840 849 860 860 871 871 865 862 860 849 844 829 829 829 829 829
05 24 824 -9999 -9999 -9999 -9999 -9999 820 826 840 849 860 860 871 871 869 862 860 849 842 829 829 829 829 829
05 25 824 -9999 -9999 -9999 -9999 -9999 820 826 840 849 860 860 871 871 871 862 860 849 840 829 829 829 829 829
05 26 824 -9999 -9999 -9999 -9999 -9999 820 826 840 849 860 860 871 871 871 862 860 849 840 829 829 829 829 829
05 27 824 -9999 -9999 -9999 -9999 -9999 820 826 840 849 860 860 869 871 871 862 860 849 840 829 829 829 829 829
05 28 824 -9999 -9999 -9999 -9999 -9999 820 826 840 849 860 860 867 871 871 860 860 849 840 829 829 829 829 829
05 29 824 -9999 -9999 -9999 -9999 -9999 820 826 840 849 860 860 869 871 871 862 860 849 840 829 829 829 829 829
05 30 826 -9999 -9999 -9999 -9999 -9999 820 828 840 849 858 860 867 871 871 862 860 849 842 829 829 829 829 829
05 31 826 -9999 -9999 -9999 -9999 -9999 820 828 840 849 855 860 867 871 871 862 860 849 842 829 829 829 829 829
06 01 828 -9999 -9999 -9999 -9999 -9999 820 828 840 849 855 860 867 871 871 862 860 851 842 829 829 829 829 829
06 02 828 -9999 -9999 -9999 -9999 -9999 820 828 840 849 855 860 867 871 871 862 860 851 842 829 829 829 829 829
06 03 828 -9999 -9999 -9999 -9999 -9999 820 829 840 849 858 860 865 871 871 862 860 849 842 829 829 829 829 829
06 04 829 -9999 -9999 -9999 -9999 -9999 820 829 840 849 858 860 865 871 871 864 860 849 840 829 829 829 829 829
06 05 829 -9999 -9999 -9999 -9999 -9999 820 829 840 849 858 860 865 871 871 862 860 849 842 829 829 829 829 829
06 06 829 -9999 -9999 -9999 -9999 -9999 820 829 840 849 858 860 865 871 871 864 860 849 842 829 829 829 829 829
06 07 829 -9999 -9999 -9999 -9999 -9999 820 829 840 849 858 860 865 871 871 864 860 849 842 829 829 829 829 829
06 08 829 -9999 -9999 -9999 -9999 -9999 820 829 840 849 858 860 865 871 871 865 860 853 844 829 829 829 829 829
06 09 829 -9999 -9999 -9999 -9999 -9999 820 829 840 849 858 860 865 871 867 865 860 853 844 829 829 829 829 829
06 10 829 -9999 -9999 -9999 -9999 -9999 820 829 840 849 858 860 865 869 865 865 860 853 844 829 829 829 829 829
06 11 829 -9999 -9999 -9999 -9999 -9999 820 829 840 849 860 860 865 869 864 864 860 853 844 829 829 829 829 829
06 12 829 -9999 -9999 -9999 -9999 -9999 820 829 840 849 860 860 865 871 864 864 860 855 844 829 829 829 829 829
06 13 829 -9999 -9999 -9999 -9999 -9999 820 829 840 849 860 860 869 871 864 862 860 855 846 829 829 829 829 829
06 14 829 -9999 -9999 -9999 -9999 -9999 820 829 840 849 860 860 867 871 864 862 860 855 844 829 829 829 829 829
06 15 829 -9999 -9999 -9999 -9999 -9999 820 829 840 849 860 860 867 871 864 862 860 855 846 829 829 829 829 829
06 16 829 -9999 -9999 -9999 -9999 -9999 820 829 840 849 860 860 867 871 864 864 860 855 846 829 829 829 829 829
06 17 829 -9999 -9999 -9999 -9999 -9999 820 829 840 849 860 860 865 871 864 862 860 855 846 829 829 829 829 829
06 18 829 -9999 -9999 -9999 -9999 -9999 820 828 840 849 860 860 865 871 864 862 860 855 846 829 829 829 829 829
06 19 829 -9999 -9999 -9999 -9999 -9999 820 828 840 849 860 860 865 871 864 860 860 855 846 829 829 829 829 829
06 20 829 -9999 -9999 -9999 -9999 -9999 820 829 840 849 860 860 865 865 867 862 860 855 846 829 829 829 829 829
06 21 829 -9999 -9999 -9999 -9999 -9999 820 828 840 849 860 860 865 865 865 862 860 853 846 829 829 829 829 829
06 22 829 -9999 -9999 -9999 -9999 -9999 820 828 840 849 860 860 865 865 867 864 860 855 846 829 829 829 829 829
06 23 829 -9999 -9999 -9999 -9999 -9999 820 826 840 849 860 860 865 865 867 864 860 855 846 829 829 829 829 829
06 24 829 -9999 -9999 -9999 -9999 -9999 820 828 840 849 860 860 864 865 867 864 860 855 846 829 829 829 829 829
06 25 829 -9999 -9999 -9999 -9999 -9999 820 826 840 849 860 860 862 865 867 862 860 853 846 829 829 829 829 828
06 26 828 -9999 -9999 -9999 -9999 -9999 820 826 840 849 860 860 864 865 867 862 860 851 846 829 829 829 829 828
06 27 828 -9999 -9999 -9999 -9999 -9999 820 826 840 849 860 860 864 865 867 860 860 851 846 829 829 829 829 828
06 28 828 -9999 -9999 -9999 -9999 -9999 820 824 840 849 858 860 862 864 864 860 860 849 846 829 829 829 829 828
06 29 828 -9999 -9999 -9999 -9999 -9999 820 826 840 849 858 860 862 864 867 862 860 853 847 829 829 829 829 829
06 30 828 -9999 -9999 -9999 -9999 -9999 820 826 840 849 856 860 862 864 867 862 860 853 846 829 829 829 829 829
07 01 828 -9999 -9999 -9999 -9999 -9999 820 826 840 849 858 860 862 864 867 862 860 855 846 829 829 829 829 829
07 02 828 -9999 -9999 -9999 -9999 -9999 820 826 840 849 860 860 864 865 869 864 860 855 846 829 829 829 829 828
07 03 828 -9999 -9999 -9999 -9999 -9999 820 826 840 849 860 860 865 865 869 865 860 856 847 829 829 829 829 829
07 04 828 -9999 -9999 -9999 -9999 -9999 820 826 840 849 860 860 867 865 869 865 860 860 849 829 829 829 829 829
07 05 828 -9999 -9999 -9999 -9999 -9999 820 826 840 849 860 860 865 865 869 864 860 860 849 831 829 829 829 829
07 06 828 -9999 -9999 -9999 -9999 -9999 820 826 840 849 860 860 865 865 871 862 860 860 849 831 829 829 829 829
07 07 828 -9999 -9999 -9999 -9999 -9999 820 826 840 849 860 860 865 865 869 862 860 860 849 831 829 829 829 829
07 08 828 -9999 -9999 -9999 -9999 -9999 820 826 840 849 860 860 867 867 871 862 860 860 849 831 829 829 829 829
07 09 829 -9999 -9999 -9999 -9999 -9999 820 826 840 849 860 860 871 867 871 862 860 860 849 831 829 829 829 829
07 10 829 -9999 -9999 -9999 -9999 -9999 820 824 840 849 860 860 871 865 869 864 860 860 849 831 829 829 829 829
07 11 829 -9999 -9999 -9999 -9999 -9999 820 824 840 849 860 860 871 869 871 865 860 860 849 833 829 829 829 829
07 12 829 -9999 -9999 -9999 -9999 -9999 820 826 840 849 860 860 871 871 871 867 860 860 849 833 829 829 829 829
07 13 829 -9999 -9999 -9999 -9999 -9999 820 826 840 849 860 860 871 871 871 869 860 860 849 833 829 829 829 829
07 14 829 -9999 -9999 -9999 -9999 -9999 820 826 840 849 860 860 871 871 871 867 860 860 849 831 829 829 829 829
07 15 829 -9999 -9999 -9999 -9999 -9999 820 824 840 849 860 860 871 871 871 869 860 860 849 831 829 829 829 829
07 16 829 -9999 -9999 -9999 -9999 -9999 820 824 840 849 860 860 871 871 871 871 860 860 849 833 829 829 829 829
07 17 829 -9999 -9999 -9999 -9999 -9999 820 826 840 849 860 860 871 871 871 871 860 860 849 833 829 829 829 829
07 18 829 -9999 -9999 -9999 -9999 -9999 820 824 840 849 860 860 871 871 871 867 860 860 849 831 829 829 829 829
07 19 829 -9999 -9999 -9999 -9999 -9999 820 824 840 849 860 860 871 871 871 871 860 860 849 835 829 829 829 829
07 20 829 -9999 -9999 -9999 -9999 -9999 820 826 840 849 860 860 871 871 871 869 860 860 849 833 829 829 829 829
07 21 829 -9999 -9999 -9999 -9999 -9999 820 826 840 849 860 860 871 871 871 869 860 860 849 831 829 829 829 829
07 22 829 -9999 -9999 -9999 -9999 -9999 820 826 840 849 860 860 871 871 871 869 860 860 849 835 829 829 829 829
07 23 829 -9999 -9999 -9999 -9999 -9999 820 826 840 849 860 860 871 871 871 869 860 860 849 833 829 829 829 829
07 24 829 -9999 -9999 -9999 -9999 -9999 820 826 840 849 860 860 871 871 871 867 862 860 849 835 829 829 829 829
07 25 829 -9999 -9999 -9999 -9999 -9999 820 826 840 849 860 860 871 871 871 867 860 860 849 835 829 829 829 829
07 26 829 -9999 -9999 -9999 -9999 -9999 820 826 840 849 860 860 871 871 871 869 860 860 849 835 829 829 829 829
07 27 829 -9999 -9999 -9999 -9999 -9999 820 828 840 849 860 860 871 871 871 869 862 860 849 835 829 829 829 829
07 28 829 -9999 -9999 -9999 -9999 -9999 820 828 840 849 860 860 871 867 871 869 860 860 849 835 829 829 829 829
07 29 829 -9999 -9999 -9999 -9999 -9999 820 828 840 849 860 860 871 867 871 871 862 860 849 835 829 829 829 829
07 30 829 -9999 -9999 -9999 -9999 -9999 820 828 840 849 860 860 871 871 871 871 862 860 849 835 829 829 829 829
07 31 829 -9999 -9999 -9999 -9999 -9999 820 828 840 849 860 860 871 869 871 871 862 860 849 835 829 829 829 829
08 01 829 -9999 -9999 -9999 -9999 -9999 820 828 840 849 860 860 871 869 871 871 862 860 849 835 829 829 829 829
08 02 829 -9999 -9999 -9999 -9999 -9999 820 829 840 849 860 860 871 867 871 871 862 860 849 835 829 829 829 829
08 03 829 -9999 -9999 -9999 -9999 -9999 820 828 840 849 860 860 871 867 871 871 864 860 849 835 829 829 829 829
08 04 829 -9999 -9999 -9999 -9999 -9999 820 828 840 849 860 860 871 871 871 871 864 860 849 835 829 829 829 829
08 05 829 -9999 -9999 -9999 -9999 -9999 820 826 840 849 860 864 871 871 871 871 867 860 849 837 829 829 829 829
08 06 829 -9999 -9999 -9999 -9999 -9999 820 826 840 849 860 864 871 871 871 871 867 860 849 838 829 829 829 829
08 07 829 -9999 -9999 -9999 -9999 -9999 820 826 840 849 860 864 871 871 871 871 869 860 849 840 829 829 829 829
08 08 829 -9999 -9999 -9999 -9999 -9999 820 824 840 849 860 864 871 871 871 871 869 860 849 840 829 829 829 829
08 09 829 -9999 -9999 -9999 -9999 -9999 820 826 840 849 860 864 871 871 871 871 869 860 849 840 829 829 829 829
08 10 829 -9999 -9999 -9999 -9999 -9999 820 826 840 849 860 864 871 871 871 871 869 860 849 840 829 829 829 829
08 11 829 -9999 -9999 -9999 -9999 -9999 820 824 840 849 860 864 871 871 871 871 867 860 849 840 829 829 829 829
08 12 829 -9999 -9999 -9999 -9999 -9999 820 824 840 849 860 862 871 871 871 871 869 860 849 840 829 829 829 829
08 13 829 -9999 -9999 -9999 -9999 -9999 820 826 840 849 860 864 871 871 871 871 871 860 849 840 829 829 829 829
08 14 829 -9999 -9999 -9999 -9999 -9999 820 828 840 849 860 864 871 871 871 871 871 860 849 840 829 829 829 829
08 15 829 -9999 -9999 -9999 -9999 -9999 820 828 840 849 860 862 871 871 871 871 869 860 849 840 829 829 829 829
08 16 829 -9999 -9999 -9999 -9999 -9999 820 828 840 849 860 862 871 871 871 871 869 860 849 840 829 829 829 829
08 17 829 -9999 -9999 -9999 -9999 -9999 820 828 840 849 860 860 871 871 871 871 871 860 849 840 831 829 829 829
08 18 829 -9999 -9999 -9999 -9999 -9999 820 828 840 849 860 860 871 871 871 871 871 860 849 840 831 829 829 829
08 19 829 -9999 -9999 -9999 -9999 -9999 820 828 840 849 860 860 871 871 871 871 871 860 849 840 833 829 829 829
08 20 829 -9999 -9999 -9999 -9999 -9999 820 829 840 849 860 860 871 871 871 871 871 860 849 840 833 829 829 829
08 21 829 -9999 -9999 -9999 -9999 -9999 820 829 840 849 860 860 871 871 871 871 871 860 849 840 831 829 829 829
08 22 829 -9999 -9999 -9999 -9999 -9999 820 829 840 849 860 860 871 871 871 871 871 860 849 838 831 829 829 829
08 23 829 -9999 -9999 -9999 -9999 -9999 822 829 840 849 860 860 871 871 871 871 871 860 849 840 831 829 829 829
08 24 829 -9999 -9999 -9999 -9999 -9999 822 829 840 849 860 860 871 871 871 871 871 860 849 838 831 829 829 829
08 25 829 -9999 -9999 -9999 -9999 -9999 822 829 840 851 860 860 871 871 871 871 871 860 849 840 833 829 829 829
08 26 829 -9999 -9999 -9999 -9999 -9999 824 829 840 853 860 862 871 871 871 871 871 860 849 840 833 829 829 829
08 27 829 -9999 -9999 -9999 -9999 -9999 824 829 840 853 860 862 871 871 871 871 871 860 849 840 833 829 829 829
08 28 829 -9999 -9999 -9999 -9999 -9999 824 829 840 849 860 862 871 871 871 871 871 860 849 838 831 829 829 829
08 29 829 -9999 -9999 -9999 -9999 -9999 824 829 840 849 860 865 871 871 871 871 871 860 849 838 831 829 829 829
08 30 829 -9999 -9999 -9999 -9999 -9999 824 829 842 853 860 865 871 871 871 871 871 860 849 840 833 829 829 829
08 31 829 -9999 -9999 -9999 -9999 -9999 824 829 844 855 860 867 871 871 871 871 871 860 849 840 833 829 829 829
09 01 829 -9999 -9999 -9999 -9999 -9999 826 829 846 855 860 871 873 871 871 871 871 860 849 840 831 829 829 829
09 02 829 -9999 -9999 -9999 -9999 -9999 824 829 844 855 860 871 873 871 871 871 871 860 849 840 833 829 829 829
09 03 829 -9999 -9999 -9999 -9999 -9999 824 829 844 855 860 871 871 871 871 871 871 860 849 840 831 829 829 829
09 04 829 -9999 -9999 -9999 -9999 -9999 826 829 844 855 860 871 871 871 871 871 871 860 849 840 831 829 829 829
09 05 829 -9999 -9999 -9999 -9999 -9999 826 829 844 855 862 871 871 871 871 871 871 860 849 840 833 829 829 829
09 06 829 -9999 -9999 -9999 -9999 -9999 826 829 846 856 862 871 871 871 871 871 871 862 849 840 835 829 829 829
09 07 829 -9999 -9999 -9999 -9999 -9999 826 829 844 856 862 871 873 871 871 871 871 864 849 840 835 829 829 829
09 08 829 -9999 -9999 -9999 -9999 -9999 828 829 844 858 862 871 871 871 871 871 871 864 849 840 835 829 829 829
09 09 829 -9999 -9999 -9999 -9999 -9999 828 829 846 860 860 871 871 871 871 871 871 864 849 840 835 829 829 829
09 10 829 -9999 -9999 -9999 -9999 -9999 826 829 844 858 860 871 871 871 871 871 871 864 849 840 835 829 829 829
09 11 829 -9999 -9999 -9999 -9999 -9999 826 829 844 860 860 871 871 871 871 871 871 865 849 840 835 829 829 829
09 12 829 -9999 -9999 -9999 -9999 -9999 826 829 846 860 862 871 871 871 871 871 871 865 849 840 835 829 829 829
09 13 829 -9999 -9999 -9999 -9999 -9999 826 829 847 860 862 871 871 871 871 871 871 862 849 840 835 829 829 829
09 14 829 -9999 -9999 -9999 -9999 -9999 828 829 846 860 860 871 871 871 871 871 871 862 849 840 835 831 829 829
09 15 829 -9999 -9999 -9999 -9999 -9999 828 829 844 860 860 871 871 871 871 871 871 860 849 840 835 831 829 829
09 16 829 -9999 -9999 -9999 -9999 -9999 828 829 844 858 860 871 871 871 871 871 871 860 849 840 837 833 829 829
09 17 829 -9999 -9999 -9999 -9999 -9999 828 829 844 858 860 871 871 871 871 871 871 862 849 840 837 833 829 829
09 18 829 -9999 -9999 -9999 -9999 -9999 828 829 842 856 860 871 871 871 871 871 871 862 849 840 837 835 829 829
09 19 829 -9999 -9999 -9999 -9999 -9999 828 829 844 856 860 871 871 871 871 873 871 862 849 840 837 835 829 829
09 20 829 -9999 -9999 -9999 -9999 -9999 828 829 844 858 860 871 871 871 871 873 871 862 849 840 838 835 829 829
09 21 829 -9999 -9999 -9999 -9999 -9999 828 829 844 858 860 871 871 871 871 871 871 860 849 840 838 837 831 829
09 22 829 -9999 -9999 -9999 -9999 -9999 828 829 844 858 862 871 871 871 871 871 871 860 849 840 838 837 831 829
09 23 829 -9999 -9999 -9999 -9999 -9999 826 829 844 858 860 871 871 871 871 871 871 860 849 840 838 837 831 829
09 24 829 -9999 -9999 -9999 -9999 -9999 828 829 844 856 862 871 871 871 871 871 871 860 849 840 838 838 831 829
09 25 829 -9999 -9999 -9999 -9999 -9999 828 829 844 856 862 871 871 871 871 871 871 860 849 840 838 837 831 829
09 26 829 -9999 -9999 -9999 -9999 -9999 829 829 846 858 862 871 871 871 871 871 871 860 849 840 838 838 831 829
09 27 829 -9999 -9999 -9999 -9999 -9999 829 829 844 860 860 871 871 871 871 871 871 860 849 840 838 837 831 829
09 28 829 -9999 -9999 -9999 -9999 -9999 829 829 844 858 860 871 871 871 871 871 871 860 849 840 838 837 831 829
09 29 829 -9999 -9999 -9999 -9999 -9999 829 829 844 860 860 871 871 871 871 871 871 860 849 840 838 837 831 829
09 30 829 -9999 -9999 -9999 -9999 -9999 829 829 844 858 860 871 871 871 871 871 871 860 849 840 838 838 831 829
10 01 829 -9999 -9999 -9999 -9999 -9999 829 829 842 856 860 871 871 871 871 871 871 860 849 840 838 838 833 829
10 02 829 -9999 -9999 -9999 -9999 -9999 829 829 842 858 860 871 871 871 871 871 871 860 849 840 838 838 831 829
10 03 829 -9999 -9999 -9999 -9999 -9999 829 829 842 856 860 871 871 871 871 871 871 860 849 840 840 838 831 829
10 04 829 -9999 -9999 -9999 -9999 -9999 829 829 842 856 860 871 871 873 871 871 871 860 849 840 840 838 833 829
10 05 829 -9999 -9999 -9999 -9999 -9999 828 829 840 853 860 871 871 871 871 871 871 860 849 840 840 838 831 829
10 06 829 -9999 -9999 -9999 -9999 -9999 828 829 842 853 860 871 871 871 871 871 871 860 849 840 838 835 831 829
10 07 829 -9999 -9999 -9999 -9999 -9999 828 829 842 853 860 871 871 871 871 871 871 860 849 840 838 835 831 829
10 08 829 -9999 -9999 -9999 -9999 -9999 829 829 842 856 860 871 871 871 871 871 871 860 849 840 838 835 831 829
10 09 829 -9999 -9999 -9999 -9999 -9999 829 829 842 856 860 871 871 871 871 871 871 860 849 840 838 835 829 829
10 10 829 -9999 -9999 -9999 -9999 -9999 829 829 840 858 860 871 871 871 871 871 871 860 849 840 838 835 829 829
10 11 829 -9999 -9999 -9999 -9999 -9999 829 829 840 856 860 871 871 871 871 871 871 860 849 840 838 835 829 829
10 12 829 -9999 -9999 -9999 -9999 -9999 828 829 840 856 860 871 871 871 871 871 871 860 849 838 837 835 829 829
10 13 829 -9999 -9999 -9999 -9999 -9999 829 829 840 856 860 871 871 871 871 871 871 860 849 838 835 835 829 829
10 14 829 -9999 -9999 -9999 -9999 -9999 829 829 840 856 860 871 871 871 871 871 871 860 849 838 837 835 829 829
10 15 829 -9999 -9999 -9999 -9999 -9999 829 829 840 858 862 871 873 873 871 871 871 860 849 838 837 833 829 829
10 16 829 -9999 -9999 -9999 -9999 -9999 829 829 842 858 862 871 871 873 871 871 871 860 849 838 837 833 829 829
10 17 829 -9999 -9999 -9999 -9999 -9999 829 829 842 856 862 871 871 873 871 871 871 860 849 840 838 833 829 829
10 18 829 -9999 -9999 -9999 -9999 -9999 829 829 842 860 862 871 871 873 871 871 871 860 849 840 838 831 829 829
10 19 829 -9999 -9999 -9999 -9999 -9999 829 829 842 860 864 871 871 871 871 871 871 860 847 840 838 833 829 829
10 20 829 -9999 -9999 -9999 -9999 -9999 829 829 844 860 864 871 871 871 874 871 871 860 847 840 838 833 829 829
10 21 829 -9999 -9999 -9999 -9999 -9999 829 829 846 860 864 871 871 871 871 873 871 860 847 840 840 833 829 829
10 22 829 -9999 -9999 -9999 -9999 -9999 829 829 846 860 862 871 871 871 873 873 871 860 847 840 840 833 829 829
10 23 829 -9999 -9999 -9999 -9999 -9999 829 829 847 860 864 871 871 871 874 874 871 860 847 840 840 833 829 829
10 24 829 -9999 -9999 -9999 -9999 -9999 829 829 847 860 864 871 871 871 874 873 871 860 847 840 840 833 829 829
10 25 829 -9999 -9999 -9999 -9999 -9999 829 829 849 860 864 871 871 871 873 873 871 860 847 840 840 833 829 829
10 26 829 -9999 -9999 -9999 -9999 -9999 829 829 849 860 864 871 871 871 873 873 871 860 847 840 840 833 829 829
10 27 829 -9999 -9999 -9999 -9999 -9999 829 829 849 860 865 871 871 871 874 873 871 860 847 840 840 833 829 829
10 28 829 -9999 -9999 -9999 -9999 -9999 829 829 849 860 864 871 871 871 871 871 871 860 847 840 840 833 829 829
10 29 829 -9999 -9999 -9999 -9999 -9999 828 829 849 860 864 871 871 871 871 871 871 860 847 840 840 835 831 829
10 30 829 -9999 -9999 -9999 -9999 -9999 828 829 849 860 864 871 871 871 871 871 871 860 847 840 840 835 831 829
10 31 829 -9999 -9999 -9999 -9999 -9999 828 829 847 860 862 871 871 871 871 871 871 860 847 840 840 835 829 829
11 01 829 -9999 -9999 -9999 -9999 -9999 828 829 847 860 862 871 871 871 871 871 871 860 847 840 840 835 829 829
11 02 829 -9999 -9999 -9999 -9999 -9999 828 829 846 860 862 871 871 871 871 871 871 860 846 840 840 835 829 829
11 03 829 -9999 -9999 -9999 -9999 -9999 828 829 846 860 862 871 871 871 871 871 871 860 846 840 840 835 829 829
11 04 829 -9999 -9999 -9999 -9999 -9999 826 829 846 860 860 871 871 871 871 871 871 860 846 840 840 835 829 829
11 05 829 -9999 -9999 -9999 -9999 -9999 828 829 846 860 862 871 871 871 871 871 871 860 846 840 840 835 829 829
11 06 829 -9999 -9999 -9999 -9999 -9999 828 829 846 858 862 871 871 871 871 871 871 860 847 840 840 835 829 829
11 07 829 -9999 -9999 -9999 -9999 -9999 826 829 844 855 862 871 871 871 871 871 871 860 847 840 838 835 829 829
11 08 829 -9999 -9999 -9999 -9999 -9999 826 829 844 855 860 871 871 871 871 871 871 860 846 840 840 838 829 829
11 09 829 -9999 -9999 -9999 -9999 -9999 828 829 844 855 860 871 871 871 871 871 871 860 847 840 840 837 829 829
11 10 829 -9999 -9999 -9999 -9999 -9999 828 829 842 855 860 871 871 871 871 871 871 860 847 840 838 837 829 829
11 11 829 -9999 -9999 -9999 -9999 -9999 828 829 842 855 860 871 871 871 871 871 871 860 847 840 838 837 831 829
11 12 829 -9999 -9999 -9999 -9999 -9999 828 829 842 853 860 871 871 871 871 871 871 860 847 840 837 837 833 829
11 13 829 -9999 -9999 -9999 -9999 -9999 828 829 840 853 860 871 871 871 871 871 871 860 846 840 837 835 831 829
11 14 829 -9999 -9999 -9999 -9999 -9999 828 829 840 853 860 871 871 871 871 871 867 855 842 840 837 837 831 829
11 15 829 -9999 -9999 -9999 -9999 -9999 829 829 842 853 860 871 871 871 871 871 871 855 847 840 837 837 833 829
11 16 829 -9999 -9999 -9999 -9999 -9999 829 829 842 853 860 871 871 871 871 871 871 860 847 840 837 837 833 829
11 17 829 -9999 -9999 -9999 -9999 -9999 829 829 842 855 860 871 871 871 871 871 871 860 847 840 837 837 833 829
11 18 829 -9999 -9999 -9999 -9999 -9999 829 829 842 855 860 871 871 871 871 871 871 860 847 840 837 837 833 831
11 19 833 -9999 -9999 -9999 -9999 -9999 829 829 840 853 860 871 871 871 871 871 871 860 847 840 837 837 833 829
11 20 831 -9999 -9999 -9999 -9999 -9999 829 829 840 851 860 869 871 871 871 871 869 860 847 840 837 837 833 829
11 21 831 -9999 -9999 -9999 -9999 -9999 829 829 840 851 860 867 871 871 871 871 871 860 846 840 835 835 833 829
11 22 831 -9999 -9999 -9999 -9999 -9999 829 829 840 849 860 867 871 871 871 871 869 860 844 840 835 835 833 829
11 23 831 -9999 -9999 -9999 -9999 -9999 829 829 840 849 860 867 871 871 871 871 867 860 844 838 833 835 833 829
11 24 831 -9999 -9999 -9999 -9999 -9999 829 829 840 849 860 865 871 871 871 871 865 858 844 838 835 835 833 829
11 25 831 -9999 -9999 -9999 -9999 -9999 829 829 840 849 860 865 871 871 871 871 867 860 846 840 837 835 833 831
11 26 831 -9999 -9999 -9999 -9999 -9999 829 829 840 849 860 865 871 871 871 871 864 860 846 840 837 835 833 829
11 27 831 -9999 -9999 -9999 -9999 -9999 829 829 840 849 860 864 871 871 871 871 864 855 844 840 837 835 833 829
11 28 829 -9999 -9999 -9999 -9999 -9999 829 829 840 849 860 864 871 871 871 871 862 855 844 838 835 835 831 829
11 29 829 -9999 -9999 -9999 -9999 -9999 829 829 840 849 860 864 871 871 871 871 862 855 840 835 833 831 831 829
11 30 829 -9999 -9999 -9999 -9999 -9999 829 829 840 849 860 860 871 871 871 871 860 855 840 835 829 829 829 829
12 01 829 -9999 -9999 -9999 -9999 -9999 829 829 840 849 860 860 871 871 871 867 860 853 840 833 829 829 829 829
12 02 829 -9999 -9999 -9999 -9999 -9999 829 829 840 849 860 860 871 871 871 869 860 855 840 833 829 829 829 829
12 03 829 -9999 -9999 -9999 -9999 -9999 829 829 840 849 860 860 869 867 871 864 860 853 840 833 829 829 829 829
12 04 829 -9999 -9999 -9999 -9999 -9999 828 829 840 849 860 860 871 869 871 864 860 853 840 833 829 829 829 829
12 05 829 -9999 -9999 -9999 -9999 -9999 828 829 840 849 860 860 871 865 871 862 860 849 840 831 829 829 829 829
12 06 829 -9999 -9999 -9999 -9999 -9999 828 829 840 849 860 860 867 865 867 860 860 849 840 831 829 829 829 829
12 07 829 -9999 -9999 -9999 -9999 -9999 828 829 840 849 860 860 865 865 865 860 860 849 840 831 829 829 829 829
12 08 829 -9999 -9999 -9999 -9999 -9999 826 829 840 849 858 860 865 864 864 860 860 849 840 831 829 829 829 829
12 09 829 -9999 -9999 -9999 -9999 -9999 826 829 840 849 858 860 864 864 862 860 860 849 840 829 829 829 829 829
12 10 829 -9999 -9999 -9999 -9999 -9999 824 829 838 849 855 860 864 862 860 860 860 849 840 829 829 829 829 829
12 11 829 -9999 -9999 -9999 -9999 -9999 824 829 838 849 855 860 862 862 860 860 860 849 840 829 829 829 829 829
12 12 829 -9999 -9999 -9999 -9999 -9999 824 829 838 847 849 860 862 862 860 860 860 849 840 829 829 829 829 829
12 13 829 -9999 -9999 -9999 -9999 -9999 824 829 835 846 849 860 862 860 860 860 860 849 840 829 829 829 829 829
12 14 829 -9999 -9999 -9999 -9999 -9999 824 828 833 842 849 860 860 860 860 860 860 849 840 829 829 829 829 829
12 15 829 -9999 -9999 -9999 -9999 -9999 822 828 833 846 849 860 860 860 860 860 860 849 838 829 829 829 829 829
12 16 829 -9999 -9999 -9999 -9999 -9999 820 826 829 842 849 860 860 860 860 860 855 849 837 829 829 829 829 829
12 17 829 -9999 -9999 -9999 -9999 -9999 820 826 829 842 849 856 860 860 860 860 853 846 835 829 829 829 829 829
12 18 829 -9999 -9999 -9999 -9999 -9999 820 826 829 842 849 856 860 860 860 860 853 844 835 829 829 829 829 829
12 19 829 -9999 -9999 -9999 -9999 -9999 820 824 829 842 849 853 860 860 860 860 855 844 835 829 829 829 829 829
12 20 829 -9999 -9999 -9999 -9999 -9999 820 822 829 842 849 851 860 860 860 860 855 844 837 829 829 829 829 829
12 21 829 -9999 -9999 -9999 -9999 -9999 820 822 829 840 849 851 860 860 860 860 855 846 837 829 829 829 829 829
12 22 828 -9999 -9999 -9999 -9999 -9999 820 820 829 840 849 851 860 860 860 860 855 846 837 829 829 829 829 829
12 23 828 -9999 -9999 -9999 -9999 -9999 820 822 829 842 849 851 860 860 860 860 856 847 837 829 829 829 829 829
12 24 826 -9999 -9999 -9999 -9999 -9999 820 820 829 840 849 851 860 860 860 860 856 847 837 829 829 829 829 828
12 25 826 -9999 -9999 -9999 -9999 -9999 820 820 829 840 849 849 860 860 860 860 855 847 837 829 829 829 829 826
12 26 824 -9999 -9999 -9999 -9999 -9999 820 820 829 840 849 849 860 860 860 860 855 847 837 829 829 829 829 824
12 27 822 -9999 -9999 -9999 -9999 -9999 820 820 829 840 849 849 860 860 860 860 855 847 837 829 826 829 828 824
12 28 822 -9999 -9999 -9999 -9999 -9999 820 820 829 840 849 849 860 860 860 860 855 846 837 829 828 828 828 824
12 29 822 -9999 -9999 -9999 -9999 -9999 820 820 829 840 849 849 860 860 860 860 855 846 837 829 826 828 826 824
12 30 822 -9999 -9999 -9999 -9999 -9999 820 820 829 840 849 849 860 860 860 860 855 846 837 829 826 826 824 822
12 31 822 -9999 -9999 -9999 -9999 -9999 820 820 829 840 849 849 860 860 860 860 855 846 837 829 826 822 822 822
