01 01 739 739 739 739 730 730 730 730 739 770 790 801 810 810 810 810 801 790 770 759 759 750 750 739
01 02 739 739 739 730 730 730 730 730 739 770 790 801 810 810 810 810 801 790 770 759 759 750 750 739
01 03 739 739 730 730 730 730 730 730 739 770 790 801 810 810 810 810 801 790 770 759 759 750 750 739
01 04 739 739 730 730 730 730 730 730 739 770 790 801 810 810 810 810 801 790 770 759 759 750 750 739
01 05 739 739 730 730 730 730 730 730 739 759 781 801 810 810 810 810 801 790 770 759 750 750 750 739
01 06 739 739 730 730 730 730 730 730 730 759 781 801 810 810 810 810 801 790 770 759 750 750 750 739
01 07 739 739 730 730 730 730 730 730 730 759 781 801 810 810 810 810 801 790 770 759 750 750 750 739
01 08 739 739 730 730 730 730 730 730 730 759 781 790 801 810 810 810 801 790 770 759 750 739 739 739
01 09 739 730 730 730 730 730 730 720 730 759 781 790 801 810 810 810 801 790 759 759 750 739 739 739
01 10 739 730 730 730 720 720 720 720 730 759 781 790 801 810 810 801 790 781 759 759 750 739 739 739
01 11 730 730 730 720 720 720 720 720 730 759 781 790 801 810 810 801 790 781 759 750 750 739 739 730
01 12 730 730 730 720 720 720 720 720 730 759 781 790 801 810 810 810 790 781 759 750 750 739 739 739
01 13 730 730 730 720 720 720 720 720 730 759 781 790 801 810 810 810 801 781 759 750 750 739 739 739
01 14 730 730 730 720 720 720 720 720 730 759 781 790 810 810 810 810 801 790 759 750 739 739 739 739
01 15 730 730 730 720 720 720 720 720 730 759 781 790 801 810 810 810 790 781 759 750 739 739 739 739
01 16 730 730 730 730 720 720 720 720 730 759 781 790 801 810 810 810 790 781 759 750 750 739 739 739
01 17 730 730 730 730 720 720 720 720 730 759 781 790 801 810 810 810 790 781 759 750 750 739 739 739
01 18 730 730 730 730 720 720 720 720 730 759 781 790 801 810 810 810 790 781 759 750 750 739 739 739
01 19 730 730 730 730 720 720 720 720 730 759 781 790 801 810 810 810 801 781 759 750 750 739 739 739
01 20 730 730 730 730 720 720 720 720 730 759 781 790 801 810 810 810 801 781 759 750 750 739 739 730
01 21 730 730 730 730 720 730 720 720 730 759 781 790 801 810 810 810 801 781 759 750 750 739 739 730
01 22 730 730 730 730 720 720 720 720 730 759 781 790 801 810 810 810 801 781 759 750 750 739 739 739
01 23 730 730 730 730 720 730 720 730 730 759 781 790 810 810 810 810 801 790 770 759 750 739 739 739
01 24 730 730 730 730 730 730 720 730 730 759 781 790 810 810 810 810 801 790 770 759 750 739 739 739
01 25 730 730 730 730 720 730 720 730 730 759 781 790 810 810 810 810 801 790 770 759 750 739 739 739
01 26 730 730 730 730 730 730 720 730 730 759 781 790 810 810 810 810 801 790 770 759 750 739 739 739
01 27 730 730 730 730 730 730 730 730 730 759 781 790 810 810 810 810 801 790 770 759 750 739 739 739
01 28 730 730 730 730 730 730 720 730 730 759 781 790 801 810 810 810 801 790 770 759 750 750 739 739
01 29 730 730 730 730 730 730 730 730 730 759 781 790 801 810 810 810 801 790 770 759 750 750 739 739
01 30 730 730 730 730 730 720 720 720 730 759 781 790 801 810 810 810 801 790 770 759 750 750 739 739
01 31 730 730 730 730 730 720 720 720 730 759 781 790 801 810 820 810 810 790 770 759 750 739 739 739
02 01 730 730 730 720 720 720 720 720 730 759 781 801 810 810 820 810 810 790 770 759 750 750 739 739
02 02 730 730 730 720 720 720 720 720 730 759 781 801 810 810 820 810 810 790 770 759 750 750 739 739
02 03 730 730 730 730 730 720 720 720 730 759 781 801 810 820 820 810 810 790 770 759 750 750 739 739
02 04 730 730 730 730 730 720 720 720 730 770 781 801 810 820 820 820 810 801 770 759 750 750 739 739
02 05 730 730 730 730 730 720 720 720 730 770 790 801 810 820 820 820 810 801 781 759 750 750 739 739
02 06 730 730 730 730 730 720 720 720 730 770 790 801 810 820 820 820 810 801 781 759 750 750 739 739
02 07 730 730 730 730 730 720 720 720 730 759 781 801 810 820 820 820 810 801 781 759 750 750 739 739
02 08 730 730 730 730 730 720 720 720 730 770 781 801 810 820 820 820 810 801 770 759 750 750 739 739
02 09 730 730 730 730 730 730 730 720 739 770 781 801 810 820 820 820 810 801 781 759 750 750 750 739
02 10 739 730 730 730 730 730 730 720 739 770 790 801 810 820 820 820 810 801 781 759 750 750 750 739
02 11 730 730 730 730 730 730 730 720 739 770 790 801 810 820 820 820 810 790 781 759 750 750 750 739
02 12 739 730 730 730 730 730 730 720 739 770 790 801 810 820 820 820 810 801 781 759 750 750 750 739
02 13 739 730 730 730 730 730 730 720 739 770 790 801 810 820 820 820 810 801 781 759 750 750 750 739
02 14 739 730 730 730 730 730 730 730 739 770 790 801 810 820 820 820 810 801 781 759 759 750 750 739
02 15 739 739 730 730 730 730 730 730 739 770 790 801 810 820 820 820 810 801 781 759 759 750 750 739
02 16 739 739 730 730 730 730 730 730 750 770 790 810 810 820 820 820 820 801 781 759 759 750 750 739
02 17 739 739 730 730 730 730 730 730 750 770 790 810 820 820 820 820 820 801 781 759 759 750 750 750
02 18 739 739 739 730 730 730 730 730 750 770 790 810 820 820 820 820 820 801 781 759 759 750 750 750
02 19 739 739 739 730 730 730 730 730 750 770 790 810 820 820 820 820 820 801 781 759 759 750 750 750
02 20 739 739 739 730 730 730 730 730 750 770 790 810 820 820 820 820 820 801 781 759 759 750 750 750
02 21 739 739 739 730 730 730 730 730 750 770 790 810 820 820 820 820 820 801 781 770 759 750 750 750
02 22 739 739 739 730 730 730 730 730 750 781 790 810 820 820 820 820 820 801 781 770 759 750 750 750
02 23 750 739 739 730 730 734 739 730 750 781 790 810 820 829 829 820 820 810 790 770 759 759 750 750
02 24 750 739 739 739 739 739 730 730 750 781 801 810 820 829 829 829 820 810 790 770 759 759 750 750
02 25 750 739 739 739 739 739 739 730 750 781 801 810 820 829 829 829 820 810 790 770 759 759 750 750
02 26 750 739 739 739 739 739 739 730 750 781 801 810 820 829 829 829 820 810 790 770 759 759 759 750
02 27 750 739 739 739 739 739 739 739 750 781 801 810 820 829 829 829 820 810 790 770 759 759 759 750
02 28 750 739 739 739 739 739 739 739 750 781 801 810 820 829 829 829 820 810 790 770 759 759 759 750
03 01 750 750 739 739 739 739 739 730 750 781 801 810 820 829 829 829 820 810 790 770 759 759 759 750
03 02 750 739 739 739 739 730 739 730 750 781 801 810 820 829 829 829 820 810 790 770 759 759 750 750
03 03 750 739 739 739 739 730 730 730 750 781 801 810 820 829 829 829 820 810 790 770 759 759 750 750
03 04 750 739 739 739 739 730 730 730 750 781 801 810 820 829 829 829 820 810 790 770 759 759 750 750
03 05 750 739 739 739 739 730 730 730 750 781 801 810 820 829 829 829 820 810 790 770 759 759 750 750
03 06 750 750 739 739 739 739 739 730 750 781 801 810 829 829 829 829 820 810 790 770 759 759 750 750
03 07 750 750 739 739 739 739 739 739 750 781 801 810 829 829 829 829 820 810 790 770 759 759 759 750
03 08 750 750 739 739 739 739 739 739 759 781 801 810 829 829 829 829 820 810 790 770 759 759 759 750
03 09 750 750 750 739 739 739 739 739 759 781 801 810 829 829 829 829 820 810 790 770 759 759 759 750
03 10 750 750 739 739 739 739 739 739 759 781 801 810 829 829 829 829 820 810 790 770 759 759 759 750
03 11 750 750 739 739 739 739 739 739 759 781 801 810 829 829 829 829 820 820 801 781 759 759 759 750
03 12 750 750 739 739 739 739 739 739 759 781 801 810 829 829 829 829 820 820 801 781 770 759 759 750
03 13 750 750 739 739 739 739 739 739 759 781 801 820 829 840 829 829 820 820 801 781 770 759 759 750
03 14 750 750 739 739 739 739 739 739 759 781 801 820 829 840 840 829 829 820 801 781 770 759 759 750
03 15 750 750 739 739 739 739 739 739 759 781 801 820 829 840 840 840 829 820 801 781 770 759 759 750
03 16 750 750 739 739 739 739 739 739 759 781 801 820 829 840 840 840 829 820 801 781 770 759 759 750
03 17 750 750 739 739 739 739 739 739 759 781 801 820 829 840 840 840 829 820 801 781 770 759 759 750
03 18 750 750 739 739 739 739 739 739 759 790 801 820 829 840 840 840 829 820 801 781 770 759 759 759
03 19 750 750 750 739 739 739 739 739 759 790 810 820 829 840 840 840 829 820 801 781 770 770 759 759
03 20 750 750 750 739 739 739 739 739 759 790 810 829 840 840 840 840 829 820 801 781 770 770 759 759
03 21 750 750 750 739 739 739 739 739 759 790 810 829 840 840 849 840 829 820 801 790 770 770 759 759
03 22 750 750 750 750 739 739 739 739 770 790 810 829 840 840 849 840 829 820 801 790 781 770 759 759
03 23 759 750 750 750 750 739 739 750 770 790 810 829 840 849 849 849 829 820 801 790 781 770 759 759
03 24 759 750 750 750 750 739 739 750 770 790 820 829 840 849 849 849 829 820 810 790 781 770 759 759
03 25 759 750 750 750 750 750 750 750 781 801 820 829 849 849 849 849 840 829 810 790 781 770 759 759
03 26 759 750 750 750 750 750 750 750 781 801 820 829 840 849 849 849 840 820 810 790 781 770 759 759
03 27 759 750 750 750 750 750 750 750 781 801 820 829 840 849 849 849 840 820 810 790 781 770 759 759
03 28 759 750 750 750 750 750 750 750 781 801 820 829 847 849 849 849 840 829 801 790 781 770 770 759
03 29 759 759 750 750 750 750 750 750 781 801 820 829 840 849 849 849 840 829 810 790 781 770 770 759
03 30 759 759 750 750 750 750 750 750 781 801 820 829 840 849 849 849 840 829 810 790 781 770 770 759
03 31 759 759 750 750 750 750 750 750 781 801 820 829 840 849 849 849 840 829 810 790 781 770 770 759
04 01 759 759 750 750 750 750 750 750 781 801 820 829 840 849 849 849 840 829 810 790 781 770 770 759
04 02 759 759 750 750 750 750 750 759 781 801 820 829 847 849 849 849 840 829 810 790 781 770 770 759
04 03 759 759 750 750 750 750 750 759 781 801 820 840 849 849 849 849 840 829 810 790 781 770 770 759
04 04 759 759 750 750 750 750 750 759 781 801 820 840 849 849 849 849 840 829 810 790 781 770 770 759
04 05 759 759 750 750 750 750 750 759 781 801 820 833 849 849 849 849 840 829 810 790 781 770 770 759
04 06 759 759 750 750 750 750 750 759 781 801 820 840 849 849 849 849 840 829 810 790 781 770 770 759
04 07 759 759 759 750 750 750 750 759 781 801 820 840 849 849 849 849 840 829 810 790 781 770 770 770
04 08 759 759 759 750 750 750 750 759 781 801 820 840 849 849 849 849 840 829 810 790 781 781 770 770
04 09 759 759 759 750 750 750 750 759 781 801 820 840 849 849 849 849 840 829 810 790 781 781 770 770
04 10 759 759 759 750 750 750 750 759 790 801 820 840 849 849 849 849 840 829 810 790 781 781 770 770
04 11 759 759 759 750 750 750 750 759 790 801 820 840 849 849 849 849 840 829 820 801 781 781 770 770
04 12 759 759 759 750 750 750 750 759 790 801 820 840 849 849 860 849 840 829 810 801 781 781 770 770
04 13 759 759 759 750 750 750 750 759 790 801 820 840 849 849 860 849 840 829 810 795 781 781 770 770
04 14 759 759 759 750 750 750 750 759 790 801 820 840 849 849 860 849 849 829 810 795 781 781 770 770
04 15 759 759 759 759 750 750 750 759 790 810 820 840 849 860 860 849 849 829 820 801 781 781 770 770
04 16 759 759 759 759 750 750 750 759 790 810 829 840 860 860 860 849 849 840 820 801 790 781 781 770
04 17 759 759 759 759 750 750 750 759 790 810 829 840 860 860 860 860 849 840 820 801 790 781 781 770
04 18 770 759 759 759 750 750 750 770 790 810 829 840 860 860 860 860 849 840 820 801 790 781 781 770
04 19 770 759 759 759 759 759 750 770 790 810 829 849 860 860 871 860 849 840 820 801 790 781 781 770
04 20 770 759 759 759 759 759 750 770 790 820 829 849 860 860 871 860 849 840 820 801 790 790 781 770
04 21 770 759 759 759 759 759 750 770 801 820 829 849 860 871 871 871 860 840 820 801 790 790 781 781
04 22 770 759 759 759 759 759 750 770 801 820 829 849 860 871 871 871 860 840 829 810 790 790 781 781
04 23 770 759 770 759 759 759 759 770 801 820 829 849 860 871 871 871 860 840 820 810 790 790 781 781
04 24 770 770 770 759 759 759 759 770 801 820 840 849 860 871 871 871 860 840 820 810 801 790 781 781
04 25 781 770 770 759 759 759 759 770 801 820 840 849 860 871 871 871 860 840 829 810 801 790 781 781
04 26 781 770 770 759 770 759 759 781 801 820 840 849 871 871 871 871 860 840 829 810 801 790 790 781
04 27 781 770 770 770 770 770 759 781 801 820 840 860 871 871 871 871 860 849 829 810 801 790 790 790
04 28 781 781 770 770 770 770 770 781 810 820 840 860 871 871 880 871 860 849 829 810 801 801 790 790
04 29 781 781 770 770 770 770 770 781 810 829 840 860 871 880 880 871 860 849 829 810 801 801 790 790
04 30 781 781 781 781 770 770 770 790 810 829 849 860 871 880 880 871 860 849 829 810 801 801 790 790
05 01 781 781 781 781 781 770 770 790 810 829 849 860 871 880 880 871 860 849 829 810 801 801 790 790
05 02 790 781 781 781 781 770 770 790 810 829 849 860 871 880 880 871 871 849 829 810 801 801 801 790
05 03 790 781 781 781 781 781 781 790 810 829 849 860 871 880 880 880 871 849 829 820 801 801 801 790
05 04 790 781 781 781 781 781 781 790 810 840 849 860 871 880 880 880 871 860 840 820 810 801 801 790
05 05 790 781 781 781 781 781 781 790 820 840 849 860 871 880 880 880 871 860 840 820 810 801 801 801
05 06 790 781 781 781 781 781 781 790 820 840 849 871 880 880 880 880 871 860 840 820 810 801 801 801
05 07 790 790 781 781 781 781 781 801 820 840 849 871 880 880 880 880 871 860 840 820 810 801 801 801
05 08 790 790 781 781 781 781 781 801 820 840 860 871 880 891 891 880 871 860 840 820 810 801 801 801
05 09 790 790 781 781 781 781 781 801 820 840 860 871 880 891 891 880 871 860 840 820 810 810 801 801
05 10 790 790 790 781 781 781 781 801 820 840 860 871 880 891 891 891 880 860 840 820 810 810 801 801
05 11 790 790 790 781 781 781 781 801 820 840 860 871 880 891 891 891 880 860 840 829 810 810 801 801
05 12 790 790 790 781 781 781 781 801 820 840 860 871 880 891 891 891 871 860 840 829 810 810 801 801
05 13 790 790 790 781 781 781 781 801 820 840 860 871 880 891 891 891 880 860 840 829 810 810 801 801
05 14 790 790 790 781 781 781 781 801 820 840 860 876 891 891 891 891 880 860 840 829 810 810 801 801
05 15 790 790 790 781 781 781 781 801 820 840 860 880 891 891 891 891 880 871 849 829 820 810 801 801
05 16 790 790 790 790 781 781 781 801 820 840 860 880 891 891 891 891 880 871 849 829 820 810 801 801
05 17 790 790 790 790 781 781 781 801 820 840 860 880 891 891 891 891 880 860 849 829 820 810 801 801
05 18 801 790 790 790 781 781 781 801 820 840 860 880 891 891 891 891 880 860 849 829 820 810 801 801
05 19 801 790 790 790 781 781 781 801 820 840 860 880 891 891 891 880 880 860 849 829 820 810 801 801
05 20 801 790 790 790 781 781 790 801 820 840 860 880 891 891 891 880 880 860 849 829 820 810 810 801
05 21 801 790 790 790 790 781 790 801 822 840 860 880 891 891 891 880 871 860 849 829 820 810 810 801
05 22 801 790 790 790 790 781 790 801 822 840 860 880 891 891 891 880 871 871 849 829 820 810 810 801
05 23 801 790 790 790 790 790 790 801 829 840 860 880 891 891 891 880 880 871 849 829 820 810 810 801
05 24 801 801 790 790 790 790 790 801 829 842 871 880 891 891 891 880 880 871 849 829 820 820 810 801
05 25 801 801 790 790 790 790 790 810 829 849 871 880 891 891 891 880 880 871 849 829 820 820 810 810
05 26 801 801 790 790 790 790 790 810 829 849 871 880 891 891 891 880 880 871 849 829 820 820 810 810
05 27 801 801 801 790 790 790 790 810 829 849 871 880 891 900 891 885 880 871 849 829 820 820 810 810
05 28 801 801 801 801 790 790 790 810 829 849 871 880 891 900 891 891 880 871 858 829 828 820 820 810
05 29 810 801 801 801 790 790 801 810 829 849 871 880 891 900 900 891 880 871 860 829 829 820 820 810
05 30 810 801 801 801 801 790 801 810 840 849 871 880 900 900 900 891 880 871 860 840 829 820 820 810
05 31 810 810 801 801 801 801 801 820 840 849 871 880 900 900 900 891 880 871 860 840 829 820 820 810
06 01 810 810 801 801 801 801 801 820 840 849 871 891 900 900 900 891 891 871 860 840 829 820 820 820
06 02 810 810 801 801 801 801 801 820 840 860 871 891 900 900 900 891 891 871 860 840 829 820 820 820
06 03 810 810 810 801 801 801 801 820 840 860 871 891 900 900 900 891 891 871 860 840 829 829 820 820
06 04 810 810 810 801 801 801 801 820 840 860 880 891 900 900 900 900 891 880 860 840 829 829 820 820
06 05 810 810 810 810 801 801 801 820 840 860 880 891 900 900 900 900 891 880 860 849 829 829 829 820
06 06 810 810 810 810 801 801 801 820 840 860 880 891 900 900 910 900 891 880 860 849 840 829 829 820
06 07 820 810 810 810 810 801 806 820 842 860 880 891 910 910 910 900 891 880 860 849 840 829 829 820
06 08 820 820 810 810 810 810 810 829 849 871 880 891 910 910 910 900 891 880 860 849 840 829 829 820
06 09 820 820 810 810 810 810 810 829 849 871 880 900 910 910 910 900 891 880 860 849 840 829 829 829
06 10 820 820 810 810 810 810 810 829 849 871 880 900 910 910 910 900 891 880 871 849 840 829 829 829
06 11 820 820 810 810 810 810 810 829 849 871 880 900 910 910 910 900 891 880 871 849 840 840 829 829
06 12 820 820 810 810 810 810 810 829 849 871 880 900 910 910 910 900 891 880 871 849 840 840 829 829
06 13 820 820 810 810 810 810 810 829 849 871 880 900 910 910 910 900 891 880 871 849 840 840 829 829
06 14 820 820 810 810 810 810 810 829 849 871 891 900 910 910 910 900 891 880 871 849 840 840 829 829
06 15 820 820 820 810 810 810 810 829 849 871 891 900 910 910 910 900 891 880 871 849 840 840 829 829
06 16 820 820 820 810 810 810 810 829 849 871 880 900 910 910 910 900 891 880 871 849 840 840 840 829
06 17 820 820 820 810 810 810 810 829 849 871 891 900 910 910 910 900 891 880 871 849 840 840 840 829
06 18 826 820 820 810 810 810 810 829 849 871 891 900 910 910 910 900 891 880 871 860 849 840 840 829
06 19 829 820 820 817 810 810 810 829 849 871 891 900 910 910 910 900 891 891 871 860 849 840 840 829
06 20 829 820 820 820 810 810 810 829 849 871 891 900 910 919 910 900 891 891 871 860 849 840 840 829
06 21 829 820 820 820 810 810 810 829 860 871 891 900 910 910 910 900 891 891 871 860 849 840 840 829
06 22 829 829 820 820 810 810 810 829 860 871 891 900 910 910 910 900 891 891 871 860 849 840 840 829
06 23 829 820 820 820 810 810 810 829 849 871 891 900 910 910 910 900 891 880 871 860 849 840 840 840
06 24 829 829 820 820 820 810 810 829 849 871 880 900 910 910 910 910 891 891 871 860 849 840 840 840
06 25 829 829 820 820 820 810 820 829 849 871 880 900 910 910 910 910 891 891 871 860 849 840 840 840
06 26 829 829 820 820 820 810 810 829 849 871 880 900 910 919 910 910 900 891 871 860 849 840 840 840
06 27 829 829 820 820 820 810 820 829 849 871 880 900 910 919 910 910 900 891 871 860 849 840 840 840
06 28 829 829 820 820 820 820 820 829 860 871 891 900 910 919 910 910 900 891 871 860 849 849 840 840
06 29 829 829 820 820 820 820 820 829 860 871 891 900 910 919 910 910 900 891 871 860 849 849 840 840
06 30 829 829 820 820 820 820 820 829 860 871 891 900 910 910 910 910 900 891 871 860 849 849 840 840
07 01 829 829 820 820 820 820 820 840 860 871 891 900 910 919 910 910 900 891 880 860 849 849 840 840
07 02 829 829 820 820 820 820 820 840 860 871 891 900 910 919 910 910 900 891 880 860 849 849 840 840
07 03 829 829 820 820 820 820 820 840 860 871 891 900 910 919 910 910 900 891 880 860 849 849 840 840
07 04 829 829 820 820 820 820 820 829 860 871 891 900 910 919 910 910 900 891 880 860 849 849 840 840
07 05 829 829 820 820 820 820 820 829 860 871 891 900 910 919 919 910 900 891 880 860 849 842 840 840
07 06 829 829 820 820 820 820 820 829 860 871 891 900 910 919 919 910 900 891 880 860 849 840 840 840
07 07 829 829 820 820 820 820 820 829 860 871 891 900 910 919 919 910 900 891 880 860 849 840 840 840
07 08 829 829 820 820 820 820 820 829 860 871 891 900 919 919 919 910 900 891 880 860 849 842 840 840
07 09 829 829 820 820 820 820 820 829 860 871 891 900 919 919 919 910 900 891 880 860 849 842 840 840
07 10 829 829 820 820 820 820 820 829 860 871 891 900 910 919 919 910 900 891 880 860 849 849 840 840
07 11 829 829 820 820 820 820 820 840 860 871 891 900 910 919 919 910 900 891 880 860 849 849 840 840
07 12 829 829 820 820 820 820 820 840 860 871 891 900 910 919 919 910 900 891 880 860 849 849 840 840
07 13 829 829 829 820 820 820 820 840 860 871 891 900 910 919 919 910 900 891 880 860 849 840 840 840
07 14 829 829 829 820 820 820 820 840 860 871 891 900 910 919 910 910 900 891 880 860 849 840 840 840
07 15 829 829 829 820 820 820 820 840 860 871 891 900 910 919 910 910 900 891 880 860 849 849 840 840
07 16 829 829 829 820 820 820 820 840 860 871 891 900 910 919 919 910 900 891 880 860 849 849 840 840
07 17 829 829 829 820 820 820 820 840 860 871 891 910 910 919 919 910 900 891 880 860 849 849 840 840
07 18 829 829 829 820 820 820 820 840 860 871 891 900 910 919 910 910 900 891 880 860 849 849 840 840
07 19 829 829 829 820 820 820 820 840 860 871 891 900 910 919 910 910 900 891 880 860 849 849 840 840
07 20 829 829 829 820 820 820 820 840 860 871 891 910 910 919 910 910 900 891 880 860 849 849 840 840
07 21 829 829 829 820 820 820 820 840 860 871 891 910 910 919 910 910 900 891 880 860 849 849 840 840
07 22 840 829 829 820 820 820 820 840 860 871 891 910 910 919 919 910 900 891 880 860 849 849 840 840
07 23 829 829 829 829 820 820 820 840 860 871 891 900 910 919 919 910 900 891 880 860 849 849 840 840
07 24 840 829 829 829 820 820 820 840 860 880 891 900 910 919 919 910 900 891 880 860 849 849 840 840
07 25 840 829 829 829 820 820 820 840 860 880 891 910 910 919 919 910 900 891 880 860 849 849 840 840
07 26 840 829 829 829 820 820 820 840 860 880 891 900 910 919 919 910 900 891 880 860 849 849 849 840
07 27 840 829 829 829 820 820 820 840 860 880 891 910 910 919 919 910 900 891 880 860 849 849 849 840
07 28 840 829 829 829 820 820 820 840 860 880 891 910 919 919 919 910 900 891 880 860 849 849 849 840
07 29 840 829 829 829 820 820 820 840 860 880 891 900 919 919 919 910 900 891 880 860 849 849 849 840
07 30 840 829 829 829 820 820 820 840 860 880 891 900 919 919 919 910 900 891 880 860 849 849 849 840
07 31 840 829 829 829 820 820 820 840 860 880 891 900 919 919 919 910 900 891 880 860 849 849 849 840
08 01 840 829 829 829 820 820 820 840 860 880 891 900 919 919 919 910 900 891 880 860 849 849 840 840
08 02 840 829 829 829 820 820 820 840 860 880 891 910 919 919 919 910 900 891 880 860 849 849 849 840
08 03 840 829 829 829 820 820 820 840 860 880 891 910 919 919 919 910 900 891 880 860 849 849 849 840
08 04 840 829 829 829 820 820 820 840 860 880 891 910 919 919 919 910 900 891 880 860 849 849 849 840
08 05 840 829 829 829 820 820 820 840 860 880 891 910 919 919 919 910 900 891 880 860 849 849 849 840
08 06 840 829 829 829 820 820 820 840 860 880 891 910 919 919 919 910 900 891 880 860 849 849 849 840
08 07 840 829 829 820 820 820 820 840 860 880 891 910 919 919 919 910 900 891 880 860 849 849 849 840
08 08 829 829 829 820 820 820 820 840 860 880 891 910 919 919 919 910 900 891 880 860 849 849 849 840
08 09 829 829 829 820 820 820 820 840 860 880 891 910 919 919 919 910 900 891 880 860 849 849 849 840
08 10 829 829 829 820 820 820 820 840 860 880 891 910 919 919 919 910 900 891 880 860 849 849 840 840
08 11 829 829 829 820 820 820 820 840 860 880 891 910 919 919 919 910 900 891 880 860 849 849 840 840
08 12 829 829 829 829 829 820 820 840 860 880 891 910 919 919 919 910 900 891 880 860 849 849 842 840
08 13 829 829 829 829 829 820 820 840 860 880 891 910 919 919 919 910 900 891 880 860 849 849 849 840
08 14 829 829 829 829 829 820 820 840 860 880 891 910 919 919 919 910 900 891 880 860 849 849 840 840
08 15 829 829 829 820 820 820 820 840 860 880 891 910 919 919 919 910 900 891 880 860 849 849 840 840
08 16 829 829 829 820 820 820 820 840 860 880 891 910 919 919 919 910 900 891 880 860 849 849 840 840
08 17 829 829 829 820 820 820 820 840 860 880 891 910 919 919 919 910 900 891 880 860 849 849 840 840
08 18 829 829 829 820 820 820 820 840 860 880 891 910 919 919 919 910 900 891 880 860 849 849 840 840
08 19 829 829 829 820 820 820 820 840 860 880 891 910 919 919 910 910 900 891 871 860 849 849 840 840
08 20 829 829 829 820 820 820 820 829 860 880 891 910 919 919 910 910 900 891 871 860 849 849 840 840
08 21 829 829 829 829 820 820 820 829 860 880 891 910 919 919 910 910 900 891 871 860 849 849 840 840
08 22 829 829 829 829 820 820 820 829 860 880 891 900 919 919 910 910 900 891 871 860 849 849 840 840
08 23 829 829 829 829 820 820 820 829 860 880 891 900 910 919 910 910 900 891 871 860 849 849 840 840
08 24 840 829 829 829 820 820 820 829 860 880 891 900 910 919 910 910 900 891 871 860 849 849 840 840
08 25 829 829 829 829 820 820 820 829 860 871 891 900 910 919 910 910 900 891 871 860 849 849 840 840
08 26 829 829 829 820 820 820 820 829 860 871 891 900 910 919 910 910 900 891 871 860 849 849 840 840
08 27 829 829 829 820 820 820 820 829 860 871 891 900 910 919 910 910 900 891 871 860 849 849 840 840
08 28 829 829 829 820 820 820 820 829 849 871 891 900 910 919 910 910 900 891 871 849 849 849 840 840
08 29 829 829 829 820 820 820 820 829 849 871 891 900 910 910 910 910 900 891 871 849 849 849 840 840
08 30 829 829 829 820 820 820 820 829 849 871 891 900 910 910 910 910 900 880 871 849 849 849 840 840
08 31 829 829 829 820 820 820 820 829 849 871 891 900 910 910 910 910 900 880 871 849 849 840 840 840
09 01 829 829 829 820 820 820 820 829 849 871 891 900 910 910 910 910 900 880 871 849 849 840 840 840
09 02 829 829 829 820 820 820 820 829 849 871 891 900 910 910 910 900 900 880 871 849 849 840 840 840
09 03 829 829 829 820 820 820 820 829 849 871 891 900 910 910 910 900 900 880 871 849 849 840 840 840
09 04 829 829 829 820 820 820 820 829 849 871 891 900 910 910 910 900 900 880 871 849 849 840 840 840
09 05 829 829 820 820 820 820 820 829 849 871 891 900 910 910 910 900 891 880 860 849 849 840 840 829
09 06 829 829 820 820 820 820 820 829 849 871 891 900 900 910 910 900 891 880 860 849 840 840 840 829
09 07 829 829 820 820 820 820 820 829 849 871 891 900 900 910 910 900 891 880 860 849 840 840 840 829
09 08 829 829 820 820 820 820 820 829 849 871 880 900 900 910 910 900 891 880 860 849 840 840 840 829
09 09 829 829 820 820 820 820 820 829 849 871 880 900 900 910 910 900 891 880 860 849 840 840 840 829
09 10 829 820 820 820 820 820 820 829 849 871 880 896 900 910 910 900 891 880 860 849 840 840 840 829
09 11 829 820 820 820 820 820 820 820 849 871 880 891 900 910 910 900 891 880 860 849 840 840 840 829
09 12 829 820 820 820 820 820 820 820 849 871 880 891 900 900 900 900 891 880 860 849 840 840 840 829
09 13 829 820 820 820 820 820 820 820 849 871 880 891 900 900 900 891 891 880 860 849 840 840 840 829
09 14 829 820 820 820 820 820 810 820 849 871 880 891 900 900 900 900 891 871 860 849 840 840 840 829
09 15 829 820 820 820 820 820 810 820 849 871 880 891 900 900 900 900 891 871 860 849 840 840 840 829
09 16 829 820 820 820 810 820 810 820 849 871 880 891 900 900 900 891 891 871 860 849 840 840 840 829
09 17 829 820 820 820 810 820 810 820 849 871 880 891 900 900 900 891 891 871 849 840 840 840 829 829
09 18 820 820 820 820 810 810 810 820 849 871 880 891 900 900 900 891 891 871 849 840 840 840 829 829
09 19 829 820 820 820 810 810 810 820 849 871 880 891 900 900 900 891 891 871 849 840 840 840 829 829
09 20 829 820 820 820 810 810 810 820 849 860 880 891 900 900 900 891 891 871 849 840 840 840 829 829
09 21 820 820 820 820 810 810 810 820 849 860 880 891 900 900 900 891 880 871 849 840 840 840 829 829
09 22 820 820 820 810 810 810 810 820 849 860 880 891 900 900 900 891 880 871 849 840 840 840 829 829
09 23 820 820 820 810 810 810 810 820 849 860 880 891 900 900 891 891 880 871 849 840 840 829 829 829
09 24 820 820 820 810 810 810 810 820 840 860 880 891 900 900 891 891 880 871 849 840 840 829 829 829
09 25 820 820 810 810 810 810 810 820 840 860 880 891 900 891 891 891 880 871 849 840 829 829 829 829
09 26 820 820 810 810 810 810 810 820 840 860 880 891 891 891 891 891 880 871 849 840 829 829 829 829
09 27 820 820 810 810 810 810 810 820 840 860 880 891 891 891 891 891 880 871 849 840 829 829 829 829
09 28 820 820 810 810 810 810 810 820 840 860 880 891 891 891 891 891 880 871 849 840 829 829 829 829
09 29 820 820 810 810 810 810 810 820 840 860 880 891 891 891 891 891 880 871 849 840 829 829 829 820
09 30 820 820 810 810 810 810 810 810 840 860 871 880 891 891 891 891 880 860 849 829 829 829 829 820
10 01 820 810 810 810 810 810 810 810 840 860 871 880 891 891 891 880 880 860 840 829 829 829 829 820
10 02 820 810 810 810 810 810 801 810 840 860 871 880 891 891 891 891 880 860 840 829 829 829 820 820
10 03 820 810 810 810 801 801 801 810 840 860 871 880 891 891 891 891 871 860 840 829 829 829 820 820
10 04 810 810 810 810 801 801 801 810 840 849 871 880 891 891 891 891 871 860 840 829 829 829 820 820
10 05 810 810 810 801 801 801 801 810 829 849 871 880 891 891 891 891 871 860 840 829 829 829 820 820
10 06 810 810 810 801 801 801 801 810 829 849 871 880 891 891 891 891 871 860 840 829 829 829 820 820
10 07 810 810 810 801 801 801 801 810 829 849 871 880 891 891 891 891 871 860 840 829 829 820 820 820
10 08 810 810 810 801 801 801 801 801 829 849 871 880 891 891 891 891 871 860 840 829 829 820 820 820
10 09 810 810 810 801 801 801 801 801 829 849 871 880 891 891 891 891 871 860 840 829 829 820 820 820
10 10 810 810 801 801 801 801 801 801 829 849 871 880 880 891 891 880 871 860 840 829 829 820 820 820
10 11 810 810 801 801 801 801 801 801 829 849 860 880 880 891 891 880 871 860 840 829 820 820 820 820
10 12 810 810 801 801 801 790 801 801 829 849 860 880 880 891 891 880 871 849 840 829 820 820 820 810
10 13 810 810 801 801 801 790 801 801 829 849 860 871 880 880 880 880 871 849 829 829 820 820 820 810
10 14 801 801 801 801 790 790 790 801 829 849 860 871 880 880 880 880 871 849 829 829 820 820 810 810
10 15 801 801 801 790 790 790 790 801 820 840 860 871 880 880 880 880 860 849 829 820 820 820 810 810
10 16 801 801 801 790 790 790 790 801 820 840 860 871 880 880 880 871 860 849 829 820 820 820 810 810
10 17 801 801 801 790 790 790 790 801 820 840 860 871 880 880 880 871 860 849 829 820 820 810 810 810
10 18 801 801 801 790 790 790 790 790 820 840 860 871 880 880 880 871 860 849 829 820 820 810 810 806
10 19 801 801 790 790 790 790 790 790 820 840 849 871 871 880 871 871 860 840 820 820 810 810 810 801
10 20 790 801 790 790 790 790 790 790 820 840 849 860 871 880 871 871 860 840 820 820 810 810 801 801
10 21 790 801 790 790 790 790 790 790 820 840 849 860 871 871 871 871 849 840 820 820 810 810 801 801
10 22 790 790 790 790 790 790 790 790 820 840 849 860 871 871 871 860 849 840 820 810 810 810 801 801
10 23 790 790 790 790 790 790 790 790 810 840 849 860 871 871 871 860 849 840 820 810 810 810 801 801
10 24 790 790 790 781 781 781 790 790 810 829 849 860 871 871 871 860 849 840 820 810 810 801 801 801
10 25 790 790 790 781 781 781 781 790 810 829 849 860 871 871 871 860 849 840 820 810 810 801 801 801
10 26 790 790 790 781 781 781 781 790 810 829 849 860 871 871 860 860 849 829 820 810 810 801 801 801
10 27 790 790 790 781 781 781 781 781 810 829 849 860 860 871 860 860 849 829 820 810 810 801 801 801
10 28 790 790 790 781 781 781 781 781 810 829 849 860 860 860 860 860 849 829 820 810 801 801 801 801
10 29 790 790 781 781 781 781 781 781 810 829 849 860 860 860 860 860 849 829 820 810 801 801 801 801
10 30 790 790 781 781 781 781 781 781 810 829 849 860 860 860 860 860 849 829 810 810 801 801 801 790
10 31 790 790 781 781 781 781 781 781 801 829 840 849 860 860 860 860 849 829 810 810 801 801 801 790
11 01 790 790 781 781 781 781 781 781 801 829 840 849 860 860 860 860 840 829 810 810 801 801 801 790
11 02 790 781 781 781 781 781 781 781 801 820 840 849 860 860 860 849 840 829 810 801 801 801 790 790
11 03 790 781 781 781 781 781 781 781 801 820 840 849 860 860 860 849 840 829 810 801 801 801 790 790
11 04 790 781 781 781 781 781 770 781 801 820 840 849 849 860 860 849 840 829 810 801 801 790 790 790
11 05 781 781 781 770 770 770 770 770 801 820 829 849 849 860 849 849 840 820 810 801 801 790 790 790
11 06 781 781 781 770 770 770 770 770 801 820 829 840 849 849 849 849 840 820 810 801 801 790 790 790
11 07 781 781 781 770 770 770 770 770 801 820 829 840 849 849 849 849 829 820 810 801 790 790 790 781
11 08 781 781 770 770 770 770 770 770 790 820 829 840 849 849 849 849 829 820 810 801 790 790 790 781
11 09 781 781 770 770 770 770 770 770 790 820 829 840 849 849 849 840 829 820 801 801 790 790 781 781
11 10 781 781 770 770 770 770 770 770 790 820 829 840 849 849 840 840 829 820 801 801 790 790 781 781
11 11 781 770 770 770 770 770 770 770 790 820 829 840 849 840 840 840 829 810 801 790 790 790 781 781
11 12 781 770 770 770 770 770 770 770 790 810 829 840 840 840 840 840 829 810 801 790 790 790 781 781
11 13 781 770 770 770 759 770 759 770 790 810 829 829 840 840 840 829 829 810 801 790 790 781 781 781
11 14 781 770 770 759 759 759 759 770 790 810 820 829 840 840 840 829 829 810 801 790 790 781 781 781
11 15 781 770 770 759 759 759 759 759 790 810 820 829 840 840 840 829 829 810 801 790 790 781 781 781
11 16 781 770 770 759 759 759 759 759 790 810 820 829 840 840 840 829 820 810 801 790 790 781 781 781
11 17 781 770 759 759 759 759 759 759 781 810 820 829 840 840 840 829 820 810 790 790 790 781 781 781
11 18 770 770 759 759 759 759 759 759 781 801 820 829 840 840 829 829 820 810 790 790 790 781 781 781
11 19 770 770 759 759 759 759 759 759 781 801 820 829 840 840 829 829 820 810 790 790 781 781 781 770
11 20 770 770 759 759 759 759 759 759 781 801 820 829 829 840 829 829 820 801 790 790 781 781 781 770
11 21 770 770 759 759 759 759 759 759 781 801 810 829 829 829 829 829 820 801 790 790 781 781 781 770
11 22 770 770 759 759 759 759 759 759 781 801 810 829 829 829 829 829 820 801 790 790 781 781 770 770
11 23 770 770 759 759 759 759 759 759 781 801 810 829 829 829 829 829 820 801 790 781 781 781 770 770
11 24 770 770 759 759 759 759 759 759 770 801 810 820 829 829 829 829 820 801 790 781 781 781 770 770
11 25 770 770 759 759 759 759 759 759 770 801 810 820 829 829 829 829 820 801 790 781 781 781 770 770
11 26 770 770 759 759 759 759 759 759 770 801 810 820 829 829 829 829 820 801 790 781 781 770 770 770
11 27 770 759 759 759 759 759 759 759 770 790 810 820 829 829 829 829 820 801 790 781 781 770 770 770
11 28 770 759 759 759 759 759 759 759 770 790 810 820 829 829 829 820 810 801 790 781 781 770 770 770
11 29 770 759 759 759 759 759 750 759 770 790 810 820 829 829 829 829 820 801 790 781 781 770 770 770
11 30 770 759 759 759 759 750 750 750 770 790 810 820 829 829 829 820 820 801 781 781 781 770 770 770
12 01 759 759 759 759 750 750 750 750 770 790 810 820 829 829 829 820 810 801 781 781 781 770 770 770
12 02 759 759 759 759 750 750 750 750 770 790 810 820 829 829 829 820 810 801 781 781 781 770 770 770
12 03 759 759 759 750 750 750 750 750 770 790 810 820 829 829 829 820 810 801 781 781 770 770 770 770
12 04 759 759 750 750 750 750 750 750 770 790 810 820 829 829 829 820 810 801 781 781 770 770 770 770
12 05 759 759 759 750 750 750 750 750 770 790 810 820 820 829 829 820 810 801 781 781 770 770 759 759
12 06 759 750 750 750 750 750 750 750 770 790 810 820 820 829 829 820 810 801 781 781 770 770 759 759
12 07 759 750 750 750 750 750 750 750 759 790 801 820 820 829 829 820 810 801 781 781 770 770 759 759
12 08 759 750 750 750 750 750 750 739 759 790 801 820 820 829 829 820 810 801 781 781 770 770 759 759
12 09 759 750 750 750 750 750 750 739 759 790 801 810 820 829 820 820 810 801 781 781 770 759 759 759
12 10 750 750 750 750 750 739 750 739 759 790 801 810 820 820 820 820 810 790 781 770 770 759 759 759
12 11 750 750 750 739 739 739 739 739 759 790 801 810 820 820 820 820 810 790 781 770 770 759 759 759
12 12 750 750 750 739 739 739 739 739 759 781 801 810 820 820 820 820 810 790 781 770 759 759 759 759
12 13 750 750 750 739 739 739 739 739 750 781 801 810 820 820 820 810 810 790 781 770 759 759 759 750
12 14 750 750 750 739 739 739 739 739 750 781 801 810 820 820 820 810 810 790 770 770 759 759 759 750
12 15 750 750 750 739 739 739 739 739 750 781 801 810 820 820 820 810 806 790 770 770 759 759 750 750
12 16 750 750 739 739 739 739 739 739 750 781 801 810 820 820 820 810 801 790 770 770 759 759 750 750
12 17 750 750 739 739 739 739 739 739 750 781 801 810 810 820 820 810 801 781 770 759 759 759 750 750
12 18 750 750 739 739 739 739 739 739 750 781 790 810 810 820 810 810 801 781 770 759 759 759 750 750
12 19 750 750 739 739 739 739 739 739 750 770 790 810 810 820 810 810 801 781 770 759 759 759 750 750
12 20 750 739 739 739 739 739 730 730 750 770 790 801 810 810 810 810 801 781 770 759 759 759 750 750
12 21 739 739 739 739 730 730 730 730 750 770 790 801 810 810 810 810 801 781 770 759 759 750 750 750
12 22 739 739 739 739 730 730 730 730 739 770 790 801 810 810 810 810 801 781 770 759 759 750 750 750
12 23 739 739 739 739 730 730 730 730 739 770 790 801 810 810 810 810 801 781 770 759 759 750 750 750
12 24 739 739 739 739 730 730 730 730 739 770 790 801 810 810 810 810 801 781 770 759 759 750 750 750
12 25 739 739 739 730 730 730 730 730 739 770 790 801 810 810 810 810 801 781 770 759 759 750 750 750
12 26 739 739 739 730 730 730 730 730 739 770 790 801 810 810 810 810 801 781 770 759 759 750 750 750
12 27 739 739 739 739 730 730 730 730 739 770 790 801 810 810 810 810 801 781 770 759 759 750 750 750
12 28 739 739 739 739 730 730 730 730 739 770 790 801 810 810 810 810 801 781 770 759 759 750 750 750
12 29 739 739 739 739 730 730 730 730 739 770 790 801 810 810 810 810 801 781 770 759 759 750 750 750
12 30 739 739 739 739 734 730 730 730 739 770 790 801 810 810 810 810 801 781 770 759 759 750 750 750
12 31 739 739 739 739 730 730 730 730 739 770 790 801 810 810 810 810 801 790 770 759 759 750 750 750
