01 01 -9999 691 691 691 691 680 680 680 680 700 720 752 788 806 820 829 829 801 759 734 720 711 700 691
01 02 -9999 691 691 691 691 680 680 680 680 698 720 752 788 806 820 829 829 806 770 734 720 711 700 691
01 03 -9999 691 691 691 691 680 680 680 680 698 720 750 788 806 820 829 829 806 759 734 716 709 700 691
01 04 -9999 691 691 691 689 680 680 680 680 698 720 750 788 806 820 829 829 806 759 734 716 709 700 691
01 05 -9999 691 691 691 691 680 680 680 680 700 720 752 788 810 820 829 829 810 770 734 720 711 700 691
01 06 -9999 691 691 691 691 680 680 680 680 698 720 750 788 806 820 829 829 806 759 734 720 711 700 691
01 07 -9999 691 691 691 680 680 680 680 680 698 720 748 781 806 820 829 824 801 759 734 716 709 700 691
01 08 -9999 689 691 689 680 680 669 669 669 691 720 739 781 801 820 824 824 801 759 730 716 700 698 691
01 09 -9999 691 691 680 680 680 669 669 669 698 720 739 781 801 810 820 820 801 759 730 711 709 698 691
01 10 -9999 691 691 680 680 680 669 669 669 689 716 739 781 801 810 820 820 801 759 730 711 700 691 689
01 11 -9999 680 680 680 669 669 669 669 669 680 711 739 779 790 810 820 820 801 759 730 711 700 691 680
01 12 -9999 680 680 680 669 662 660 660 662 669 711 739 770 790 810 820 820 801 759 730 711 700 689 680
01 13 -9999 680 669 662 662 660 660 660 660 669 711 739 770 790 810 824 820 801 759 730 711 700 691 680
01 14 -9999 680 669 669 662 662 660 660 662 669 711 739 770 790 810 824 824 801 759 730 711 698 689 680
01 15 -9999 669 669 662 660 662 660 660 660 669 709 739 770 799 820 829 824 806 759 730 711 700 689 680
01 16 -9999 680 680 669 660 662 660 660 660 669 709 739 770 801 820 829 829 806 770 734 711 700 689 680
01 17 -9999 680 680 669 660 662 660 660 660 669 709 739 770 799 820 829 824 806 770 730 711 700 689 680
01 18 -9999 680 680 669 660 660 658 658 660 669 709 739 770 799 820 824 824 806 770 734 716 700 689 680
01 19 -9999 680 669 669 660 660 649 658 660 669 709 739 770 799 820 820 824 806 770 734 716 700 689 680
01 20 -9999 680 680 662 660 660 649 658 660 669 709 739 770 790 819 820 824 801 770 730 711 700 689 680
01 21 -9999 680 669 662 660 660 658 658 660 669 709 739 770 799 820 824 829 806 770 734 711 700 691 680
01 22 -9999 680 680 669 669 662 660 660 662 669 711 748 770 801 820 829 829 810 770 739 720 700 691 689
01 23 -9999 680 680 669 669 669 662 662 669 680 716 748 779 801 824 840 829 810 781 739 720 700 691 691
01 24 -9999 680 680 680 680 669 669 662 669 680 716 748 779 801 824 840 829 810 781 739 720 700 691 691
01 25 -9999 680 680 680 680 669 669 669 669 680 720 748 779 801 824 840 829 810 781 739 720 700 698 691
01 26 -9999 680 680 680 680 669 669 669 669 689 720 750 779 806 824 840 829 810 781 739 720 700 698 691
01 27 -9999 680 689 680 680 669 669 669 669 689 720 750 781 806 824 840 829 810 781 739 720 700 698 691
01 28 -9999 689 689 680 680 680 669 669 669 689 720 750 781 806 820 840 829 810 781 739 720 700 698 691
01 29 -9999 689 680 680 680 669 669 669 669 689 720 750 781 806 824 840 829 810 781 739 720 700 698 691
01 30 -9999 691 689 680 680 669 669 669 669 689 720 750 781 806 820 829 824 806 781 739 720 700 698 691
01 31 -9999 689 689 680 680 669 669 669 669 691 720 750 781 806 820 829 824 806 779 739 720 700 698 691
02 01 -9999 689 689 680 680 669 669 669 669 691 720 750 781 806 820 829 829 810 781 739 720 700 700 691
02 02 -9999 691 691 689 680 680 680 680 680 698 720 752 788 810 829 840 829 810 781 739 720 709 700 698
02 03 -9999 691 691 691 689 680 680 680 680 698 720 759 790 820 829 842 840 820 781 750 720 711 700 698
02 04 -9999 691 691 691 689 680 680 680 680 698 720 759 790 820 829 849 840 820 788 748 720 709 700 698
02 05 -9999 691 691 689 680 680 669 669 680 698 720 759 790 820 829 849 840 820 788 750 720 700 700 691
02 06 -9999 691 689 680 680 680 669 669 680 698 720 759 790 820 829 842 840 820 788 750 720 700 700 698
02 07 -9999 691 691 689 680 680 680 680 680 700 730 759 790 820 829 849 842 820 788 750 720 711 709 700
02 08 -9999 698 691 691 691 680 680 680 680 700 739 770 801 829 842 860 849 829 790 750 730 716 711 709
02 09 -9999 700 698 698 691 680 680 689 691 700 739 770 806 829 849 860 849 829 799 752 730 720 711 709
02 10 -9999 700 698 698 691 689 680 680 691 700 739 770 806 829 849 860 849 829 801 752 730 720 711 711
02 11 -9999 700 698 698 691 691 689 691 691 711 739 770 810 829 849 860 849 838 801 752 730 720 711 711
02 12 -9999 700 700 700 698 691 691 691 691 711 739 770 810 829 849 860 849 840 801 759 730 720 711 711
02 13 -9999 700 700 700 698 691 691 691 691 711 739 770 810 829 849 871 860 840 806 759 734 720 711 711
02 14 -9999 700 700 700 698 691 691 691 691 711 739 770 810 838 860 871 860 842 810 770 739 720 711 711
02 15 -9999 700 700 700 700 700 691 691 700 716 739 770 810 840 860 871 860 842 810 770 739 720 711 711
02 16 -9999 700 700 700 700 700 698 691 700 720 739 770 810 840 860 871 860 849 810 770 739 720 711 711
02 17 -9999 700 700 700 700 698 698 698 700 720 739 779 810 840 860 871 871 849 819 770 739 720 711 711
02 18 -9999 709 700 700 700 700 700 698 700 720 748 781 810 840 860 871 871 849 819 770 739 729 711 711
02 19 -9999 711 709 700 700 700 700 700 700 720 750 781 810 840 860 871 871 849 820 770 748 729 716 711
02 20 -9999 711 711 709 709 700 700 700 700 720 750 781 820 840 860 878 880 860 824 779 750 730 720 716
02 21 -9999 711 711 709 709 700 700 700 700 720 750 781 820 840 860 871 871 849 820 770 748 730 720 720
02 22 -9999 711 711 709 709 700 700 700 700 720 750 781 820 840 860 878 871 849 820 770 748 730 720 720
02 23 -9999 711 711 709 709 700 700 700 700 720 752 781 820 840 860 871 871 849 820 770 748 729 720 716
02 24 -9999 711 709 700 700 700 700 700 700 720 752 788 820 840 860 871 871 849 820 770 750 730 720 720
02 25 -9999 711 711 700 700 700 700 700 700 720 752 788 820 840 869 871 878 849 820 770 750 730 720 720
02 26 -9999 711 711 700 700 700 700 700 700 729 759 790 820 849 869 871 878 849 820 770 750 730 720 720
02 27 -9999 716 711 709 709 700 700 700 709 730 759 790 820 849 871 880 880 849 820 770 750 730 729 720
02 28 -9999 716 711 711 711 700 700 700 711 730 759 790 829 849 871 880 880 860 820 779 750 734 730 720
03 01 -9999 720 716 711 711 709 709 700 711 734 770 801 829 860 871 880 880 860 820 779 750 739 730 730
03 02 -9999 720 720 716 711 711 711 711 711 739 770 801 829 860 878 880 880 860 820 781 750 739 730 730
03 03 -9999 720 720 716 716 711 711 711 716 739 770 801 829 860 880 891 891 860 829 781 759 739 734 730
03 04 -9999 720 720 720 711 711 711 711 716 739 770 801 838 860 880 891 891 860 824 781 759 739 734 730
03 05 -9999 730 720 720 716 711 711 711 720 739 770 810 840 860 880 891 891 860 829 781 759 739 739 730
03 06 -9999 730 720 720 720 711 716 711 720 739 770 810 840 860 880 891 891 871 829 788 759 739 739 730
03 07 -9999 730 729 720 720 711 711 711 720 739 770 810 840 871 880 891 891 871 829 788 759 739 739 730
03 08 -9999 730 730 720 720 711 716 711 720 739 770 810 840 871 880 900 891 871 840 790 759 748 739 730
03 09 -9999 730 730 720 720 711 716 711 720 739 770 810 840 871 891 900 891 871 840 790 759 750 739 739
03 10 -9999 730 730 720 720 720 720 716 720 739 770 810 840 871 891 900 891 871 840 790 759 750 739 739
03 11 -9999 730 730 720 720 720 720 720 720 750 779 819 849 871 891 900 891 878 840 801 759 750 739 734
03 12 -9999 730 730 720 720 720 720 720 720 750 781 820 849 880 891 900 891 871 840 801 759 750 739 739
03 13 -9999 730 730 720 720 720 720 720 730 750 781 820 849 880 891 900 891 871 840 799 759 750 739 739
03 14 -9999 730 730 730 720 720 720 720 730 750 781 820 849 880 891 891 891 871 840 799 770 750 739 739
03 15 -9999 730 730 730 720 720 720 720 730 750 781 820 849 880 891 891 891 871 840 799 770 750 739 739
03 16 -9999 730 730 730 720 720 720 720 730 750 781 820 849 880 891 891 891 871 840 801 770 750 739 739
03 17 -9999 730 730 730 720 720 720 720 730 750 781 820 849 880 891 891 891 871 840 801 770 750 739 739
03 18 -9999 730 730 730 720 720 720 720 730 750 781 820 849 880 891 891 891 871 840 801 770 750 739 739
03 19 -9999 730 730 730 729 720 720 720 730 750 790 820 849 880 891 900 891 880 849 801 770 750 748 739
03 20 -9999 739 730 730 729 720 720 720 730 759 790 820 849 880 900 900 891 880 849 801 779 759 748 739
03 21 -9999 739 730 730 730 729 729 729 730 759 790 820 849 880 900 900 891 880 849 801 781 759 750 739
03 22 -9999 739 730 734 730 730 730 729 739 759 790 829 860 880 900 900 891 880 849 801 781 759 750 739
03 23 -9999 739 734 739 730 730 730 730 739 759 790 829 860 880 900 900 891 880 849 806 781 759 750 748
03 24 -9999 739 739 739 730 730 730 730 739 759 790 829 860 880 900 900 900 880 849 806 781 759 750 750
03 25 -9999 739 739 739 730 730 730 730 739 770 801 829 860 880 900 900 900 880 849 810 781 770 750 750
03 26 -9999 739 739 739 730 730 730 730 739 770 801 829 860 889 900 909 900 889 849 810 781 770 759 750
03 27 -9999 739 739 739 734 734 730 730 739 770 801 829 860 891 900 910 900 891 860 810 781 770 759 750
03 28 -9999 739 739 739 739 739 730 739 750 770 801 838 871 891 900 910 910 891 860 820 781 770 759 750
03 29 -9999 748 739 739 739 739 730 739 750 770 806 840 871 891 910 910 910 896 860 820 781 770 759 750
03 30 -9999 750 739 739 739 739 739 739 750 770 810 840 871 891 910 910 910 900 871 820 781 770 759 750
03 31 -9999 750 739 739 739 739 739 739 750 781 810 840 871 900 910 919 919 900 871 820 790 770 759 759
04 01 -9999 750 748 739 739 739 739 739 750 781 810 849 880 900 914 919 919 900 871 824 790 770 759 759
04 02 -9999 750 750 750 739 739 739 739 750 781 810 849 880 900 919 919 919 900 871 820 790 770 759 759
04 03 -9999 750 750 750 739 739 739 739 750 781 820 849 880 900 919 919 919 900 871 820 790 770 759 759
04 04 -9999 750 750 750 739 739 739 739 759 788 820 849 880 900 919 919 919 900 871 820 790 770 759 759
04 05 -9999 750 750 750 748 750 739 739 759 788 820 849 880 910 919 930 919 900 871 820 790 779 759 759
04 06 -9999 750 750 750 750 750 739 739 759 790 820 860 891 910 919 930 930 910 880 829 799 781 759 759
04 07 -9999 759 750 750 750 750 739 750 759 790 820 860 891 910 919 930 928 910 880 829 801 781 770 759
04 08 -9999 759 750 750 750 750 739 750 759 790 820 860 891 910 919 930 928 900 880 829 801 781 770 759
04 09 -9999 759 759 750 750 750 748 750 759 790 820 860 891 910 919 930 930 910 880 829 801 781 770 759
04 10 -9999 759 759 752 750 750 748 750 759 790 820 860 891 910 919 930 928 910 880 829 801 781 770 759
04 11 -9999 759 759 759 750 750 750 750 770 790 829 860 891 910 930 939 930 910 880 829 801 781 770 759
04 12 -9999 759 759 759 750 750 750 750 770 790 829 860 891 919 930 939 930 910 880 829 801 781 770 759
04 13 -9999 759 759 759 750 750 750 750 770 799 829 860 891 919 930 939 930 910 880 829 801 781 770 759
04 14 -9999 759 759 759 759 750 750 752 770 801 829 860 891 919 930 939 930 910 880 829 801 788 770 770
04 15 -9999 759 759 759 759 750 750 759 770 801 829 871 896 919 939 939 930 910 880 829 801 790 779 770
04 16 -9999 759 759 759 759 759 759 759 770 801 829 871 896 919 939 939 930 910 880 829 806 790 781 770
04 17 -9999 770 759 759 759 759 759 759 779 801 829 871 896 919 939 939 932 914 880 829 810 790 781 770
04 18 -9999 770 759 759 759 759 759 759 781 810 838 871 900 919 939 939 939 914 880 840 810 790 781 770
04 19 -9999 770 770 759 759 759 759 759 781 810 840 871 900 919 939 939 939 919 880 840 810 790 781 770
04 20 -9999 770 770 759 759 759 759 759 781 810 840 871 900 919 939 939 939 914 880 840 810 790 781 779
04 21 -9999 770 770 759 759 759 759 759 781 810 840 871 900 919 939 939 939 914 880 840 810 799 781 779
04 22 -9999 770 770 759 759 759 759 759 781 810 840 878 900 919 939 939 939 914 880 840 810 801 781 781
04 23 -9999 770 770 770 770 759 759 770 788 810 842 880 910 928 939 939 939 919 880 840 810 801 781 781
04 24 -9999 770 770 770 770 759 759 770 790 819 849 880 910 928 939 939 939 919 880 840 810 801 790 781
04 25 -9999 770 770 770 770 770 770 770 790 820 849 880 910 928 939 950 939 919 891 849 820 801 790 781
04 26 -9999 779 770 770 770 770 770 770 790 820 849 880 910 930 950 950 939 919 891 849 820 801 790 781
04 27 -9999 781 770 770 770 770 770 770 790 820 849 891 910 930 950 950 939 930 891 849 820 801 790 781
04 28 -9999 781 781 770 779 770 770 770 790 820 860 891 910 930 950 950 939 930 891 849 824 801 799 790
04 29 -9999 781 781 781 781 770 770 779 790 829 860 891 914 930 950 950 950 930 891 849 829 810 801 790
04 30 -9999 781 781 781 781 770 770 781 801 829 860 891 919 932 950 950 950 930 891 849 824 810 801 790
05 01 -9999 788 781 781 781 770 770 781 801 829 860 896 919 939 950 950 950 930 891 849 829 810 801 790
05 02 -9999 790 790 781 781 779 781 781 801 829 871 900 919 939 950 950 950 930 900 860 829 810 801 801
05 03 -9999 790 790 788 781 781 781 788 801 840 871 900 919 939 950 950 950 930 900 860 829 819 801 801
05 04 -9999 790 790 790 788 781 781 790 810 840 871 900 919 939 950 959 950 930 900 860 840 820 810 801
05 05 -9999 790 790 790 790 788 781 790 810 840 871 900 930 939 950 961 950 930 900 860 840 820 810 801
05 06 -9999 801 790 790 790 790 781 790 810 840 878 900 930 939 950 961 950 930 900 869 840 820 810 801
05 07 -9999 801 790 790 790 790 788 790 810 840 880 900 930 939 950 961 950 930 900 860 840 820 810 801
05 08 -9999 801 799 790 790 790 790 790 810 840 880 900 930 939 950 961 950 930 900 871 840 820 810 806
05 09 -9999 801 801 790 790 790 790 790 819 840 880 910 930 939 961 961 950 930 900 871 840 820 810 810
05 10 -9999 801 799 790 790 790 790 799 819 840 880 910 930 939 950 961 950 930 900 871 840 820 810 810
05 11 -9999 801 801 790 790 790 790 799 819 842 880 910 930 939 950 961 950 930 900 871 840 820 810 810
05 12 -9999 801 801 790 790 790 790 799 819 849 880 910 930 939 950 961 950 930 900 871 840 820 810 810
05 13 -9999 801 801 790 790 790 790 790 819 840 880 910 930 939 950 961 950 930 900 871 840 820 810 810
05 14 -9999 801 801 790 790 790 790 790 810 840 880 910 930 939 950 961 950 930 900 871 840 820 810 810
05 15 -9999 801 801 790 790 790 790 790 810 840 880 910 930 939 950 950 950 930 900 871 840 820 810 810
05 16 -9999 801 801 790 790 790 790 790 819 840 880 900 930 939 950 950 950 930 900 871 840 820 810 810
05 17 -9999 801 801 790 790 790 790 790 819 840 880 900 930 939 950 950 950 930 900 871 840 820 810 806
05 18 -9999 801 801 790 790 790 790 790 819 840 880 900 930 939 950 950 950 930 900 871 840 820 810 806
05 19 -9999 801 801 790 790 790 788 790 819 840 880 910 930 950 950 950 950 930 900 871 840 820 810 806
05 20 -9999 801 801 790 790 790 790 790 819 849 880 910 930 950 950 950 950 930 910 871 840 820 810 806
05 21 -9999 801 799 790 790 790 790 790 820 849 880 910 930 950 950 959 950 932 910 871 840 820 810 806
05 22 -9999 801 801 790 790 790 790 790 820 849 880 910 930 950 950 961 950 939 910 880 849 824 810 810
05 23 -9999 801 801 790 790 790 790 790 820 849 880 910 930 950 959 961 959 939 910 880 849 829 810 810
05 24 -9999 801 801 790 790 790 790 790 820 849 880 910 930 950 961 961 961 939 919 880 849 829 810 810
05 25 -9999 801 801 790 790 790 790 790 820 849 889 914 932 950 961 970 961 950 919 880 849 829 819 810
05 26 -9999 801 801 799 790 790 790 799 824 849 891 919 939 950 961 970 961 950 919 880 849 829 819 810
05 27 -9999 801 801 799 790 790 790 801 829 860 891 919 939 950 961 970 961 950 919 889 849 829 820 810
05 28 -9999 801 801 801 790 790 790 801 829 860 891 919 939 961 961 970 961 950 919 891 849 829 820 810
05 29 -9999 801 801 801 799 790 790 801 829 860 891 919 939 961 970 970 968 950 919 891 860 829 820 810
05 30 -9999 806 801 801 801 790 790 801 829 860 900 919 939 961 970 970 970 950 928 891 860 838 820 810
05 31 -9999 810 806 801 801 799 799 806 829 860 900 919 939 961 970 970 970 950 930 891 860 840 829 820
06 01 -9999 810 810 801 801 801 801 810 829 860 900 919 950 961 970 970 970 959 930 896 860 840 829 820
06 02 -9999 810 810 801 801 801 801 810 829 869 900 919 950 961 970 981 970 961 930 900 860 840 829 820
06 03 -9999 810 810 801 801 801 801 810 838 871 900 930 950 968 970 981 970 961 930 900 860 840 829 820
06 04 -9999 810 810 806 801 801 801 810 840 871 900 930 950 968 979 981 970 961 930 900 860 840 829 820
06 05 -9999 819 810 810 806 801 801 810 840 871 900 930 950 970 981 981 981 961 932 900 860 840 829 820
06 06 -9999 819 810 810 806 801 801 810 840 871 900 930 950 970 981 981 981 961 932 900 869 842 829 820
06 07 -9999 819 810 810 810 806 801 810 840 871 909 930 950 970 981 981 981 961 939 900 869 842 829 824
06 08 -9999 820 810 810 806 806 801 810 840 871 909 930 959 970 981 981 981 961 939 900 871 842 829 824
06 09 -9999 820 810 810 806 806 801 810 840 878 910 930 959 970 981 981 981 961 939 900 871 849 829 824
06 10 -9999 820 810 810 806 806 801 810 840 878 910 930 961 970 981 981 981 968 939 900 871 849 829 824
06 11 -9999 820 810 810 810 806 801 810 840 878 910 930 961 970 981 990 981 968 939 909 871 849 829 824
06 12 -9999 820 810 810 810 806 801 810 840 880 910 932 961 970 981 990 981 970 939 909 871 849 829 829
06 13 -9999 820 819 810 810 806 806 819 840 880 910 939 961 970 981 990 981 970 939 910 871 849 838 829
06 14 -9999 820 819 810 810 806 806 819 840 880 910 939 961 970 981 990 986 970 939 910 871 849 838 829
06 15 -9999 820 820 810 810 806 806 819 840 880 910 939 961 970 981 990 986 970 939 910 871 849 838 829
06 16 -9999 820 820 810 810 806 801 810 840 880 910 939 961 979 986 990 986 970 939 910 871 849 838 829
06 17 -9999 820 810 810 806 806 801 810 840 880 910 939 961 979 986 990 986 970 939 910 871 849 838 829
06 18 -9999 820 810 810 806 806 801 810 840 878 910 939 961 979 986 990 990 970 939 910 871 849 838 829
06 19 -9999 820 810 810 806 801 801 810 840 878 910 939 961 981 986 990 990 970 939 910 878 849 838 829
06 20 -9999 820 810 810 806 801 801 810 840 878 910 939 961 981 990 990 990 970 950 910 878 849 838 829
06 21 -9999 820 810 810 806 801 801 810 840 878 910 939 961 981 990 990 990 970 950 910 878 849 838 829
06 22 -9999 820 810 810 806 801 801 810 840 878 910 939 961 981 990 990 990 970 950 910 878 849 840 829
06 23 -9999 820 810 810 806 801 801 810 840 880 910 939 961 981 990 990 990 970 950 910 880 849 840 829
06 24 -9999 820 820 810 810 801 801 810 840 880 910 939 961 981 990 990 990 970 950 910 880 849 840 829
06 25 -9999 820 820 810 810 801 801 810 842 880 910 939 961 981 990 990 990 970 950 910 880 849 840 829
06 26 -9999 820 819 810 806 801 801 810 842 880 910 939 961 981 990 990 990 970 950 910 880 849 840 829
06 27 -9999 820 819 810 806 801 801 810 842 880 910 939 961 981 990 990 990 970 950 910 880 849 840 829
06 28 -9999 820 819 810 806 801 801 810 842 880 910 939 961 981 990 990 990 970 950 910 880 849 840 829
06 29 -9999 820 819 810 810 801 801 810 842 880 910 939 961 981 990 990 990 970 950 910 878 849 840 829
06 30 -9999 820 819 810 806 801 801 810 842 880 910 939 961 981 990 990 990 970 950 910 880 849 840 829
07 01 -9999 820 819 810 810 801 801 810 842 880 910 939 961 981 990 990 990 970 950 910 878 849 840 829
07 02 -9999 820 819 810 810 801 801 810 842 880 910 939 961 981 990 990 990 970 950 910 878 849 840 829
07 03 -9999 820 819 810 810 801 801 810 842 880 910 939 961 981 990 990 990 970 950 910 880 849 840 829
07 04 -9999 820 819 810 806 801 801 810 842 880 910 939 961 981 990 990 990 970 950 910 878 849 840 829
07 05 -9999 820 819 810 806 801 801 810 842 880 914 939 968 986 990 990 990 970 950 910 878 849 840 829
07 06 -9999 820 819 810 806 801 801 810 842 880 910 939 968 986 990 1000 990 970 950 910 878 849 840 829
07 07 -9999 820 820 810 806 801 801 810 842 880 914 939 968 986 999 1000 990 970 950 910 878 849 840 829
07 08 -9999 820 820 810 806 801 801 810 842 880 914 939 970 990 1000 1000 990 979 950 914 878 860 840 829
07 09 -9999 820 820 810 806 801 801 810 842 880 910 950 970 990 1000 1004 990 981 950 914 878 860 840 829
07 10 -9999 820 820 810 806 801 801 810 840 880 910 950 970 990 1000 1004 990 981 950 914 878 860 840 829
07 11 -9999 820 820 810 806 801 801 810 840 880 910 950 970 990 1000 1004 990 981 950 914 880 860 840 829
07 12 -9999 820 820 810 806 801 801 810 840 880 910 950 970 990 1000 1009 1000 981 959 919 880 860 840 829
07 13 -9999 820 820 810 806 801 801 810 840 880 910 950 970 990 1000 1009 1000 981 959 919 880 860 840 829
07 14 -9999 824 820 810 806 801 801 810 840 880 910 950 970 990 1000 1009 1000 981 950 919 880 860 840 829
07 15 -9999 824 820 810 806 806 801 810 840 880 910 950 970 990 1000 1009 1000 981 950 919 880 860 842 829
07 16 -9999 824 820 810 806 806 801 810 840 880 910 950 970 990 1000 1009 1000 981 950 919 880 860 840 829
07 17 -9999 824 820 810 806 806 801 810 840 880 914 950 970 990 1004 1009 1000 981 959 919 880 860 840 829
07 18 -9999 824 820 810 806 806 801 810 840 880 914 950 970 990 1004 1009 1000 986 961 919 880 860 842 829
07 19 -9999 824 820 810 806 806 801 810 840 880 914 950 970 990 1004 1009 1000 986 961 919 880 860 842 829
07 20 -9999 824 820 810 806 806 801 810 840 880 914 950 979 999 1004 1009 1000 986 961 919 880 860 842 829
07 21 -9999 824 820 810 806 806 801 806 840 880 914 950 979 999 1004 1009 1004 986 961 919 880 860 842 829
07 22 -9999 824 820 810 806 801 801 806 840 880 914 950 979 990 1004 1009 1000 986 959 919 880 860 842 829
07 23 -9999 824 820 810 806 801 801 806 840 880 914 950 970 990 1004 1009 1000 986 959 914 880 860 842 829
07 24 -9999 824 820 810 806 801 801 806 840 880 914 950 979 990 1004 1009 1004 986 959 914 880 860 842 829
07 25 -9999 824 820 810 806 806 801 806 840 880 914 950 979 990 1004 1009 1004 986 959 914 880 860 842 829
07 26 -9999 824 820 810 810 806 801 810 840 880 919 950 979 999 1004 1009 1004 990 961 914 880 860 842 829
07 27 -9999 824 820 810 810 806 801 810 840 880 914 950 979 999 1004 1009 1004 986 959 914 880 860 842 829
07 28 -9999 824 820 810 810 806 801 810 840 880 919 950 979 999 1004 1009 1004 986 959 914 880 860 842 829
07 29 -9999 824 820 810 806 806 801 806 840 880 919 950 981 999 1004 1009 1004 990 961 914 880 860 842 829
07 30 -9999 824 820 810 806 806 801 806 840 880 919 950 981 1000 1009 1009 1009 990 961 919 880 860 842 829
07 31 -9999 824 820 810 806 801 801 806 840 880 919 950 981 1000 1009 1009 1009 990 961 919 889 860 842 838
08 01 -9999 824 820 810 806 801 801 806 840 880 919 950 981 1000 1009 1009 1009 990 961 919 889 860 842 840
08 02 -9999 824 820 810 806 801 801 806 840 880 919 950 981 1000 1009 1009 1009 990 961 919 889 860 842 840
08 03 -9999 824 820 810 806 801 801 810 840 880 919 950 981 1000 1009 1009 1009 990 961 919 891 860 842 840
08 04 -9999 824 820 810 806 801 801 810 840 880 919 950 981 1000 1009 1009 1009 990 961 919 891 860 842 840
08 05 -9999 824 820 810 810 801 801 810 840 880 919 950 981 1000 1009 1009 1009 990 961 919 891 860 842 840
08 06 -9999 824 820 810 810 801 801 810 840 880 919 950 981 1000 1009 1009 1009 990 961 919 891 860 842 840
08 07 -9999 824 820 810 810 806 801 810 840 880 919 950 981 1000 1009 1009 1009 990 961 919 891 860 842 840
08 08 -9999 824 820 810 810 806 801 810 840 880 919 950 981 1000 1009 1009 1009 990 961 919 891 860 842 840
08 09 -9999 824 820 810 806 806 801 810 840 880 919 950 981 1000 1009 1009 1009 990 961 919 891 860 849 840
08 10 -9999 824 820 810 806 801 801 810 840 880 919 950 981 1000 1009 1018 1009 990 961 919 891 860 849 840
08 11 -9999 824 820 810 810 806 801 810 842 880 919 950 981 1000 1009 1009 1009 990 961 919 891 860 849 840
08 12 -9999 824 820 810 810 801 801 810 840 880 919 950 981 1000 1009 1009 1009 990 961 919 891 860 849 840
08 13 -9999 824 820 819 810 806 801 810 840 880 919 950 981 1000 1009 1009 1009 990 961 919 891 860 849 840
08 14 -9999 824 820 810 810 806 801 810 840 880 919 950 981 1000 1009 1009 1009 990 961 919 891 860 849 840
08 15 -9999 824 820 810 810 806 801 810 840 880 919 950 981 990 1009 1009 1009 990 961 919 891 860 842 840
08 16 -9999 824 820 820 810 806 801 810 840 880 914 950 981 990 1009 1009 1009 990 961 919 891 860 842 840
08 17 -9999 824 820 810 810 806 801 810 840 880 914 950 970 990 1009 1009 1009 990 961 919 891 860 842 840
08 18 -9999 824 820 810 810 801 801 810 840 878 914 950 970 990 1004 1009 1004 990 961 919 891 860 849 840
08 19 -9999 824 820 810 810 806 801 810 840 878 914 950 970 990 1004 1009 1000 986 961 919 880 860 849 840
08 20 -9999 824 820 810 810 806 801 810 840 878 914 950 970 990 1004 1009 1000 990 961 919 880 860 849 840
08 21 -9999 824 820 810 810 801 801 810 840 878 914 939 970 990 1004 1009 1000 990 961 919 880 860 842 840
08 22 -9999 824 820 810 806 801 801 806 840 878 910 939 970 990 1000 1004 1000 986 961 919 880 860 842 840
08 23 -9999 824 820 810 806 801 801 806 840 878 910 939 970 990 1000 1000 1000 986 961 919 880 860 842 840
08 24 -9999 824 820 810 806 801 801 806 840 878 910 939 970 990 1000 1000 1000 986 950 914 880 860 842 829
08 25 -9999 820 820 810 806 801 801 801 840 871 910 939 970 990 1000 1000 1000 981 950 910 880 860 842 829
08 26 -9999 820 820 810 806 801 801 801 840 871 910 939 970 990 1000 1000 1000 981 950 910 880 860 840 829
08 27 -9999 820 810 810 801 801 790 801 838 871 910 939 968 981 1000 1000 990 981 950 910 880 860 840 829
08 28 -9999 820 810 810 801 801 790 801 829 871 910 939 961 981 1000 1000 990 981 950 910 880 860 840 829
08 29 -9999 820 810 806 801 801 790 801 829 871 909 939 961 981 1000 1000 990 981 950 910 880 860 840 829
08 30 -9999 820 810 806 801 801 790 801 829 871 909 932 961 981 1000 1000 990 981 950 910 880 860 840 829
08 31 -9999 819 810 806 801 801 790 801 829 871 900 930 961 981 999 1000 990 981 950 910 880 860 840 829
09 01 -9999 810 810 806 801 801 790 801 829 871 900 930 959 981 990 990 990 970 939 909 880 849 840 829
09 02 -9999 810 810 801 801 790 790 801 829 869 900 930 950 970 990 990 990 970 939 900 871 849 840 829
09 03 -9999 810 810 801 801 790 790 801 829 860 900 930 950 970 990 990 986 970 939 900 871 849 840 829
09 04 -9999 810 810 801 801 790 790 801 824 860 900 930 950 970 986 990 981 970 939 900 871 849 840 824
09 05 -9999 810 806 801 801 790 790 790 820 860 900 919 950 970 981 990 981 970 939 900 871 849 840 824
09 06 -9999 810 806 801 801 790 790 790 820 860 900 919 950 970 981 986 981 970 939 900 871 849 840 824
09 07 -9999 810 801 801 799 790 790 790 820 860 900 919 950 970 981 986 981 970 939 900 871 849 838 820
09 08 -9999 810 801 801 790 790 790 790 820 860 896 919 950 968 981 981 981 970 932 900 871 849 838 820
09 09 -9999 810 801 801 799 790 790 790 820 860 891 919 950 968 981 981 979 961 930 896 869 849 829 820
09 10 -9999 810 801 801 801 790 790 790 820 860 891 919 950 968 981 981 970 961 930 891 869 849 829 820
09 11 -9999 810 801 801 790 790 790 790 820 860 891 919 950 968 970 981 970 961 930 891 860 849 829 820
09 12 -9999 810 801 801 801 790 790 790 820 860 891 919 950 961 970 979 970 959 928 891 860 842 829 820
09 13 -9999 810 801 801 799 790 790 790 820 860 891 919 950 961 970 970 970 950 928 889 860 842 829 820
09 14 -9999 810 801 799 790 790 790 790 820 860 891 919 939 961 970 970 970 950 928 889 860 842 829 820
09 15 -9999 806 801 801 790 790 790 790 820 860 891 919 939 961 970 970 970 950 919 889 860 842 829 820
09 16 -9999 810 801 801 790 790 790 790 820 860 891 919 939 961 970 970 970 950 919 891 860 842 829 820
09 17 -9999 810 801 801 790 790 790 790 820 860 891 919 939 961 970 970 970 950 919 889 860 840 829 820
09 18 -9999 810 801 801 790 790 790 790 820 860 891 919 939 961 970 970 970 950 919 880 860 840 829 820
09 19 -9999 810 801 799 790 790 790 790 820 860 891 919 939 961 970 970 970 950 919 880 860 840 829 820
09 20 -9999 810 801 790 790 790 790 790 820 860 891 919 939 961 970 970 968 939 919 880 860 840 829 820
09 21 -9999 806 801 790 790 790 790 790 819 860 891 919 939 961 970 970 961 939 914 880 860 840 829 820
09 22 -9999 806 801 790 790 790 790 790 810 849 891 914 939 959 970 970 961 939 914 880 860 840 824 820
09 23 -9999 806 801 790 790 790 788 790 810 849 889 914 932 950 968 970 961 939 910 880 849 840 824 819
09 24 -9999 806 801 790 790 788 781 788 810 849 880 910 930 950 968 968 961 939 910 878 849 840 820 810
09 25 -9999 801 801 790 790 788 781 781 810 849 880 910 930 950 961 961 961 939 909 878 849 829 820 810
09 26 -9999 801 801 790 790 788 781 781 810 849 880 910 930 950 961 961 961 932 900 871 849 829 820 810
09 27 -9999 801 801 790 788 788 781 781 810 849 880 910 930 950 959 961 961 939 900 871 849 838 820 810
09 28 -9999 801 801 790 788 781 781 781 810 849 880 910 930 950 950 961 961 932 900 871 849 829 820 810
09 29 -9999 801 801 790 790 781 781 781 810 842 878 900 930 939 950 961 961 932 900 871 849 829 810 810
09 30 -9999 801 790 790 788 781 781 781 810 842 878 900 919 939 950 950 950 930 900 860 842 829 810 810
10 01 -9999 801 790 790 788 781 781 781 810 840 871 900 919 939 950 950 950 930 900 860 840 824 810 806
10 02 -9999 790 790 790 781 781 781 779 806 840 871 900 919 939 950 950 950 930 900 860 840 824 810 806
10 03 -9999 790 790 790 781 781 781 770 806 840 871 900 919 939 939 950 939 930 900 860 840 820 810 801
10 04 -9999 790 790 790 781 781 779 779 806 840 871 900 919 932 939 950 939 928 896 860 840 820 810 801
10 05 -9999 790 790 790 781 781 781 770 801 840 871 896 914 930 939 939 939 919 891 860 840 820 810 801
10 06 -9999 790 790 790 781 781 781 779 801 840 869 891 914 930 939 939 939 919 891 860 838 820 810 801
10 07 -9999 790 790 788 781 781 779 770 801 840 869 891 914 930 939 939 939 919 891 860 838 820 810 801
10 08 -9999 790 790 788 781 781 779 779 801 840 869 891 914 930 939 939 939 919 891 849 829 820 810 801
10 09 -9999 790 790 788 781 781 779 779 801 829 869 891 914 930 939 939 932 919 889 849 829 810 806 801
10 10 -9999 790 790 781 781 781 770 770 801 829 860 891 910 930 939 939 930 919 880 849 829 810 806 801
10 11 -9999 790 790 781 781 781 770 770 801 829 860 891 910 930 939 939 930 910 880 849 829 810 806 801
10 12 -9999 790 790 781 781 781 770 770 801 829 860 891 910 928 939 939 930 910 880 842 829 810 801 801
10 13 -9999 790 790 781 781 781 770 770 799 829 860 891 910 919 930 939 930 910 871 840 820 810 801 799
10 14 -9999 790 788 781 781 781 770 770 790 820 860 880 909 919 930 939 930 900 871 840 820 810 801 799
10 15 -9999 790 790 781 781 781 770 770 790 820 849 880 900 919 930 939 919 900 871 838 820 810 801 799
10 16 -9999 790 781 781 779 781 770 770 790 820 849 880 900 910 930 930 919 900 869 838 820 810 801 790
10 17 -9999 788 781 781 770 779 770 770 790 820 849 880 900 910 930 930 919 900 869 829 819 806 801 790
10 18 -9999 781 781 781 770 770 770 770 788 819 849 880 900 910 930 930 919 900 860 829 819 801 801 790
10 19 -9999 781 781 779 770 770 770 770 781 810 849 880 900 910 928 930 919 900 860 829 810 801 801 790
10 20 -9999 781 781 779 770 770 770 770 781 810 849 878 900 910 928 928 910 900 860 829 810 801 799 790
10 21 -9999 781 781 779 770 759 759 759 781 810 849 871 900 910 919 919 910 891 860 829 810 801 799 790
10 22 -9999 781 781 779 770 759 759 759 770 810 849 871 900 910 919 919 910 891 860 829 810 801 790 790
10 23 -9999 781 770 770 770 759 759 759 770 810 840 871 900 910 919 919 910 891 849 829 810 790 790 790
10 24 -9999 779 770 770 759 759 752 752 770 810 840 871 891 909 919 914 909 889 849 820 810 790 790 781
10 25 -9999 770 770 770 759 759 750 750 770 810 840 869 891 900 914 914 900 880 849 820 801 790 781 779
10 26 -9999 770 770 759 759 759 750 750 770 801 838 860 891 900 914 910 900 880 842 820 801 790 781 770
10 27 -9999 770 770 759 752 750 750 739 759 801 829 860 891 900 910 910 900 880 842 820 801 790 781 770
10 28 -9999 770 770 759 750 750 750 739 759 799 829 860 880 900 910 910 900 878 840 819 799 790 781 770
10 29 -9999 759 770 759 750 750 739 739 759 790 829 849 880 900 909 909 900 878 840 810 799 788 779 770
10 30 -9999 759 759 752 750 750 739 739 752 790 829 849 880 896 900 900 896 871 840 810 799 781 770 770
10 31 -9999 759 759 752 750 750 739 739 750 790 824 849 880 896 900 900 896 871 838 810 790 781 770 770
11 01 -9999 759 759 750 750 739 739 739 750 790 824 849 878 891 900 900 891 871 829 806 790 781 770 759
11 02 -9999 759 752 750 750 739 739 739 750 790 820 849 878 891 900 900 891 871 829 801 790 781 770 759
11 03 -9999 752 750 750 748 739 739 734 750 788 820 849 871 891 900 900 891 860 829 801 788 779 770 752
11 04 -9999 752 750 750 739 739 739 734 750 781 820 842 871 891 900 900 891 860 829 801 781 770 770 752
11 05 -9999 750 750 739 739 739 739 734 750 781 810 842 871 889 900 900 889 860 820 801 781 770 759 750
11 06 -9999 750 750 739 739 739 734 730 748 781 810 840 871 889 896 896 889 860 820 799 781 770 759 750
11 07 -9999 750 750 739 739 739 734 730 748 781 810 840 871 889 891 891 880 860 820 799 781 770 759 750
11 08 -9999 750 750 739 739 739 739 730 748 781 810 840 871 880 891 891 880 860 820 790 779 759 759 750
11 09 -9999 739 739 739 730 730 730 730 739 770 810 838 869 880 891 891 880 849 810 790 770 759 759 750
11 10 -9999 739 739 739 730 730 730 730 730 770 801 838 860 880 889 891 880 849 810 790 770 759 752 750
11 11 -9999 739 739 734 730 729 729 720 730 770 801 829 860 878 880 891 880 849 810 790 770 759 750 750
11 12 -9999 739 739 739 730 729 730 729 730 759 801 829 860 880 889 891 880 849 810 790 770 759 750 750
11 13 -9999 739 739 734 730 729 730 729 730 759 801 829 860 871 880 891 880 849 810 790 770 759 750 750
11 14 -9999 739 739 739 730 729 730 729 730 759 801 829 860 871 880 891 880 849 810 790 770 759 750 750
11 15 -9999 739 739 739 730 729 730 720 730 759 801 829 860 871 880 891 878 849 810 790 770 759 750 750
11 16 -9999 739 739 739 730 729 730 720 730 759 801 829 860 871 880 880 871 849 810 788 770 759 750 750
11 17 -9999 739 739 739 730 729 730 720 730 759 801 829 849 871 880 880 871 840 810 781 770 759 750 750
11 18 -9999 739 739 730 730 720 729 720 730 759 801 829 849 871 880 880 871 840 810 781 759 759 750 750
11 19 -9999 739 739 730 730 720 720 720 730 759 801 829 849 871 880 880 871 840 810 781 759 759 750 748
11 20 -9999 739 734 730 730 720 720 720 730 759 801 829 849 871 880 880 871 840 810 781 759 759 750 739
11 21 -9999 739 730 730 730 720 720 720 730 752 790 820 842 871 880 880 871 840 810 781 759 752 750 739
11 22 -9999 739 730 730 730 720 720 720 730 752 790 820 840 860 878 871 871 840 806 781 759 752 750 739
11 23 -9999 739 734 730 730 720 720 720 730 750 790 810 840 860 871 871 860 840 801 779 759 750 748 739
11 24 -9999 739 734 730 730 720 720 720 730 750 788 810 840 860 871 871 860 840 801 779 759 750 739 739
11 25 -9999 739 734 730 730 720 720 720 730 750 790 810 840 860 871 871 860 840 801 781 759 750 739 739
11 26 -9999 734 730 730 730 720 720 720 730 750 788 810 840 860 871 871 860 840 801 779 759 750 739 739
11 27 -9999 730 730 730 720 720 716 720 720 750 781 810 829 860 869 871 860 838 801 770 759 750 739 739
11 28 -9999 730 730 720 720 720 716 716 720 739 781 806 829 849 860 871 860 838 801 770 752 750 739 734
11 29 -9999 730 730 720 720 720 716 716 720 739 770 801 829 849 860 860 849 829 790 770 750 739 739 734
11 30 -9999 729 720 720 720 716 711 711 716 734 770 801 824 842 860 860 849 829 790 759 750 739 734 730
12 01 -9999 720 720 720 716 716 711 711 716 734 770 799 820 840 860 860 849 829 790 759 750 739 734 730
12 02 -9999 720 720 720 720 716 711 711 711 734 770 801 824 842 860 860 849 829 790 759 750 739 734 730
12 03 -9999 720 720 720 716 716 711 709 711 730 770 799 820 842 849 860 849 829 790 759 750 739 734 730
12 04 -9999 720 720 720 716 716 709 709 711 730 759 790 820 840 849 860 849 829 790 759 750 734 730 730
12 05 -9999 720 720 720 716 711 709 700 709 730 759 790 820 840 849 860 842 829 790 759 748 734 730 720
12 06 -9999 720 720 716 711 711 700 700 700 730 759 790 820 840 849 860 849 829 788 759 739 734 730 720
12 07 -9999 720 720 716 711 711 709 700 700 720 759 790 810 838 849 860 840 824 781 759 739 730 730 720
12 08 -9999 716 716 711 711 711 700 700 700 720 752 788 810 838 849 849 840 820 781 759 739 730 729 720
12 09 -9999 716 711 711 709 709 700 700 700 720 750 781 810 838 849 849 840 820 781 759 739 730 729 720
12 10 -9999 720 711 711 709 709 700 700 700 720 750 781 810 829 849 849 840 820 781 752 739 730 729 720
12 11 -9999 716 711 711 709 709 700 700 700 716 739 779 810 829 842 849 840 819 779 750 739 729 720 720
12 12 -9999 711 711 709 709 709 700 700 700 711 739 770 806 829 842 849 838 810 770 750 734 729 720 720
12 13 -9999 711 709 709 709 709 700 700 700 711 739 770 810 829 842 849 840 810 770 750 734 729 720 716
12 14 -9999 711 709 709 700 700 700 698 700 711 739 770 810 829 842 849 840 819 779 750 734 729 720 716
12 15 -9999 711 709 709 700 700 700 691 698 711 739 770 810 829 840 849 840 810 770 750 730 720 720 711
12 16 -9999 711 709 709 700 700 698 691 691 711 739 770 801 824 840 842 840 810 770 748 730 720 716 711
12 17 -9999 700 700 700 700 691 691 691 691 700 730 770 801 820 840 840 840 810 770 748 730 720 716 709
12 18 -9999 700 700 698 700 691 691 689 691 700 730 770 801 820 838 840 829 810 770 739 730 720 711 709
12 19 -9999 700 700 698 700 691 691 689 689 700 730 759 801 810 829 829 829 806 770 739 730 716 711 709
12 20 -9999 700 700 691 700 691 691 689 689 700 730 759 801 810 829 829 829 806 770 739 730 711 711 700
12 21 -9999 700 700 691 691 689 691 689 691 700 730 759 790 810 824 829 824 801 759 739 729 711 711 700
12 22 -9999 698 691 680 680 680 691 689 691 700 730 759 790 810 824 829 829 806 770 739 720 711 711 700
12 23 -9999 698 691 680 680 680 691 689 689 700 730 759 790 810 824 829 829 806 759 739 720 711 711 700
12 24 -9999 691 691 680 680 680 691 689 680 700 730 759 790 810 824 829 829 810 759 739 720 711 709 700
12 25 -9999 691 691 680 680 680 689 680 680 700 730 759 790 810 824 829 829 810 759 739 720 711 700 700
12 26 -9999 691 691 680 680 680 680 680 680 700 730 759 790 810 824 840 829 810 770 739 720 711 711 700
12 27 -9999 698 691 691 689 680 691 691 691 700 730 759 790 810 829 840 840 810 770 739 720 711 709 700
12 28 -9999 698 698 691 691 680 691 691 691 700 730 759 790 810 824 840 840 810 770 739 720 711 711 700
12 29 -9999 698 698 691 691 680 689 680 691 700 720 759 788 810 820 829 829 806 759 739 720 711 700 698
12 30 -9999 698 691 691 691 680 680 680 680 700 720 759 788 810 820 829 829 806 759 734 720 711 700 691
12 31 -9999 691 691 691 691 680 680 680 680 700 720 752 788 810 820 829 829 801 759 734 720 711 700 698
