01 01 -9999 640 640 644 640 630 626 630 630 640 644 669 700 700 716 716 716 698 662 649 649 644 639 630
01 02 -9999 630 630 630 630 630 621 626 626 630 640 669 700 700 716 716 716 698 662 649 649 644 639 630
01 03 -9999 630 630 630 630 630 626 626 630 630 644 680 700 709 716 716 716 698 662 649 644 644 630 630
01 04 -9999 630 630 630 630 626 621 621 621 626 640 662 698 700 716 720 716 698 662 649 644 644 630 630
01 05 -9999 630 630 630 630 630 626 626 630 630 644 669 698 700 720 720 716 698 662 649 649 644 644 630
01 06 -9999 630 630 630 630 630 626 626 626 639 644 669 698 709 720 720 716 698 662 649 649 644 630 626
01 07 -9999 621 621 621 610 621 610 619 619 621 640 662 698 700 716 716 716 698 662 644 644 640 630 626
01 08 -9999 621 610 610 601 601 601 608 610 621 630 662 691 700 716 716 716 691 662 644 644 630 626 626
01 09 -9999 621 610 610 601 601 601 610 610 621 639 662 689 700 716 716 711 691 662 644 640 626 626 621
01 10 -9999 610 610 610 601 610 601 608 610 621 640 662 689 700 716 716 716 691 662 644 640 626 626 621
01 11 -9999 610 608 608 590 601 590 590 599 610 630 660 680 698 716 711 711 689 660 644 640 626 626 621
01 12 -9999 610 608 608 590 601 590 590 590 608 630 660 680 698 716 711 711 689 660 644 640 630 626 621
01 13 -9999 610 608 608 601 601 590 590 599 610 630 660 680 700 716 711 711 691 662 644 640 630 626 626
01 14 -9999 619 608 608 601 601 590 590 590 610 630 662 680 700 716 711 711 691 662 644 640 626 626 621
01 15 -9999 610 608 601 599 601 590 590 590 610 630 662 680 700 716 716 716 691 662 644 640 626 626 626
01 16 -9999 610 608 601 590 601 590 590 590 610 639 662 680 700 716 716 716 691 662 649 640 630 626 626
01 17 -9999 621 610 608 601 608 590 601 601 610 640 662 680 700 716 711 711 691 662 649 640 630 626 626
01 18 -9999 619 608 601 590 601 590 601 599 610 630 662 680 700 716 711 716 691 662 649 640 630 626 626
01 19 -9999 619 608 601 599 590 590 590 601 610 640 662 680 700 720 711 716 691 662 644 640 626 621 626
01 20 -9999 610 608 599 590 590 590 590 599 610 639 662 680 700 716 711 711 691 662 644 630 626 619 619
01 21 -9999 610 601 590 599 590 590 590 599 610 639 660 680 700 716 711 711 691 662 644 640 630 621 626
01 22 -9999 621 610 601 601 601 601 601 601 619 644 662 689 709 720 720 716 700 662 649 640 630 626 626
01 23 -9999 621 610 610 610 610 608 601 608 621 644 662 691 709 720 720 716 700 669 649 644 630 626 630
01 24 -9999 621 610 610 610 608 601 601 601 621 644 662 698 711 720 720 716 700 680 649 644 630 630 630
01 25 -9999 626 619 610 610 610 608 608 610 621 644 662 691 711 720 720 716 700 669 649 644 640 630 630
01 26 -9999 626 621 621 621 621 610 610 610 626 649 669 698 711 730 720 720 709 680 649 644 640 630 630
01 27 -9999 630 626 621 621 621 610 610 610 639 649 680 698 711 729 720 720 700 680 649 644 630 630 630
01 28 -9999 630 630 626 626 621 621 610 610 639 649 680 698 711 720 720 720 700 680 649 644 630 630 630
01 29 -9999 630 630 626 626 621 621 608 610 630 649 680 698 711 720 720 720 700 669 649 644 630 630 630
01 30 -9999 630 626 621 621 619 610 608 610 630 644 669 691 700 716 720 716 700 669 649 640 630 626 630
01 31 -9999 630 621 621 621 610 610 608 610 630 644 680 698 711 720 720 716 700 669 644 640 630 626 626
02 01 -9999 630 621 621 621 610 610 608 610 630 649 680 698 711 720 720 720 700 669 649 644 640 630 630
02 02 -9999 630 639 626 626 626 626 608 610 640 649 680 698 711 720 720 720 709 680 649 644 644 640 630
02 03 -9999 639 640 639 630 626 626 619 626 640 649 680 700 711 729 720 720 711 680 660 649 649 640 639
02 04 -9999 640 640 640 630 630 626 619 626 640 649 680 700 716 729 720 720 711 680 658 649 644 640 630
02 05 -9999 644 640 640 630 630 626 610 621 640 649 680 700 716 729 720 720 711 680 649 644 640 640 630
02 06 -9999 640 640 630 630 630 626 610 610 630 649 680 700 711 720 720 720 711 680 649 644 640 640 630
02 07 -9999 640 640 630 630 630 621 610 621 639 649 680 711 716 730 730 720 711 680 658 644 644 640 630
02 08 -9999 644 640 640 630 630 626 621 630 640 658 680 716 720 730 734 730 716 691 669 660 644 644 644
02 09 -9999 644 644 640 639 630 626 626 630 640 660 689 716 720 730 734 730 720 691 669 660 649 644 644
02 10 -9999 644 644 639 630 630 626 621 630 640 658 680 716 720 730 734 730 720 691 669 662 649 644 644
02 11 -9999 644 640 630 630 630 626 621 626 640 660 680 716 720 730 739 739 720 691 680 662 649 644 644
02 12 -9999 644 640 630 630 630 621 621 626 640 660 689 716 730 734 739 739 720 691 680 669 649 649 644
02 13 -9999 644 640 630 630 630 621 621 630 640 669 691 716 730 734 739 739 729 698 680 669 660 649 649
02 14 -9999 649 644 640 630 630 626 626 630 644 669 698 720 734 739 752 750 734 700 680 669 660 658 649
02 15 -9999 649 644 640 639 630 630 626 639 644 669 698 720 739 739 752 752 734 711 680 669 660 649 649
02 16 -9999 649 644 640 639 630 630 630 639 644 669 700 729 739 739 752 752 734 711 680 669 660 649 649
02 17 -9999 649 640 640 630 630 630 630 639 644 669 700 729 739 748 752 752 739 711 680 669 660 658 649
02 18 -9999 649 640 630 630 630 626 626 630 644 669 700 729 739 750 752 752 739 711 680 669 660 658 649
02 19 -9999 649 640 630 630 630 626 626 630 644 680 700 730 748 752 759 759 739 711 680 669 662 660 649
02 20 -9999 649 640 640 630 630 630 630 639 649 680 700 730 750 752 759 759 750 716 691 680 662 660 658
02 21 -9999 649 644 640 630 630 630 630 639 649 680 700 730 750 752 759 759 750 716 691 680 662 660 658
02 22 -9999 649 644 639 630 630 630 630 639 649 680 700 730 750 759 770 770 750 716 691 680 662 660 649
02 23 -9999 644 640 630 630 630 626 626 639 644 680 700 730 750 759 770 759 750 716 691 669 660 658 649
02 24 -9999 639 639 626 621 626 626 621 630 644 680 700 730 750 759 770 759 750 716 691 669 660 658 649
02 25 -9999 640 640 630 626 630 630 630 639 649 680 700 734 750 759 770 759 750 716 691 680 662 649 649
02 26 -9999 630 630 626 626 630 626 626 639 649 680 700 734 750 759 770 759 750 716 691 680 662 660 649
02 27 -9999 639 639 630 630 630 630 630 640 649 680 711 734 752 759 770 759 750 716 691 680 669 660 658
02 28 -9999 640 640 630 630 630 630 630 640 649 689 711 734 752 759 770 759 750 720 691 680 669 660 649
03 01 -9999 640 639 630 630 630 630 630 644 649 689 711 734 752 759 770 770 750 720 698 680 669 662 658
03 02 -9999 644 640 639 630 630 630 639 649 660 691 716 739 752 770 770 770 752 730 700 680 669 662 660
03 03 -9999 649 644 640 640 640 639 640 649 662 691 716 739 759 770 781 770 759 730 700 691 669 662 662
03 04 -9999 660 649 658 644 644 640 640 649 669 698 716 739 759 770 781 770 770 730 700 691 680 662 662
03 05 -9999 660 660 660 658 649 644 644 660 669 698 720 748 759 770 781 779 770 734 700 691 680 669 662
03 06 -9999 660 660 660 660 658 644 644 660 669 700 720 750 759 779 781 781 770 734 700 691 680 669 662
03 07 -9999 660 660 660 660 660 649 649 660 680 700 720 750 770 781 788 781 770 734 711 691 680 669 662
03 08 -9999 662 660 662 660 660 660 658 662 680 700 730 750 770 781 788 781 770 739 711 698 680 669 662
03 09 -9999 662 660 662 660 660 660 658 662 680 700 730 750 770 788 788 788 770 739 711 698 689 680 669
03 10 -9999 669 662 662 662 660 660 660 669 691 700 734 752 770 788 790 788 770 739 716 698 691 680 680
03 11 -9999 680 669 669 669 669 660 660 669 691 711 734 759 770 790 790 790 770 750 716 700 691 680 680
03 12 -9999 680 669 669 669 669 660 660 669 691 711 739 759 770 790 799 790 781 750 720 700 691 680 680
03 13 -9999 680 680 669 669 669 662 660 669 691 711 739 759 770 790 801 790 781 752 720 700 691 680 680
03 14 -9999 680 680 669 669 669 660 660 669 691 711 739 759 779 790 790 790 781 750 720 700 691 680 680
03 15 -9999 680 680 669 669 669 662 660 669 691 720 739 759 779 790 801 790 781 752 720 700 691 680 680
03 16 -9999 680 669 669 669 669 662 660 669 691 720 739 759 781 790 801 801 781 752 720 700 691 680 669
03 17 -9999 669 669 669 660 660 660 660 669 691 720 739 759 781 790 801 801 781 752 720 700 691 680 669
03 18 -9999 669 662 669 660 660 660 660 669 691 720 739 759 781 790 801 801 781 759 720 700 698 680 680
03 19 -9999 669 669 662 660 660 660 660 669 691 720 739 759 781 790 801 801 781 759 720 700 698 680 680
03 20 -9999 669 669 669 662 660 660 660 669 691 720 739 770 781 790 801 801 788 759 720 709 700 691 680
03 21 -9999 680 669 669 669 662 660 660 669 698 720 748 770 788 799 801 801 788 759 730 711 700 691 680
03 22 -9999 680 680 669 669 669 662 662 680 698 720 750 770 788 801 801 801 788 759 730 716 700 691 691
03 23 -9999 680 680 680 680 669 662 669 680 700 730 752 770 788 801 801 801 788 759 730 716 700 691 691
03 24 -9999 680 680 680 680 669 662 669 680 700 730 752 770 788 801 806 801 788 759 730 716 711 698 691
03 25 -9999 680 680 680 680 669 662 669 680 700 730 752 770 788 799 801 801 788 759 730 716 709 698 691
03 26 -9999 680 680 680 680 669 662 669 680 700 730 752 770 788 801 801 801 788 759 734 716 709 698 691
03 27 -9999 689 680 680 680 680 669 680 689 711 734 759 781 790 801 806 801 788 759 734 720 711 700 691
03 28 -9999 691 691 680 680 680 680 680 698 711 734 759 781 790 801 806 801 788 770 734 720 711 700 698
03 29 -9999 691 691 691 680 680 680 680 698 716 734 759 781 790 801 806 806 788 770 734 720 711 700 698
03 30 -9999 691 691 691 691 680 680 691 700 720 739 770 788 801 806 806 801 788 770 734 720 711 700 700
03 31 -9999 698 691 691 691 691 680 691 700 720 750 770 788 801 806 806 806 790 770 734 720 716 711 700
04 01 -9999 700 698 691 691 691 691 691 700 720 750 770 788 801 810 810 806 790 770 739 720 716 711 700
04 02 -9999 700 698 698 698 691 691 698 711 730 750 770 790 806 810 810 810 801 770 739 720 716 711 700
04 03 -9999 700 700 698 698 698 698 698 711 730 752 770 790 806 810 820 810 801 770 739 730 716 711 700
04 04 700 711 700 700 698 698 698 698 711 730 752 770 790 806 810 820 810 801 781 739 730 716 711 700
04 05 700 700 700 698 698 698 698 698 711 730 752 770 790 806 810 820 810 801 781 739 730 716 711 700
04 06 700 700 700 698 698 698 698 698 711 730 752 770 799 810 820 820 810 801 781 739 730 716 711 700
04 07 700 700 700 698 698 698 698 698 711 730 759 781 801 810 820 820 810 801 781 739 730 716 711 700
04 08 700 709 700 698 698 698 698 698 711 730 759 781 801 810 820 820 820 806 781 739 730 716 711 700
04 09 700 709 700 698 700 698 698 698 716 734 759 781 806 820 824 824 820 806 788 750 730 716 711 700
04 10 700 700 700 698 698 698 698 698 716 734 759 788 806 820 824 824 824 806 788 750 730 720 711 700
04 11 700 700 700 698 698 698 698 698 716 734 770 788 806 824 824 824 824 810 788 752 734 720 711 700
04 12 700 700 700 698 698 698 698 700 716 739 770 790 806 824 829 829 824 810 788 752 734 720 711 709
04 13 700 700 700 698 698 698 698 700 720 739 770 790 810 824 829 829 829 820 790 759 734 720 716 711
04 14 700 711 700 700 700 698 698 700 720 748 770 790 810 824 829 829 829 820 790 759 739 730 716 716
04 15 711 711 700 700 700 700 700 709 720 748 770 790 810 829 840 840 829 824 790 759 739 734 720 716
04 16 716 711 700 700 700 700 700 711 720 750 770 799 810 829 840 840 840 824 801 770 750 734 729 716
04 17 716 711 711 700 700 700 700 711 729 750 779 801 820 829 842 842 840 824 806 770 750 734 729 716
04 18 716 711 711 700 700 709 700 716 730 750 781 801 820 829 842 842 840 829 806 770 750 734 730 716
04 19 716 711 711 700 709 711 700 716 730 750 781 801 820 829 842 842 842 829 810 770 750 739 730 720
04 20 716 716 711 711 711 711 700 716 730 752 781 806 824 838 842 842 842 829 810 770 750 739 730 720
04 21 716 716 711 711 711 711 711 716 734 752 788 806 824 840 842 849 842 829 810 770 750 739 730 720
04 22 -9999 716 711 711 711 711 711 716 734 759 790 810 829 842 849 849 849 840 810 779 752 739 730 729
04 23 -9999 720 716 711 711 716 711 716 734 759 790 810 829 849 860 860 849 840 820 781 752 739 734 730
04 24 -9999 720 716 716 716 716 711 720 739 759 790 820 829 849 860 860 849 840 820 781 759 748 734 730
04 25 -9999 720 720 720 720 716 716 720 739 770 790 820 838 849 860 860 849 840 820 781 759 750 739 730
04 26 -9999 729 720 720 720 720 720 720 739 770 790 820 840 849 860 860 849 840 820 781 759 750 739 730
04 27 -9999 729 720 720 720 720 720 720 739 770 790 820 829 849 860 860 849 840 820 781 759 750 739 734
04 28 -9999 730 720 720 720 720 720 720 739 770 790 820 840 849 860 860 849 842 820 788 759 750 739 734
04 29 -9999 730 729 720 720 720 720 730 748 770 801 820 840 849 860 860 860 842 820 788 759 752 739 739
04 30 -9999 730 730 729 720 720 720 734 750 770 801 824 842 860 860 860 860 842 824 788 759 752 750 739
05 01 -9999 734 730 730 729 730 720 734 750 779 806 824 842 860 860 860 860 849 824 790 770 752 750 739
05 02 -9999 734 730 730 730 730 729 739 752 781 806 829 849 860 869 869 860 860 824 790 770 752 750 739
05 03 -9999 734 734 730 730 730 729 739 752 781 810 829 849 860 869 871 860 860 829 799 770 759 750 739
05 04 -9999 739 734 730 730 730 729 739 752 788 810 829 849 860 871 871 860 860 829 799 770 759 750 739
05 05 -9999 739 734 730 730 734 730 739 759 788 810 829 860 860 871 878 871 860 840 801 770 759 750 748
05 06 -9999 739 734 730 730 734 730 739 759 790 819 840 860 860 871 878 871 860 840 801 781 759 750 750
05 07 -9999 739 734 734 734 734 730 739 759 790 820 840 860 869 878 878 871 860 840 801 781 770 752 750
05 08 -9999 739 739 734 734 734 734 739 770 790 820 840 860 871 878 878 871 860 840 806 781 770 752 750
05 09 -9999 739 739 734 734 734 734 739 770 790 820 842 860 871 880 880 878 860 842 806 781 770 752 750
05 10 -9999 739 739 739 739 734 734 748 770 790 820 842 860 871 880 880 878 860 842 806 781 770 752 750
05 11 -9999 739 739 739 739 734 734 748 770 790 820 842 860 871 880 880 878 860 842 806 781 770 752 750
05 12 -9999 739 739 739 739 734 734 748 770 790 824 842 860 871 880 880 878 860 842 810 788 770 752 750
05 13 -9999 739 739 739 739 734 734 748 770 801 824 849 860 878 880 880 878 860 842 810 788 770 759 750
05 14 -9999 739 739 739 739 734 734 748 770 801 824 849 860 878 880 880 878 869 849 810 788 770 759 752
05 15 -9999 739 739 739 739 734 734 748 770 801 824 849 860 878 880 880 880 871 849 810 788 770 759 752
05 16 -9999 739 739 739 739 734 734 750 770 801 829 849 860 878 889 891 880 878 849 820 788 770 759 752
05 17 -9999 748 739 739 739 734 734 750 770 801 829 849 869 878 889 891 880 878 860 824 790 770 770 752
05 18 -9999 750 739 739 739 734 734 750 770 806 829 849 871 880 891 891 891 880 860 824 790 781 770 752
05 19 -9999 750 739 739 739 734 734 752 779 806 829 860 871 880 891 896 891 880 860 829 799 781 770 759
05 20 -9999 750 748 739 748 739 739 752 781 810 840 860 878 889 896 896 896 880 860 829 801 788 770 759
05 21 -9999 750 748 748 739 739 739 752 781 810 840 860 880 891 900 900 896 880 860 829 801 788 770 759
05 22 -9999 750 750 750 748 739 739 752 788 819 842 860 880 891 900 900 900 880 869 829 801 790 770 759
05 23 -9999 752 750 750 748 739 739 752 788 820 842 860 880 891 900 909 900 891 871 829 806 790 770 759
05 24 -9999 752 750 750 750 739 739 759 790 820 849 860 880 896 909 910 909 891 871 838 810 790 781 770
05 25 -9999 752 750 750 748 739 739 759 790 824 849 869 880 896 910 914 910 896 878 840 810 790 781 770
05 26 -9999 752 750 750 748 739 739 759 801 824 849 871 891 900 910 914 910 896 878 842 810 790 781 770
05 27 -9999 752 752 750 750 739 750 770 801 829 849 871 891 900 910 914 914 900 880 842 810 801 781 770
05 28 -9999 752 752 750 750 750 750 770 801 829 849 871 896 900 910 919 914 900 880 849 820 801 788 770
05 29 -9999 759 752 750 750 750 750 770 806 829 860 878 896 900 914 919 914 900 880 849 820 801 788 770
05 30 -9999 759 759 752 750 750 752 770 806 840 860 878 900 909 914 919 914 900 880 849 820 801 790 781
05 31 -9999 759 759 752 752 750 752 770 806 840 860 878 900 910 919 919 914 900 880 849 820 801 790 781
06 01 -9999 759 759 752 752 750 752 770 810 840 860 880 900 910 919 919 914 909 880 849 820 801 790 781
06 02 -9999 770 759 752 752 750 752 779 810 840 860 880 900 910 919 919 919 910 880 849 820 806 790 781
06 03 -9999 770 759 759 759 752 759 781 810 840 869 880 900 910 919 919 919 910 891 849 824 806 790 781
06 04 -9999 770 759 759 759 752 759 781 810 840 869 891 900 914 919 919 919 910 891 860 824 806 790 781
06 05 -9999 770 759 759 759 752 759 781 820 842 871 891 900 914 919 930 919 910 891 860 824 810 799 788
06 06 -9999 770 770 759 759 759 759 781 820 842 871 891 900 914 919 930 919 914 891 860 829 810 799 788
06 07 -9999 770 770 759 759 759 759 788 820 842 871 891 900 914 919 930 919 914 896 860 829 810 801 788
06 08 -9999 770 770 759 759 759 759 788 820 842 871 891 900 919 930 930 919 914 896 860 829 810 801 788
06 09 -9999 770 770 759 759 759 759 788 820 849 871 891 910 919 930 930 919 914 896 860 829 810 801 788
06 10 -9999 770 770 759 759 759 759 788 820 849 871 896 910 919 930 930 919 914 896 860 829 810 801 788
06 11 -9999 770 770 759 759 759 759 788 820 849 878 896 910 919 930 930 919 919 900 860 829 810 801 790
06 12 -9999 781 770 770 770 759 770 790 820 849 878 896 910 919 930 932 930 919 900 871 829 810 801 790
06 13 -9999 781 770 770 770 759 770 790 820 849 878 900 910 919 932 932 930 919 900 871 829 810 801 790
06 14 -9999 781 770 770 770 759 770 790 824 849 880 900 914 930 939 939 930 919 900 871 829 820 806 790
06 15 -9999 781 770 770 770 770 770 790 824 849 880 900 914 930 939 939 932 919 900 871 840 820 806 790
06 16 -9999 781 770 770 770 770 770 790 824 849 880 900 914 930 939 939 932 919 900 878 840 820 806 801
06 17 -9999 781 770 770 770 759 770 790 824 849 880 900 919 930 939 939 932 919 910 878 840 820 806 801
06 18 -9999 781 770 770 770 759 770 790 824 860 880 900 919 930 939 939 932 919 910 878 842 820 806 801
06 19 -9999 781 770 770 770 759 770 790 824 860 880 900 919 932 939 939 932 930 910 878 840 820 806 801
06 20 788 781 770 770 770 759 770 790 824 849 880 900 919 932 939 939 939 930 910 878 840 820 806 801
06 21 788 781 770 770 770 759 770 801 829 860 880 900 919 932 939 939 939 930 910 878 840 820 806 801
06 22 -9999 781 770 770 770 770 770 801 829 860 880 900 919 932 939 939 939 930 910 878 842 820 806 801
06 23 -9999 781 770 770 770 770 770 801 829 860 880 900 919 932 939 939 939 930 910 878 842 824 810 801
06 24 -9999 781 779 770 770 770 770 799 829 860 880 900 919 932 939 950 939 930 910 878 842 824 810 801
06 25 -9999 788 781 770 770 770 770 801 829 860 880 900 919 932 950 950 939 930 910 880 842 824 810 801
06 26 -9999 788 781 770 770 770 770 801 829 860 880 900 919 939 950 950 939 930 910 878 842 824 810 801
06 27 -9999 788 781 770 770 770 770 790 829 860 880 900 919 939 950 950 939 930 910 880 842 824 810 801
06 28 -9999 788 781 770 770 770 770 790 829 860 880 900 919 932 950 950 939 930 910 880 842 824 810 801
06 29 -9999 788 781 770 770 770 770 790 829 860 880 900 919 932 939 950 939 930 910 878 842 824 810 801
06 30 -9999 781 781 770 770 770 770 790 829 860 880 900 919 932 939 950 939 930 914 880 842 824 810 801
07 01 -9999 781 781 770 770 770 770 790 829 860 880 900 919 932 939 950 939 930 914 878 842 824 810 801
07 02 -9999 788 781 770 770 770 770 799 829 860 880 909 919 939 939 950 950 932 914 880 842 824 810 801
07 03 -9999 788 781 781 770 770 770 799 829 860 880 910 928 939 950 950 950 932 914 880 842 829 810 801
07 04 -9999 790 781 781 770 770 770 801 829 860 880 910 930 939 950 950 950 932 914 880 849 829 810 806
07 05 -9999 790 788 781 770 770 770 801 829 860 889 914 930 939 950 950 950 932 914 880 849 829 820 810
07 06 -9999 790 788 781 770 770 770 801 829 860 891 910 932 939 950 950 950 939 919 880 849 829 820 810
07 07 -9999 790 788 781 770 770 770 801 829 860 891 910 930 939 950 950 950 939 919 891 849 829 820 810
07 08 -9999 790 788 781 770 770 770 801 829 860 891 914 932 939 950 950 950 939 919 891 860 829 820 810
07 09 -9999 790 788 781 779 770 770 801 829 860 891 914 932 939 950 950 950 939 919 891 860 829 820 810
07 10 -9999 790 788 781 781 770 770 801 829 860 891 914 932 939 950 959 950 939 919 891 860 829 820 810
07 11 -9999 790 788 781 781 770 770 801 829 860 891 914 932 939 950 950 950 939 919 891 860 838 820 810
07 12 -9999 790 788 781 779 770 770 801 829 860 891 914 930 939 950 950 950 939 919 891 860 840 820 810
07 13 -9999 790 790 781 781 770 770 801 829 860 891 914 932 939 950 959 950 939 919 891 860 840 820 810
07 14 -9999 801 790 781 781 770 770 801 829 860 891 914 932 939 950 959 950 939 919 896 860 840 824 820
07 15 -9999 801 790 788 781 770 770 801 829 860 896 914 932 939 950 961 950 939 928 896 860 840 824 810
07 16 -9999 801 790 788 781 770 770 801 829 860 891 914 932 939 950 959 950 939 919 896 860 840 824 810
07 17 -9999 801 790 788 781 770 770 801 829 860 891 914 932 939 950 961 950 939 919 896 860 840 824 810
07 18 -9999 801 790 788 781 770 770 801 829 860 891 914 932 939 950 959 950 939 919 896 860 840 824 810
07 19 -9999 801 790 788 781 770 781 801 829 860 896 914 930 939 950 959 950 939 930 896 860 840 824 810
07 20 -9999 801 790 788 781 770 770 801 829 860 896 914 930 939 950 959 950 939 930 896 860 840 824 810
07 21 -9999 801 790 788 781 770 779 801 829 860 896 914 932 939 950 961 950 939 930 896 860 840 824 810
07 22 -9999 801 790 788 781 770 779 801 829 860 896 914 932 950 950 961 950 939 930 896 860 840 824 810
07 23 -9999 801 790 788 781 770 779 801 838 860 896 914 932 939 950 961 950 939 919 896 860 840 824 810
07 24 -9999 801 790 788 781 770 770 801 829 860 896 914 932 950 950 961 950 939 919 896 860 840 824 810
07 25 -9999 801 790 788 781 779 770 801 829 860 896 914 932 950 950 961 950 939 930 896 860 840 824 810
07 26 -9999 801 790 788 781 781 779 801 838 860 896 914 932 950 959 961 950 939 930 896 860 840 824 820
07 27 -9999 801 790 790 781 781 779 801 838 860 896 914 932 950 961 961 959 939 930 896 860 840 824 820
07 28 -9999 801 790 790 781 781 779 801 840 860 896 914 932 950 961 961 959 939 930 896 860 840 824 820
07 29 -9999 801 790 790 781 781 781 801 838 869 896 914 939 950 961 961 959 950 930 896 860 840 824 820
07 30 -9999 801 790 790 781 781 781 801 838 869 896 914 939 950 961 961 961 950 930 896 860 840 824 820
07 31 -9999 801 790 790 781 781 781 801 829 869 896 914 939 950 961 961 961 950 930 900 860 840 824 820
08 01 -9999 801 790 790 781 781 781 801 829 869 896 914 939 950 961 961 961 950 930 896 860 840 824 820
08 02 -9999 801 790 790 788 781 781 801 829 860 896 914 939 950 961 968 961 950 930 896 860 840 824 820
08 03 -9999 801 790 790 781 781 781 801 829 869 896 919 939 950 968 968 961 950 930 896 860 840 824 820
08 04 -9999 801 790 790 788 781 781 801 829 869 896 919 939 950 968 968 961 950 930 896 860 840 829 820
08 05 -9999 801 790 790 788 781 781 801 829 869 896 914 939 950 961 968 961 950 930 896 860 840 824 820
08 06 -9999 801 790 790 788 781 781 801 829 869 896 914 939 950 961 961 961 950 930 891 860 840 824 820
08 07 -9999 801 790 790 788 781 781 801 829 860 896 914 932 950 961 961 961 950 930 891 860 840 824 820
08 08 -9999 801 799 790 788 781 781 801 829 869 896 914 939 950 961 961 961 950 919 891 860 840 824 820
08 09 -9999 801 801 790 788 781 781 801 829 860 896 914 932 950 959 961 959 939 919 891 849 840 824 810
08 10 -9999 801 790 790 781 781 781 799 829 860 896 914 932 950 950 961 950 939 919 891 849 840 824 810
08 11 -9999 801 790 790 788 781 781 799 829 860 896 914 932 950 961 961 961 950 919 891 849 840 824 810
08 12 -9999 801 790 790 788 781 781 799 829 860 896 919 932 950 961 961 961 950 919 891 849 840 824 819
08 13 -9999 801 790 790 788 781 781 799 829 860 896 919 932 950 961 961 961 950 919 889 849 840 824 810
08 14 -9999 801 790 790 788 781 781 790 829 860 896 919 932 950 961 961 961 950 919 880 849 840 824 819
08 15 -9999 801 799 790 788 781 781 799 829 860 891 919 932 950 961 961 961 950 919 880 849 840 824 819
08 16 -9999 801 801 790 788 781 781 790 829 860 891 919 932 950 961 961 961 950 919 880 849 840 824 810
08 17 -9999 801 799 790 788 781 781 790 829 860 891 919 932 950 961 961 961 950 919 880 849 840 824 810
08 18 -9999 801 790 790 788 781 779 790 829 860 891 914 932 950 961 961 961 950 919 880 849 840 824 810
08 19 -9999 801 790 790 788 781 770 790 829 860 891 919 932 950 961 961 961 950 919 880 849 838 824 810
08 20 -9999 801 790 790 788 781 770 790 829 869 896 919 932 950 961 961 961 950 919 880 849 838 824 810
08 21 -9999 801 790 790 788 781 770 790 829 869 896 919 932 950 961 961 961 950 919 880 849 840 824 810
08 22 -9999 801 790 790 781 781 770 790 829 869 896 919 939 950 961 961 961 950 919 880 842 829 824 810
08 23 -9999 801 790 790 788 781 770 790 829 869 896 919 932 950 961 961 961 950 919 880 842 829 824 810
08 24 -9999 801 790 790 781 781 770 790 829 869 896 919 939 950 961 961 961 950 919 880 849 829 824 810
08 25 -9999 801 790 790 781 781 770 790 829 869 896 919 939 950 961 961 961 950 919 880 842 829 824 810
08 26 -9999 801 790 790 781 781 770 790 829 869 896 919 939 950 961 961 961 950 919 880 842 829 820 810
08 27 -9999 801 790 790 781 781 770 790 829 869 896 919 932 950 961 961 961 950 919 878 842 829 820 810
08 28 -9999 790 790 788 781 781 770 790 829 860 896 919 932 950 959 959 950 950 919 871 842 829 820 810
08 29 -9999 790 790 790 781 781 770 790 829 860 896 919 932 950 959 959 950 950 914 871 842 829 820 810
08 30 -9999 790 790 788 781 770 770 790 824 860 896 919 932 950 950 959 950 950 910 871 842 824 810 806
08 31 -9999 790 788 788 781 770 770 788 824 860 896 919 932 950 950 959 950 950 910 871 842 824 810 806
09 01 -9999 790 781 781 770 770 770 788 824 860 896 919 932 950 950 950 950 939 910 860 840 824 810 806
09 02 -9999 790 781 781 770 770 770 788 820 860 891 919 930 950 950 950 950 939 900 860 840 820 810 801
09 03 -9999 788 781 781 770 770 770 781 820 860 891 914 930 950 950 950 939 930 900 860 840 820 806 801
09 04 -9999 788 781 781 770 770 759 781 810 849 880 900 930 939 950 950 939 930 896 860 838 820 806 801
09 05 -9999 781 781 770 770 770 759 781 810 849 880 900 919 932 950 939 932 919 891 849 829 819 801 801
09 06 -9999 781 770 770 770 759 759 781 810 849 880 900 919 932 939 939 930 919 889 842 820 810 801 790
09 07 -9999 781 770 770 770 759 759 770 806 842 878 900 919 930 939 939 930 919 889 842 820 810 801 790
09 08 -9999 781 770 770 770 759 759 770 806 840 871 896 914 919 932 932 930 914 880 842 820 810 799 790
09 09 -9999 779 770 770 759 759 759 770 806 840 871 891 910 919 932 932 928 914 880 840 820 810 790 788
09 10 -9999 770 770 770 759 759 759 770 801 840 871 891 910 919 932 932 919 914 880 840 820 806 790 781
09 11 -9999 770 770 770 759 752 759 770 801 840 871 891 910 919 932 930 919 910 880 840 820 806 790 781
09 12 -9999 770 770 770 759 759 759 759 801 840 869 891 910 919 930 930 919 910 880 840 820 801 790 781
09 13 -9999 770 770 759 759 752 752 759 801 840 869 891 910 919 930 930 919 910 878 840 819 801 790 781
09 14 -9999 770 770 759 759 752 750 759 801 840 860 891 910 919 930 930 919 910 878 838 819 801 790 781
09 15 -9999 770 770 759 759 752 752 759 801 840 860 889 910 919 930 930 919 910 878 838 819 801 790 781
09 16 -9999 770 770 759 759 752 750 759 801 840 860 889 910 919 930 930 919 910 878 838 819 801 790 781
09 17 -9999 770 770 759 759 752 750 759 801 840 860 889 910 919 930 932 928 910 878 838 819 801 790 781
09 18 -9999 770 770 759 759 752 750 759 801 838 860 889 910 919 930 930 919 910 878 829 810 801 790 781
09 19 -9999 770 759 759 752 752 750 759 801 829 860 880 910 919 930 930 919 909 878 829 810 801 788 781
09 20 -9999 770 759 759 752 752 750 759 799 829 860 880 910 919 930 928 919 900 871 829 806 799 788 779
09 21 -9999 759 759 759 750 750 750 759 790 829 860 880 909 919 930 919 919 900 869 829 806 799 788 770
09 22 -9999 759 759 752 750 750 748 752 790 829 860 880 900 919 928 919 914 896 860 824 806 790 788 770
09 23 -9999 759 752 752 750 748 748 752 790 829 860 880 900 914 919 914 910 896 849 820 806 788 781 770
09 24 -9999 759 752 750 748 739 739 750 788 829 860 880 900 914 919 914 910 889 849 819 801 788 781 770
09 25 -9999 752 752 750 739 739 739 750 788 824 849 878 896 909 914 910 900 880 842 810 799 788 770 770
09 26 -9999 752 750 750 739 739 739 750 781 824 849 878 891 900 910 910 900 880 842 806 790 781 770 770
09 27 -9999 752 750 750 739 739 739 750 781 820 849 871 891 900 909 900 900 880 840 806 790 781 770 759
09 28 -9999 752 750 750 739 739 739 750 779 810 842 871 880 900 900 900 896 880 840 801 790 781 770 759
09 29 -9999 752 750 750 739 739 739 750 779 810 840 860 880 896 900 900 896 878 829 801 788 781 770 759
09 30 -9999 750 750 739 739 739 739 739 770 810 840 860 880 891 900 900 891 878 829 801 781 770 759 759
10 01 -9999 750 739 739 739 734 734 739 770 806 840 860 878 891 896 900 891 871 829 790 781 770 759 759
10 02 -9999 750 739 739 734 734 734 739 759 806 840 860 878 891 896 896 891 871 829 790 781 770 759 759
10 03 -9999 750 739 739 734 734 734 734 759 801 829 860 871 880 891 896 891 871 824 790 781 770 759 752
10 04 -9999 750 739 739 734 734 734 734 759 801 829 860 871 880 891 891 891 869 824 790 770 770 759 752
10 05 -9999 750 739 734 734 730 730 734 759 801 829 849 871 880 891 891 880 860 824 790 770 770 759 752
10 06 -9999 748 739 734 734 730 730 734 759 790 829 849 871 880 891 889 880 860 820 788 770 759 759 750
10 07 -9999 739 739 734 734 730 730 730 759 790 824 849 871 878 880 880 880 860 820 788 770 759 759 750
10 08 -9999 739 739 734 730 730 730 730 752 790 824 842 860 878 880 880 878 849 820 788 770 759 759 750
10 09 -9999 739 734 734 730 730 730 730 752 788 820 842 860 871 880 880 871 849 810 781 770 759 750 750
10 10 -9999 739 734 730 730 730 730 730 750 788 819 840 860 871 878 878 871 849 810 781 770 759 750 739
10 11 -9999 739 734 730 730 730 730 730 750 781 810 838 860 860 871 871 860 842 801 779 770 759 750 739
10 12 -9999 734 734 730 734 730 730 730 739 770 810 829 849 860 860 860 849 829 790 770 759 752 739 739
10 13 -9999 730 730 730 730 730 730 730 739 770 806 824 842 849 860 860 849 829 790 770 752 750 739 734
10 14 -9999 730 730 729 730 730 730 730 739 770 801 820 840 849 860 849 849 824 788 759 752 739 739 730
10 15 -9999 729 729 720 720 720 720 720 734 770 790 820 840 842 849 849 842 824 781 759 750 739 734 730
10 16 -9999 720 720 720 720 720 720 720 734 759 790 810 829 842 849 849 842 820 781 759 750 739 734 730
10 17 -9999 720 720 720 720 720 720 720 734 759 790 810 829 842 849 849 842 820 781 759 750 734 734 729
10 18 -9999 720 720 720 720 720 720 720 734 759 790 810 829 842 849 849 842 820 781 759 750 739 734 729
10 19 -9999 720 720 720 720 720 720 720 734 759 790 810 829 842 849 849 842 820 781 759 750 739 734 730
10 20 -9999 720 720 720 720 720 720 720 734 759 790 810 829 842 849 849 840 820 770 752 750 739 734 720
10 21 -9999 720 720 720 720 720 720 720 734 759 788 810 829 842 849 849 840 819 770 752 748 739 734 720
10 22 -9999 720 720 720 720 720 720 720 734 759 788 810 829 840 842 842 840 810 770 752 750 739 734 720
10 23 -9999 720 720 720 720 720 720 720 730 759 788 806 824 840 842 842 840 810 770 752 739 734 734 720
10 24 -9999 720 720 720 716 720 716 716 730 752 781 806 824 840 842 842 829 806 770 752 739 734 730 720
10 25 -9999 720 720 716 711 716 716 716 729 750 781 806 824 838 842 842 829 806 770 750 734 730 720 720
10 26 -9999 711 711 711 711 711 711 711 720 750 770 801 819 829 840 838 824 801 759 750 734 729 720 711
10 27 -9999 709 711 711 711 711 711 711 720 739 770 799 819 829 838 829 824 799 759 750 734 720 716 711
10 28 -9999 700 700 700 700 700 700 700 716 739 770 790 810 824 829 829 824 790 752 739 730 720 716 700
10 29 -9999 700 700 700 700 698 698 698 716 734 770 790 806 824 829 824 824 790 752 739 730 716 700 698
10 30 -9999 698 698 698 698 698 698 698 711 734 770 788 806 824 824 824 820 788 752 739 729 716 700 698
10 31 -9999 700 698 700 698 698 698 698 711 734 770 788 806 824 824 824 810 788 752 739 729 716 700 700
11 01 -9999 700 698 700 698 698 698 698 711 734 770 788 806 819 824 824 810 781 750 734 720 711 700 698
11 02 -9999 700 698 700 698 698 691 698 700 729 759 788 806 810 820 820 806 781 748 734 720 711 700 700
11 03 -9999 700 700 700 698 698 691 698 700 729 759 781 801 810 820 810 806 770 739 730 720 711 700 698
11 04 -9999 698 698 698 691 691 680 698 698 716 752 781 801 806 810 806 801 770 739 720 716 711 700 698
11 05 -9999 680 691 691 691 689 680 691 698 716 752 781 799 806 806 806 801 770 734 720 716 700 700 691
11 06 -9999 680 680 680 680 680 680 680 691 716 750 770 790 801 806 801 790 770 730 720 711 700 698 691
11 07 -9999 680 680 680 680 680 680 691 691 716 739 770 790 801 806 801 790 770 730 720 711 700 700 691
11 08 -9999 689 691 680 691 691 680 691 691 711 748 770 790 799 801 801 790 759 730 720 711 700 700 691
11 09 -9999 680 680 680 680 680 669 680 689 711 739 770 781 790 801 790 788 759 730 716 711 700 691 691
11 10 -9999 680 680 680 680 680 669 680 689 700 734 770 781 790 790 790 781 752 730 711 711 700 691 691
11 11 -9999 680 680 680 680 680 669 680 691 700 734 759 779 788 790 790 781 750 730 720 711 700 698 691
11 12 -9999 691 691 691 680 691 680 691 691 700 730 752 770 781 790 790 781 750 720 720 711 700 691 691
11 13 -9999 691 691 691 680 691 680 680 691 700 730 752 770 781 790 790 781 750 720 711 700 700 691 691
11 14 -9999 691 691 691 691 691 680 691 691 700 730 752 770 781 788 788 781 750 720 711 700 691 691 691
11 15 -9999 680 680 680 680 680 680 680 691 700 730 750 770 781 788 788 770 750 720 711 700 691 691 691
11 16 -9999 689 680 680 680 680 680 680 691 700 730 750 770 781 781 781 770 750 720 709 700 691 691 680
11 17 -9999 680 680 680 680 680 669 680 691 700 720 739 759 770 781 781 770 739 711 700 691 689 680 680
11 18 -9999 680 680 680 669 669 669 669 680 698 716 739 752 770 770 781 770 739 711 700 691 691 680 680
11 19 -9999 680 680 680 680 669 669 680 680 700 720 739 752 770 770 781 770 739 716 700 691 691 691 689
11 20 -9999 691 691 680 680 680 680 680 691 700 720 739 752 770 770 770 770 739 716 700 698 691 691 689
11 21 -9999 691 691 680 680 680 669 680 691 700 720 739 752 770 770 770 759 734 711 700 691 691 680 680
11 22 -9999 689 680 680 669 669 669 669 680 691 716 734 750 759 770 770 752 730 711 700 691 680 680 680
11 23 -9999 680 680 669 669 669 669 669 680 691 716 734 750 759 759 770 752 730 711 700 691 680 680 680
11 24 -9999 680 680 680 669 669 669 680 680 691 716 734 750 759 770 770 752 730 711 700 691 680 680 680
11 25 -9999 680 680 680 669 669 669 669 669 691 716 734 750 759 770 770 752 730 711 700 691 680 680 680
11 26 -9999 680 680 680 669 669 669 669 669 680 716 730 750 759 759 759 750 730 700 700 689 680 680 680
11 27 -9999 669 669 669 669 662 662 662 669 680 711 730 748 752 759 759 750 720 700 700 691 680 680 680
11 28 -9999 669 669 669 669 660 660 660 669 680 709 730 748 752 752 759 750 720 700 700 691 680 680 680
11 29 -9999 669 669 662 662 660 660 662 669 680 700 720 739 752 752 759 748 720 700 698 691 680 680 680
11 30 -9999 669 669 662 662 660 658 658 662 669 700 720 734 750 752 759 750 720 700 698 691 680 680 669
12 01 -9999 662 662 660 660 649 658 658 662 669 698 716 734 748 752 752 739 720 700 691 689 680 669 669
12 02 -9999 662 662 660 660 649 658 658 660 669 698 716 734 748 752 752 739 720 700 689 680 680 669 669
12 03 -9999 662 662 660 660 649 658 658 649 669 698 716 734 739 750 750 739 716 698 680 680 680 669 662
12 04 -9999 662 662 660 649 649 649 649 644 660 680 716 730 734 739 739 734 711 689 680 680 669 662 660
12 05 -9999 660 658 644 644 644 644 644 644 660 680 711 730 734 739 739 734 711 689 680 669 669 662 660
12 06 -9999 660 658 644 649 649 644 649 644 658 680 709 729 734 739 739 734 711 680 680 669 669 662 658
12 07 -9999 660 658 644 649 649 649 649 649 660 680 700 720 734 739 739 734 711 680 669 662 662 660 649
12 08 -9999 649 649 644 644 644 644 644 644 649 680 700 720 730 739 739 734 711 680 669 669 662 660 649
12 09 -9999 649 649 644 649 649 649 649 644 649 680 700 720 730 739 739 734 711 680 669 669 662 660 649
12 10 -9999 649 649 644 649 649 649 649 644 649 680 698 716 730 734 739 730 711 680 669 662 660 649 649
12 11 -9999 649 644 644 644 644 640 640 640 644 680 698 716 720 734 734 730 709 680 662 660 660 649 644
12 12 -9999 644 640 640 639 639 640 640 640 644 669 691 711 720 734 734 730 709 680 669 660 660 649 649
12 13 -9999 649 640 640 630 639 640 640 639 640 669 691 711 720 730 734 730 711 680 669 660 660 649 649
12 14 -9999 649 640 640 640 644 640 640 640 644 669 691 716 720 730 734 730 711 680 669 660 660 649 649
12 15 -9999 649 640 640 640 640 640 640 640 644 669 691 711 720 730 730 730 711 680 669 660 660 649 649
12 16 -9999 649 640 640 640 639 630 640 639 644 669 691 711 720 730 730 730 709 680 662 660 649 649 649
12 17 -9999 649 640 640 640 644 640 644 640 644 669 691 711 720 730 730 730 711 680 669 660 660 649 649
12 18 -9999 649 644 644 640 644 644 644 644 644 669 691 711 720 720 730 720 709 680 660 660 649 649 649
12 19 -9999 649 640 644 640 640 640 640 639 644 662 691 700 720 720 729 720 709 680 660 660 649 649 649
12 20 -9999 649 640 640 640 639 630 630 630 640 660 680 700 716 720 720 716 700 669 660 660 649 649 649
12 21 -9999 649 640 640 640 630 630 630 630 640 660 691 700 716 720 720 716 700 680 660 660 649 649 649
12 22 -9999 649 644 640 640 640 630 630 630 640 649 680 700 711 720 720 716 700 680 660 660 649 649 649
12 23 -9999 649 644 644 640 640 630 630 630 640 649 680 700 711 720 720 716 700 680 660 660 660 649 649
12 24 -9999 649 644 644 640 640 630 630 630 640 649 680 700 711 720 720 716 700 680 660 660 649 649 649
12 25 -9999 640 640 640 640 639 630 630 621 630 649 680 700 711 720 720 720 700 680 660 660 660 649 649
12 26 -9999 649 644 644 640 640 630 630 630 640 649 680 700 711 720 720 716 700 680 662 660 660 660 658
12 27 -9999 660 649 660 644 649 640 644 630 640 649 680 711 711 720 720 720 700 680 669 662 660 660 660
12 28 -9999 660 649 660 649 649 644 644 644 644 649 680 700 711 720 720 720 700 680 662 660 660 658 649
12 29 -9999 660 649 649 644 640 630 640 630 640 649 680 700 700 716 716 716 698 669 649 660 660 649 644
12 30 -9999 660 644 644 644 640 630 640 630 640 649 680 700 700 720 716 716 698 669 649 660 649 649 644
12 31 -9999 649 644 644 644 644 640 640 640 640 649 680 700 700 720 716 716 698 662 649 660 649 640 640
