01 01 480 473 469 480 464 460 480 464 446 446 451 460 482 500 518 518 518 500 482 482 482 482 478 482
01 02 482 473 469 478 464 460 464 464 446 446 450 460 482 498 518 518 509 500 482 482 482 478 464 482
01 03 480 469 469 469 464 464 480 464 446 446 455 464 482 498 518 518 509 500 482 482 482 478 464 482
01 04 480 469 469 469 464 464 480 464 441 446 446 460 480 482 500 500 500 489 482 482 482 464 464 482
01 05 469 466 469 464 464 460 480 464 441 446 446 460 480 482 500 500 500 489 482 482 482 464 464 482
01 06 480 469 469 464 469 460 480 464 446 446 446 460 480 482 489 500 500 489 482 469 464 464 464 469
01 07 469 466 469 464 464 459 464 464 441 446 441 459 469 482 489 500 500 482 480 464 464 464 455 464
01 08 464 464 464 460 459 446 446 430 430 430 430 457 469 480 482 495 482 482 464 464 460 450 446 450
01 09 464 462 460 460 446 446 446 441 430 430 430 459 464 480 487 500 500 482 469 450 446 450 446 450
01 10 460 462 460 460 446 446 441 441 430 430 430 450 464 477 482 500 489 482 464 450 446 446 446 446
01 11 450 450 460 450 446 441 441 428 410 410 428 446 450 469 480 489 482 469 450 441 430 441 430 446
01 12 441 441 446 446 430 421 410 406 399 399 421 441 450 460 469 482 480 464 450 430 441 441 430 446
01 13 441 433 442 441 428 419 410 399 399 399 415 441 450 464 480 482 480 464 450 441 441 441 430 430
01 14 430 430 441 441 428 410 410 399 399 399 410 430 446 460 464 480 480 464 450 430 430 428 428 430
01 15 430 430 430 428 421 410 410 394 399 399 410 430 446 460 464 482 480 464 450 430 430 428 428 430
01 16 430 432 442 441 428 421 410 410 399 399 410 441 450 464 480 482 480 464 450 430 430 430 428 430
01 17 430 432 442 441 430 428 419 406 399 399 410 446 450 469 480 482 480 469 451 441 441 441 430 430
01 18 430 433 446 441 430 428 410 406 399 399 410 441 450 469 480 482 480 469 451 441 430 430 428 430
01 19 430 432 442 441 428 421 410 399 399 399 410 446 460 480 480 489 480 469 450 430 430 428 428 428
01 20 430 428 430 421 410 410 399 392 392 392 410 441 450 469 480 482 482 464 450 430 428 428 421 421
01 21 430 421 421 410 399 399 392 392 392 392 410 439 450 469 482 482 482 469 450 430 430 428 421 421
01 22 430 430 428 410 399 410 399 399 392 399 421 446 464 480 482 489 482 469 450 446 430 430 428 428
01 23 430 430 430 428 421 410 399 399 399 399 421 446 464 482 482 489 482 469 450 446 430 430 428 428
01 24 430 428 428 410 399 399 399 399 392 399 421 446 464 480 482 482 482 478 450 446 430 428 428 421
01 25 428 421 421 410 399 399 399 392 392 392 421 446 464 482 482 489 482 482 460 450 441 428 428 421
01 26 428 421 421 410 399 399 399 399 392 392 421 446 478 482 482 489 482 482 460 446 441 428 428 421
01 27 421 421 421 410 410 410 399 399 392 399 428 446 478 482 482 489 489 482 460 446 430 428 410 410
01 28 421 421 421 410 410 410 410 399 399 399 428 450 478 482 489 500 489 489 460 446 439 428 421 421
01 29 421 428 421 410 410 410 410 399 399 410 430 450 480 482 500 500 500 500 460 446 446 428 428 428
01 30 428 428 428 410 410 410 410 399 399 399 430 460 480 489 500 500 500 500 460 446 446 428 428 428
01 31 428 428 421 410 410 410 399 399 399 399 430 460 469 482 489 500 500 489 459 441 430 428 421 410
02 01 410 410 410 410 410 410 399 410 399 410 430 460 469 482 489 500 500 500 460 441 430 428 419 410
02 02 410 410 410 410 410 410 399 410 410 421 430 464 478 482 500 500 500 500 464 446 446 428 428 421
02 03 410 410 410 410 410 410 399 410 410 428 446 464 482 489 500 500 518 500 464 450 446 439 428 430
02 04 428 428 428 410 421 410 410 410 410 428 446 464 482 489 500 500 518 500 464 459 446 430 428 430
02 05 421 428 428 410 421 410 410 410 410 428 446 464 482 489 500 500 500 500 464 450 446 430 428 430
02 06 421 421 421 410 410 410 410 410 410 421 441 464 480 482 500 500 500 489 464 450 446 430 428 430
02 07 428 410 421 410 410 399 399 399 410 421 430 464 469 500 500 500 500 500 464 450 446 441 428 430
02 08 428 421 421 410 410 410 410 399 410 421 430 464 482 500 511 518 518 500 480 460 450 441 441 441
02 09 428 428 428 410 410 410 410 399 410 428 441 464 482 500 511 511 518 500 480 460 450 446 441 446
02 10 430 430 421 410 410 399 399 399 410 430 441 464 482 500 511 511 518 509 482 464 450 446 446 446
02 11 430 430 430 421 421 410 410 410 421 441 446 464 500 511 518 520 520 518 500 469 464 460 450 450
02 12 446 446 446 430 428 428 428 428 430 446 450 482 500 518 536 536 536 520 500 478 464 460 450 450
02 13 446 446 446 441 430 430 441 430 430 446 450 489 500 520 536 536 536 520 509 482 469 464 460 459
02 14 450 446 446 441 430 430 441 439 430 446 450 489 500 520 538 540 540 536 511 482 469 464 460 459
02 15 459 450 446 441 430 430 441 430 430 450 460 500 511 531 540 554 550 540 520 500 482 464 464 460
02 16 460 459 450 446 441 441 441 441 430 450 464 500 518 536 550 554 554 540 520 500 482 464 464 460
02 17 460 459 450 446 441 441 441 441 430 450 469 500 518 536 550 554 554 540 520 500 489 464 464 464
02 18 460 460 460 446 441 446 446 441 441 450 469 500 518 536 554 554 554 540 520 500 489 469 464 460
02 19 460 460 450 446 441 446 446 441 441 459 469 500 518 536 554 554 554 549 529 500 489 469 464 460
02 20 464 464 460 446 446 459 446 446 446 464 478 500 518 536 559 559 559 550 531 511 500 469 464 464
02 21 464 464 464 446 446 450 446 441 446 464 478 500 518 540 559 570 559 554 536 518 500 480 469 464
02 22 469 464 464 450 446 459 446 446 446 464 480 511 529 549 570 572 570 559 540 518 500 489 482 469
02 23 469 469 464 460 450 460 450 446 446 469 480 511 529 550 570 570 570 559 540 518 500 489 482 469
02 24 469 464 464 450 450 460 450 446 446 469 480 511 529 550 572 572 572 570 549 520 500 500 482 469
02 25 469 469 469 460 450 460 450 446 450 469 482 518 536 554 572 572 579 572 554 520 500 500 482 469
02 26 469 464 469 450 450 459 446 446 446 469 482 518 536 554 572 572 579 572 554 520 500 500 489 469
02 27 469 464 469 450 460 460 446 446 446 469 489 518 536 570 579 590 599 590 559 536 518 500 500 489
02 28 489 480 480 469 464 464 460 459 450 478 509 536 559 590 590 610 608 599 572 550 531 509 500 500
03 01 489 482 482 482 469 469 480 469 480 489 518 550 572 590 601 619 621 610 579 554 536 518 518 500
03 02 500 489 489 489 482 480 489 478 482 500 520 554 572 599 608 621 626 608 579 554 536 520 520 509
03 03 500 500 500 489 500 482 500 489 489 500 520 554 579 608 619 621 626 619 585 554 540 525 520 509
03 04 500 500 500 489 500 482 489 489 489 500 520 554 590 608 621 626 626 621 590 554 550 536 529 518
03 05 500 511 511 500 500 482 489 489 500 500 531 559 590 608 626 626 630 621 590 559 554 536 531 518
03 06 511 511 511 500 500 482 500 500 500 511 536 572 601 621 630 639 644 630 601 572 556 540 531 518
03 07 511 511 511 500 500 482 500 500 500 518 536 579 601 626 640 644 644 640 610 579 570 550 536 520
03 08 520 518 511 513 511 500 500 500 500 518 550 579 610 630 644 649 655 644 626 590 572 554 536 536
03 09 520 520 516 518 511 500 500 500 500 518 550 590 610 630 644 649 662 649 626 601 572 550 536 531
03 10 520 518 511 511 500 489 489 500 500 518 554 590 619 640 649 662 662 660 630 608 572 554 540 536
03 11 520 518 511 511 509 500 500 500 500 518 554 590 610 640 644 662 662 649 626 608 572 554 540 536
03 12 536 518 518 518 511 500 500 489 500 518 559 590 610 630 644 658 662 649 626 601 572 554 536 536
03 13 536 518 518 513 509 489 489 482 500 518 554 590 610 630 644 658 662 644 626 590 572 550 536 536
03 14 531 518 516 500 509 489 489 482 500 518 554 590 610 630 644 658 662 644 626 590 572 550 536 531
03 15 520 511 511 500 500 489 489 480 489 509 540 579 610 626 640 649 649 644 626 590 572 550 536 531
03 16 520 511 511 500 500 489 482 478 489 518 554 590 610 626 640 649 649 640 626 590 572 550 536 536
03 17 520 511 511 489 500 489 482 469 489 518 559 590 615 630 644 662 662 644 630 590 572 559 540 536
03 18 536 518 518 500 509 500 489 480 500 536 572 608 626 649 660 669 662 660 640 608 579 559 554 540
03 19 536 520 518 511 511 509 500 500 500 540 579 608 640 662 662 680 680 660 644 610 590 572 554 540
03 20 540 520 520 518 518 518 500 500 511 554 590 630 644 669 680 680 680 680 662 621 590 579 568 554
03 21 540 536 520 518 527 518 511 511 518 554 599 630 660 680 680 689 689 680 662 626 601 579 572 570
03 22 558 540 536 531 536 520 511 518 536 579 608 640 660 680 680 691 698 680 662 626 608 590 572 570
03 23 554 540 536 531 536 531 518 520 540 579 608 640 662 680 691 698 698 698 680 630 610 590 579 572
03 24 559 554 536 531 536 536 536 536 550 586 621 646 669 680 691 698 700 698 680 644 626 601 590 579
03 25 572 565 550 540 540 540 540 540 554 590 626 649 678 680 691 700 711 698 680 644 626 601 590 590
03 26 572 570 554 543 540 550 540 550 559 590 626 660 680 691 698 711 711 700 698 662 640 610 608 592
03 27 583 579 572 554 554 554 554 554 572 608 630 662 680 700 700 716 716 711 698 662 640 621 608 601
03 28 590 590 572 570 559 554 554 554 579 608 640 662 691 700 716 720 720 716 700 673 644 626 619 608
03 29 590 590 579 572 572 559 559 559 579 610 640 669 698 711 720 720 720 718 700 680 644 626 619 608
03 30 594 590 579 572 579 572 559 568 590 621 649 680 698 716 720 730 734 720 711 680 649 626 621 608
03 31 601 590 590 577 590 572 565 570 590 621 660 680 700 716 730 734 734 730 716 680 660 626 626 610
04 01 601 590 590 579 590 572 570 570 590 626 662 680 700 716 730 734 734 730 716 680 662 640 626 610
04 02 601 590 590 590 590 572 572 572 590 626 662 680 700 716 730 734 734 730 716 680 662 630 626 608
04 03 599 590 590 579 590 572 572 572 590 621 660 680 700 716 720 732 734 730 716 680 662 640 626 610
04 04 601 601 590 579 590 572 572 570 590 626 662 680 711 716 730 734 734 734 716 680 662 640 626 610
04 05 610 601 590 590 590 572 572 572 590 626 662 680 716 730 734 734 734 734 716 680 662 640 626 619
04 06 610 601 590 579 590 572 572 572 599 630 662 680 711 720 734 734 734 734 716 680 662 640 630 621
04 07 610 601 590 590 590 579 579 579 601 640 662 680 716 730 734 739 734 734 716 680 662 644 630 626
04 08 621 608 590 590 590 579 579 586 608 644 680 698 716 730 734 739 734 734 716 698 662 644 630 621
04 09 610 608 590 599 590 590 590 590 608 644 680 700 716 734 739 750 739 734 716 698 662 644 630 626
04 10 610 608 590 601 599 590 590 590 610 644 680 700 720 734 739 750 739 739 720 698 662 644 630 626
04 11 610 608 590 599 590 590 590 590 610 644 680 700 729 748 752 752 752 750 734 698 669 644 630 626
04 12 621 608 601 601 590 590 590 590 610 658 680 709 734 752 752 752 752 752 734 700 680 649 644 630
04 13 626 610 608 608 599 590 590 590 621 660 691 716 734 752 759 770 752 752 734 700 680 649 644 630
04 14 626 610 608 608 599 590 590 590 621 660 691 711 734 752 759 770 752 752 734 707 680 660 644 630
04 15 626 610 608 608 599 590 590 590 621 660 691 711 734 752 770 770 770 759 734 716 680 662 644 630
04 16 626 610 610 608 601 599 599 601 621 660 698 720 739 759 770 770 779 770 739 716 680 662 644 639
04 17 626 610 608 601 590 590 590 590 626 660 698 725 748 759 770 770 781 770 750 716 691 662 649 640
04 18 626 610 610 608 601 599 590 601 630 662 698 730 750 765 779 779 788 770 752 720 698 669 649 640
04 19 630 621 610 610 601 599 590 608 639 669 700 732 752 770 788 781 788 779 759 729 698 680 660 640
04 20 630 621 610 610 601 599 590 608 640 680 716 734 752 779 788 788 790 781 770 734 700 680 662 644
04 21 640 621 610 610 608 601 601 610 644 680 716 734 759 781 788 788 790 781 770 734 700 680 662 644
04 22 640 621 615 610 608 601 601 610 649 680 716 734 759 779 781 788 790 781 770 734 700 680 662 644
04 23 633 621 615 610 608 608 603 610 644 680 716 734 759 781 788 788 790 788 770 734 709 691 662 644
04 24 640 626 621 619 610 608 608 619 649 680 716 734 759 788 788 790 790 788 770 739 711 691 662 644
04 25 644 639 630 626 610 608 610 621 658 680 716 734 759 788 788 790 790 788 770 739 711 691 662 644
04 26 644 640 630 626 610 608 610 621 649 680 711 734 752 781 788 790 790 781 770 734 709 684 662 644
04 27 640 630 630 626 610 608 608 619 649 680 711 734 752 781 788 790 790 781 770 734 702 680 660 644
04 28 640 630 630 621 608 608 608 619 649 680 711 734 752 770 788 790 790 788 770 739 711 684 669 649
04 29 644 639 630 626 610 608 610 621 660 680 711 739 759 788 790 790 790 788 770 750 711 691 669 658
04 30 644 640 640 626 621 610 619 626 660 680 711 739 759 788 801 801 799 788 770 750 716 691 669 658
05 01 644 640 640 626 621 608 608 621 649 680 711 739 770 790 801 806 806 799 788 759 720 691 680 662
05 02 649 640 640 626 626 610 610 626 660 689 720 752 770 790 806 810 810 801 788 759 734 698 680 662
05 03 649 644 644 630 626 619 621 630 660 691 729 752 779 799 806 810 819 802 788 759 734 698 680 662
05 04 655 644 644 640 626 626 626 640 662 700 734 759 781 799 810 810 819 806 790 770 734 700 685 669
05 05 662 649 644 640 630 626 626 644 669 700 734 768 788 799 810 815 824 806 790 770 734 700 685 680
05 06 662 649 644 644 630 626 626 644 673 711 734 770 788 806 819 824 824 806 790 770 734 709 691 680
05 07 669 660 649 644 639 626 626 644 680 716 748 770 790 806 820 824 824 806 801 770 739 711 691 680
05 08 669 662 649 644 644 626 630 644 680 718 752 781 801 806 824 824 824 810 806 770 739 716 698 680
05 09 669 662 658 644 644 639 640 649 680 720 752 781 801 806 824 824 824 810 806 770 739 716 698 680
05 10 680 662 660 649 644 640 640 649 689 730 754 788 806 810 824 829 828 820 806 781 750 720 698 689
05 11 680 662 662 649 644 644 644 662 698 730 759 788 806 820 824 829 829 820 806 781 750 720 700 691
05 12 680 669 662 653 649 644 644 662 698 734 770 788 806 820 829 829 829 824 806 788 750 730 700 691
05 13 680 669 662 660 660 649 644 662 700 734 770 788 806 820 829 829 829 824 806 788 750 730 700 698
05 14 689 680 662 660 660 649 649 669 698 734 770 790 806 820 824 829 828 824 806 788 750 720 700 698
05 15 691 680 669 660 660 660 649 669 700 734 770 790 810 824 829 831 829 824 806 788 752 730 700 698
05 16 691 680 669 662 660 660 649 669 700 734 770 790 810 824 829 840 838 824 806 788 752 734 711 698
05 17 691 680 669 662 662 662 660 669 711 734 770 799 810 824 829 840 840 824 810 790 752 734 700 698
05 18 694 680 669 662 662 662 660 669 711 734 770 795 810 824 829 840 840 824 810 790 759 734 711 700
05 19 698 680 669 662 662 662 660 671 711 734 770 795 810 824 829 840 829 824 806 788 759 734 711 698
05 20 698 680 680 662 662 662 662 680 711 734 770 790 810 824 829 840 829 824 806 788 759 734 709 698
05 21 698 680 680 669 662 662 662 680 711 734 770 790 810 824 829 842 840 824 810 790 759 734 712 700
05 22 698 680 680 669 662 662 662 680 711 739 770 801 819 824 842 842 842 829 810 790 770 739 716 700
05 23 698 680 680 680 669 662 662 680 716 748 770 801 820 829 842 842 842 840 824 801 770 739 716 711
05 24 700 691 680 680 680 669 669 691 720 752 788 806 824 840 842 849 849 842 824 806 781 750 730 711
05 25 700 698 689 680 680 680 680 691 720 752 788 806 824 840 842 849 849 842 824 806 781 752 734 716
05 26 711 698 691 680 680 680 680 691 720 759 788 806 824 842 849 849 849 842 824 806 781 752 734 716
05 27 711 700 698 680 680 680 680 698 720 752 788 806 824 840 849 849 849 842 824 806 781 752 734 716
05 28 711 700 698 680 680 680 680 698 720 752 788 806 824 840 849 849 849 842 824 806 781 752 734 716
05 29 711 700 698 680 680 680 680 698 730 759 788 806 824 842 849 849 860 849 829 810 786 752 734 720
05 30 711 700 698 682 680 680 680 700 734 770 790 810 829 842 849 849 860 860 829 810 788 759 739 720
05 31 716 700 700 691 680 680 680 700 734 770 790 820 840 849 860 860 860 860 840 819 788 759 739 734
06 01 720 711 700 698 691 691 691 711 739 781 806 829 842 860 860 860 871 860 849 824 790 770 750 734
06 02 730 720 711 700 698 691 698 711 739 788 806 829 849 860 869 871 871 860 860 829 801 770 752 734
06 03 730 720 716 700 698 698 698 716 739 788 810 838 849 860 871 874 878 867 860 829 801 770 752 739
06 04 730 720 716 700 698 698 700 716 750 788 819 840 855 860 876 878 878 867 860 829 801 770 752 739
06 05 734 730 716 711 700 698 709 720 752 790 819 842 855 860 878 878 878 860 860 835 801 770 752 739
06 06 734 730 716 716 700 700 711 720 752 790 820 842 860 860 878 878 878 871 860 840 806 770 759 739
06 07 734 730 720 716 711 700 716 730 752 801 820 842 860 873 878 878 880 876 860 842 806 781 759 739
06 08 734 730 720 716 716 711 716 730 770 806 824 844 860 878 878 878 880 878 860 842 806 781 759 750
06 09 739 734 720 716 716 711 716 734 770 801 824 842 860 878 878 878 880 874 860 842 806 781 759 750
06 10 739 730 720 716 716 711 716 734 770 801 824 846 865 878 880 880 880 878 860 842 806 788 761 752
06 11 750 734 730 720 716 716 716 734 770 806 829 849 871 880 880 889 889 880 871 842 810 788 770 759
06 12 750 734 734 729 716 716 716 734 770 806 829 849 878 889 891 896 896 891 878 849 820 790 770 759
06 13 752 739 734 730 720 716 720 739 770 806 829 856 878 891 891 896 896 891 878 849 820 788 770 759
06 14 752 739 734 730 720 716 720 739 770 806 829 860 878 891 891 896 896 891 878 849 820 790 770 759
06 15 752 739 734 730 720 716 720 739 770 806 829 860 878 891 891 896 896 891 878 849 820 790 770 759
06 16 752 739 734 730 720 716 720 739 770 806 829 849 871 889 891 891 896 891 878 849 820 788 770 759
06 17 752 739 734 730 720 716 720 739 770 806 829 860 871 889 891 891 896 891 878 851 824 790 770 759
06 18 752 739 734 730 720 716 720 739 770 806 829 860 878 889 896 896 896 896 878 851 824 790 770 759
06 19 752 739 734 730 720 716 720 739 779 806 840 860 878 891 896 896 896 896 880 860 824 790 779 759
06 20 752 739 734 730 720 716 720 739 779 810 840 860 878 891 896 896 896 896 880 860 824 790 779 761
06 21 752 739 734 730 720 716 720 739 779 810 840 860 878 891 896 896 896 896 878 851 824 790 779 761
06 22 752 739 734 730 720 716 720 739 770 806 838 860 878 891 896 896 896 896 878 849 824 788 770 759
06 23 752 739 734 729 720 716 720 739 770 806 829 860 878 889 896 896 896 896 878 849 824 788 770 759
06 24 750 739 734 729 720 716 720 739 770 806 829 860 878 889 896 896 896 896 878 849 824 788 770 759
06 25 752 739 734 730 720 716 720 739 770 810 840 860 878 889 896 896 896 896 878 849 824 788 770 759
06 26 752 739 734 730 720 716 720 739 770 810 840 860 878 880 896 896 896 896 878 860 824 790 779 759
06 27 752 739 734 730 720 716 720 739 770 810 840 860 878 880 896 896 896 896 878 860 824 790 770 759
06 28 752 748 734 734 729 720 720 739 779 810 842 860 878 889 896 900 896 896 878 860 829 790 781 770
06 29 752 750 734 734 730 720 720 739 779 819 842 860 878 891 896 900 900 900 880 860 829 801 788 770
06 30 752 752 739 734 730 720 720 739 788 820 842 860 880 891 900 910 900 900 880 860 829 806 788 770
07 01 759 752 739 739 730 720 720 750 788 820 842 869 880 896 900 910 910 900 891 860 840 806 790 770
07 02 770 759 750 739 734 729 729 752 788 824 849 871 883 896 909 914 910 900 891 860 840 810 790 779
07 03 770 770 752 750 734 730 730 752 788 824 849 871 883 896 909 914 910 900 891 871 840 810 790 781
07 04 770 770 752 750 739 734 730 752 790 820 842 860 880 896 900 910 910 900 891 860 840 806 790 779
07 05 770 770 752 748 739 734 730 752 788 820 842 860 880 896 900 914 910 900 891 871 840 810 790 781
07 06 770 770 759 750 739 734 730 752 790 820 849 871 880 896 900 914 910 900 891 871 840 810 799 781
07 07 770 770 759 750 739 739 734 752 790 824 849 871 889 900 909 914 912 900 891 871 840 810 801 788
07 08 770 770 759 750 739 739 734 759 790 824 849 871 889 900 909 914 914 900 891 871 840 810 801 788
07 09 770 770 759 752 739 739 734 759 790 824 860 878 889 900 910 914 914 909 891 878 842 819 801 788
07 10 779 770 759 752 750 739 739 759 790 824 860 878 889 900 910 914 914 909 891 878 842 820 801 788
07 11 779 770 759 752 750 739 739 759 790 824 849 878 889 900 910 914 914 909 891 871 842 820 801 788
07 12 781 770 759 752 750 739 739 759 790 824 849 878 889 900 910 914 910 900 891 871 840 810 801 788
07 13 781 770 759 752 750 739 739 759 790 824 849 871 880 900 910 914 910 900 891 871 840 810 801 788
07 14 779 770 759 752 750 739 739 759 790 824 849 871 880 900 910 914 909 900 891 871 840 810 801 788
07 15 779 770 759 752 750 739 739 759 788 824 842 871 880 896 910 910 900 900 891 871 840 810 799 788
07 16 770 770 759 752 750 739 739 759 788 824 842 871 880 900 910 910 900 900 891 871 840 810 790 788
07 17 770 770 759 752 750 739 739 752 788 820 842 871 880 896 900 910 909 900 891 871 840 810 790 781
07 18 770 770 752 750 748 734 734 752 788 820 849 871 880 896 910 914 909 900 891 871 840 810 790 781
07 19 770 770 752 750 748 734 734 752 788 824 860 878 880 900 910 914 910 900 891 871 840 810 790 781
07 20 770 770 752 752 750 739 739 752 788 824 849 878 880 900 910 914 910 900 891 871 840 810 790 781
07 21 770 770 752 752 750 739 739 752 788 820 849 871 880 900 910 914 910 900 891 871 840 810 790 781
07 22 770 770 752 752 750 734 734 752 788 820 849 871 878 900 910 910 900 900 891 860 840 810 790 781
07 23 770 770 752 752 750 734 734 752 788 820 842 871 878 896 910 910 900 900 891 860 840 810 790 781
07 24 770 770 752 752 750 734 734 752 788 820 842 871 878 896 909 910 900 900 889 860 838 810 790 781
07 25 770 770 752 752 739 734 734 752 788 819 842 871 880 900 909 910 900 900 891 869 840 810 790 781
07 26 770 763 752 752 739 734 734 752 788 820 849 871 889 900 910 910 910 900 891 871 840 810 790 781
07 27 770 763 752 752 739 734 734 752 788 820 849 871 889 909 910 914 914 909 896 871 840 810 799 781
07 28 770 770 752 752 739 734 734 752 788 820 849 871 891 910 910 914 914 900 891 871 840 810 801 788
07 29 770 770 752 752 739 734 734 752 788 820 849 871 889 900 900 910 910 900 889 869 840 810 790 781
07 30 770 770 752 750 739 734 734 752 781 819 849 860 880 896 900 903 900 896 880 860 840 808 790 781
07 31 770 759 752 750 739 734 734 750 781 810 842 860 880 896 900 900 900 896 880 860 840 806 788 781
08 01 770 759 752 750 739 734 734 750 779 810 842 860 880 896 896 900 900 896 880 860 829 806 788 775
08 02 770 759 752 750 739 734 734 750 770 810 842 860 880 896 896 896 900 896 880 860 829 806 788 770
08 03 770 759 752 750 739 734 734 750 770 810 842 860 880 896 896 896 900 896 880 860 829 806 788 770
08 04 770 752 750 748 739 734 734 750 770 810 842 860 880 896 896 896 900 896 880 860 829 806 788 770
08 05 770 752 750 745 734 734 734 750 770 810 842 860 880 896 896 900 900 896 880 860 829 806 788 770
08 06 770 752 750 745 734 734 734 750 772 810 842 860 882 896 896 900 900 896 880 860 829 806 788 775
08 07 770 759 750 748 739 734 734 750 779 810 842 860 882 896 896 900 900 896 880 860 826 806 788 779
08 08 770 759 750 748 739 734 734 750 779 810 842 869 882 896 900 900 900 896 880 860 824 806 788 779
08 09 770 759 752 748 739 734 734 750 779 810 842 869 882 896 900 900 900 896 880 860 824 806 788 779
08 10 770 759 752 748 739 734 734 750 770 810 842 860 880 896 900 900 896 896 878 860 824 801 788 775
08 11 770 759 750 745 739 734 734 750 770 806 842 860 880 896 896 896 896 891 878 849 824 799 788 770
08 12 759 752 750 739 739 734 734 747 770 806 840 860 878 896 896 896 896 891 878 849 820 790 781 770
08 13 752 752 750 739 734 734 734 739 770 806 840 860 880 896 900 896 896 891 878 849 820 790 784 770
08 14 752 752 748 739 734 734 730 739 770 806 840 860 880 896 900 896 896 891 878 849 819 790 784 770
08 15 759 752 750 739 734 734 734 739 770 806 840 860 880 896 900 900 896 891 878 849 819 790 784 770
08 16 759 752 750 739 734 734 730 739 770 806 840 860 880 896 900 900 896 896 878 849 819 790 781 770
08 17 759 752 750 739 734 730 730 739 770 806 829 860 878 896 900 900 896 891 878 842 810 790 781 770
08 18 752 750 748 734 734 729 729 734 759 790 829 860 878 892 900 900 896 891 878 842 810 790 770 770
08 19 752 750 739 734 730 720 720 734 759 790 829 860 878 896 900 900 896 891 878 842 810 788 770 770
08 20 752 750 739 734 730 729 720 734 752 790 829 860 878 891 900 896 896 891 871 842 810 788 770 759
08 21 752 748 739 734 730 720 720 730 752 790 824 849 871 889 896 896 896 889 871 840 806 783 770 752
08 22 752 739 734 734 720 720 716 720 752 788 824 849 871 882 896 896 896 891 871 840 806 783 770 752
08 23 750 739 734 730 720 716 716 720 752 788 820 842 871 880 896 896 896 891 860 838 806 781 770 752
08 24 748 734 734 730 720 716 716 716 750 788 819 842 869 880 891 891 891 889 860 829 801 779 759 752
08 25 739 734 730 729 716 716 716 716 750 781 819 842 869 880 891 891 891 889 860 829 790 770 754 752
08 26 739 734 729 720 716 716 711 716 739 781 819 842 869 880 891 891 891 889 860 829 790 770 754 752
08 27 739 734 720 720 716 711 711 716 739 781 819 842 869 880 896 891 891 889 860 829 790 770 752 750
08 28 734 734 720 720 716 711 711 716 739 779 811 842 869 878 891 891 891 889 860 829 790 770 752 748
08 29 734 730 720 720 711 711 711 711 739 779 811 842 869 880 891 891 891 883 860 829 790 770 752 739
08 30 734 730 720 716 711 711 709 711 734 774 810 842 869 880 891 896 891 880 860 824 790 770 752 739
08 31 734 730 720 716 711 711 709 709 734 770 811 842 869 878 891 896 891 880 860 824 788 770 750 739
09 01 734 730 720 716 711 709 700 709 734 770 810 842 860 878 891 896 891 878 860 824 788 770 750 734
09 02 734 730 720 716 711 709 700 711 734 770 819 842 860 878 891 891 891 878 860 824 788 770 750 739
09 03 734 730 720 716 711 711 709 711 734 770 810 842 860 878 882 891 891 878 860 824 788 770 752 739
09 04 734 730 720 716 711 700 700 709 734 770 806 840 860 878 880 891 880 878 860 824 788 759 750 734
09 05 730 720 716 711 709 700 700 700 730 770 806 840 860 871 880 880 878 878 860 820 781 759 748 734
09 06 730 720 714 711 705 700 700 700 725 759 806 840 860 871 880 878 878 871 849 810 781 759 739 734
09 07 720 720 711 711 709 700 700 700 720 759 801 838 860 867 878 878 878 871 849 810 770 752 739 734
09 08 720 716 711 700 700 698 700 698 720 752 799 829 860 860 878 878 878 871 849 806 770 752 739 734
09 09 720 716 711 700 700 698 700 698 720 752 799 829 851 860 878 878 878 865 842 806 770 752 734 734
09 10 720 716 711 700 700 698 698 698 716 752 790 824 842 860 871 878 878 860 842 801 770 752 734 730
09 11 716 711 700 700 700 698 698 698 716 750 790 820 842 860 860 871 869 860 840 801 770 750 734 720
09 12 716 711 700 700 700 698 698 698 711 750 788 819 840 860 860 860 860 860 838 799 770 750 734 720
09 13 716 711 700 700 700 698 698 698 711 745 788 810 838 849 860 860 860 849 829 790 759 739 734 720
09 14 711 709 700 698 698 698 691 691 711 739 781 806 829 842 849 860 860 842 824 788 752 734 730 720
09 15 711 700 700 698 698 691 680 680 702 734 777 806 829 842 849 860 860 842 824 788 752 734 730 720
09 16 711 700 700 698 698 691 680 689 702 734 770 806 824 840 842 860 860 842 820 770 752 734 720 720
09 17 711 700 700 698 698 691 680 680 700 734 770 801 824 840 842 849 849 842 820 770 752 734 720 716
09 18 711 700 698 698 698 680 680 680 700 734 759 801 824 829 842 842 842 838 810 770 741 730 716 716
09 19 700 700 691 691 691 680 680 680 698 730 759 801 820 829 842 842 842 829 810 770 739 721 716 716
09 20 700 698 691 691 680 680 680 680 698 734 752 790 820 829 842 842 842 829 806 770 739 721 716 711
09 21 698 698 680 680 680 680 680 680 698 729 752 788 806 824 840 842 838 824 801 770 734 716 716 709
09 22 698 691 680 680 680 669 669 680 691 716 748 788 806 820 824 829 829 824 790 752 734 716 711 700
09 23 698 680 680 680 680 669 669 669 680 711 739 770 806 820 824 829 829 820 788 752 734 716 709 698
09 24 698 680 680 680 680 669 662 662 680 700 734 770 806 810 824 829 824 820 788 750 734 714 700 698
09 25 680 680 680 669 669 662 662 662 680 700 734 770 806 820 824 829 829 820 788 750 734 714 700 698
09 26 680 680 680 669 669 662 662 662 680 700 734 770 806 820 824 829 824 820 788 750 734 714 700 698
09 27 680 680 680 669 669 662 662 662 680 700 734 770 806 811 824 824 824 810 788 739 720 711 698 698
09 28 680 680 669 662 662 658 658 649 669 700 734 770 801 810 824 824 824 810 788 734 720 711 700 698
09 29 680 680 669 662 662 649 649 649 669 700 734 770 801 810 824 824 824 806 788 734 716 700 698 687
09 30 680 669 662 662 660 648 644 644 662 698 730 759 790 806 820 824 820 806 770 734 716 698 680 680
10 01 680 662 662 658 644 644 640 644 660 691 720 759 788 801 806 810 820 801 770 734 716 698 680 680
10 02 680 662 662 649 644 644 640 644 660 680 716 759 788 801 806 810 820 790 770 730 711 698 680 680
10 03 680 660 660 644 644 644 640 640 649 680 716 752 781 790 806 810 810 788 770 727 700 694 680 680
10 04 669 644 649 644 640 640 630 626 644 680 711 752 775 790 806 810 806 788 759 720 698 691 675 669
10 05 662 644 644 639 630 628 630 626 644 680 700 750 770 790 806 810 806 788 759 720 698 691 669 669
10 06 662 644 644 640 630 626 630 626 644 680 700 743 770 790 806 810 806 788 752 720 698 689 669 662
10 07 660 644 644 640 630 626 630 626 644 680 700 743 770 790 801 810 806 788 752 720 698 685 669 662
10 08 660 644 644 639 630 628 630 626 640 669 700 739 770 790 801 806 801 788 750 720 698 680 662 649
10 09 644 644 644 630 630 626 626 621 630 662 700 739 770 788 799 806 797 781 750 716 698 680 662 649
10 10 644 640 630 630 626 626 626 621 630 660 691 734 759 770 788 790 788 770 739 711 691 669 662 649
10 11 644 639 630 628 626 626 621 621 630 649 689 720 750 770 781 788 781 770 734 700 680 662 653 644
10 12 640 630 626 626 621 619 619 610 626 644 680 716 739 759 779 781 770 759 720 698 669 662 644 640
10 13 640 630 621 621 610 610 610 610 621 633 669 716 739 752 770 770 770 752 720 680 669 660 644 639
10 14 639 630 621 621 610 610 608 608 621 630 662 700 734 752 770 770 770 748 716 680 660 649 640 626
10 15 628 626 621 619 610 610 608 601 610 626 662 700 729 750 765 770 770 739 711 671 660 644 630 621
10 16 626 626 619 610 608 608 601 590 608 626 658 698 720 739 752 759 752 734 700 669 644 635 626 610
10 17 621 621 610 608 608 601 590 590 601 624 658 694 716 734 750 752 752 734 698 662 644 630 626 610
10 18 619 619 608 608 599 599 590 590 601 621 649 689 716 734 739 752 750 730 698 662 644 630 626 610
10 19 619 621 608 608 601 599 590 590 601 610 649 689 711 730 739 750 750 723 689 662 644 630 626 610
10 20 619 621 608 601 590 590 590 590 599 610 649 680 709 720 734 739 739 716 680 660 640 626 624 610
10 21 610 619 608 601 590 590 590 590 590 608 644 680 700 720 734 734 734 716 680 658 639 626 621 610
10 22 608 610 601 590 590 590 579 579 590 608 644 680 700 720 730 734 734 711 669 649 630 626 619 608
10 23 608 610 601 590 590 590 579 579 581 608 640 680 698 720 730 734 730 702 669 644 630 626 621 610
10 24 601 610 601 590 590 590 572 572 579 608 640 669 698 716 730 730 729 700 669 644 630 626 621 608
10 25 601 608 599 590 590 579 572 572 572 601 640 669 698 716 730 730 720 698 662 644 630 626 621 608
10 26 601 608 599 590 590 585 579 572 579 601 644 669 698 720 730 730 720 696 662 644 630 626 619 608
10 27 601 601 590 590 590 579 572 572 572 599 640 669 698 720 730 730 720 693 662 644 626 626 619 610
10 28 601 608 590 590 590 579 572 572 572 601 640 669 698 720 730 730 720 698 669 644 630 626 621 610
10 29 608 608 590 590 590 579 572 572 572 601 640 669 698 716 730 730 720 696 662 644 630 626 621 610
10 30 608 608 595 590 590 579 572 572 579 601 640 669 691 716 730 730 720 693 662 644 630 622 610 610
10 31 601 601 590 590 590 579 572 572 572 590 630 662 691 711 720 730 720 691 662 644 626 610 608 608
11 01 599 590 590 590 572 570 570 570 570 590 626 662 689 711 716 720 716 691 660 644 626 610 608 608
11 02 590 590 590 590 572 572 570 570 570 590 626 660 689 711 716 720 711 680 658 644 626 610 608 608
11 03 590 590 590 590 572 572 570 570 570 590 610 649 680 700 716 716 711 680 657 640 621 608 601 601
11 04 590 590 590 579 570 570 570 559 559 590 610 649 680 691 711 711 700 680 649 630 610 608 601 601
11 05 590 590 579 572 570 570 570 559 559 590 610 644 669 691 700 711 698 680 649 630 610 601 601 601
11 06 590 590 590 579 570 570 570 559 559 590 610 644 669 684 700 703 698 680 649 630 610 601 601 601
11 07 590 590 588 572 572 570 570 559 559 590 610 644 662 680 691 698 691 669 644 626 608 590 590 590
11 08 579 579 579 572 570 568 559 559 559 590 608 640 662 680 689 698 680 662 639 621 601 590 590 590
11 09 579 572 572 570 559 559 559 559 559 579 601 626 649 669 680 680 680 649 630 608 590 590 579 572
11 10 570 568 559 550 559 550 550 549 549 570 590 610 644 662 680 680 669 644 626 590 579 579 572 570
11 11 554 554 554 540 549 549 549 540 540 568 590 610 640 660 662 680 662 644 610 590 572 572 572 570
11 12 554 554 554 540 540 540 549 549 549 570 579 608 628 648 662 664 660 635 608 590 572 572 572 570
11 13 554 554 554 540 540 536 540 540 540 570 572 601 626 644 662 662 649 630 608 590 572 572 568 559
11 14 554 554 554 540 536 540 540 540 540 570 579 608 626 644 662 662 649 630 608 590 572 572 572 570
11 15 554 559 554 540 536 540 549 549 549 570 572 601 626 648 662 662 649 630 608 590 572 579 572 570
11 16 559 559 554 549 540 540 549 549 550 570 572 601 626 644 660 649 644 630 608 590 572 579 572 570
11 17 554 554 554 540 536 536 540 540 540 559 572 590 626 640 649 644 630 621 601 590 572 572 570 559
11 18 549 554 550 536 531 531 536 536 536 559 572 590 610 630 644 640 626 610 590 579 572 559 559 554
11 19 536 549 549 536 531 520 536 536 536 559 572 590 613 633 644 640 630 613 590 579 572 568 559 554
11 20 536 540 540 536 529 518 518 529 529 550 572 590 610 630 644 639 626 608 590 590 572 568 559 554
11 21 536 540 531 536 531 520 531 531 531 550 570 590 608 626 642 633 622 608 590 579 572 559 559 540
11 22 536 531 531 531 520 518 518 520 529 540 570 590 604 621 630 630 621 608 590 579 572 554 559 549
11 23 536 531 531 531 520 520 531 529 531 550 568 579 601 619 621 626 610 601 585 572 570 554 554 540
11 24 536 531 529 520 520 520 536 529 531 549 559 579 590 610 621 621 610 601 583 572 570 554 554 540
11 25 536 531 529 520 520 520 536 529 529 540 559 579 590 610 621 626 610 601 583 572 570 554 554 540
11 26 536 531 531 531 520 518 536 520 529 540 559 579 590 608 621 621 610 590 579 570 568 554 554 536
11 27 531 529 520 520 518 518 518 518 520 536 558 572 590 608 619 621 610 590 572 567 559 550 550 531
11 28 529 529 520 518 518 518 518 518 520 536 558 572 590 603 619 613 610 590 572 559 554 540 549 531
11 29 529 529 520 518 518 518 518 518 518 536 550 568 579 599 610 608 608 590 568 554 540 536 536 529
11 30 520 520 520 518 518 518 511 511 518 529 549 559 579 590 608 601 590 572 559 547 540 536 531 518
12 01 518 518 518 511 518 511 509 500 518 529 547 554 568 579 590 590 579 570 554 540 536 536 520 518
12 02 511 518 518 509 518 511 509 500 509 520 547 554 559 572 590 590 579 559 550 540 536 536 520 511
12 03 511 518 518 509 518 511 509 500 500 520 536 549 559 572 579 572 570 554 540 536 536 536 518 511
12 04 500 518 500 500 511 511 500 500 500 509 518 540 554 568 572 570 568 549 536 536 522 518 509 500
12 05 500 500 500 500 500 500 489 489 482 500 509 531 549 554 559 559 554 540 536 531 518 511 500 500
12 06 500 500 500 500 500 500 482 482 482 489 500 518 536 540 549 550 550 536 518 511 500 500 496 489
12 07 482 482 480 482 480 480 478 469 482 482 500 518 529 536 540 540 550 531 518 500 500 489 482 482
12 08 482 480 466 469 469 469 469 464 469 482 489 502 518 529 540 540 549 531 511 500 500 482 482 478
12 09 469 469 464 464 464 464 464 464 464 480 482 500 511 520 536 540 536 520 511 500 500 482 482 480
12 10 480 469 469 469 464 469 464 464 469 480 482 500 511 520 536 536 536 520 511 500 500 482 482 480
12 11 480 469 469 464 464 464 464 460 464 469 469 482 500 518 520 520 518 518 500 489 480 480 469 464
12 12 464 464 464 464 460 460 460 459 450 462 469 480 500 511 518 518 518 500 489 482 480 478 464 464
12 13 464 450 450 460 459 460 459 450 450 450 464 475 489 500 500 511 500 500 489 480 464 464 460 450
12 14 450 446 446 450 450 446 446 446 441 446 464 475 482 500 500 511 500 491 482 480 464 464 460 450
12 15 450 446 446 450 446 446 446 444 441 446 460 469 482 502 511 511 502 491 482 469 464 464 460 464
12 16 464 450 450 460 450 450 446 446 446 446 464 475 482 500 500 511 500 500 482 469 464 464 460 450
12 17 464 446 446 450 446 446 430 441 430 446 460 469 482 500 500 509 500 489 480 469 464 460 450 450
12 18 446 441 446 450 446 446 430 439 428 430 457 464 480 500 500 500 500 489 480 464 464 460 446 450
12 19 446 441 441 450 441 441 428 430 428 430 446 464 471 489 489 500 496 482 462 464 457 446 446 446
12 20 430 430 428 430 441 441 428 428 428 430 446 460 469 489 489 500 500 482 460 464 455 446 446 446
12 21 441 439 428 430 441 441 428 430 428 430 446 464 469 500 500 500 500 482 462 464 460 450 446 446
12 22 439 439 428 446 441 441 428 428 428 430 446 460 469 489 500 500 500 482 460 464 450 446 446 446
12 23 430 439 428 446 441 430 428 428 421 428 430 460 469 489 491 500 500 482 460 464 455 446 446 446
12 24 446 446 450 460 450 446 430 441 430 441 446 460 469 489 500 500 500 482 460 464 455 446 450 446
12 25 446 446 450 459 450 446 430 441 428 430 446 460 478 489 498 500 500 482 464 464 464 450 450 450
12 26 450 446 459 464 459 446 441 450 441 446 450 460 482 500 500 500 500 482 480 469 464 464 464 464
12 27 464 466 464 469 464 460 464 464 446 450 459 464 482 500 500 500 500 489 482 469 482 464 464 480
12 28 480 469 469 480 469 464 480 469 455 450 459 464 482 500 518 518 500 500 482 482 482 478 478 482
12 29 482 480 480 482 482 464 480 469 455 450 459 464 482 500 518 518 500 489 482 478 464 478 464 482
12 30 480 473 477 482 482 466 482 477 460 450 459 464 484 500 518 518 500 500 482 482 482 478 464 482
12 31 480 473 469 480 464 460 480 464 446 446 459 464 482 500 518 518 500 489 482 482 482 478 464 482
