01 01 379 379 379 374 374 374 374 374 370 379 392 421 428 441 450 446 430 410 410 392 392 392 379 390
01 02 374 379 379 374 379 374 374 374 370 379 390 421 428 441 450 446 430 410 410 392 392 392 379 390
01 03 379 379 379 374 374 370 370 369 369 374 392 421 428 441 450 446 430 410 410 392 392 392 390 392
01 04 379 388 379 379 379 374 374 374 370 379 392 421 430 441 450 446 430 419 410 399 392 392 390 392
01 05 379 388 379 379 379 374 374 370 374 379 392 421 430 441 450 446 430 421 410 392 392 392 379 390
01 06 374 379 379 379 374 370 374 374 379 388 392 421 428 441 450 446 439 410 410 392 392 392 379 390
01 07 374 379 379 374 370 370 370 374 379 388 392 428 430 446 450 446 446 421 410 392 392 392 379 390
01 08 374 379 379 374 370 370 374 374 379 388 399 428 430 446 450 441 441 421 399 392 390 390 379 379
01 09 -9999 374 374 374 370 370 370 369 379 379 392 428 430 441 450 430 439 410 399 392 392 390 379 379
01 10 -9999 374 374 374 370 370 370 370 379 379 399 428 430 446 450 430 439 421 399 392 390 390 379 379
01 11 -9999 370 374 374 370 370 370 369 379 379 392 421 430 441 450 441 439 421 399 392 390 379 379 379
01 12 -9999 370 370 370 370 370 370 370 379 379 392 410 428 441 441 430 430 410 392 390 379 374 379 379
01 13 -9999 370 370 369 370 370 370 370 379 379 392 399 428 441 441 430 430 410 390 390 379 374 379 379
01 14 -9999 369 369 360 360 370 370 369 374 379 390 399 421 430 439 430 430 410 390 379 379 370 370 370
01 15 -9999 360 360 360 360 369 370 369 374 374 390 399 410 430 439 430 430 410 390 379 374 370 370 370
01 16 -9999 356 360 360 360 360 369 360 370 374 390 399 410 430 441 430 430 410 390 379 374 370 370 370
01 17 -9999 360 360 360 360 369 370 374 374 379 390 399 421 430 439 430 421 410 390 379 370 370 370 370
01 18 -9999 356 360 360 360 370 370 374 374 379 390 399 421 430 439 430 428 410 390 379 370 370 370 370
01 19 -9999 356 360 356 360 369 370 374 370 379 390 399 421 430 439 430 430 410 390 379 370 370 370 370
01 20 -9999 356 360 356 360 360 370 370 370 374 390 399 410 428 430 430 421 399 390 379 370 370 370 360
01 21 -9999 351 356 356 356 351 360 360 360 370 379 399 410 428 428 430 421 399 390 379 360 360 369 360
01 22 -9999 351 356 356 356 351 356 360 360 370 379 399 410 428 428 430 430 410 390 379 370 369 369 360
01 23 -9999 351 356 356 356 351 360 360 360 370 379 392 410 421 428 430 428 410 390 379 370 370 370 360
01 24 -9999 356 356 356 356 351 360 360 360 370 379 399 410 421 428 428 428 410 390 379 370 370 370 370
01 25 -9999 356 356 356 356 360 360 360 360 374 379 399 410 421 428 430 430 410 390 379 370 370 370 360
01 26 -9999 356 360 356 356 360 360 360 356 370 379 399 410 421 421 428 430 421 390 374 370 370 369 360
01 27 -9999 356 360 356 356 356 356 360 356 370 379 399 410 421 428 430 430 421 390 379 379 370 369 360
01 28 -9999 356 360 356 356 351 356 356 351 370 379 399 421 428 430 430 430 421 390 374 374 370 369 360
01 29 -9999 356 360 360 356 356 356 356 351 370 379 410 421 430 430 441 441 428 399 379 379 370 370 360
01 30 -9999 360 360 360 356 356 356 356 351 370 379 410 421 428 430 441 441 428 399 379 379 370 370 360
01 31 -9999 360 360 356 356 351 351 356 340 370 379 399 421 428 430 441 441 428 399 379 374 370 360 360
02 01 -9999 356 356 356 356 351 351 340 340 360 374 392 410 421 430 441 446 428 410 379 374 370 360 360
02 02 -9999 356 356 356 351 351 351 340 340 360 374 392 410 430 441 446 446 430 410 379 374 370 369 360
02 03 -9999 356 360 356 356 351 351 351 340 360 374 392 421 441 446 446 450 441 410 379 374 370 370 370
02 04 -9999 360 360 356 356 356 356 356 340 360 374 399 428 446 450 450 460 446 410 390 379 370 374 370
02 05 -9999 360 360 360 356 356 356 351 351 360 374 392 421 441 446 450 450 441 410 388 379 370 374 370
02 06 -9999 360 360 356 356 356 356 356 351 360 374 392 428 441 446 450 460 441 399 379 374 370 370 370
02 07 -9999 360 360 356 356 356 356 351 351 360 374 392 421 441 446 450 460 441 399 379 374 370 369 369
02 08 -9999 356 360 356 356 356 351 351 351 360 374 399 428 446 450 460 460 446 410 388 379 370 369 369
02 09 -9999 360 360 356 356 356 351 351 356 360 379 399 428 446 460 464 464 446 410 390 379 370 370 370
02 10 -9999 360 356 356 356 356 351 351 356 360 379 399 428 446 460 464 464 459 410 390 379 370 370 370
02 11 -9999 369 360 356 356 356 356 356 356 370 379 399 430 450 464 469 469 460 421 392 390 370 374 370
02 12 -9999 370 360 360 360 360 360 356 360 370 390 410 446 460 469 480 480 464 430 399 399 379 379 379
02 13 -9999 370 370 360 370 360 360 360 360 374 390 421 450 469 480 482 482 469 446 410 399 392 379 388
02 14 -9999 374 374 360 370 369 369 370 370 379 399 428 450 469 482 489 489 480 450 421 410 392 388 392
02 15 -9999 379 374 370 374 374 370 370 370 388 410 430 450 480 489 489 489 482 460 428 410 399 392 399
02 16 -9999 390 379 379 388 379 374 379 374 390 410 446 464 482 500 489 500 482 460 428 421 399 399 399
02 17 -9999 390 379 379 388 379 374 379 379 392 410 450 464 482 500 489 500 489 460 430 428 399 399 399
02 18 -9999 390 379 374 388 379 374 379 379 392 421 450 469 482 500 500 500 489 460 439 428 399 399 399
02 19 -9999 390 379 374 379 374 370 379 374 392 421 450 469 482 500 500 500 489 460 439 428 399 399 399
02 20 399 390 379 374 379 374 370 379 374 392 421 450 469 500 500 500 500 500 464 441 428 410 399 399
02 21 410 390 379 374 388 379 374 379 379 392 421 450 469 489 500 500 500 500 464 441 428 410 399 399
02 22 399 390 379 374 388 379 374 379 379 399 421 450 469 500 500 511 511 500 469 446 428 410 410 399
02 23 410 390 379 379 388 379 374 388 379 399 428 460 480 500 500 511 511 500 469 446 428 421 410 399
02 24 -9999 392 390 388 390 379 374 379 379 399 430 460 469 500 500 511 511 489 464 446 428 421 410 410
02 25 -9999 392 390 379 388 379 374 379 379 399 428 460 469 500 500 511 511 489 469 446 428 421 410 399
02 26 -9999 392 390 379 388 379 374 374 379 399 428 459 469 500 500 500 509 489 464 446 428 421 410 410
02 27 -9999 392 390 390 388 379 374 374 379 399 430 459 480 500 500 511 511 489 469 446 428 421 421 410
02 28 -9999 392 379 388 388 379 374 379 379 399 439 464 482 500 500 511 511 489 469 446 428 421 421 410
03 01 -9999 392 388 379 379 374 374 374 379 410 439 469 489 500 500 518 511 489 469 450 430 428 421 410
03 02 -9999 399 390 390 390 379 379 379 390 410 441 480 489 500 511 520 518 500 469 450 430 428 421 410
03 03 -9999 392 388 390 379 374 379 379 388 410 441 480 500 500 518 531 531 511 480 450 430 428 428 421
03 04 -9999 399 390 390 390 379 379 379 390 410 441 480 500 511 518 531 520 511 480 450 430 430 428 421
03 05 -9999 399 390 392 392 379 388 379 392 421 450 480 500 518 520 536 531 518 482 460 441 441 428 421
03 06 -9999 410 392 392 399 390 390 379 399 421 450 480 511 520 520 549 531 520 489 464 446 441 430 421
03 07 -9999 410 399 392 399 390 390 390 399 421 450 480 518 520 531 550 540 531 489 464 450 446 441 430
03 08 -9999 410 399 399 399 390 390 399 410 430 460 489 520 536 550 559 559 540 511 469 460 450 441 441
03 09 -9999 421 410 410 410 399 399 399 419 439 460 489 529 549 559 570 570 550 520 480 460 450 441 441
03 10 -9999 410 410 399 399 390 390 392 410 430 460 500 531 550 570 570 570 554 531 482 460 450 441 441
03 11 -9999 410 399 399 399 390 390 399 419 430 464 500 531 550 570 570 572 554 531 489 460 450 441 441
03 12 -9999 421 399 399 399 390 399 399 421 439 469 511 549 559 572 572 572 559 531 489 469 459 446 446
03 13 -9999 421 399 399 399 390 399 399 421 439 469 509 540 554 572 570 572 559 531 489 469 460 446 441
03 14 -9999 421 399 410 399 390 399 399 419 439 464 509 531 550 572 572 572 559 531 489 469 450 441 441
03 15 -9999 410 410 410 399 390 399 399 419 441 469 500 531 559 579 572 572 559 531 489 469 450 441 430
03 16 -9999 410 410 410 399 392 392 410 421 441 469 500 531 554 572 572 572 559 536 489 464 450 441 430
03 17 -9999 410 399 399 392 390 390 392 410 430 464 509 540 554 572 572 570 559 536 489 464 446 441 430
03 18 -9999 410 399 399 392 390 390 392 419 441 469 511 550 570 579 579 572 570 540 500 469 460 446 441
03 19 -9999 421 410 410 399 392 392 399 421 446 478 520 554 572 590 579 579 572 550 500 480 469 459 446
03 20 -9999 428 421 410 410 392 392 410 428 459 500 529 559 579 590 590 590 590 554 520 489 469 460 450
03 21 -9999 430 428 421 410 399 399 410 430 460 500 536 559 590 610 610 608 590 559 531 489 480 469 450
03 22 -9999 441 430 428 428 410 399 410 439 469 518 540 572 608 610 621 621 608 572 536 500 489 480 460
03 23 -9999 446 430 428 428 410 410 419 441 480 518 550 579 608 619 626 621 608 572 536 500 500 482 464
03 24 -9999 450 441 430 428 410 421 421 441 482 531 559 601 621 626 630 630 610 579 540 518 500 489 469
03 25 -9999 460 450 441 430 428 428 430 450 489 540 572 601 626 630 630 630 610 590 550 531 511 500 480
03 26 -9999 469 460 450 441 430 430 441 450 489 549 572 608 626 630 640 644 626 601 559 536 518 500 482
03 27 -9999 480 464 460 450 441 446 446 464 509 554 579 610 630 640 644 649 630 610 570 550 531 518 500
03 28 -9999 482 480 464 464 450 450 460 469 518 559 601 621 640 644 658 658 640 610 572 554 540 520 500
03 29 -9999 482 482 469 464 460 460 460 482 531 570 610 630 644 658 662 660 644 621 579 559 540 520 511
03 30 -9999 489 482 480 464 464 464 464 489 531 572 621 640 660 669 669 662 649 626 590 559 550 531 511
03 31 -9999 500 489 480 469 464 464 469 489 536 579 626 649 669 680 669 669 649 640 590 570 554 531 511
04 01 -9999 500 500 480 480 464 469 469 500 540 579 630 660 680 691 680 669 660 640 590 572 554 536 520
04 02 -9999 518 518 500 482 469 480 482 500 550 590 630 660 680 691 680 669 660 640 590 572 554 536 520
04 03 -9999 518 518 500 482 478 482 482 500 550 590 630 660 680 691 669 669 660 640 590 570 554 531 520
04 04 -9999 518 511 500 482 469 482 489 500 550 590 630 660 669 691 680 669 660 640 601 570 554 536 520
04 05 -9999 518 511 500 482 480 482 489 511 550 590 630 660 669 680 669 669 660 640 590 570 554 531 520
04 06 -9999 509 509 489 480 469 478 482 500 550 579 626 644 669 669 669 660 649 626 590 568 550 531 520
04 07 -9999 509 500 489 480 469 469 480 500 550 579 621 644 662 669 669 660 649 630 590 570 550 531 520
04 08 -9999 509 500 489 482 480 480 489 520 554 590 630 649 669 680 669 660 649 630 601 572 554 536 520
04 09 -9999 509 500 500 489 480 480 500 531 559 601 630 660 669 680 669 669 660 640 601 572 559 540 520
04 10 -9999 509 500 500 489 482 489 500 531 570 601 630 660 669 680 680 680 662 640 608 579 559 540 520
04 11 -9999 518 500 500 489 482 482 500 531 572 608 640 660 680 691 680 680 662 644 610 579 559 550 520
04 12 -9999 509 500 500 489 482 480 500 536 579 621 649 669 698 700 698 698 680 660 621 590 572 554 531
04 13 -9999 520 500 500 500 482 489 509 536 590 630 660 680 700 700 700 700 689 662 626 601 579 559 540
04 14 -9999 531 511 500 500 500 500 518 550 601 639 660 680 700 716 711 709 691 669 630 608 579 568 550
04 15 -9999 531 511 500 500 500 500 520 554 601 644 662 691 700 720 711 711 700 669 630 608 579 570 554
04 16 -9999 536 520 511 511 511 509 520 559 608 644 669 691 709 720 716 711 700 669 630 608 579 570 554
04 17 -9999 536 518 511 511 509 500 520 559 608 649 680 698 711 720 720 716 700 680 640 610 590 572 559
04 18 -9999 536 520 518 518 511 509 520 559 610 649 680 700 716 730 720 720 709 689 649 621 601 579 572
04 19 -9999 540 520 520 520 518 518 531 568 610 649 689 711 720 730 730 730 711 691 660 630 608 579 572
04 20 -9999 540 531 520 520 518 520 536 570 621 660 700 720 739 748 748 739 729 716 669 630 610 590 579
04 21 -9999 540 531 520 520 518 520 536 579 630 669 700 730 739 750 752 752 739 720 680 640 610 601 579
04 22 -9999 554 531 531 520 520 520 540 590 630 669 711 730 739 759 752 759 739 720 680 644 610 601 590
04 23 -9999 554 536 531 531 520 520 550 590 630 669 711 739 748 770 770 759 750 730 691 649 621 601 590
04 24 -9999 559 536 536 531 531 520 554 601 630 680 711 750 752 770 781 770 750 734 691 649 621 608 590
04 25 -9999 559 540 540 540 531 531 554 601 640 680 716 739 759 779 781 770 752 734 691 649 621 608 590
04 26 -9999 568 554 540 540 536 536 559 601 640 680 711 739 752 770 781 770 750 730 691 649 621 608 590
04 27 -9999 559 550 540 540 536 536 559 601 640 680 711 739 750 770 770 759 750 729 691 644 621 608 590
04 28 -9999 568 554 540 540 536 536 559 608 640 689 716 739 752 781 781 770 752 734 691 658 626 608 590
04 29 -9999 570 554 540 540 540 540 559 608 640 689 720 739 752 781 781 770 752 739 691 649 626 608 590
04 30 -9999 570 559 550 549 540 540 572 610 644 691 720 750 752 781 770 770 752 739 698 658 626 608 590
05 01 -9999 572 559 554 550 550 550 579 610 644 698 720 750 759 781 770 770 752 739 698 658 626 608 590
05 02 -9999 572 559 554 554 550 554 579 621 649 698 730 750 770 781 781 779 759 739 700 660 630 608 590
05 03 -9999 572 559 554 554 554 554 590 621 660 711 730 750 770 788 788 788 770 750 700 662 630 610 590
05 04 -9999 579 559 559 554 554 559 590 626 660 711 730 752 770 788 790 790 770 752 716 680 640 610 608
05 05 -9999 579 570 570 559 570 570 590 626 662 711 734 752 770 788 790 790 770 750 716 669 644 621 608
05 06 -9999 590 572 572 570 570 572 599 626 662 711 739 759 779 788 790 790 770 750 716 669 644 621 608
05 07 -9999 590 572 572 570 570 572 599 626 669 716 750 759 781 788 790 790 770 752 720 680 644 626 608
05 08 -9999 590 579 579 572 572 579 601 626 680 720 750 770 781 790 790 790 770 759 720 680 644 626 610
05 09 -9999 590 579 579 579 572 579 599 626 669 716 750 770 781 790 790 790 770 759 720 680 649 626 610
05 10 -9999 590 590 579 579 572 579 601 630 669 716 750 770 781 788 790 790 781 759 730 680 644 626 610
05 11 -9999 590 590 579 579 579 579 601 630 680 720 752 770 788 790 790 790 788 759 730 680 649 630 610
05 12 -9999 590 590 590 579 579 590 608 640 680 730 752 770 788 790 799 790 788 759 730 680 649 630 610
05 13 -9999 601 590 590 579 579 590 608 644 691 734 759 788 799 801 801 790 788 770 730 680 649 639 621
05 14 -9999 601 590 590 590 579 590 610 644 691 734 770 790 801 806 806 790 788 770 730 689 649 639 621
05 15 -9999 601 590 590 590 579 590 610 649 698 739 770 801 801 810 806 801 790 770 734 691 649 639 621
05 16 -9999 601 590 590 579 579 590 610 660 700 748 781 806 810 820 820 810 799 770 734 691 658 640 621
05 17 -9999 601 590 590 579 579 590 619 660 700 748 781 806 810 820 820 810 801 770 739 691 658 640 621
05 18 -9999 601 590 590 590 579 590 621 660 700 750 781 806 820 820 820 806 801 781 739 698 658 644 626
05 19 -9999 601 590 590 590 579 601 621 660 700 750 781 806 810 820 820 806 801 781 739 698 658 640 621
05 20 -9999 608 601 590 590 590 601 626 660 711 750 781 806 810 820 820 806 801 781 739 698 658 644 630
05 21 -9999 608 601 601 590 590 608 630 660 711 750 781 806 820 820 820 810 806 781 750 698 660 644 630
05 22 -9999 608 608 601 599 599 608 630 669 711 750 788 810 820 820 824 810 810 790 750 698 660 649 630
05 23 -9999 610 608 608 601 601 608 630 669 720 759 790 810 829 829 829 824 820 801 759 709 680 658 644
05 24 -9999 610 621 608 608 601 619 644 680 730 770 801 820 829 829 829 829 820 801 759 711 680 660 649
05 25 -9999 621 621 610 610 608 621 649 689 730 781 806 820 829 829 829 829 820 801 759 711 680 660 649
05 26 -9999 621 621 610 610 610 621 649 691 739 781 806 820 829 829 829 829 820 801 759 711 680 662 649
05 27 -9999 621 626 621 610 610 630 649 691 734 770 801 820 829 829 829 829 820 801 759 711 680 662 649
05 28 -9999 626 626 621 621 621 630 649 691 730 770 790 819 829 829 829 824 820 801 759 711 680 662 649
05 29 -9999 626 626 621 621 621 630 649 691 730 770 790 820 829 829 829 824 820 801 759 711 680 669 649
05 30 -9999 630 630 626 626 621 630 660 691 739 770 801 820 829 829 829 824 820 801 759 716 691 669 649
05 31 -9999 630 630 626 626 621 640 660 700 739 770 801 824 829 829 829 824 820 801 759 720 691 669 660
06 01 -9999 640 640 630 630 626 640 662 700 750 781 806 824 829 840 840 829 820 806 770 720 698 669 662
06 02 -9999 644 640 630 630 630 640 669 711 750 788 810 829 840 840 842 829 824 810 770 720 700 669 662
06 03 -9999 649 644 640 630 630 640 669 716 750 788 819 838 849 840 849 838 829 810 781 720 700 680 662
06 04 -9999 649 644 640 640 630 649 669 720 752 790 820 838 849 842 849 840 829 810 781 729 700 680 662
06 05 -9999 649 644 644 640 640 649 669 720 759 790 820 840 849 849 849 842 840 820 788 730 709 680 669
06 06 -9999 649 649 649 644 640 658 680 720 759 799 824 840 849 849 849 842 840 820 788 730 709 680 669
06 07 -9999 660 649 649 649 644 660 680 720 759 801 824 840 860 849 849 842 840 820 788 734 711 689 680
06 08 -9999 660 649 649 649 649 660 680 720 759 801 824 840 860 849 849 849 842 824 788 739 716 698 680
06 09 -9999 669 660 658 649 649 662 691 720 770 801 829 840 860 860 849 849 842 824 790 748 716 700 680
06 10 -9999 669 662 660 658 649 662 691 720 770 801 829 842 860 860 860 860 849 829 801 750 720 700 689
06 11 -9999 669 662 660 660 649 669 691 729 770 806 829 849 860 860 860 860 860 829 801 750 720 709 691
06 12 -9999 680 662 660 662 660 669 691 730 770 810 838 849 871 871 871 871 860 829 806 750 720 711 698
06 13 -9999 669 669 660 660 660 669 698 730 781 810 842 860 871 878 880 878 860 840 810 752 729 711 698
06 14 -9999 680 669 662 662 660 669 691 730 781 810 842 860 871 878 880 878 860 840 810 752 730 711 700
06 15 -9999 680 669 669 669 662 680 698 730 781 810 840 860 871 878 880 871 860 840 806 752 730 711 700
06 16 -9999 680 669 669 669 662 680 698 730 770 806 838 849 871 871 871 871 860 840 806 752 720 711 700
06 17 -9999 680 680 669 669 662 680 698 729 770 806 829 849 860 871 871 871 860 840 801 750 720 709 700
06 18 -9999 680 680 669 669 662 680 698 729 770 806 838 849 860 871 878 871 860 840 806 752 720 711 700
06 19 -9999 689 680 680 680 662 680 698 729 770 806 840 860 860 878 878 878 871 842 806 752 729 711 700
06 20 -9999 691 680 680 680 662 680 698 730 770 810 842 860 871 880 880 880 871 842 806 752 730 711 700
06 21 -9999 691 680 680 680 669 680 698 730 770 810 840 860 871 878 880 878 871 842 806 759 730 716 700
06 22 -9999 691 680 680 680 669 680 698 730 770 806 840 849 871 878 878 871 860 842 806 759 730 716 700
06 23 -9999 691 680 680 680 669 680 698 730 770 806 829 842 860 871 878 869 860 840 806 752 720 711 700
06 24 -9999 689 680 669 680 669 680 698 730 770 806 829 842 860 871 871 871 860 842 806 752 729 711 700
06 25 -9999 691 680 680 680 669 680 698 730 770 806 829 842 860 869 871 869 860 842 801 752 729 711 700
06 26 -9999 691 680 680 680 669 680 698 730 770 806 829 842 860 860 871 869 860 842 806 752 729 711 700
06 27 -9999 691 689 680 680 680 680 700 734 770 806 829 842 860 871 878 871 860 842 806 752 730 711 700
06 28 -9999 698 691 680 680 680 691 711 739 770 806 829 842 860 871 878 871 860 842 806 759 730 716 700
06 29 -9999 698 691 680 680 680 691 716 739 770 810 840 849 871 878 878 878 871 842 806 759 730 716 700
06 30 -9999 698 691 680 680 680 691 716 739 781 810 842 860 878 880 878 878 878 849 810 770 734 716 709
07 01 -9999 698 691 680 680 680 691 716 748 781 820 849 860 878 880 889 880 878 860 820 770 739 720 711
07 02 -9999 698 691 689 680 680 698 716 750 788 824 849 871 880 891 891 889 880 860 820 779 739 720 711
07 03 -9999 698 691 691 680 680 691 716 752 788 829 860 878 880 891 891 880 880 860 820 770 739 720 711
07 04 -9999 698 691 680 680 680 691 716 752 788 829 860 871 880 891 891 880 878 860 820 770 739 729 711
07 05 -9999 698 691 680 680 680 680 716 750 790 829 849 871 880 889 891 891 878 860 820 770 748 729 711
07 06 -9999 698 691 680 680 680 691 716 750 790 829 849 871 880 891 891 891 880 860 824 781 750 730 716
07 07 -9999 698 691 680 680 680 691 716 750 790 829 860 871 889 896 896 891 880 860 824 781 750 730 716
07 08 -9999 700 691 689 680 680 691 720 752 790 829 860 871 891 900 900 896 880 860 829 788 752 730 720
07 09 -9999 700 691 691 680 680 691 720 752 799 829 860 878 891 900 900 900 891 860 829 790 752 730 720
07 10 -9999 700 691 691 680 680 691 720 752 799 840 871 880 896 900 909 900 891 860 829 790 752 734 720
07 11 -9999 709 691 691 691 680 698 729 759 801 840 871 880 896 900 909 900 891 860 829 790 759 734 729
07 12 -9999 700 698 691 691 680 698 729 759 799 838 871 880 891 900 909 900 891 860 829 790 752 730 720
07 13 -9999 700 698 691 691 689 698 720 759 799 829 869 880 891 900 900 900 889 860 829 790 752 730 720
07 14 -9999 700 691 691 691 680 691 716 752 790 829 860 878 891 900 900 896 880 860 824 788 752 730 720
07 15 -9999 700 698 691 691 689 698 716 752 790 829 860 871 891 900 896 891 880 860 824 781 750 730 720
07 16 -9999 700 691 691 691 689 698 716 752 790 829 860 871 891 900 891 891 878 860 820 781 750 730 720
07 17 -9999 700 691 691 691 680 698 716 750 790 829 860 871 889 896 891 891 880 860 820 781 750 730 720
07 18 -9999 700 691 691 691 689 698 720 752 790 824 849 871 889 896 891 891 878 860 820 781 750 730 720
07 19 -9999 700 700 698 691 691 698 720 752 790 824 849 871 889 896 891 891 878 860 820 781 750 730 720
07 20 -9999 700 700 698 691 691 698 720 759 790 824 849 871 880 896 891 891 871 860 820 781 750 730 720
07 21 -9999 700 700 691 691 689 698 720 752 790 824 849 871 880 896 891 891 871 849 820 781 750 730 720
07 22 -9999 700 700 698 691 691 698 720 759 790 824 849 869 880 891 891 891 871 849 820 781 750 730 720
07 23 -9999 700 700 698 691 691 698 720 752 790 824 849 869 880 891 891 889 871 849 820 770 750 730 720
07 24 -9999 700 700 691 691 691 698 716 750 788 824 842 860 878 891 891 880 871 849 810 770 748 730 720
07 25 -9999 700 700 691 691 691 698 716 750 788 820 842 860 878 880 891 880 871 849 810 770 748 730 720
07 26 -9999 700 698 691 689 680 691 711 748 781 820 842 860 878 880 891 880 871 849 810 770 739 730 720
07 27 -9999 700 698 691 680 680 691 711 750 781 820 842 860 878 891 891 889 878 849 810 770 739 730 720
07 28 -9999 700 700 691 680 680 691 711 750 781 820 842 860 880 891 896 891 878 849 810 770 739 730 720
07 29 -9999 700 700 691 691 691 691 716 750 781 820 842 860 880 891 896 891 878 849 810 770 748 730 720
07 30 -9999 709 700 691 691 691 691 716 739 781 810 842 860 878 891 896 891 878 849 810 770 748 730 720
07 31 -9999 700 700 691 691 689 691 711 739 781 810 842 860 878 891 896 891 878 849 810 770 739 730 720
08 01 -9999 700 700 691 691 689 691 711 739 781 810 842 860 880 891 896 889 878 849 810 770 739 730 720
08 02 -9999 700 700 691 691 689 691 711 739 781 810 842 860 880 891 896 880 871 849 806 770 739 730 720
08 03 -9999 700 700 691 691 691 691 711 739 779 810 842 860 880 891 896 880 878 849 806 770 739 730 720
08 04 -9999 700 700 698 691 691 691 711 739 779 810 842 860 880 891 896 880 878 849 806 770 739 730 720
08 05 -9999 700 700 698 698 691 691 711 739 781 810 842 860 880 891 896 880 878 849 801 770 739 720 716
08 06 -9999 698 698 691 691 691 691 711 734 779 810 842 869 880 891 891 880 878 842 801 770 739 730 716
08 07 -9999 700 700 691 691 691 691 711 734 779 810 842 869 880 891 896 891 878 849 806 770 739 729 716
08 08 -9999 700 700 698 691 691 691 711 734 779 810 849 871 880 891 891 880 878 842 801 770 739 730 716
08 09 -9999 700 700 698 691 691 691 711 734 770 810 842 869 880 880 889 880 871 842 801 770 739 730 716
08 10 -9999 700 700 698 691 691 691 711 734 770 810 842 860 880 880 889 880 871 842 801 770 739 730 716
08 11 -9999 700 700 698 691 691 689 711 734 770 806 840 860 878 880 880 880 860 840 801 770 739 729 716
08 12 -9999 698 698 691 691 689 680 700 730 770 806 840 860 878 880 880 871 860 840 799 770 739 720 711
08 13 -9999 698 691 680 689 680 680 700 730 770 801 840 860 871 878 880 871 860 840 790 770 739 720 711
08 14 -9999 698 698 680 689 680 680 700 730 770 801 829 860 871 878 880 871 860 840 790 759 739 720 711
08 15 -9999 698 698 691 689 680 680 698 730 770 801 829 860 871 878 871 869 860 829 790 759 739 720 711
08 16 -9999 691 691 680 689 680 680 698 730 759 799 829 849 871 871 871 860 849 829 788 752 739 720 709
08 17 -9999 691 691 680 680 680 680 698 720 759 790 824 849 860 871 871 860 849 829 781 752 734 720 709
08 18 -9999 691 691 680 680 680 669 698 720 752 790 824 842 860 871 860 860 849 824 781 748 734 716 700
08 19 -9999 691 680 680 680 669 669 691 720 752 790 820 842 860 871 860 860 849 824 781 748 730 716 709
08 20 -9999 691 680 680 680 669 669 691 716 752 790 820 842 860 871 860 860 849 824 781 739 730 716 700
08 21 -9999 691 680 680 680 669 669 691 716 750 790 820 840 860 869 860 860 849 824 779 739 729 716 700
08 22 -9999 680 680 680 680 662 662 680 716 750 788 820 840 860 860 860 860 842 824 779 739 720 711 700
08 23 -9999 680 680 680 669 662 662 680 716 739 788 820 840 860 860 869 860 842 820 770 734 720 709 700
08 24 -9999 680 680 680 669 662 662 680 711 739 781 810 838 849 860 860 860 840 810 770 734 716 700 700
08 25 -9999 680 680 680 669 662 662 680 711 739 781 806 829 842 860 849 849 829 810 759 730 716 700 698
08 26 -9999 680 680 669 669 662 662 680 700 734 779 806 829 842 860 849 849 829 806 759 730 711 700 698
08 27 -9999 680 680 669 669 662 662 669 700 734 779 810 829 842 860 849 849 838 810 759 730 716 700 698
08 28 -9999 680 680 669 662 662 662 669 700 730 770 806 829 842 860 849 849 842 806 759 729 711 700 698
08 29 -9999 680 669 669 662 662 662 669 698 734 770 806 829 849 860 860 849 838 810 759 730 711 700 698
08 30 -9999 680 669 669 662 662 662 669 698 734 779 810 838 860 860 860 860 842 810 759 730 711 700 691
08 31 -9999 680 680 669 662 662 662 680 700 734 781 810 840 860 871 871 871 849 810 759 730 711 700 698
09 01 -9999 680 680 669 669 662 662 680 700 734 781 810 842 860 860 869 860 842 810 759 730 711 700 698
09 02 -9999 680 680 669 669 662 662 680 700 730 781 810 842 860 860 860 860 842 810 759 730 711 700 698
09 03 -9999 680 680 680 669 662 669 680 700 734 781 810 842 860 860 860 860 849 810 759 730 711 698 691
09 04 -9999 680 680 669 669 662 669 680 700 730 781 810 842 860 849 860 842 840 806 752 730 711 698 691
09 05 -9999 680 680 669 662 662 662 680 698 720 770 810 840 849 849 860 840 829 801 752 720 700 691 680
09 06 -9999 680 669 669 662 662 662 680 698 720 770 806 829 842 842 849 840 824 790 750 716 700 691 680
09 07 -9999 680 669 662 662 660 662 680 698 720 759 806 829 842 842 849 840 824 790 750 716 700 691 680
09 08 -9999 680 669 669 662 660 662 669 698 720 752 806 824 842 842 842 840 824 790 750 716 700 691 680
09 09 -9999 680 669 669 662 660 662 669 698 720 759 806 824 842 842 849 840 824 788 750 716 698 691 680
09 10 -9999 680 669 669 662 660 662 669 698 716 752 799 820 840 840 840 838 820 788 748 716 698 691 680
09 11 -9999 680 669 662 660 649 660 662 691 716 752 790 819 829 829 829 829 810 770 734 711 698 689 680
09 12 -9999 669 669 662 662 649 660 662 691 716 750 790 819 829 829 829 824 810 770 734 711 698 691 680
09 13 -9999 669 669 662 662 649 660 662 691 716 750 790 810 829 824 829 824 810 770 734 709 698 689 680
09 14 -9999 669 669 662 660 649 658 662 691 716 739 788 810 824 824 824 820 806 759 729 700 698 680 680
09 15 -9999 662 662 660 649 644 644 660 689 711 739 770 801 810 820 820 810 790 752 720 698 689 680 669
09 16 -9999 662 660 649 644 644 640 658 680 709 734 770 790 810 810 810 806 788 750 716 698 680 680 669
09 17 -9999 662 658 644 644 640 640 649 680 700 730 770 790 806 810 806 801 788 739 716 698 680 662 662
09 18 -9999 649 644 640 640 640 630 644 669 700 730 770 788 801 810 806 801 781 739 711 691 680 662 660
09 19 -9999 649 644 640 630 630 630 644 669 698 730 770 788 801 810 806 801 779 739 711 691 680 662 660
09 20 -9999 649 644 640 630 640 630 644 669 698 729 759 781 790 801 801 799 770 739 711 691 680 662 660
09 21 -9999 649 644 640 630 640 630 644 669 698 720 752 770 788 790 790 788 770 730 698 680 669 662 649
09 22 -9999 644 640 640 630 640 626 640 660 691 711 739 770 781 788 788 781 759 720 691 680 662 658 649
09 23 -9999 640 630 630 626 630 621 630 649 680 700 734 759 781 788 788 781 752 720 691 680 662 649 644
09 24 -9999 630 626 630 621 626 619 626 649 669 700 734 759 779 788 788 781 752 716 691 669 660 649 644
09 25 -9999 630 621 626 621 610 610 621 649 669 700 734 759 770 788 788 781 752 716 691 669 660 649 644
09 26 -9999 630 621 626 621 610 610 621 649 669 700 730 752 770 788 788 779 750 711 680 669 660 649 644
09 27 -9999 630 621 626 610 621 610 621 649 662 698 730 752 770 788 781 770 750 700 680 669 660 649 644
09 28 -9999 626 621 626 610 610 610 619 640 660 691 720 750 759 781 770 770 739 698 680 662 649 644 640
09 29 -9999 626 621 621 610 610 608 610 640 660 691 720 750 759 779 770 770 739 698 669 660 649 640 630
09 30 -9999 621 621 610 610 608 608 610 630 649 680 711 748 759 770 770 759 734 691 660 649 644 630 630
10 01 -9999 610 610 608 601 608 601 608 626 649 680 711 739 759 770 759 752 730 680 660 649 640 630 621
10 02 -9999 608 610 601 601 601 590 601 621 644 680 711 739 759 770 759 752 730 680 660 649 630 626 621
10 03 -9999 608 601 601 590 590 590 590 621 640 680 709 734 752 770 759 750 730 680 649 644 630 626 619
10 04 -9999 601 601 601 590 590 590 590 619 640 669 700 730 750 759 752 750 729 680 644 639 621 610 608
10 05 -9999 590 590 601 579 579 579 590 608 630 662 698 730 750 759 752 750 720 669 644 630 621 608 601
10 06 -9999 579 590 590 572 579 579 590 601 630 660 698 730 750 759 752 750 720 669 644 626 610 601 590
10 07 -9999 579 579 590 572 572 572 579 601 630 660 698 729 750 759 752 750 720 669 644 621 610 590 590
10 08 -9999 572 572 579 572 572 572 579 590 621 660 698 720 750 759 752 750 720 662 640 610 608 590 590
10 09 -9999 572 572 572 572 572 572 572 590 621 649 680 720 739 752 750 739 716 662 630 610 601 590 579
10 10 -9999 572 570 572 570 570 554 570 579 608 640 680 716 739 750 739 734 711 658 630 610 601 590 579
10 11 -9999 572 570 572 570 570 570 570 579 601 640 680 709 730 734 734 734 711 649 621 608 590 579 572
10 12 -9999 570 570 570 570 559 554 554 572 601 639 669 700 730 734 734 734 700 649 621 601 579 579 570
10 13 -9999 570 570 559 559 554 550 550 570 599 630 669 700 720 730 730 730 700 649 619 590 579 570 570
10 14 -9999 568 559 559 559 554 550 550 570 599 630 669 698 720 730 730 720 700 649 619 590 579 559 559
10 15 -9999 554 550 554 550 550 540 550 559 590 626 662 691 716 720 729 720 698 644 619 590 579 559 554
10 16 -9999 550 550 550 550 540 540 549 559 579 621 660 680 711 720 720 716 680 640 619 590 572 554 550
10 17 -9999 550 549 550 540 540 540 540 554 572 621 649 680 709 711 711 711 680 630 610 590 572 554 550
10 18 -9999 550 550 540 540 540 540 540 550 570 610 649 680 700 711 711 698 669 630 608 579 572 554 550
10 19 -9999 549 540 540 536 531 531 540 550 570 610 649 669 700 709 711 691 669 630 608 579 572 554 550
10 20 -9999 549 540 540 536 531 531 536 550 572 610 649 669 700 700 711 691 662 630 610 590 572 554 550
10 21 -9999 540 540 540 536 531 531 520 549 570 608 649 669 700 700 709 689 660 621 601 579 572 550 550
10 22 -9999 531 531 531 531 518 520 520 536 570 601 644 669 691 700 709 680 649 610 599 579 570 550 540
10 23 -9999 531 520 531 531 520 520 520 536 568 590 640 662 691 698 700 680 649 610 601 579 559 540 540
10 24 -9999 531 520 520 520 520 520 520 536 559 590 640 660 691 691 700 680 649 610 599 579 559 540 540
10 25 -9999 531 520 520 520 520 520 520 536 559 590 630 649 680 689 691 669 644 608 590 572 559 540 540
10 26 -9999 531 520 520 520 520 511 520 536 559 590 630 649 680 680 691 662 640 608 590 572 559 540 540
10 27 -9999 531 520 520 520 518 511 518 531 554 590 626 644 680 680 691 662 640 601 590 568 554 536 536
10 28 -9999 520 520 520 518 511 511 511 531 550 590 630 649 680 680 691 662 640 601 579 568 554 540 536
10 29 -9999 520 518 518 518 518 500 511 520 550 590 626 644 669 680 680 660 640 601 579 568 559 540 536
10 30 -9999 520 518 518 511 511 500 511 520 550 590 630 644 669 680 680 658 640 601 579 568 559 540 536
10 31 -9999 520 518 518 518 518 511 511 520 550 590 621 644 669 669 680 649 630 599 579 559 554 540 531
11 01 -9999 520 511 511 511 511 500 500 518 540 579 619 640 662 662 669 649 630 590 572 559 554 536 531
11 02 -9999 520 511 511 511 511 511 511 518 536 572 608 639 660 662 669 644 626 590 572 559 554 540 531
11 03 -9999 520 511 511 511 511 511 511 518 536 572 608 630 649 660 662 644 621 590 572 559 554 536 531
11 04 -9999 520 500 511 500 500 500 500 511 531 568 599 626 644 649 660 640 610 579 559 554 549 536 520
11 05 -9999 511 500 500 489 500 489 500 500 520 559 590 621 640 649 660 640 608 579 559 554 549 531 518
11 06 -9999 511 500 500 489 500 489 500 500 520 559 590 619 630 644 649 630 608 579 559 554 549 531 518
11 07 -9999 500 500 500 489 482 482 489 500 520 559 590 619 630 640 644 630 608 579 559 554 540 520 518
11 08 -9999 500 500 500 489 482 482 489 500 520 559 590 610 626 639 640 626 601 572 559 554 536 531 518
11 09 -9999 500 500 500 489 489 482 489 489 520 559 579 610 626 626 630 610 590 572 554 540 536 520 518
11 10 -9999 500 500 500 489 489 480 480 482 511 550 572 608 610 621 626 608 590 559 550 536 531 518 511
11 11 -9999 500 500 489 489 480 480 480 480 500 536 559 590 601 621 621 601 579 559 550 536 531 518 511
11 12 -9999 500 500 489 489 480 480 480 480 500 531 559 590 601 610 610 601 572 554 540 531 531 518 511
11 13 -9999 500 500 489 482 469 480 469 480 500 531 554 579 599 608 608 590 570 550 540 531 520 511 509
11 14 -9999 500 489 489 482 469 478 469 478 500 531 554 572 590 601 601 590 570 540 540 531 520 511 511
11 15 -9999 500 500 489 482 469 469 469 469 500 520 554 572 590 601 601 590 570 540 536 531 520 511 511
11 16 -9999 500 500 482 480 469 464 469 469 500 529 554 570 590 601 601 579 554 540 531 518 511 511 511
11 17 -9999 500 500 480 480 469 464 469 469 489 520 550 559 579 590 590 572 550 531 520 518 500 500 509
11 18 -9999 500 489 480 478 464 460 464 469 489 518 540 550 579 590 590 570 540 520 520 511 500 500 500
11 19 -9999 500 489 469 464 460 460 464 464 489 511 536 550 570 590 590 570 540 520 518 511 500 500 500
11 20 -9999 500 489 469 469 460 460 464 464 489 511 536 550 570 590 590 568 540 520 518 511 500 500 500
11 21 -9999 500 489 480 469 464 464 464 464 489 520 540 559 570 590 590 568 540 520 518 511 500 500 500
11 22 -9999 500 482 469 469 464 460 464 469 489 518 536 550 570 572 579 559 536 518 500 500 489 500 500
11 23 -9999 500 482 469 469 460 460 464 469 489 518 536 549 559 570 572 554 536 518 500 500 489 489 482
11 24 -9999 482 480 469 464 460 459 460 464 482 500 531 540 559 570 572 554 531 511 500 489 489 482 482
11 25 -9999 480 469 464 460 459 450 460 464 480 500 531 540 559 570 572 559 531 511 500 489 489 482 482
11 26 -9999 480 469 464 460 460 450 460 460 480 500 536 540 559 572 572 554 536 511 500 489 482 482 482
11 27 -9999 480 469 464 460 459 450 460 460 478 500 531 536 559 570 572 554 529 511 500 482 482 482 480
11 28 -9999 480 464 459 459 450 450 460 460 469 500 531 540 559 572 572 559 531 518 500 489 482 482 482
11 29 -9999 469 464 450 459 459 450 460 460 469 500 536 540 559 572 572 554 529 511 489 482 482 480 480
11 30 -9999 464 464 450 450 450 450 450 460 469 500 529 536 554 570 568 550 520 511 489 482 482 480 480
12 01 -9999 460 460 450 450 446 446 450 450 464 500 518 520 540 559 554 540 518 500 482 469 464 464 459
12 02 -9999 450 446 446 446 446 446 446 446 450 480 500 520 536 554 554 536 509 500 469 464 464 464 450
12 03 -9999 446 446 446 446 441 441 441 430 446 469 482 518 520 554 550 536 500 482 469 464 460 459 450
12 04 -9999 446 446 446 446 441 441 441 430 446 464 482 500 518 540 536 531 489 478 464 460 450 450 446
12 05 -9999 439 430 441 430 430 428 430 428 446 464 469 500 511 531 536 520 469 460 450 450 441 446 430
12 06 -9999 430 430 430 430 428 428 428 428 441 460 469 482 500 518 518 500 460 460 446 439 439 439 428
12 07 -9999 428 430 428 428 428 428 421 428 441 450 464 480 489 500 500 489 460 450 439 428 430 430 428
12 08 -9999 421 421 428 421 410 421 410 421 430 450 464 469 489 500 500 482 460 450 430 428 428 421 419
12 09 -9999 410 410 410 410 399 410 410 410 421 446 459 469 482 500 489 469 446 441 430 421 428 421 410
12 10 -9999 410 399 410 399 399 399 399 410 421 430 450 469 489 489 489 469 446 441 428 421 421 421 410
12 11 -9999 399 399 399 399 399 399 399 410 410 428 446 460 469 480 480 464 430 430 421 410 421 410 399
12 12 -9999 392 392 399 399 399 399 392 399 410 421 430 450 464 480 469 460 430 428 410 410 399 399 392
12 13 -9999 392 392 392 392 390 390 390 388 392 410 430 441 460 469 464 460 428 421 410 399 399 399 392
12 14 -9999 392 392 392 392 390 390 388 379 390 410 428 441 460 464 464 450 428 410 410 399 392 392 390
12 15 -9999 392 392 392 392 390 390 388 379 379 410 428 441 450 469 464 450 428 410 399 392 392 392 390
12 16 -9999 392 392 399 392 390 390 390 390 392 410 428 441 460 469 464 450 428 410 399 399 392 392 392
12 17 -9999 399 392 399 392 392 390 390 390 392 410 430 446 460 469 464 450 428 410 399 399 392 392 390
12 18 -9999 392 392 390 390 390 390 388 379 390 410 428 446 460 469 464 450 428 410 399 399 392 392 390
12 19 -9999 392 390 379 390 390 379 379 379 390 399 428 441 459 469 464 450 428 410 399 399 390 392 390
12 20 -9999 390 379 379 379 379 379 379 379 379 399 428 430 450 464 450 446 410 399 399 392 390 390 390
12 21 -9999 379 379 374 374 379 374 379 374 379 399 421 428 446 464 460 446 419 399 399 399 390 390 390
12 22 -9999 390 379 379 374 379 374 379 379 379 399 421 430 450 464 460 446 421 410 399 392 390 390 390
12 23 -9999 390 379 374 374 374 374 374 370 374 392 421 428 441 460 446 441 410 399 399 390 390 379 379
12 24 -9999 379 374 374 374 374 374 374 370 374 392 421 428 441 460 450 441 410 399 392 390 390 379 388
12 25 -9999 379 379 374 374 374 374 374 370 374 392 419 428 441 460 450 441 410 399 392 392 390 379 379
12 26 -9999 379 374 374 370 374 370 369 360 374 390 410 428 441 460 450 441 410 399 392 392 392 390 390
12 27 -9999 379 379 374 374 374 374 374 370 374 392 421 428 446 460 460 441 419 410 392 392 392 390 390
12 28 -9999 390 379 374 374 370 374 374 370 374 399 428 428 450 464 464 446 421 410 399 399 392 390 390
12 29 379 379 379 374 374 370 374 374 370 379 392 421 428 446 460 450 441 421 410 399 399 392 390 390
12 30 379 379 379 374 374 370 374 374 374 390 399 421 428 446 460 460 441 421 410 399 399 399 390 390
12 31 379 379 379 374 374 374 374 374 370 379 392 421 428 441 459 450 441 421 410 399 392 392 390 390
