01 01 -9999 640 644 640 649 640 640 644 644 660 691 730 750 759 759 759 752 730 691 669 669 660 649 649
01 02 -9999 640 640 640 640 640 640 640 640 660 691 720 739 759 770 759 752 730 691 669 662 658 649 649
01 03 -9999 640 640 639 630 640 640 640 640 660 691 720 739 759 759 759 752 730 691 669 669 660 649 649
01 04 -9999 640 640 639 639 640 640 640 640 660 691 720 739 759 759 759 752 730 691 669 662 658 649 649
01 05 -9999 640 639 630 630 640 640 639 640 658 689 720 739 759 759 759 752 730 691 669 662 649 649 644
01 06 -9999 640 640 639 630 640 640 640 640 660 680 720 739 759 759 759 752 730 691 669 669 660 649 644
01 07 -9999 640 640 640 640 640 640 640 640 649 680 720 739 752 759 759 752 730 691 669 669 660 649 644
01 08 -9999 639 640 630 639 640 640 630 640 649 680 720 739 752 759 752 750 720 691 669 660 649 644 640
01 09 -9999 630 630 630 630 630 630 630 630 649 680 720 739 752 752 752 750 720 691 669 660 649 644 640
01 10 -9999 630 630 630 630 630 630 630 630 644 680 716 739 752 752 752 748 720 689 669 660 649 640 640
01 11 -9999 630 630 626 630 630 626 626 626 640 680 720 739 750 759 750 739 720 691 669 660 649 644 640
01 12 -9999 626 630 626 630 630 626 621 621 640 680 711 739 750 752 750 739 720 691 669 660 649 644 640
01 13 -9999 626 626 621 626 626 626 619 610 630 669 711 734 748 750 748 739 716 680 662 660 644 640 630
01 14 -9999 621 626 621 621 626 621 619 610 630 680 711 734 748 750 748 734 716 680 662 660 644 640 630
01 15 -9999 626 626 621 619 621 610 610 610 630 669 700 730 739 739 739 734 716 680 662 649 644 639 630
01 16 -9999 621 621 610 610 619 610 610 608 630 669 709 730 739 739 739 734 716 680 662 658 644 640 630
01 17 -9999 626 626 619 610 621 610 610 608 630 669 711 734 748 739 750 739 716 691 662 660 644 644 630
01 18 -9999 626 626 619 621 621 608 610 608 630 669 709 734 748 739 750 739 716 691 662 660 644 639 630
01 19 -9999 626 626 619 619 619 608 608 608 630 669 709 734 748 739 750 734 716 691 662 660 644 639 630
01 20 -9999 626 621 619 610 610 608 610 608 630 669 700 734 739 734 739 734 716 680 662 649 644 626 626
01 21 -9999 621 621 619 610 608 608 608 608 626 662 700 730 730 734 734 730 716 680 660 649 640 626 626
01 22 -9999 621 621 610 610 608 608 608 608 630 669 709 730 734 739 739 734 716 680 660 649 644 626 626
01 23 -9999 621 626 621 621 610 610 610 608 640 680 709 730 739 739 739 734 716 680 660 658 644 630 626
01 24 -9999 626 626 621 621 610 610 610 610 640 680 711 734 739 739 750 739 716 680 662 658 644 639 630
01 25 -9999 626 626 619 619 610 610 610 610 640 680 711 734 739 748 750 739 720 691 662 658 649 644 640
01 26 -9999 630 630 626 621 621 626 626 621 640 680 711 734 748 748 750 739 720 680 662 658 649 644 640
01 27 -9999 630 630 621 621 621 626 626 626 644 680 711 734 748 739 752 739 720 691 662 658 649 644 640
01 28 -9999 630 630 626 621 621 621 626 626 644 680 711 734 750 748 752 739 720 691 662 658 649 644 640
01 29 -9999 630 626 621 621 619 621 621 621 644 680 716 739 750 748 752 748 720 691 669 658 649 644 640
01 30 -9999 630 626 621 621 621 621 621 626 644 680 716 739 750 750 752 750 720 698 669 660 649 644 640
01 31 -9999 630 626 626 621 621 621 621 626 640 680 711 734 750 750 752 748 720 691 669 660 649 644 640
02 01 -9999 630 626 621 621 621 621 621 621 640 680 711 730 739 750 752 739 720 691 669 649 649 644 630
02 02 -9999 630 626 621 621 619 621 619 621 640 680 711 734 750 752 752 750 730 698 669 658 649 644 640
02 03 -9999 630 626 630 626 621 626 621 626 644 680 716 734 750 752 759 750 734 700 669 660 649 649 640
02 04 -9999 630 630 630 626 626 626 621 626 644 680 716 734 752 759 759 752 734 709 669 660 658 649 644
02 05 -9999 639 630 630 626 626 626 621 626 644 680 716 734 752 759 759 752 734 709 669 660 649 649 644
02 06 -9999 630 630 630 626 626 626 621 626 644 680 716 734 750 752 759 752 734 709 669 660 649 649 640
02 07 -9999 630 626 630 626 626 626 621 626 644 680 716 734 750 752 759 752 734 709 669 660 649 649 640
02 08 -9999 630 626 626 621 626 626 621 626 644 691 716 734 750 759 759 752 734 709 669 662 649 649 640
02 09 -9999 630 630 630 626 630 630 626 630 649 691 720 739 752 770 770 759 739 709 680 662 658 649 640
02 10 -9999 630 630 630 630 626 626 626 630 649 691 720 739 752 770 770 759 734 711 680 662 658 649 644
02 11 -9999 630 630 630 630 626 626 626 630 649 691 720 739 752 770 759 752 734 711 680 662 658 644 640
02 12 -9999 630 630 630 630 626 626 626 630 649 698 720 739 752 770 770 752 734 716 680 662 658 649 640
02 13 -9999 640 630 630 630 626 626 626 630 649 698 720 739 752 759 759 752 734 711 680 662 658 649 640
02 14 -9999 639 630 630 630 626 626 626 630 649 691 720 739 752 770 770 752 739 711 680 662 658 644 644
02 15 -9999 640 630 630 630 630 630 630 630 658 698 730 750 759 770 770 759 739 716 680 669 658 658 649
02 16 -9999 640 640 630 630 630 630 630 630 660 698 730 750 759 770 770 759 739 720 689 669 660 660 649
02 17 -9999 644 640 639 630 630 630 630 640 660 700 730 750 759 770 770 759 739 720 680 669 658 658 649
02 18 -9999 640 640 630 630 630 630 630 630 660 700 730 750 759 770 770 759 739 720 680 669 660 660 649
02 19 -9999 640 640 630 630 630 630 630 630 662 700 730 750 759 770 770 759 739 720 680 669 660 660 649
02 20 -9999 640 639 630 630 630 630 630 639 662 700 734 750 770 770 779 770 739 720 691 669 662 660 649
02 21 -9999 640 639 630 630 630 630 630 640 662 700 734 752 770 781 781 779 759 730 698 680 669 660 649
02 22 -9999 640 640 630 630 639 630 630 640 662 700 734 752 770 781 781 779 759 734 698 680 669 660 658
02 23 -9999 644 640 639 639 640 640 640 644 669 700 734 752 770 770 781 781 759 739 700 680 669 662 660
02 24 -9999 644 640 640 640 640 640 640 644 669 700 734 752 770 770 781 781 759 739 700 680 669 662 649
02 25 -9999 640 640 639 640 640 640 639 644 669 700 734 752 770 781 781 781 759 739 700 680 680 662 660
02 26 -9999 644 640 640 640 644 640 640 649 669 711 734 759 781 781 788 781 770 739 700 680 680 669 660
02 27 -9999 644 640 640 640 644 640 644 660 680 716 739 759 781 781 788 788 770 750 711 680 680 669 660
02 28 -9999 649 644 644 644 649 644 644 660 691 716 739 770 781 781 790 788 770 750 711 691 680 669 660
03 01 -9999 649 649 644 649 649 644 649 662 691 716 748 770 781 788 790 788 770 750 711 691 680 669 662
03 02 -9999 649 644 644 644 649 644 644 660 691 716 748 770 781 788 790 788 770 750 700 680 680 669 660
03 03 -9999 649 644 640 644 644 640 644 658 691 720 750 770 781 788 790 788 770 750 711 691 680 669 660
03 04 -9999 644 644 640 640 644 640 644 658 691 720 752 770 788 790 801 788 770 750 711 691 680 669 660
03 05 -9999 649 644 644 640 640 640 640 658 691 720 752 770 788 790 801 788 770 750 711 691 680 669 660
03 06 -9999 649 644 640 640 640 644 644 660 691 730 752 770 788 801 801 790 770 752 716 691 680 669 662
03 07 -9999 660 644 644 640 640 644 644 660 698 730 752 770 790 801 801 790 770 752 716 691 680 680 662
03 08 -9999 660 644 644 644 644 644 644 660 698 730 759 770 790 801 801 790 770 752 716 698 691 680 662
03 09 -9999 660 649 644 644 649 649 649 662 698 734 759 781 790 801 806 801 781 752 716 698 691 680 662
03 10 -9999 660 649 644 644 644 644 644 662 698 730 759 781 790 801 806 801 781 752 716 698 691 680 662
03 11 -9999 660 649 644 644 644 644 644 662 700 734 759 781 790 801 806 801 781 752 716 698 691 680 669
03 12 -9999 660 658 644 644 644 644 644 662 700 734 759 781 790 801 806 801 781 752 720 698 691 680 669
03 13 -9999 660 658 644 644 644 644 649 662 700 734 759 781 790 801 806 801 781 752 720 700 691 680 669
03 14 -9999 660 649 644 644 644 644 644 660 700 734 759 781 790 801 806 806 788 759 720 700 691 680 680
03 15 -9999 660 649 644 644 644 644 644 660 700 734 759 781 799 801 810 806 788 759 720 700 698 680 669
03 16 -9999 660 649 644 644 644 644 644 660 700 734 759 781 799 801 810 806 790 759 720 700 698 680 680
03 17 -9999 660 658 644 644 644 644 649 662 700 734 759 781 799 806 806 806 790 759 729 700 698 680 680
03 18 -9999 662 660 644 644 644 649 649 662 709 734 759 781 799 806 806 801 790 759 729 709 698 680 680
03 19 -9999 662 660 649 644 644 649 649 662 711 739 759 781 790 806 806 801 790 759 729 709 698 680 669
03 20 -9999 662 660 649 649 649 649 649 669 716 739 759 781 790 806 806 801 790 759 730 711 698 680 669
03 21 -9999 662 660 660 649 649 649 658 669 716 739 759 781 799 806 806 801 788 759 729 700 698 680 669
03 22 -9999 660 660 649 649 649 649 660 669 716 739 770 788 801 806 806 801 788 759 729 700 698 680 680
03 23 -9999 662 660 660 649 649 660 660 669 716 739 770 788 801 806 806 801 788 752 720 700 698 680 669
03 24 -9999 662 662 649 649 658 662 660 669 716 750 770 790 806 806 806 801 788 759 729 700 698 680 680
03 25 -9999 662 662 660 660 662 662 662 680 720 750 770 790 806 806 806 801 790 759 730 700 698 680 680
03 26 -9999 669 662 660 662 662 662 662 680 720 750 779 790 806 810 806 801 790 759 730 700 700 691 680
03 27 -9999 669 662 662 662 662 662 662 680 720 752 781 790 806 810 810 801 790 759 730 709 700 691 680
03 28 -9999 669 669 662 662 662 662 662 689 720 752 781 801 806 810 810 801 790 770 730 711 700 698 680
03 29 -9999 669 669 662 662 662 662 662 691 720 752 781 801 810 819 810 806 790 759 730 711 700 691 680
03 30 -9999 669 669 662 662 662 662 662 691 730 759 788 801 819 820 810 801 790 759 730 711 700 698 680
03 31 -9999 669 669 662 662 662 662 662 698 730 759 788 801 820 824 820 806 790 770 730 716 700 698 680
04 01 -9999 680 669 669 662 662 662 669 698 734 759 788 806 820 824 820 810 790 770 734 716 711 698 691
04 02 -9999 680 669 669 669 669 662 669 698 734 759 788 806 820 824 824 810 799 770 734 716 711 698 691
04 03 -9999 680 680 669 669 669 662 669 700 734 759 788 806 820 829 824 810 801 770 734 716 711 700 698
04 04 -9999 680 680 669 669 669 669 680 700 734 770 790 806 820 824 824 810 801 770 739 720 716 700 698
04 05 -9999 680 680 669 669 669 669 680 700 739 770 790 806 824 824 824 819 801 781 739 720 716 711 698
04 06 -9999 689 680 680 680 680 669 680 700 739 770 790 806 824 829 824 819 806 781 739 720 716 709 698
04 07 -9999 689 680 680 680 680 669 680 700 739 770 790 806 824 829 824 820 806 781 739 720 716 711 700
04 08 -9999 689 680 680 680 680 669 680 700 739 770 790 810 824 829 824 820 810 788 748 720 716 711 700
04 09 -9999 689 680 680 680 680 669 680 709 739 770 790 810 824 829 824 820 810 781 739 720 716 711 700
04 10 -9999 689 680 680 680 680 669 680 711 739 770 790 810 824 840 829 824 810 788 748 720 716 711 700
04 11 -9999 689 680 680 680 680 669 680 711 739 770 790 810 824 829 824 824 810 788 739 720 716 709 700
04 12 -9999 689 680 680 680 680 669 680 711 748 770 801 810 824 840 829 824 810 788 739 720 716 711 700
04 13 -9999 689 680 680 680 680 669 680 711 750 779 801 810 824 840 829 824 810 788 748 720 716 711 709
04 14 -9999 689 680 680 680 680 669 680 711 750 781 801 819 829 840 838 829 820 790 752 730 720 716 711
04 15 -9999 689 680 680 680 680 669 680 716 752 781 806 820 829 842 840 829 820 790 759 730 720 716 711
04 16 -9999 691 689 680 680 680 680 680 716 752 781 806 820 829 842 840 829 824 790 759 734 720 716 711
04 17 -9999 691 691 680 680 680 680 689 716 752 788 806 824 829 849 842 840 824 801 759 734 729 716 711
04 18 -9999 698 691 691 689 680 680 691 720 752 788 810 824 829 849 842 840 824 801 759 734 730 720 716
04 19 -9999 698 691 691 691 680 680 691 720 759 788 810 829 838 849 849 842 824 806 759 739 730 720 716
04 20 -9999 698 698 691 691 689 680 698 720 759 790 810 829 840 849 849 842 829 806 770 739 730 729 720
04 21 -9999 700 698 698 691 691 680 698 730 759 790 820 829 849 860 860 842 829 810 770 750 734 729 720
04 22 -9999 700 698 698 698 691 691 698 734 759 790 820 829 849 860 860 849 829 810 781 750 734 730 720
04 23 -9999 700 700 698 698 698 691 698 734 759 790 820 829 849 860 860 849 829 810 788 750 739 730 720
04 24 -9999 700 700 698 698 698 691 700 734 770 801 820 840 849 860 860 860 840 810 788 750 739 734 720
04 25 -9999 709 700 700 698 698 691 700 734 770 801 824 840 860 860 860 860 840 820 788 752 739 734 730
04 26 -9999 711 700 700 698 698 691 700 739 770 801 829 842 860 869 871 860 842 824 790 759 748 739 730
04 27 -9999 716 711 700 700 700 698 709 739 779 806 829 849 860 871 871 860 842 829 790 759 750 739 734
04 28 -9999 716 711 700 700 700 698 711 739 779 806 829 849 860 871 871 860 849 829 799 759 750 739 734
04 29 -9999 720 711 711 709 700 700 716 750 781 810 838 849 869 871 878 869 849 829 799 759 750 750 734
04 30 -9999 720 711 709 709 700 700 716 750 781 810 840 860 869 878 880 871 849 829 801 759 750 750 739
05 01 -9999 720 711 711 711 709 700 716 750 788 810 840 860 871 880 880 878 849 829 801 770 759 750 739
05 02 -9999 720 716 711 711 711 700 720 752 788 810 840 860 871 880 880 880 860 842 806 770 759 750 739
05 03 -9999 720 716 716 711 709 700 720 752 790 819 842 860 871 880 880 880 860 842 810 781 759 752 739
05 04 -9999 730 716 716 711 709 700 720 759 790 820 842 860 878 880 880 880 860 842 810 781 759 752 739
05 05 -9999 730 720 716 711 709 700 729 759 790 820 842 860 878 880 880 880 860 842 806 781 759 752 739
05 06 -9999 730 720 716 716 711 700 729 759 790 820 842 860 878 880 880 880 860 842 806 781 759 752 739
05 07 -9999 730 720 716 716 711 709 729 759 790 820 849 860 878 880 880 880 869 842 806 781 759 752 748
05 08 -9999 730 720 716 716 711 709 730 770 790 824 849 869 878 880 880 880 860 842 806 781 770 752 748
05 09 -9999 730 720 716 716 711 711 730 770 801 824 849 871 880 880 880 880 860 842 806 788 770 752 750
05 10 -9999 734 720 716 716 711 711 730 770 801 824 849 871 880 889 880 880 860 842 810 788 770 759 750
05 11 -9999 734 729 720 720 716 711 734 770 801 824 849 871 880 889 880 880 860 842 806 788 770 752 750
05 12 -9999 734 729 720 720 716 711 734 770 806 824 849 871 880 889 880 880 871 842 810 788 770 759 750
05 13 -9999 734 730 720 720 716 711 734 770 806 824 849 871 880 891 891 891 878 849 819 788 770 759 750
05 14 -9999 734 729 720 720 716 711 734 770 806 829 849 878 880 896 891 891 878 849 820 788 770 759 752
05 15 -9999 739 730 730 720 716 716 734 779 806 829 849 878 880 896 896 891 878 849 820 788 779 759 752
05 16 -9999 739 730 730 720 720 716 739 781 810 829 860 878 880 896 891 891 871 849 819 788 770 759 752
05 17 -9999 739 734 730 729 720 716 739 781 810 829 860 878 891 896 896 891 871 849 820 788 781 759 752
05 18 -9999 739 734 730 730 720 716 739 781 810 829 860 878 891 896 896 891 871 849 810 788 770 759 759
05 19 -9999 748 734 730 730 720 720 748 788 810 829 860 878 891 896 900 891 878 860 824 790 781 770 759
05 20 -9999 750 734 730 730 720 720 750 788 810 840 860 880 896 900 900 896 878 860 824 790 781 770 759
05 21 -9999 750 734 734 734 730 720 750 790 810 840 860 880 896 900 900 896 878 860 824 801 781 770 759
05 22 -9999 750 734 734 734 730 730 752 790 819 842 869 880 896 900 900 896 878 860 824 801 781 770 770
05 23 -9999 752 739 734 734 734 730 752 790 820 842 871 880 896 900 900 896 878 860 824 801 781 781 770
05 24 -9999 752 739 739 734 734 734 752 790 820 842 871 880 896 900 900 896 878 860 824 801 788 781 770
05 25 -9999 752 750 739 739 734 734 759 790 824 842 871 880 900 900 900 896 880 860 829 801 788 781 770
05 26 -9999 752 750 739 739 734 734 759 790 824 849 871 889 900 910 900 896 880 860 829 801 790 781 781
05 27 -9999 752 752 748 739 739 739 759 799 829 849 878 896 909 914 914 900 880 871 840 806 790 788 781
05 28 -9999 759 752 750 750 739 739 770 801 829 860 880 896 910 914 914 900 880 871 840 810 801 788 781
05 29 -9999 759 752 750 750 739 739 770 801 829 860 880 896 910 914 914 900 880 871 842 810 801 790 781
05 30 -9999 759 752 750 750 748 739 770 806 829 860 880 896 910 914 914 900 891 878 842 810 801 790 781
05 31 -9999 759 752 752 750 750 739 770 806 829 860 880 900 910 914 914 900 891 871 842 810 801 790 781
06 01 -9999 759 752 752 750 750 748 770 806 829 860 880 900 914 914 914 900 896 871 840 810 801 790 781
06 02 -9999 759 752 752 752 750 750 770 806 829 860 880 900 914 919 919 900 900 878 842 819 801 790 781
06 03 -9999 770 759 752 752 752 750 781 810 829 860 891 909 919 919 919 909 900 871 842 820 801 790 788
06 04 -9999 770 759 759 752 752 752 781 810 840 869 891 910 919 919 919 909 900 871 842 820 801 790 788
06 05 -9999 770 759 759 752 752 752 781 810 840 871 891 910 919 919 919 910 900 871 842 820 806 790 788
06 06 -9999 770 759 759 759 752 752 781 810 840 871 891 910 919 919 919 910 900 878 849 824 806 790 788
06 07 -9999 770 770 759 759 759 752 788 810 840 871 896 910 919 930 928 910 909 880 849 824 810 801 788
06 08 -9999 770 770 759 759 759 759 788 819 842 871 900 910 928 930 930 919 909 889 860 824 810 801 790
06 09 -9999 788 770 770 770 759 759 788 820 842 878 900 914 930 930 930 919 909 880 860 824 810 801 790
06 10 -9999 788 770 770 770 759 759 790 820 842 878 900 914 930 930 930 919 909 880 860 829 810 801 799
06 11 -9999 788 770 770 770 759 759 790 820 842 878 900 914 930 930 930 919 900 880 849 824 810 806 799
06 12 -9999 788 770 770 770 759 759 790 820 849 878 900 910 930 930 930 919 900 880 849 824 810 806 801
06 13 -9999 788 770 770 770 770 770 790 820 849 878 900 914 930 930 930 919 900 880 849 824 810 806 799
06 14 -9999 788 770 770 770 770 770 790 820 849 880 900 919 930 930 930 919 909 880 849 824 810 806 801
06 15 -9999 788 781 770 770 770 770 790 824 849 880 900 919 930 930 930 919 910 880 849 824 810 806 801
06 16 -9999 788 781 770 770 770 770 790 824 849 880 900 919 930 930 930 919 909 880 849 824 810 806 801
06 17 -9999 788 781 770 770 770 770 790 824 849 880 900 919 930 930 930 919 900 880 849 824 810 806 801
06 18 -9999 788 781 770 770 770 770 790 824 849 880 900 919 919 930 930 919 900 880 860 824 810 806 801
06 19 -9999 788 770 770 770 770 770 790 824 849 880 900 919 919 930 930 919 909 880 849 824 810 806 801
06 20 -9999 788 770 770 770 770 770 790 824 860 880 900 919 928 930 930 919 909 880 860 824 810 806 801
06 21 -9999 781 770 770 770 770 770 790 824 849 880 900 919 928 930 930 919 909 880 849 824 810 806 801
06 22 -9999 781 770 770 770 759 770 790 824 849 880 900 919 919 930 930 919 900 878 849 824 810 806 790
06 23 -9999 781 770 770 770 759 759 790 824 849 880 900 919 919 930 930 910 896 871 842 820 806 806 790
06 24 -9999 781 770 770 770 759 759 790 824 849 880 900 914 919 928 930 914 900 878 849 820 810 806 790
06 25 -9999 781 770 770 770 770 770 790 824 849 880 900 914 919 928 928 910 900 878 849 824 810 806 790
06 26 -9999 781 770 770 770 759 770 790 824 849 880 900 914 919 928 928 914 900 878 849 824 810 806 790
06 27 -9999 781 770 770 770 770 770 790 824 849 880 900 914 919 928 928 914 900 878 849 824 810 806 790
06 28 -9999 781 781 770 770 770 770 790 824 849 880 900 914 919 930 928 914 909 880 849 824 810 806 801
06 29 -9999 788 781 770 770 770 770 790 824 860 880 900 919 919 930 928 919 909 880 849 829 819 810 801
06 30 -9999 788 781 781 770 770 770 790 829 860 880 900 919 919 930 928 919 909 880 860 829 820 810 801
07 01 -9999 788 781 781 770 770 770 790 829 860 880 900 919 928 930 928 919 910 880 860 829 820 810 801
07 02 -9999 788 788 781 770 770 770 801 829 860 889 900 919 928 930 930 919 910 880 860 838 824 810 806
07 03 -9999 790 788 788 781 770 770 801 829 860 880 900 919 930 932 930 919 914 891 860 840 824 810 806
07 04 -9999 790 790 788 781 781 781 801 829 860 889 900 919 930 932 930 928 914 896 860 840 824 810 806
07 05 -9999 790 790 788 781 781 781 801 829 860 889 909 919 930 932 930 928 914 896 860 840 824 810 806
07 06 -9999 790 790 788 788 781 781 801 829 860 889 910 919 930 932 930 928 914 896 869 840 824 810 810
07 07 -9999 799 790 788 788 781 781 801 829 860 889 910 919 932 932 930 928 919 896 871 840 829 819 810
07 08 -9999 801 790 788 788 781 781 801 829 860 889 910 919 932 932 932 930 919 896 871 840 829 820 810
07 09 -9999 801 790 788 788 788 781 806 829 860 889 910 919 932 932 932 928 914 896 871 840 829 820 810
07 10 -9999 801 790 790 788 788 781 806 829 860 891 910 919 932 939 932 928 914 896 871 840 829 820 810
07 11 -9999 801 790 790 788 788 781 806 829 860 891 910 919 932 939 932 928 914 896 871 840 829 820 810
07 12 -9999 801 790 790 788 788 781 806 829 860 891 910 919 932 939 932 930 919 896 871 840 829 820 810
07 13 -9999 801 801 790 788 788 788 806 838 860 891 910 919 932 939 932 930 914 896 871 840 829 820 810
07 14 -9999 801 801 790 788 788 788 806 838 869 891 910 928 932 939 932 930 914 896 871 840 824 820 810
07 15 -9999 801 801 790 788 788 788 806 838 860 891 910 928 932 939 932 930 914 896 871 840 829 820 810
07 16 -9999 801 801 790 788 788 788 806 829 860 891 910 930 932 939 932 930 919 896 871 840 829 820 810
07 17 -9999 801 799 790 788 788 788 806 829 860 891 910 928 939 939 932 930 919 896 869 840 829 820 810
07 18 -9999 801 790 790 788 788 788 806 829 860 891 910 928 932 939 932 930 914 896 860 840 824 820 810
07 19 -9999 801 790 788 788 788 781 801 829 860 891 910 919 932 939 939 930 914 896 860 840 829 820 810
07 20 -9999 801 790 788 788 781 781 801 829 860 891 910 928 932 939 939 930 919 900 860 840 829 820 810
07 21 -9999 801 790 790 788 781 781 801 829 869 891 910 928 932 939 939 930 919 900 860 840 829 820 810
07 22 -9999 801 790 790 788 781 781 801 829 869 891 910 928 932 939 939 930 919 900 860 840 829 820 810
07 23 -9999 801 799 790 781 781 781 801 829 869 891 910 928 932 939 939 930 919 900 860 840 829 824 810
07 24 -9999 801 801 790 788 781 781 801 829 860 891 910 928 932 939 939 930 919 900 860 840 829 820 810
07 25 -9999 801 801 790 788 781 781 801 829 860 891 910 919 932 939 939 930 919 900 860 840 829 820 810
07 26 -9999 801 801 790 788 781 781 801 829 860 891 910 919 932 939 939 930 919 900 860 840 829 824 810
07 27 -9999 801 799 790 781 779 781 801 829 860 891 909 919 932 939 939 930 919 900 860 840 829 820 810
07 28 -9999 801 790 790 781 781 781 801 829 860 889 909 919 930 939 939 930 919 896 860 840 829 820 810
07 29 -9999 801 790 790 781 781 781 801 829 860 880 900 919 930 939 939 930 919 896 860 840 829 820 810
07 30 -9999 799 790 790 781 781 781 801 829 860 889 909 919 930 939 939 930 919 896 860 840 829 820 810
07 31 -9999 799 790 790 781 781 781 801 829 860 889 909 919 930 939 939 930 919 896 860 840 829 820 810
08 01 -9999 801 790 790 781 781 781 801 829 860 889 900 919 930 939 939 930 914 896 860 840 824 820 810
08 02 -9999 801 790 790 781 781 781 801 829 860 880 909 919 930 939 939 930 914 896 860 840 824 820 810
08 03 -9999 801 790 790 788 788 781 801 829 860 880 909 919 932 939 932 930 914 896 860 840 824 820 810
08 04 -9999 801 801 790 788 788 788 801 829 860 880 909 919 930 939 932 930 914 891 860 840 824 820 810
08 05 -9999 801 801 790 788 788 781 801 829 860 880 909 919 930 939 932 930 914 891 860 829 824 810 810
08 06 -9999 801 799 790 788 788 781 801 829 860 880 909 919 930 932 932 928 914 880 849 829 820 810 806
08 07 -9999 801 790 790 788 788 781 801 829 860 880 910 919 930 939 930 919 910 880 849 824 820 810 806
08 08 -9999 790 790 790 788 788 781 801 829 860 880 909 919 930 932 930 919 909 880 849 824 820 810 806
08 09 -9999 790 790 790 788 788 781 801 829 860 880 900 919 930 932 930 919 900 880 849 824 820 810 806
08 10 -9999 790 790 790 788 788 781 801 829 860 880 900 919 930 930 930 919 900 878 849 824 820 810 806
08 11 -9999 790 790 790 788 788 781 790 829 860 880 909 919 930 932 930 919 900 878 849 824 820 810 806
08 12 -9999 790 790 790 788 788 781 790 829 860 880 900 919 930 930 930 919 910 880 849 824 820 810 806
08 13 -9999 801 790 790 788 788 781 790 829 860 880 900 919 930 930 930 919 910 880 849 824 820 810 806
08 14 -9999 801 790 790 788 781 781 790 829 860 880 900 914 930 919 930 919 910 880 849 824 820 810 806
08 15 -9999 801 790 788 788 781 781 790 829 860 880 900 914 919 919 928 919 910 878 842 824 810 810 806
08 16 -9999 790 790 788 788 781 781 790 829 860 880 900 914 919 919 919 919 900 878 842 824 819 810 806
08 17 -9999 790 790 788 788 781 781 790 829 849 880 900 914 919 919 919 914 900 878 842 824 810 810 806
08 18 -9999 790 788 788 781 781 781 790 829 849 880 900 910 919 919 919 914 900 878 842 824 810 810 806
08 19 -9999 790 788 788 781 770 779 790 829 849 878 896 910 919 919 914 910 896 878 840 820 810 806 806
08 20 -9999 790 788 788 781 770 779 790 824 849 878 896 910 914 914 914 909 896 878 840 824 810 806 801
08 21 -9999 790 788 788 781 770 779 790 824 849 878 896 910 914 914 914 909 896 878 840 824 810 810 806
08 22 -9999 790 788 788 781 770 779 790 824 849 878 896 909 914 914 914 909 896 878 840 824 810 810 801
08 23 -9999 790 788 788 781 770 779 790 824 849 878 896 900 914 914 914 909 896 878 840 824 810 810 801
08 24 -9999 790 788 788 781 781 781 790 824 849 878 896 900 914 914 914 900 896 871 840 824 810 810 801
08 25 -9999 790 788 788 781 781 781 790 824 849 878 896 900 914 914 914 900 891 871 840 820 810 810 801
08 26 -9999 790 788 788 781 781 781 790 824 849 878 896 900 910 910 910 900 880 860 838 820 810 810 801
08 27 -9999 790 788 788 781 781 781 788 820 849 878 891 900 910 910 910 900 880 860 829 820 810 806 801
08 28 -9999 790 788 781 781 781 781 788 820 849 878 891 900 910 910 909 896 880 860 829 820 810 806 801
08 29 -9999 790 788 781 781 781 781 788 820 849 878 891 900 910 910 900 896 880 860 829 810 810 806 801
08 30 -9999 790 788 781 781 781 781 788 820 849 871 891 900 910 909 900 891 880 860 829 810 810 806 801
08 31 -9999 790 788 788 781 781 781 788 820 842 871 891 900 910 909 900 891 878 849 824 810 806 806 801
09 01 -9999 790 788 781 781 781 781 788 820 842 871 891 900 910 900 900 891 878 849 824 810 806 806 801
09 02 -9999 790 788 788 781 781 781 788 820 842 871 889 900 900 900 900 891 871 849 824 810 806 806 801
09 03 -9999 790 788 781 781 781 781 788 820 842 871 880 900 900 900 900 891 871 849 824 810 806 806 801
09 04 -9999 790 788 788 781 781 770 788 820 842 869 880 896 900 900 896 891 871 849 820 810 806 801 801
09 05 -9999 790 788 788 781 781 770 788 820 840 860 880 896 900 900 896 880 869 842 820 810 806 801 790
09 06 -9999 788 788 781 781 770 770 781 819 840 860 880 896 900 896 891 880 869 842 820 810 806 801 790
09 07 -9999 788 788 781 770 770 770 781 810 840 860 880 891 896 896 891 880 869 842 819 806 801 801 790
09 08 -9999 781 781 781 770 770 770 770 810 840 860 880 891 896 896 891 880 860 840 810 806 801 801 790
09 09 -9999 781 781 781 770 770 770 770 810 840 860 878 891 896 896 891 880 860 840 810 806 801 801 790
09 10 -9999 781 781 781 770 770 770 770 810 838 860 878 891 896 896 896 880 860 840 810 806 801 801 790
09 11 -9999 781 781 770 770 770 770 770 810 838 860 871 891 896 896 896 880 860 840 810 806 801 801 790
09 12 -9999 781 781 770 770 770 770 770 810 838 860 871 891 896 891 891 880 860 840 810 806 790 790 790
09 13 -9999 781 781 770 770 759 770 770 810 829 849 871 891 891 891 891 880 860 838 810 801 790 790 790
09 14 -9999 781 781 770 770 759 770 770 810 829 849 871 891 891 891 891 880 860 838 810 801 790 790 790
09 15 -9999 781 781 770 770 759 770 770 806 829 849 871 891 891 891 891 880 860 829 810 806 801 801 790
09 16 -9999 781 781 770 770 759 759 770 806 829 849 871 880 891 891 891 880 860 829 810 801 790 790 790
09 17 -9999 781 781 770 759 759 770 770 806 829 849 871 880 891 891 891 880 860 829 810 801 790 790 790
09 18 -9999 781 781 770 770 759 759 770 806 829 849 871 880 891 891 891 880 860 829 810 801 790 790 788
09 19 -9999 781 781 770 770 759 759 770 806 829 849 871 880 891 891 891 880 860 829 810 801 790 790 788
09 20 -9999 781 770 770 759 759 759 770 806 829 849 871 880 891 891 891 880 860 829 810 801 790 790 788
09 21 -9999 781 770 770 770 759 759 770 801 829 849 871 880 889 891 891 878 860 829 810 801 790 790 788
09 22 -9999 779 770 770 759 759 759 770 801 829 849 871 880 880 891 889 871 860 829 810 801 790 790 788
09 23 -9999 779 770 770 759 759 759 770 801 829 849 871 878 880 880 880 871 849 829 806 801 790 790 781
09 24 -9999 770 770 770 759 759 759 770 801 824 849 869 878 880 880 880 871 849 824 806 801 790 788 781
09 25 -9999 770 770 770 759 759 759 770 801 824 849 860 878 880 880 880 869 849 824 806 801 790 788 781
09 26 -9999 770 770 770 759 759 759 770 801 824 842 860 878 878 880 878 860 849 824 806 801 790 790 781
09 27 -9999 770 770 770 770 759 759 770 799 824 842 860 871 878 880 878 860 849 824 806 801 790 788 781
09 28 -9999 770 770 770 770 759 759 770 790 824 842 860 871 878 878 878 860 849 824 801 790 790 788 781
09 29 -9999 770 770 770 770 759 759 770 790 820 840 860 871 878 878 878 860 842 820 801 790 788 788 781
09 30 -9999 770 770 770 770 759 759 759 790 820 840 860 871 871 878 871 860 842 820 801 790 788 788 781
10 01 -9999 770 770 770 759 759 759 759 790 820 840 860 860 871 878 871 860 842 820 801 790 788 788 781
10 02 -9999 770 770 770 770 759 759 759 790 819 840 849 860 871 871 871 860 840 820 801 790 788 781 781
10 03 -9999 770 770 770 759 759 759 759 790 810 829 849 860 871 871 871 860 840 820 801 790 788 781 781
10 04 -9999 770 759 759 759 759 759 759 788 810 829 849 860 860 871 871 860 840 810 801 790 788 781 779
10 05 -9999 770 759 759 759 759 759 759 788 810 829 842 860 860 860 860 849 838 810 790 788 788 781 770
10 06 -9999 770 759 759 759 759 759 752 788 810 824 842 849 860 860 860 849 829 806 788 781 781 770 770
10 07 -9999 770 759 759 759 759 752 752 788 810 824 842 849 860 860 860 849 829 806 788 781 781 770 770
10 08 -9999 770 759 759 759 752 752 750 781 810 824 840 849 860 860 849 849 829 801 788 781 781 770 770
10 09 -9999 759 759 759 752 752 750 750 781 806 824 840 842 860 849 849 842 824 801 781 781 770 770 770
10 10 -9999 759 752 752 752 750 750 750 781 806 820 840 842 849 849 849 842 824 801 781 770 770 770 759
10 11 -9999 759 752 752 752 750 750 750 770 801 820 840 842 849 849 849 840 824 790 781 770 770 759 759
10 12 -9999 752 750 750 750 748 748 750 770 801 820 840 842 849 849 849 840 820 790 781 770 770 759 759
10 13 -9999 752 750 750 739 739 739 739 770 801 820 829 842 849 849 849 840 820 790 770 770 759 752 759
10 14 -9999 750 750 739 739 739 739 739 759 790 820 829 840 842 842 842 829 810 788 770 759 759 752 752
10 15 -9999 750 739 739 739 734 734 734 759 790 810 829 840 842 840 840 829 810 788 770 759 759 752 752
10 16 -9999 750 739 739 739 730 730 734 759 788 810 829 840 840 840 840 829 810 788 759 759 759 752 750
10 17 -9999 739 739 739 734 730 730 730 752 788 810 829 840 840 840 829 829 810 788 759 759 752 750 750
10 18 -9999 739 739 734 734 730 730 730 752 781 810 824 829 840 840 829 824 806 781 759 752 752 750 739
10 19 -9999 739 734 734 730 720 730 730 750 781 806 824 829 840 840 829 824 806 781 759 752 752 750 739
10 20 -9999 734 730 730 730 720 720 730 750 781 806 824 829 840 840 829 824 801 781 759 750 752 750 739
10 21 -9999 734 730 730 730 720 720 720 750 781 806 820 829 838 829 829 820 801 770 752 750 750 739 739
10 22 -9999 734 730 730 730 720 720 720 739 781 806 820 829 829 829 829 820 790 770 750 750 750 739 739
10 23 -9999 730 730 730 730 720 720 720 739 781 806 820 824 829 829 829 820 801 770 750 750 739 739 734
10 24 -9999 730 730 730 729 720 716 720 739 781 801 810 824 829 829 824 820 799 770 750 750 739 739 734
10 25 -9999 730 730 720 720 716 716 716 739 770 801 810 824 829 824 824 820 790 759 750 739 739 734 730
10 26 -9999 730 730 720 716 716 716 711 734 770 801 810 824 824 824 824 819 790 759 750 739 739 734 730
10 27 -9999 729 730 720 716 716 711 711 730 759 790 810 820 824 824 824 819 790 759 748 739 734 734 730
10 28 -9999 720 720 720 716 716 711 711 730 759 790 810 820 824 824 824 810 790 759 748 739 734 734 730
10 29 -9999 720 720 716 716 711 711 711 730 759 790 806 810 820 824 820 810 788 759 739 739 734 734 730
10 30 -9999 720 720 716 716 711 711 711 730 752 788 801 810 820 820 810 806 788 759 739 734 734 730 730
10 31 -9999 720 716 711 711 700 711 709 720 752 788 801 806 820 810 810 806 788 759 739 734 730 730 720
11 01 -9999 716 711 709 711 700 700 700 720 752 788 801 806 820 810 810 806 781 752 739 734 730 730 720
11 02 -9999 711 711 700 700 700 700 700 720 750 781 801 806 820 810 810 806 781 752 734 734 730 729 720
11 03 -9999 711 711 700 700 700 700 700 716 750 781 801 806 810 810 810 806 781 752 734 730 730 720 720
11 04 -9999 711 711 700 700 700 700 698 716 739 781 790 806 810 810 810 801 781 752 734 730 729 720 720
11 05 -9999 711 711 700 700 700 700 698 711 739 770 790 806 810 806 806 801 770 750 734 730 720 720 720
11 06 -9999 709 709 700 700 698 700 691 711 739 770 790 801 810 806 806 799 770 739 734 730 720 720 716
11 07 -9999 709 709 700 698 698 698 691 711 739 770 790 801 806 806 806 790 770 739 730 720 720 716 716
11 08 -9999 700 700 700 691 691 698 689 700 734 770 788 801 806 806 801 790 759 739 730 720 716 716 716
11 09 -9999 700 700 698 691 691 691 680 700 734 770 788 801 806 806 801 790 770 734 729 716 716 716 716
11 10 -9999 700 700 698 691 689 691 680 700 734 770 788 801 806 801 801 790 759 734 720 716 711 711 711
11 11 -9999 700 700 691 680 680 680 680 698 730 770 788 801 801 801 801 788 759 734 720 716 711 711 709
11 12 -9999 698 698 691 680 680 680 680 698 730 759 788 799 801 801 790 788 759 734 720 716 711 711 709
11 13 -9999 698 698 691 680 689 680 680 698 730 759 781 790 801 799 790 781 759 730 720 711 711 711 709
11 14 -9999 698 698 698 691 691 680 680 700 730 759 781 790 801 799 790 781 759 730 716 711 711 700 700
11 15 -9999 698 698 698 691 691 680 680 700 729 759 779 790 799 790 790 781 759 729 716 711 709 700 700
11 16 -9999 698 698 698 691 691 689 680 698 720 759 770 788 799 790 790 781 759 720 711 711 709 700 700
11 17 -9999 691 691 691 691 691 689 680 698 720 759 770 788 799 790 790 781 759 729 711 709 700 700 700
11 18 -9999 691 691 689 680 689 680 680 698 720 759 770 788 790 790 788 779 752 720 711 700 700 700 698
11 19 -9999 691 689 680 680 680 680 680 691 720 759 770 788 790 790 788 770 752 720 711 700 700 700 691
11 20 -9999 689 689 680 680 680 680 680 691 716 759 770 788 790 790 788 779 752 720 711 700 700 700 691
11 21 -9999 691 691 680 680 680 680 680 691 716 752 770 788 790 790 788 779 752 720 711 700 700 700 691
11 22 -9999 691 680 689 689 680 680 680 691 716 752 770 788 790 790 790 779 752 720 716 700 700 700 698
11 23 -9999 691 691 689 691 689 680 680 698 716 752 770 788 790 790 790 779 752 720 711 700 700 700 698
11 24 -9999 691 689 689 689 689 680 680 691 716 750 770 788 790 790 790 779 752 720 711 700 700 700 698
11 25 -9999 691 691 680 689 689 680 680 691 716 750 770 788 788 790 790 781 752 720 711 700 700 700 698
11 26 -9999 691 691 680 680 689 680 680 691 716 750 770 788 788 790 790 781 752 720 711 700 698 700 691
11 27 -9999 680 680 680 680 680 680 680 691 711 750 770 788 788 790 790 781 752 720 711 700 700 698 691
11 28 -9999 680 680 680 680 680 680 669 680 711 739 770 788 788 790 790 779 752 720 711 700 698 698 691
11 29 -9999 680 680 669 680 680 669 662 680 700 739 770 788 788 790 790 770 750 720 711 698 698 698 691
11 30 -9999 680 669 669 669 669 669 662 669 700 739 770 788 788 790 790 770 750 720 711 698 698 691 691
12 01 -9999 680 669 669 669 669 669 662 669 700 739 759 788 788 790 790 770 750 720 711 698 691 691 691
12 02 -9999 680 669 669 669 669 669 660 669 700 734 759 781 788 790 788 770 750 716 711 698 691 691 691
12 03 -9999 680 669 669 669 669 669 660 669 700 734 759 781 788 790 788 770 750 716 709 698 691 691 691
12 04 -9999 680 669 669 669 669 669 660 669 698 730 759 770 781 788 788 770 750 716 700 691 691 691 691
12 05 -9999 680 669 669 662 662 662 660 669 698 730 752 770 781 781 788 770 739 716 700 691 691 689 680
12 06 -9999 669 669 669 662 662 662 662 669 691 720 750 770 781 781 781 770 739 711 700 691 680 680 680
12 07 -9999 669 662 660 660 660 660 660 662 691 720 750 770 781 781 781 759 734 709 698 691 680 680 680
12 08 -9999 662 662 660 660 658 660 660 662 680 720 750 759 770 781 779 759 730 700 698 680 680 680 669
12 09 -9999 662 662 660 660 660 660 660 662 680 716 739 759 759 779 770 752 730 700 698 680 680 669 669
12 10 -9999 662 662 649 649 649 658 660 660 680 711 739 759 759 770 770 750 729 700 698 680 669 669 662
12 11 -9999 662 662 649 649 649 649 658 660 680 711 734 752 759 770 770 750 729 698 691 680 669 669 662
12 12 -9999 662 662 649 649 649 649 660 660 669 711 734 752 759 770 770 750 720 698 689 680 669 662 662
12 13 -9999 662 660 649 649 649 649 658 649 669 711 734 750 759 759 759 750 720 691 680 669 669 662 662
12 14 -9999 660 660 649 649 649 644 649 649 669 700 734 750 759 770 759 750 720 691 680 669 669 662 662
12 15 -9999 660 660 649 649 649 644 649 649 669 700 730 750 759 770 770 750 720 698 680 669 669 662 662
12 16 -9999 662 660 649 649 649 644 649 649 669 700 730 750 759 770 770 750 720 698 680 669 669 662 662
12 17 -9999 660 660 649 649 649 644 649 649 662 698 730 750 759 770 759 750 720 698 680 669 669 662 662
12 18 -9999 660 660 649 649 649 644 649 644 669 698 730 750 759 759 759 750 720 691 669 669 662 662 660
12 19 -9999 660 649 644 649 644 640 644 644 662 698 730 750 759 759 759 750 720 691 680 662 662 660 660
12 20 -9999 644 649 644 644 644 640 644 644 662 698 730 750 759 759 759 750 720 691 669 662 662 660 649
12 21 -9999 640 640 640 644 640 630 640 640 660 698 730 750 759 759 759 750 729 691 669 660 660 649 649
12 22 -9999 640 640 640 640 640 630 630 630 660 691 730 750 752 759 750 750 729 691 669 660 660 649 644
12 23 -9999 640 630 630 639 639 626 626 630 649 691 720 748 752 759 759 750 720 691 662 649 649 649 640
12 24 -9999 640 630 630 630 639 626 626 630 649 691 720 750 759 759 759 750 729 691 669 660 660 649 649
12 25 -9999 640 640 630 639 640 626 630 630 649 691 720 739 752 759 759 750 730 691 669 660 660 649 649
12 26 -9999 640 640 630 639 640 626 630 630 660 691 720 739 752 759 759 750 730 691 669 660 660 649 649
12 27 -9999 640 640 639 640 640 630 630 630 660 691 720 739 752 759 759 750 730 691 669 660 660 649 649
12 28 -9999 640 640 640 640 640 630 639 640 660 691 730 739 759 759 759 752 730 691 669 662 660 649 649
12 29 -9999 640 640 640 640 640 630 640 640 660 698 730 750 759 759 759 752 730 698 669 669 662 660 649
12 30 -9999 640 640 640 644 640 640 644 640 660 698 730 739 759 759 759 752 730 698 680 669 662 649 649
12 31 -9999 640 640 640 644 640 640 644 640 660 698 730 750 759 759 759 752 730 691 680 669 662 660 649
