01 01 340 340 340 340 340 351 351 340 338 356 360 374 390 392 392 390 374 370 351 351 340 340 338 338
01 02 338 338 338 340 338 340 340 338 338 351 356 370 379 390 390 379 370 356 351 340 338 338 331 338
01 03 338 338 338 340 338 340 338 338 338 340 351 370 379 390 390 390 374 360 351 340 338 338 338 338
01 04 338 338 338 340 338 340 340 338 338 351 356 370 379 390 390 390 374 370 351 351 338 338 338 340
01 05 338 338 338 340 338 338 340 338 338 351 351 370 379 390 390 390 374 360 351 340 338 338 338 338
01 06 338 338 338 338 338 338 338 338 338 351 351 370 379 390 390 379 374 360 351 340 331 338 338 338
01 07 331 338 338 338 338 338 338 338 331 351 351 370 379 390 390 379 374 360 351 340 338 338 338 338
01 08 338 338 338 338 338 338 338 338 338 351 356 370 379 390 390 379 379 360 351 340 338 338 338 338
01 09 338 338 338 338 338 338 338 338 331 340 356 370 379 390 390 379 379 370 351 340 338 338 340 340
01 10 338 338 340 338 338 338 338 338 338 351 356 370 379 390 390 392 379 370 356 351 340 338 340 340
01 11 340 340 340 338 338 338 338 338 338 351 360 374 390 390 390 392 379 370 360 356 351 351 351 351
01 12 351 340 351 340 338 338 338 338 338 351 360 374 379 390 390 392 379 370 360 356 351 351 351 349
01 13 349 340 340 338 331 331 338 338 338 349 356 370 379 392 392 392 379 370 360 356 351 351 340 340
01 14 340 340 340 338 331 331 331 338 331 349 356 370 379 390 390 390 379 370 360 356 351 340 340 340
01 15 340 338 331 331 329 320 320 329 320 338 351 360 374 390 390 390 379 370 360 356 351 340 340 340
01 16 340 340 338 331 331 320 329 331 320 338 351 360 374 390 390 390 379 370 360 356 351 351 340 340
01 17 340 340 338 338 331 331 331 338 331 340 356 370 374 390 392 392 390 370 370 360 351 356 351 340
01 18 351 340 340 338 338 338 338 338 338 351 356 370 379 392 392 392 390 370 370 360 351 356 351 351
01 19 351 349 340 340 338 338 338 338 340 351 360 370 379 392 392 392 390 370 370 360 351 356 351 349
01 20 351 340 340 338 338 331 338 338 338 351 360 370 379 392 392 392 390 374 370 360 351 356 351 340
01 21 349 340 340 338 338 331 338 331 338 351 356 370 379 392 392 399 390 374 370 360 351 356 351 340
01 22 349 340 340 340 338 331 338 331 338 349 356 370 374 392 392 392 390 374 370 360 351 351 340 340
01 23 338 338 338 331 331 331 338 331 338 349 356 370 374 392 392 392 390 370 370 360 351 340 338 338
01 24 338 338 331 338 331 331 338 338 340 351 356 360 374 390 392 392 390 370 370 356 351 340 338 338
01 25 338 338 331 338 331 331 338 331 338 349 356 360 374 390 392 392 390 370 370 360 351 340 340 338
01 26 338 338 338 338 331 331 338 331 320 338 351 360 370 390 390 390 379 370 360 356 340 340 338 338
01 27 331 338 338 338 338 331 338 331 320 349 351 360 370 390 390 390 379 370 360 356 340 340 338 338
01 28 331 338 338 340 340 331 338 331 340 351 360 360 374 390 392 392 390 379 370 356 351 340 340 338
01 29 338 338 338 340 340 338 338 338 340 351 360 360 374 390 392 399 390 379 360 356 351 340 351 340
01 30 340 340 340 340 340 340 340 340 340 351 360 370 379 390 399 399 390 379 360 356 351 340 340 338
01 31 338 338 340 340 340 338 340 338 340 351 360 370 379 390 399 399 390 379 360 356 351 340 340 338
02 01 338 338 338 340 340 331 338 338 320 351 351 360 374 390 390 392 379 370 351 340 340 338 331 331
02 02 331 331 331 338 331 331 338 331 320 340 351 360 374 390 390 392 390 374 351 340 340 338 338 331
02 03 331 331 331 338 331 331 320 320 309 338 351 369 374 390 390 392 379 360 351 340 340 331 331 331
02 04 331 331 331 331 331 331 320 320 309 331 351 360 374 390 390 392 379 360 340 340 340 331 331 331
02 05 331 331 331 331 320 320 320 320 309 331 340 360 374 390 390 392 379 360 349 340 340 331 331 331
02 06 331 331 331 331 320 320 320 320 309 331 351 360 374 390 392 392 379 360 351 340 340 338 331 338
02 07 331 331 331 338 331 331 320 320 320 338 351 360 379 390 392 392 379 360 351 340 340 338 338 338
02 08 338 338 331 331 331 331 320 320 320 340 356 370 379 392 392 399 390 370 351 349 340 340 340 340
02 09 338 338 338 340 340 331 338 331 320 351 360 379 390 392 399 399 390 370 356 349 340 340 340 340
02 10 338 338 338 338 338 331 331 331 320 351 360 374 390 399 399 399 392 374 360 351 340 338 340 338
02 11 338 338 331 338 338 331 331 320 320 351 360 374 390 399 399 410 399 374 360 351 340 338 340 338
02 12 338 338 331 331 331 331 320 320 320 351 360 374 390 399 399 410 399 374 356 351 351 340 340 340
02 13 340 338 338 338 338 331 331 331 338 351 370 379 392 410 410 410 410 379 360 356 351 351 351 351
02 14 340 340 340 340 340 338 331 331 340 356 379 390 399 410 421 421 410 390 370 360 356 351 356 351
02 15 351 349 349 349 351 351 351 340 351 370 379 392 399 410 421 421 421 390 374 360 360 360 360 356
02 16 356 351 351 351 351 351 351 351 356 370 390 399 399 421 430 428 421 399 379 370 370 360 360 360
02 17 356 351 351 356 351 351 351 356 360 374 392 399 399 421 430 428 421 399 379 370 370 360 360 360
02 18 356 356 356 356 356 356 356 356 360 370 392 399 399 430 430 428 421 399 379 374 374 370 360 360
02 19 356 356 356 356 356 356 356 356 360 374 392 399 410 428 430 428 421 399 379 374 374 370 360 360
02 20 360 360 356 356 356 356 356 360 360 379 392 399 410 430 441 430 421 410 379 374 374 370 370 370
02 21 360 360 360 360 356 356 356 360 360 379 392 399 410 430 441 430 428 410 390 374 374 370 370 370
02 22 360 360 360 360 360 360 360 360 360 379 392 399 428 441 441 441 430 410 392 379 374 370 370 370
02 23 360 360 360 360 360 360 360 360 370 379 392 410 428 441 441 441 430 410 392 379 374 370 370 370
02 24 360 360 360 360 360 360 360 360 370 379 392 399 421 430 441 441 428 410 390 379 374 370 370 370
02 25 360 370 360 360 360 360 360 360 370 379 392 399 421 430 441 430 428 410 390 379 374 370 370 370
02 26 360 360 360 360 360 360 360 360 370 379 392 399 421 430 441 430 428 410 390 374 374 370 370 360
02 27 360 360 360 360 360 360 360 360 370 379 392 399 421 430 441 430 428 410 390 379 374 370 370 360
02 28 360 360 360 356 360 360 360 356 370 379 392 399 421 430 430 430 428 410 390 379 374 370 370 360
03 01 356 356 356 356 356 356 360 356 370 379 392 399 421 430 430 441 428 410 390 379 374 370 360 356
03 02 356 356 356 351 356 356 356 356 360 379 390 399 421 430 430 430 428 410 390 379 374 370 360 356
03 03 356 356 356 351 356 351 356 356 356 374 390 399 421 428 430 441 430 410 390 374 370 370 360 356
03 04 356 356 356 351 356 356 356 356 356 379 390 399 421 430 430 441 430 421 392 379 374 370 370 360
03 05 356 360 356 351 356 356 356 356 360 379 392 410 428 439 441 446 430 428 392 379 374 370 370 360
03 06 360 360 356 351 356 351 356 356 360 390 392 410 428 441 446 446 441 428 399 379 379 370 370 360
03 07 360 360 360 351 356 351 356 356 360 390 399 410 428 441 446 446 441 428 399 379 379 370 370 360
03 08 360 360 360 351 356 351 356 356 370 390 399 421 430 446 450 450 446 430 410 390 379 374 370 369
03 09 360 360 360 351 356 351 360 360 370 392 399 421 430 450 450 450 446 430 410 390 379 374 370 360
03 10 360 360 360 351 351 351 356 360 370 392 410 428 441 450 460 464 450 441 410 390 379 370 370 360
03 11 360 360 360 351 351 351 356 356 370 392 410 441 450 460 464 464 459 446 421 392 379 374 370 370
03 12 360 360 360 351 356 356 360 360 379 399 421 441 450 464 469 469 464 450 421 399 390 379 374 370
03 13 370 360 360 356 360 360 360 360 379 399 421 446 460 469 478 469 464 460 428 399 390 379 379 370
03 14 370 360 360 360 360 360 360 360 379 399 421 446 460 469 480 469 469 460 428 399 390 379 379 370
03 15 370 360 360 360 360 360 360 370 379 410 421 450 460 469 480 469 469 460 428 399 392 390 379 374
03 16 370 370 360 360 360 360 360 370 390 410 428 450 464 478 480 482 478 464 430 399 392 390 379 374
03 17 370 370 360 360 360 360 360 370 390 410 430 460 469 480 489 489 480 464 430 410 392 390 379 374
03 18 370 370 360 360 360 360 360 370 390 410 441 460 478 482 489 489 482 464 430 410 399 390 379 379
03 19 370 370 370 370 370 370 360 370 392 410 441 469 480 489 500 500 489 478 441 421 399 392 390 379
03 20 374 370 370 370 370 370 369 370 392 421 450 478 489 500 500 500 500 480 441 421 410 399 390 390
03 21 379 374 370 370 370 370 370 374 399 430 460 480 500 509 511 511 500 489 460 430 421 410 399 390
03 22 390 390 379 379 379 379 374 392 410 441 460 489 500 518 520 520 520 500 469 450 430 421 399 399
03 23 390 390 390 379 390 379 379 399 410 441 469 489 511 520 529 531 520 511 480 460 446 428 410 410
03 24 399 399 392 390 390 390 392 410 421 450 469 489 511 520 531 540 531 518 482 464 450 441 428 410
03 25 410 410 399 399 392 392 399 410 430 450 478 500 520 531 540 549 531 520 482 469 450 441 430 421
03 26 410 410 399 399 399 392 399 410 430 460 480 500 520 536 540 550 536 520 482 469 450 441 430 428
03 27 421 410 410 399 399 392 399 410 430 460 482 500 529 540 540 559 540 531 500 469 460 446 430 430
03 28 428 421 421 410 410 410 410 421 441 469 489 511 531 550 554 559 550 531 500 482 464 450 441 430
03 29 430 421 421 421 410 410 410 421 441 469 489 518 536 550 559 559 554 536 511 489 464 450 441 441
03 30 430 428 421 421 421 410 421 428 446 469 500 520 540 559 570 570 559 550 520 489 469 460 441 441
03 31 430 430 421 428 421 419 421 430 450 480 500 520 550 568 570 572 559 550 520 489 469 464 446 441
04 01 441 430 428 428 421 421 421 430 450 480 500 520 550 570 572 579 559 554 520 500 480 469 450 441
04 02 441 430 441 430 428 421 428 441 460 480 511 536 550 570 579 579 559 554 520 500 482 469 460 441
04 03 441 441 441 430 428 428 428 441 460 489 518 540 554 570 579 579 559 559 520 500 482 469 460 450
04 04 441 441 441 430 428 428 428 441 460 489 520 550 554 572 579 579 570 554 531 500 482 469 460 450
04 05 446 441 441 430 428 428 428 441 460 500 520 550 554 572 579 579 570 554 520 500 480 469 460 450
04 06 446 441 441 430 428 428 430 441 464 500 520 540 554 572 579 579 559 554 520 500 480 469 460 450
04 07 446 441 430 430 428 428 430 446 464 500 520 550 554 572 590 579 572 559 531 500 480 469 464 450
04 08 441 430 430 428 428 428 428 446 464 500 531 554 559 579 601 590 579 559 536 500 480 469 464 450
04 09 446 441 430 430 428 430 430 450 469 500 531 559 570 590 601 590 579 559 536 500 480 469 464 450
04 10 446 446 441 441 439 430 441 450 480 511 540 559 579 601 608 601 590 572 540 511 489 480 469 460
04 11 450 450 450 450 441 441 446 460 482 518 550 559 579 601 608 601 608 579 540 518 500 482 480 469
04 12 460 460 460 450 446 441 450 460 482 518 550 570 590 601 610 608 608 590 554 520 500 489 480 469
04 13 460 460 460 450 446 441 450 464 482 520 554 572 590 610 610 610 610 590 559 520 500 489 480 469
04 14 460 460 460 450 446 441 450 464 489 531 559 579 601 610 626 621 610 590 559 531 511 500 480 478
04 15 469 464 460 450 450 446 450 469 500 531 559 590 608 621 626 626 619 601 570 531 511 500 482 480
04 16 469 464 460 450 450 446 460 469 500 536 570 599 610 626 630 630 626 608 570 531 511 500 482 480
04 17 469 464 464 460 450 450 460 469 500 536 572 601 610 626 640 640 630 608 572 536 511 500 482 482
04 18 480 469 464 460 459 450 464 480 511 536 572 601 621 626 640 640 630 610 572 536 518 500 489 482
04 19 480 469 464 464 460 450 464 482 518 550 579 608 626 630 644 644 640 621 579 549 531 511 500 489
04 20 482 480 469 469 464 460 469 489 520 550 579 608 626 640 644 644 644 626 590 554 536 518 500 489
04 21 489 480 478 469 464 460 469 489 520 554 590 610 630 649 660 649 644 630 601 559 540 520 500 500
04 22 489 482 469 469 464 460 469 489 520 559 601 610 630 660 662 662 660 640 610 559 540 520 511 500
04 23 489 482 480 469 464 460 469 500 531 559 601 621 640 660 662 662 662 644 610 570 540 520 511 500
04 24 489 489 482 480 469 464 482 500 536 570 608 626 649 662 669 680 669 649 626 579 554 536 518 511
04 25 500 500 489 482 478 469 489 511 540 572 608 630 649 669 680 680 680 660 626 590 559 540 518 511
04 26 500 500 489 489 480 480 489 518 550 579 610 630 660 669 680 680 680 660 630 590 559 540 520 518
04 27 500 500 500 489 489 489 500 520 554 590 621 644 669 680 691 689 680 660 630 590 570 540 531 518
04 28 511 500 500 489 489 489 500 520 559 601 626 649 680 691 700 691 680 660 640 601 570 550 536 520
04 29 511 500 500 500 489 489 500 531 559 608 630 658 680 691 700 691 680 660 640 601 572 554 540 520
04 30 518 511 500 500 500 500 511 531 559 608 640 660 680 698 700 698 691 660 644 601 572 554 540 531
05 01 518 518 511 500 500 500 511 536 572 610 649 669 691 698 709 700 691 669 644 601 572 554 540 536
05 02 520 518 511 511 500 500 518 540 579 621 649 680 698 700 716 700 691 680 649 601 579 554 540 536
05 03 520 518 518 511 500 500 518 550 579 621 660 680 700 700 716 700 691 680 660 610 579 559 550 536
05 04 531 520 518 518 518 511 520 550 590 621 660 680 700 711 716 700 700 680 660 610 579 559 550 536
05 05 531 520 518 518 518 518 520 550 590 626 660 691 700 711 720 711 700 680 660 610 579 559 554 540
05 06 531 531 518 518 520 518 520 550 590 626 660 680 700 716 720 711 711 680 660 621 590 570 559 540
05 07 531 531 518 520 520 518 529 550 590 626 660 680 700 716 720 711 709 680 660 621 590 570 559 540
05 08 531 531 518 520 520 518 529 550 590 626 660 680 700 716 720 711 709 680 660 621 590 570 559 540
05 09 536 531 520 520 520 518 531 550 590 626 660 680 700 716 720 711 709 691 660 621 590 572 559 540
05 10 536 531 531 520 520 518 531 554 590 630 660 680 700 716 720 711 709 691 662 621 590 572 559 550
05 11 536 531 531 520 520 518 531 554 590 630 662 691 711 716 720 716 711 691 669 626 599 579 568 550
05 12 540 536 531 531 520 518 531 554 590 630 662 691 700 716 720 716 711 691 669 626 599 579 570 550
05 13 540 536 531 531 520 520 536 554 601 640 669 691 711 720 730 720 716 691 669 630 601 579 570 550
05 14 550 540 531 531 520 520 536 559 610 644 680 700 730 734 739 730 720 700 680 640 610 590 570 559
05 15 550 540 540 536 531 531 540 570 621 660 691 720 750 739 750 739 730 711 680 644 610 590 579 568
05 16 554 550 540 540 531 536 550 572 621 662 698 730 750 739 750 739 730 711 680 649 610 590 579 570
05 17 559 550 550 540 536 536 550 579 626 669 700 730 750 750 759 750 734 716 691 649 621 601 579 570
05 18 568 554 550 549 540 540 550 579 630 669 700 730 750 752 759 750 739 716 691 649 630 601 590 572
05 19 570 559 550 550 540 540 559 590 640 680 711 734 750 752 759 752 739 720 691 649 630 608 590 572
05 20 570 559 554 550 549 549 559 601 640 680 711 734 752 759 759 759 739 720 700 660 630 610 590 572
05 21 570 559 554 550 549 549 559 601 640 691 716 739 752 770 770 770 750 730 711 662 640 621 601 590
05 22 570 559 554 554 550 550 570 608 649 691 720 739 770 770 781 770 759 739 716 669 644 621 608 590
05 23 572 570 559 559 550 559 572 608 649 698 720 750 770 770 781 770 759 739 716 680 644 626 608 599
05 24 579 572 570 570 554 559 579 610 649 698 729 752 770 781 788 781 759 739 720 680 649 630 610 608
05 25 590 579 572 570 559 570 590 619 660 700 730 759 781 788 801 781 770 750 730 691 660 640 621 610
05 26 590 590 579 572 570 572 599 621 660 700 730 759 781 790 801 781 781 752 734 698 662 644 626 610
05 27 601 590 579 579 572 579 601 626 662 700 730 759 781 790 801 788 781 752 734 698 662 644 630 610
05 28 601 590 579 579 572 579 601 626 669 700 730 759 781 788 790 781 781 750 734 698 662 644 630 610
05 29 601 590 579 579 572 579 601 626 662 700 730 759 781 788 790 781 781 750 730 698 662 644 626 610
05 30 601 590 579 579 579 579 601 626 662 700 730 752 770 781 781 781 781 750 730 698 662 644 626 610
05 31 601 590 579 579 579 579 601 630 669 709 730 752 770 788 790 781 781 759 734 700 662 644 630 610
06 01 601 590 590 579 579 579 608 630 669 709 730 759 781 790 801 790 781 759 739 700 669 644 630 621
06 02 608 601 590 590 579 590 608 630 669 711 730 752 781 790 801 790 781 759 739 700 669 644 630 621
06 03 608 601 590 590 579 590 608 640 669 711 730 759 781 790 801 790 781 759 739 709 669 649 640 621
06 04 610 608 601 590 590 590 610 640 680 711 734 759 781 801 806 801 790 770 739 711 680 660 640 630
06 05 610 610 601 590 590 590 621 644 691 720 739 770 781 801 810 806 801 781 748 711 680 660 644 630
06 06 621 619 608 590 599 601 621 649 691 729 739 770 788 801 820 810 801 788 750 711 680 660 644 630
06 07 626 621 610 601 601 608 621 649 691 730 750 770 790 806 820 810 801 788 750 720 689 662 649 640
06 08 630 621 610 601 601 610 630 660 700 734 759 781 790 810 820 820 806 788 752 720 691 669 649 640
06 09 639 626 626 610 608 610 630 660 700 739 770 781 790 810 820 820 806 788 752 720 691 669 649 640
06 10 639 630 626 621 610 621 630 662 711 739 770 788 801 810 824 820 806 788 759 720 691 669 658 640
06 11 640 630 630 621 610 621 630 669 711 750 770 790 806 820 829 824 810 790 770 729 700 680 660 644
06 12 640 639 630 621 610 621 639 680 716 750 781 790 819 824 829 829 810 790 770 730 700 680 660 649
06 13 640 640 630 621 621 626 640 680 720 752 781 801 820 829 829 840 820 801 781 730 700 680 669 658
06 14 644 640 630 621 621 630 644 680 729 759 788 810 820 829 840 840 824 806 781 739 711 680 669 660
06 15 649 640 639 626 626 630 649 691 730 759 790 810 820 829 840 842 824 806 781 739 711 691 669 660
06 16 660 640 640 630 630 630 649 698 730 759 788 810 820 829 840 840 824 806 781 739 711 691 669 660
06 17 660 640 640 630 630 630 649 698 730 770 790 810 820 829 840 840 824 806 781 739 711 691 669 660
06 18 660 644 640 630 630 630 649 691 730 770 790 820 824 829 840 840 824 801 781 739 711 691 669 660
06 19 660 644 640 630 630 630 649 700 739 770 801 820 829 840 840 842 829 810 781 739 711 698 680 669
06 20 660 649 644 630 630 640 660 700 739 781 801 824 840 849 849 849 829 810 790 750 716 700 680 669
06 21 660 649 649 640 640 644 662 700 739 779 801 824 840 849 849 849 829 810 790 750 720 700 680 669
06 22 662 660 649 644 644 644 669 700 739 781 801 824 840 849 849 842 829 810 790 750 716 700 680 669
06 23 662 660 649 644 644 644 669 700 739 781 801 824 840 849 849 842 829 810 790 750 716 698 680 669
06 24 662 660 649 644 644 649 662 700 739 781 801 824 840 849 849 840 829 810 790 750 716 700 680 669
06 25 662 660 649 644 644 649 669 700 750 781 806 824 840 849 849 842 829 810 790 750 720 700 691 680
06 26 669 662 660 649 644 649 669 709 750 781 801 824 840 849 849 842 829 810 790 750 720 700 691 680
06 27 669 662 660 660 649 660 680 711 750 781 810 829 840 849 849 842 840 820 790 750 730 711 698 691
06 28 669 669 662 660 660 660 680 709 750 781 810 829 842 860 849 842 840 820 790 750 730 711 698 691
06 29 680 669 669 660 660 660 680 711 750 781 810 829 849 860 849 849 840 820 790 750 730 711 700 691
06 30 680 669 669 662 660 662 680 711 750 790 810 840 849 860 860 849 840 824 790 752 730 711 698 691
07 01 669 669 669 669 660 662 680 711 752 790 820 840 860 871 860 860 849 829 801 759 730 711 700 698
07 02 691 680 680 669 662 669 689 716 759 790 820 840 860 871 860 860 849 829 801 770 730 716 709 698
07 03 691 680 680 669 669 669 691 720 759 790 820 840 860 869 860 860 849 829 801 770 730 716 711 700
07 04 691 680 680 669 669 669 691 716 752 790 820 840 849 860 860 860 840 824 801 759 730 716 700 698
07 05 691 680 680 669 662 669 680 711 752 788 820 829 849 860 849 849 840 824 801 759 730 711 700 698
07 06 680 680 680 669 662 669 680 711 752 790 820 829 842 860 849 849 840 824 801 759 730 711 700 691
07 07 680 680 680 669 662 669 680 711 752 790 820 829 842 860 849 860 842 824 801 770 730 711 711 698
07 08 691 680 680 669 662 669 680 716 759 790 820 838 849 860 849 860 842 824 801 770 730 716 711 698
07 09 691 680 680 669 662 669 680 716 759 790 820 840 849 860 860 860 842 829 801 770 730 716 711 698
07 10 691 680 680 669 662 669 691 716 759 790 820 840 860 871 871 860 849 829 806 770 734 716 711 698
07 11 691 680 680 669 669 669 691 716 759 801 820 840 860 871 871 860 849 840 810 781 739 720 711 700
07 12 691 691 680 680 669 669 691 720 759 801 820 842 860 871 871 860 849 840 810 781 748 720 711 698
07 13 691 680 680 680 669 669 698 720 770 801 820 840 860 871 871 871 860 840 810 781 750 720 711 698
07 14 691 680 680 669 669 669 691 720 759 801 820 840 860 871 871 860 849 840 810 781 750 720 711 698
07 15 691 680 680 669 669 669 691 720 759 801 820 840 860 871 871 871 860 840 810 781 750 720 711 700
07 16 691 680 680 669 669 669 691 720 759 790 820 840 860 860 860 860 849 840 810 781 750 720 700 698
07 17 691 680 680 669 662 669 691 720 759 790 820 840 860 860 871 860 849 840 820 781 748 720 711 700
07 18 691 680 680 669 669 669 691 720 759 801 820 840 860 871 871 860 849 840 820 781 750 720 711 700
07 19 691 680 680 680 669 680 691 720 759 801 820 840 860 871 871 860 849 840 820 781 750 720 711 700
07 20 691 680 680 680 680 680 698 729 759 801 820 842 860 871 871 860 849 840 820 781 750 720 711 700
07 21 691 689 680 680 680 680 698 720 759 801 824 842 860 871 871 860 849 840 820 781 750 720 711 700
07 22 691 691 680 680 680 680 698 720 759 801 820 842 860 871 871 860 842 840 810 781 750 720 711 700
07 23 691 680 680 680 680 680 698 720 759 801 820 840 860 860 860 860 842 840 820 781 750 720 711 700
07 24 698 680 680 680 680 680 698 720 759 801 820 840 860 860 860 860 842 840 820 781 750 720 711 700
07 25 698 680 680 680 680 680 698 729 759 790 820 840 849 860 860 860 842 840 820 779 750 720 711 700
07 26 698 680 680 680 680 680 698 720 759 790 820 840 849 860 860 860 842 838 810 770 739 720 711 700
07 27 698 680 680 680 680 680 691 720 752 790 820 840 849 860 860 860 842 840 810 770 739 720 711 700
07 28 691 680 680 680 680 680 691 720 750 788 820 840 849 860 860 860 842 838 810 770 739 720 711 700
07 29 691 680 680 680 680 680 691 720 752 790 820 840 849 860 860 860 842 840 810 770 739 720 711 700
07 30 698 680 680 680 680 680 698 720 752 788 820 840 849 860 860 860 842 840 810 770 739 720 711 700
07 31 698 680 680 680 680 680 698 720 752 788 820 840 849 860 860 860 842 829 806 770 739 720 711 700
08 01 691 680 680 680 669 680 691 716 750 788 820 840 849 860 860 860 842 829 806 770 739 720 711 700
08 02 691 680 680 669 669 680 691 716 750 781 820 840 849 860 860 860 849 829 806 770 734 716 711 700
08 03 691 680 680 669 669 669 680 711 750 788 820 840 849 860 860 860 849 829 810 770 739 716 711 698
08 04 691 680 680 669 669 669 680 711 750 788 820 840 849 860 860 860 849 829 806 770 734 716 711 700
08 05 691 680 680 669 669 669 680 711 750 781 810 840 849 860 860 860 849 840 806 770 734 716 711 700
08 06 691 680 680 669 669 669 680 711 750 788 820 840 849 860 860 860 849 840 810 770 734 720 711 700
08 07 691 680 680 669 669 669 680 711 750 788 820 840 849 871 860 860 849 840 810 770 739 720 711 700
08 08 691 691 680 669 669 669 680 711 750 788 820 840 860 871 860 869 860 840 806 770 739 720 711 700
08 09 698 691 680 680 669 669 680 711 750 788 820 840 860 871 860 869 860 840 806 770 739 720 711 700
08 10 691 680 680 680 669 669 680 711 750 790 820 840 860 871 860 871 860 840 806 770 734 720 711 700
08 11 691 680 680 680 669 669 680 711 750 788 810 842 860 871 871 871 849 829 806 770 739 720 711 700
08 12 691 680 680 680 669 680 691 711 750 788 820 842 860 871 860 869 849 829 806 770 734 720 711 700
08 13 691 680 680 669 669 669 680 711 739 781 810 840 849 871 860 860 849 829 801 770 734 720 711 700
08 14 691 680 680 669 669 669 680 711 739 781 810 840 849 869 860 860 849 829 801 759 730 720 711 700
08 15 691 680 680 669 669 669 680 709 739 781 810 840 849 869 860 860 849 829 801 759 730 720 711 700
08 16 691 680 680 669 669 669 680 709 739 781 806 840 842 860 860 860 842 829 790 759 730 716 711 698
08 17 691 680 680 669 669 669 680 700 730 781 801 829 840 849 860 849 840 824 790 752 730 716 700 691
08 18 680 680 680 669 669 669 680 700 730 770 801 820 840 849 860 849 840 820 790 750 720 716 700 691
08 19 680 680 680 669 662 669 680 700 730 770 801 820 829 849 860 849 840 820 788 750 720 711 700 691
08 20 680 669 669 669 660 660 669 700 730 770 801 824 829 849 849 849 840 820 788 750 720 711 700 691
08 21 680 669 669 662 660 660 669 700 730 770 801 820 829 849 849 849 840 820 788 739 720 711 700 691
08 22 680 669 669 662 660 660 662 691 730 770 801 820 829 840 849 842 829 810 781 739 716 709 698 680
08 23 669 669 662 660 660 649 660 691 730 770 790 820 829 829 842 840 829 810 770 734 716 700 691 680
08 24 669 662 662 660 660 649 660 691 720 752 781 810 820 829 829 829 810 790 759 730 711 698 680 680
08 25 669 662 660 660 660 649 660 680 716 750 781 806 820 824 829 829 810 790 759 720 700 691 680 669
08 26 662 660 660 660 649 644 649 680 711 750 781 801 820 824 824 824 806 790 752 720 700 691 669 662
08 27 662 660 660 649 649 644 649 669 711 739 770 801 810 820 820 824 806 788 752 716 698 680 669 662
08 28 662 660 660 649 649 640 649 669 711 739 770 801 810 820 820 824 806 788 750 716 698 680 669 662
08 29 660 649 649 644 644 640 644 669 711 739 770 801 810 820 820 824 801 788 750 716 698 680 669 662
08 30 660 649 649 644 640 640 644 662 711 734 770 790 810 820 820 820 801 781 750 711 698 680 669 662
08 31 660 649 649 644 644 640 644 669 700 734 770 790 810 820 820 820 801 781 750 711 698 680 669 662
09 01 660 649 649 644 640 640 649 669 700 734 770 801 819 820 820 820 801 781 750 711 698 680 669 669
09 02 660 660 649 649 644 640 649 669 700 734 770 790 810 820 820 820 801 781 739 711 691 680 669 669
09 03 660 649 649 649 644 640 649 669 700 730 770 790 806 810 810 810 801 781 739 711 691 680 669 669
09 04 662 660 660 649 644 640 649 662 698 730 770 788 801 810 810 810 790 770 734 700 691 680 669 669
09 05 660 649 649 649 640 640 649 660 691 730 759 781 790 801 806 806 790 770 730 700 680 669 662 660
09 06 660 649 644 640 640 630 640 660 691 720 759 781 790 801 806 801 790 759 730 700 680 669 660 660
09 07 649 644 640 640 630 630 640 660 691 720 752 781 790 801 806 801 788 759 720 700 680 669 660 649
09 08 649 640 640 640 630 630 640 649 680 720 759 781 790 801 806 801 781 759 720 700 680 669 660 649
09 09 644 640 640 640 630 630 630 649 680 720 752 781 790 801 801 801 781 752 720 698 680 669 660 649
09 10 644 640 630 630 630 630 630 649 680 716 750 779 790 801 801 790 781 752 716 691 669 660 660 649
09 11 644 640 630 630 630 630 630 649 680 711 750 770 790 801 801 790 781 750 711 691 669 660 649 649
09 12 640 640 630 630 630 630 630 649 669 711 750 759 788 790 790 788 770 739 711 691 669 660 649 644
09 13 640 630 630 630 630 630 630 649 669 711 739 759 781 790 790 790 770 739 711 691 669 660 658 649
09 14 640 640 630 630 630 630 630 644 669 711 739 759 781 790 790 788 770 739 700 680 669 660 649 640
09 15 640 630 630 630 630 621 630 640 669 700 730 752 770 788 788 781 759 734 700 680 660 660 649 644
09 16 640 639 630 630 630 621 630 640 660 691 720 739 759 770 781 770 750 730 691 669 660 660 649 640
09 17 640 630 626 630 630 621 630 640 660 680 711 739 759 759 770 752 750 720 691 669 660 649 649 640
09 18 630 630 621 621 621 621 621 630 649 669 700 730 739 752 759 750 739 716 680 662 649 640 640 630
09 19 626 621 621 621 610 621 610 630 644 669 700 730 739 750 752 750 739 711 680 660 649 640 630 630
09 20 626 621 621 610 610 610 610 626 640 662 691 720 734 750 750 750 734 711 680 660 644 640 630 630
09 21 626 621 621 621 621 621 621 626 644 662 691 716 730 750 750 739 734 700 669 660 644 640 630 630
09 22 626 621 621 621 610 621 610 621 640 660 691 711 730 739 739 739 730 700 669 649 644 630 630 626
09 23 621 621 610 610 610 601 608 610 640 660 680 711 730 739 739 739 730 700 662 644 640 630 626 621
09 24 621 610 610 610 608 601 601 610 630 649 680 700 730 734 739 734 730 700 660 644 640 630 621 621
09 25 621 610 610 608 601 601 601 610 630 649 680 700 720 734 734 734 720 698 660 644 630 626 610 621
09 26 621 610 610 608 601 601 601 610 630 649 680 700 720 730 734 730 716 691 660 640 630 626 610 610
09 27 621 610 610 608 601 601 601 610 630 649 680 698 720 730 730 730 711 691 649 640 630 621 610 610
09 28 610 610 608 601 601 601 601 608 626 649 680 698 716 730 730 720 711 680 644 630 626 610 608 610
09 29 610 608 601 590 590 590 590 608 621 640 669 691 711 720 730 720 700 669 640 626 621 610 608 608
09 30 608 608 601 590 590 590 590 601 621 640 662 691 711 720 720 720 700 669 640 621 610 608 601 590
10 01 601 590 590 590 579 579 590 590 610 640 660 691 700 711 720 716 691 660 630 621 610 601 601 590
10 02 590 590 590 579 579 579 590 590 610 630 660 680 700 711 711 711 689 660 630 621 610 601 590 590
10 03 590 590 590 579 579 579 590 590 610 630 649 680 700 711 711 700 680 649 626 610 601 590 590 590
10 04 590 579 590 579 579 579 579 590 601 626 649 680 700 711 709 700 680 649 626 610 601 590 590 579
10 05 579 579 579 579 572 572 579 579 601 621 649 680 700 711 700 700 680 649 621 608 590 590 579 579
10 06 572 570 572 570 559 570 570 570 590 610 640 669 691 709 700 698 680 649 610 601 590 590 579 572
10 07 570 570 570 570 559 570 559 570 579 610 640 669 691 711 700 698 680 640 610 601 590 590 572 572
10 08 570 570 570 559 559 559 559 570 579 610 640 669 691 709 700 691 669 640 610 601 590 579 570 570
10 09 559 559 559 559 559 559 559 570 579 610 630 660 680 691 691 680 660 640 610 590 590 572 570 559
10 10 559 559 559 559 554 550 554 559 572 608 630 649 669 680 691 669 660 621 601 590 579 570 559 559
10 11 559 554 550 550 550 540 550 554 570 590 621 640 660 669 680 669 649 619 601 579 572 570 559 559
10 12 554 550 540 540 540 540 540 550 570 579 621 640 649 669 669 669 640 610 590 579 572 559 559 554
10 13 554 550 540 540 540 540 540 550 559 579 619 630 649 662 669 669 640 610 579 572 568 559 559 554
10 14 550 550 540 540 540 540 540 540 559 579 610 630 649 660 669 660 640 608 579 570 568 559 554 554
10 15 550 550 540 540 540 540 540 540 559 579 610 630 644 660 669 660 639 601 579 570 559 554 550 550
10 16 550 540 540 540 540 540 540 540 559 579 610 626 640 658 649 649 630 601 579 572 568 554 550 554
10 17 550 540 540 540 536 536 540 540 559 579 608 621 640 649 649 649 630 590 579 570 559 550 550 550
10 18 550 550 540 540 536 536 540 536 554 572 601 621 640 649 660 649 630 590 572 570 559 550 550 550
10 19 550 540 540 540 536 536 540 536 554 570 601 621 640 649 649 649 626 590 570 559 559 550 550 550
10 20 550 540 540 540 536 531 536 536 550 570 590 619 630 649 649 649 626 590 570 559 559 550 550 550
10 21 550 549 540 540 536 531 536 536 550 570 590 610 630 640 640 639 621 590 570 559 559 550 550 550
10 22 549 540 536 536 531 531 531 531 540 559 590 610 630 639 630 630 610 579 570 559 550 550 540 540
10 23 540 540 531 531 531 520 531 531 540 559 579 610 630 639 630 630 610 579 570 559 550 550 540 540
10 24 540 536 531 531 531 520 520 520 540 559 579 610 630 639 640 630 610 579 570 559 550 550 540 540
10 25 540 531 520 531 531 520 520 520 536 559 579 610 630 640 640 630 610 579 570 559 550 550 540 536
10 26 536 531 520 531 531 518 518 518 531 554 579 610 621 639 630 626 601 579 570 559 550 550 540 531
10 27 531 531 520 520 520 511 511 511 531 554 579 610 626 630 630 621 601 579 568 554 550 550 540 536
10 28 531 531 520 520 520 511 511 511 531 554 579 610 621 630 630 621 601 579 559 554 550 550 540 531
10 29 531 520 520 520 518 511 511 511 520 554 579 601 610 626 626 621 601 579 559 554 550 550 531 531
10 30 531 520 520 520 520 511 500 511 520 550 572 601 610 626 621 610 601 570 559 554 550 550 531 531
10 31 531 520 520 520 518 511 500 511 520 550 570 601 610 621 621 610 590 570 559 550 550 540 531 531
11 01 531 520 518 520 518 511 500 511 520 549 559 590 601 608 610 608 590 570 550 540 540 536 531 520
11 02 520 520 511 511 511 500 500 511 520 540 559 579 601 601 608 601 579 559 550 540 540 536 531 520
11 03 520 520 511 511 511 500 500 511 520 540 554 579 601 601 601 590 579 559 550 540 536 531 531 520
11 04 520 520 511 511 511 500 500 500 518 540 550 572 590 590 601 590 570 550 540 540 531 531 531 520
11 05 520 520 511 500 500 489 489 500 511 531 550 570 579 590 590 579 559 540 536 531 520 520 520 520
11 06 518 511 511 500 500 500 500 500 511 531 550 570 572 590 590 579 559 536 531 531 520 518 518 518
11 07 511 511 509 500 500 500 500 500 511 531 550 559 572 579 579 572 554 536 531 531 520 518 518 518
11 08 511 511 511 500 500 500 500 500 511 531 540 554 570 579 579 559 540 531 531 520 518 518 518 511
11 09 511 511 511 500 500 500 500 500 511 531 536 554 559 572 572 559 540 531 531 520 520 518 518 511
11 10 511 511 500 500 500 500 489 500 511 529 536 550 559 572 572 559 540 531 531 520 518 518 518 509
11 11 511 509 500 500 500 489 489 489 500 520 536 540 554 570 559 550 536 520 518 518 518 518 511 500
11 12 500 500 489 489 489 482 482 482 500 518 531 540 554 559 559 550 536 518 518 518 518 511 511 500
11 13 500 500 489 489 482 480 480 480 500 511 520 536 550 554 554 550 531 511 500 500 500 500 500 500
11 14 500 500 489 489 480 480 480 480 480 500 520 536 550 554 554 550 520 500 489 489 489 489 500 489
11 15 489 489 482 480 469 469 480 469 480 500 520 536 540 554 554 550 520 500 489 482 489 489 489 482
11 16 482 482 482 480 469 469 469 469 480 500 520 531 540 550 554 540 520 500 489 482 482 482 489 482
11 17 482 482 480 469 469 469 469 464 469 489 511 518 536 550 540 536 518 489 482 480 480 480 482 482
11 18 480 480 480 469 469 469 469 464 464 489 500 518 536 540 540 536 518 489 482 480 480 480 480 480
11 19 480 480 469 469 469 464 464 460 464 482 500 511 531 540 540 536 511 482 469 469 469 469 469 469
11 20 469 469 469 469 464 464 450 459 464 482 489 511 531 540 540 531 511 482 469 469 464 469 469 469
11 21 469 469 469 464 460 460 450 446 460 480 489 500 531 540 540 531 511 489 469 469 469 478 480 480
11 22 480 469 469 464 460 450 450 446 460 480 489 500 520 536 536 529 511 480 469 469 464 469 469 464
11 23 469 464 464 460 450 446 446 441 450 469 489 500 511 520 531 518 489 469 469 464 464 469 464 464
11 24 469 464 464 450 450 441 441 430 450 460 469 480 500 511 518 511 480 460 460 450 460 464 460 460
11 25 464 460 446 441 446 430 430 430 450 460 469 480 500 511 511 511 480 460 460 450 460 460 460 450
11 26 460 450 441 430 430 430 430 430 450 460 469 480 500 511 511 500 480 460 460 450 460 460 460 450
11 27 460 450 441 430 430 430 430 430 450 460 469 480 500 511 500 489 469 460 450 450 450 450 441 441
11 28 441 430 430 428 428 430 428 421 430 446 460 469 489 489 500 482 464 450 446 450 446 446 441 441
11 29 441 430 430 421 428 428 421 421 430 441 460 469 482 482 489 480 460 446 450 446 446 446 441 441
11 30 430 430 441 428 428 430 421 421 421 441 460 464 480 482 482 480 460 446 446 446 446 441 430 430
12 01 430 430 428 421 421 428 421 421 421 430 450 460 480 480 482 480 450 441 446 446 446 430 428 428
12 02 430 428 428 410 410 399 399 410 410 421 441 450 464 469 480 469 446 441 430 430 430 421 421 421
12 03 421 421 421 410 399 392 399 399 399 410 441 450 464 469 469 469 446 430 430 430 430 421 421 410
12 04 410 421 421 410 399 390 399 390 392 410 430 450 460 469 469 464 441 430 430 428 421 410 399 399
12 05 399 399 392 390 390 379 390 379 390 410 430 446 460 464 469 460 441 430 421 421 421 410 399 399
12 06 399 410 390 390 390 379 390 379 390 410 430 446 460 464 464 450 441 428 421 410 410 399 392 390
12 07 390 379 390 379 379 379 379 379 390 410 428 441 450 460 464 450 430 421 410 410 399 399 390 379
12 08 379 379 379 379 379 379 379 379 390 410 428 441 450 460 464 450 430 421 410 399 399 392 379 379
12 09 379 379 379 374 374 379 379 374 390 399 421 441 446 460 464 446 430 410 399 399 390 379 379 379
12 10 374 370 370 370 370 379 370 370 390 392 410 430 441 450 450 446 430 410 399 399 390 379 379 379
12 11 374 374 374 370 370 370 370 370 379 379 399 428 441 446 446 441 428 399 392 392 379 379 370 370
12 12 370 370 370 370 370 370 370 360 370 379 399 421 430 430 430 421 410 392 390 390 379 370 370 370
12 13 370 360 370 370 370 360 360 360 370 374 399 421 428 428 430 421 410 392 379 379 374 370 370 360
12 14 360 360 360 360 360 360 360 360 370 374 399 410 421 428 428 410 410 392 379 379 370 370 360 360
12 15 360 356 360 360 360 360 360 356 360 360 392 410 410 421 421 410 399 392 379 374 370 370 356 360
12 16 360 360 360 360 360 360 360 360 360 370 392 410 421 421 430 421 410 392 390 379 374 370 370 360
12 17 370 370 370 370 370 370 360 360 360 370 392 410 421 428 430 421 410 399 390 390 379 370 379 374
12 18 374 370 370 370 370 370 360 360 370 374 392 410 421 428 430 421 410 399 390 379 374 370 374 374
12 19 374 370 370 370 370 370 360 360 360 370 392 410 410 428 428 421 410 399 390 379 374 370 374 374
12 20 374 370 370 360 370 370 360 360 356 370 392 410 410 421 421 421 410 392 390 379 370 370 370 370
12 21 370 360 360 360 360 360 360 360 356 360 390 410 410 421 421 410 410 392 379 379 370 370 370 370
12 22 370 360 360 356 360 360 360 360 356 360 390 410 410 421 421 410 410 392 379 379 370 370 370 374
12 23 374 360 360 356 360 360 360 356 356 360 390 399 410 410 410 410 399 392 379 374 370 370 370 370
12 24 370 360 360 356 356 360 360 356 351 360 379 390 399 410 399 399 392 390 374 374 370 370 370 374
12 25 370 360 356 356 356 360 360 356 351 360 379 390 399 399 399 399 390 374 374 370 360 360 370 370
12 26 360 351 356 356 356 356 356 356 351 356 374 379 392 399 399 399 390 370 370 360 360 360 370 370
12 27 360 351 356 356 351 356 356 356 351 356 374 379 392 399 399 399 390 374 370 360 360 360 370 370
12 28 360 351 351 356 351 356 356 356 351 360 374 379 399 399 399 399 390 374 374 360 360 360 370 370
12 29 360 356 356 356 356 356 356 356 351 360 374 379 392 399 399 399 390 374 360 360 356 360 360 360
12 30 360 351 351 356 351 356 356 351 351 360 370 374 392 399 399 399 390 374 360 360 360 360 360 370
12 31 360 351 351 356 351 356 356 351 351 356 360 374 390 399 392 392 374 370 360 356 351 356 356 356
