01 01 360 360 360 360 351 351 351 360 360 360 379 399 430 441 450 450 428 390 379 379 374 374 370 370
01 02 360 360 360 360 351 351 351 351 360 360 379 399 421 441 441 450 430 390 379 379 374 374 370 370
01 03 360 360 360 360 360 360 356 360 370 360 379 410 430 441 450 450 430 390 388 379 379 379 370 370
01 04 370 369 370 370 360 370 360 360 370 370 388 410 430 441 450 450 430 399 390 379 379 379 370 370
01 05 370 369 370 370 360 370 360 370 370 370 390 410 430 450 450 450 430 399 390 379 390 379 374 370
01 06 374 370 370 370 370 370 360 370 370 379 390 410 430 450 450 450 430 399 390 379 390 379 379 370
01 07 370 370 370 370 370 370 360 370 374 379 392 410 441 450 450 460 430 410 390 390 390 379 379 379
01 08 379 374 374 370 370 370 360 370 379 379 392 410 430 450 450 450 430 410 390 390 390 390 379 379
01 09 379 379 374 370 370 370 360 370 379 379 392 410 430 450 450 450 430 399 390 390 390 390 379 379
01 10 379 374 374 370 370 370 370 370 370 374 390 410 430 441 450 450 430 399 390 390 390 379 379 379
01 11 374 370 379 370 370 370 360 370 370 370 390 410 430 441 450 450 430 399 390 379 390 379 379 379
01 12 374 370 374 370 370 370 370 370 374 374 390 410 430 441 450 450 430 399 388 379 379 379 379 379
01 13 370 370 374 370 370 370 360 370 370 370 390 410 421 441 441 441 430 399 390 379 379 379 379 379
01 14 370 370 370 370 370 370 360 369 370 360 379 399 421 441 441 430 421 399 388 379 379 379 379 370
01 15 374 370 370 370 360 360 360 360 370 360 379 399 421 430 430 430 421 399 390 379 379 379 379 370
01 16 370 370 370 370 360 360 360 360 370 360 379 399 421 430 430 430 421 399 390 379 379 379 370 370
01 17 370 370 370 370 360 360 360 360 370 360 390 399 421 439 441 430 421 399 390 379 379 379 370 370
01 18 370 370 369 360 360 360 360 360 360 360 379 399 421 430 441 430 428 399 390 379 379 379 370 370
01 19 370 369 360 351 356 351 356 351 351 360 379 399 421 430 441 430 430 399 390 379 379 379 370 370
01 20 370 370 360 351 360 360 356 351 351 360 379 399 421 430 441 441 430 399 390 379 379 379 370 370
01 21 370 360 360 351 351 360 351 360 351 360 379 399 421 430 441 441 430 399 390 379 379 379 374 370
01 22 370 370 360 351 356 360 356 360 351 360 379 410 428 430 441 441 430 399 390 390 379 379 370 370
01 23 370 360 360 351 351 360 351 360 356 360 379 410 430 441 450 450 446 410 390 390 379 379 374 370
01 24 370 370 370 360 356 360 360 360 360 360 390 421 441 450 460 460 450 410 392 390 388 379 379 370
01 25 374 370 370 360 360 370 369 369 370 370 390 421 441 460 478 469 460 421 410 390 390 390 388 379
01 26 379 370 370 370 360 370 369 369 370 370 392 430 450 469 480 480 460 430 410 390 390 379 379 379
01 27 374 370 370 370 360 360 360 360 360 370 392 421 450 469 480 480 460 430 410 392 390 379 379 379
01 28 374 370 370 370 360 370 360 360 360 360 392 421 450 469 480 482 469 441 410 392 390 390 379 379
01 29 379 370 370 370 360 370 360 369 360 370 399 430 450 469 480 489 469 450 421 399 390 390 379 379
01 30 379 370 370 370 360 370 360 370 370 370 399 430 460 469 480 489 480 450 421 399 390 390 388 379
01 31 379 374 370 370 360 370 360 369 360 370 399 430 460 478 489 500 480 450 421 399 390 390 388 379
02 01 379 370 370 370 360 360 360 360 360 370 399 430 464 480 489 500 480 460 421 399 390 390 388 379
02 02 374 370 370 370 360 360 351 360 360 370 399 430 464 480 489 500 480 460 421 392 390 379 379 379
02 03 374 370 370 370 356 360 351 360 360 370 399 430 469 480 500 500 489 460 421 392 390 379 379 370
02 04 370 360 369 370 351 351 351 351 351 369 399 430 460 478 500 500 489 460 421 390 388 379 374 370
02 05 370 360 360 360 351 351 351 351 351 360 399 430 464 480 500 500 500 460 421 390 379 379 374 370
02 06 370 360 360 370 356 360 351 351 351 370 410 441 469 489 511 500 500 460 421 390 379 379 374 370
02 07 370 360 360 360 351 351 351 351 351 360 410 430 469 489 511 500 500 460 421 390 379 379 370 370
02 08 370 360 356 360 351 351 351 351 351 360 399 430 469 482 500 500 500 460 421 379 379 379 370 370
02 09 360 356 351 360 351 351 351 351 351 360 399 430 460 480 500 500 500 460 421 379 374 379 370 360
02 10 360 351 351 360 351 351 349 351 351 360 399 430 460 480 489 500 500 460 421 390 379 379 374 370
02 11 370 356 356 360 351 351 351 351 351 360 399 430 469 482 489 500 489 460 421 390 379 379 374 370
02 12 370 360 356 360 351 351 356 351 351 370 410 441 469 489 500 500 500 469 421 392 379 390 374 370
02 13 370 360 360 360 356 356 360 351 360 370 410 441 480 489 500 511 500 469 428 399 390 390 379 379
02 14 370 370 360 369 356 360 360 356 360 379 410 450 489 500 500 511 500 469 430 399 390 390 379 379
02 15 374 370 360 360 356 360 360 356 360 379 421 450 480 500 500 511 511 480 430 399 390 390 379 379
02 16 374 370 360 369 360 360 360 356 360 379 410 450 480 489 500 511 500 480 430 399 390 390 379 370
02 17 374 370 370 370 370 360 360 356 360 379 421 450 480 500 511 518 511 489 430 399 390 390 379 379
02 18 374 370 370 370 370 370 370 356 370 390 421 460 489 500 520 520 518 489 441 410 390 390 390 379
02 19 379 374 370 370 370 370 370 360 370 390 421 460 489 500 520 520 518 489 441 410 399 390 390 379
02 20 379 374 370 370 370 360 360 356 370 390 421 460 482 511 520 520 518 489 441 410 399 390 379 379
02 21 379 374 370 370 360 351 360 351 370 379 421 460 489 511 520 520 520 489 446 410 399 390 379 379
02 22 379 374 370 370 360 351 360 351 360 390 428 460 489 511 520 531 520 500 450 421 399 392 388 379
02 23 374 374 370 370 360 351 360 351 360 390 430 460 489 511 531 531 531 511 460 421 399 390 379 370
02 24 374 370 370 360 356 351 351 351 360 390 430 460 489 520 531 531 536 511 469 428 410 390 388 379
02 25 379 379 370 370 360 351 360 351 360 390 430 469 500 520 540 540 540 520 469 428 410 390 379 379
02 26 379 374 370 370 360 351 351 351 360 390 430 469 500 531 540 554 550 520 480 428 410 392 379 379
02 27 379 379 370 370 360 351 351 351 360 390 430 469 500 531 540 550 550 531 469 421 410 390 379 379
02 28 374 370 370 360 351 351 340 351 351 390 430 469 500 520 540 540 540 520 469 421 399 390 379 370
03 01 370 370 370 360 351 340 340 340 351 390 430 469 500 520 540 540 540 520 469 421 399 390 379 370
03 02 370 370 370 360 351 340 340 351 360 390 430 469 500 520 540 540 550 531 480 421 399 390 379 370
03 03 370 370 370 360 351 351 351 351 360 390 441 469 500 531 550 559 559 540 482 421 410 392 379 379
03 04 379 370 370 369 360 351 351 351 370 399 446 480 511 540 550 570 559 540 489 430 410 399 390 379
03 05 374 370 370 370 360 360 351 351 370 399 446 480 511 531 550 570 570 550 489 430 410 399 390 379
03 06 374 370 370 370 370 360 351 351 370 410 450 480 511 540 550 570 570 559 500 441 410 399 390 390
03 07 379 374 370 370 370 360 360 351 370 410 450 489 511 540 559 570 579 559 511 450 421 410 399 390
03 08 379 374 370 370 370 360 360 351 370 410 450 489 520 540 559 570 579 559 520 450 430 419 399 390
03 09 379 374 370 370 370 360 360 351 370 410 450 489 520 550 559 579 579 570 520 450 430 421 410 390
03 10 390 379 370 370 370 360 360 356 370 410 450 489 520 550 570 579 579 570 520 450 430 421 399 390
03 11 390 379 370 370 370 360 360 360 370 410 450 500 529 559 579 590 579 570 531 460 430 421 410 390
03 12 390 379 379 379 370 370 360 360 379 410 459 500 531 559 579 590 590 570 531 469 430 421 410 399
03 13 392 379 379 379 370 370 360 360 379 421 460 500 540 570 579 590 601 579 536 480 441 430 419 410
03 14 399 390 379 379 370 370 370 360 379 421 469 511 540 570 590 601 601 579 540 480 441 430 421 410
03 15 399 390 390 379 370 370 370 370 390 439 469 511 540 579 601 601 601 579 540 482 450 430 421 410
03 16 399 399 390 379 374 370 374 370 390 441 480 520 550 579 601 610 608 590 550 489 450 450 441 421
03 17 410 399 390 379 379 370 379 370 390 441 480 520 550 590 601 610 610 590 550 500 460 450 441 421
03 18 410 399 390 390 379 370 379 370 399 450 489 531 559 590 601 610 610 590 554 500 469 460 450 430
03 19 410 410 390 390 379 370 379 379 399 450 489 531 559 590 601 610 608 590 550 500 469 460 450 430
03 20 410 410 390 390 388 370 379 379 399 450 489 531 559 590 601 610 610 601 559 500 469 460 450 441
03 21 421 410 399 390 379 379 379 379 410 450 489 531 559 590 601 610 610 601 559 500 480 460 450 441
03 22 421 421 399 390 390 379 379 379 410 460 500 531 559 590 601 610 610 601 570 511 489 464 450 441
03 23 421 421 399 390 390 390 379 390 410 460 500 540 570 601 608 621 610 601 570 520 489 469 460 441
03 24 430 421 410 399 390 390 390 390 421 469 511 540 579 601 610 621 610 601 570 520 500 469 460 441
03 25 430 430 410 399 390 390 390 390 430 469 511 540 579 601 621 630 621 610 572 520 500 480 460 450
03 26 430 430 410 399 399 390 390 390 439 469 511 550 590 608 621 630 630 610 579 520 500 480 460 450
03 27 439 430 410 410 399 390 390 390 441 480 511 550 590 601 621 630 630 621 590 531 500 480 469 460
03 28 441 430 421 410 399 390 390 392 441 480 520 559 590 608 626 630 630 621 590 540 511 480 469 460
03 29 441 430 421 410 410 390 390 399 441 480 520 559 590 610 630 640 640 630 590 540 511 489 469 460
03 30 450 441 421 410 410 390 390 399 446 489 531 570 601 630 649 644 640 630 601 540 511 489 469 460
03 31 450 430 421 410 410 390 390 410 446 489 531 570 601 630 649 644 644 640 610 550 511 489 469 460
04 01 450 430 421 410 410 390 390 410 450 489 536 579 610 630 649 644 644 640 610 550 520 489 480 460
04 02 450 441 421 421 410 399 390 421 450 500 540 579 621 630 649 649 649 640 610 559 520 489 469 460
04 03 450 441 421 410 410 390 390 410 450 500 540 590 621 630 658 649 649 649 621 559 520 489 480 460
04 04 450 430 421 410 410 399 390 421 460 500 550 590 621 640 660 649 649 649 621 559 520 500 480 460
04 05 460 441 428 421 410 399 399 430 469 511 559 601 630 649 669 660 660 660 630 570 531 500 480 469
04 06 460 446 430 421 421 399 399 430 469 520 559 601 630 649 669 669 669 660 639 579 531 500 480 469
04 07 464 450 441 430 421 410 399 430 469 531 570 610 640 658 669 680 680 660 649 590 531 511 489 480
04 08 464 450 441 430 430 410 410 430 480 531 570 610 640 660 680 680 680 669 649 601 540 511 500 480
04 09 469 450 441 430 430 421 410 439 480 540 579 621 649 669 689 691 689 680 649 610 540 520 509 480
04 10 469 450 450 441 430 421 421 450 489 540 590 630 660 669 691 691 691 680 660 610 550 520 511 480
04 11 469 460 460 441 441 430 428 450 500 549 590 630 660 680 691 700 700 680 660 610 550 531 511 500
04 12 480 469 460 446 441 430 430 450 500 550 590 630 660 680 691 700 700 680 669 621 559 540 520 500
04 13 480 469 464 450 441 441 430 460 511 559 601 640 669 691 700 711 709 691 680 621 559 540 520 500
04 14 489 469 469 450 450 441 441 469 520 570 610 640 680 691 711 720 716 700 680 630 570 550 531 520
04 15 -9999 480 478 460 450 441 441 480 531 579 621 649 680 700 720 720 720 711 691 640 572 559 531 520
04 16 -9999 489 480 469 460 450 450 480 531 579 626 660 691 711 720 720 720 711 691 640 579 559 536 531
04 17 -9999 489 480 469 460 450 450 480 536 590 630 660 691 711 720 720 720 711 691 640 579 559 536 531
04 18 -9999 489 480 469 460 450 450 489 540 590 630 660 691 711 720 730 720 711 691 649 590 559 540 531
04 19 -9999 489 480 469 460 450 460 489 540 590 630 660 691 711 720 730 730 711 700 649 590 559 540 531
04 20 -9999 500 480 469 469 460 460 489 540 590 630 669 700 716 730 730 730 720 700 649 601 570 540 531
04 21 -9999 500 489 480 469 460 469 489 540 601 640 669 700 720 730 730 730 720 709 649 601 570 550 531
04 22 -9999 500 489 480 469 460 469 489 540 601 640 680 711 720 730 739 730 720 711 660 601 570 550 531
04 23 -9999 511 489 480 469 460 469 500 550 601 640 680 711 720 730 739 730 720 711 660 608 572 550 531
04 24 -9999 511 489 480 469 460 469 500 550 601 640 680 711 720 730 739 734 730 720 662 610 572 550 531
04 25 -9999 511 500 480 478 469 469 500 550 608 649 691 716 720 739 752 739 739 720 669 610 579 559 550
04 26 -9999 518 500 489 480 469 469 511 559 610 649 691 720 730 750 759 750 739 720 669 621 590 559 550
04 27 -9999 520 500 489 480 469 480 511 559 610 660 691 720 730 750 770 759 750 730 680 621 590 570 550
04 28 -9999 520 500 489 489 469 480 520 568 621 660 691 720 730 750 770 759 750 730 680 621 590 570 550
04 29 -9999 520 509 500 489 480 482 520 570 621 660 700 720 739 750 770 759 750 730 691 621 590 570 559
04 30 -9999 520 511 500 489 480 480 520 570 621 660 700 720 739 759 770 770 750 730 691 621 590 570 559
05 01 -9999 531 511 500 489 480 489 520 572 621 660 700 730 739 759 770 770 759 730 691 626 601 579 559
05 02 -9999 531 511 500 500 480 489 531 579 621 669 700 730 750 770 781 770 759 739 700 630 601 590 570
05 03 -9999 536 518 500 500 489 489 531 579 626 669 700 730 750 770 781 770 759 739 700 630 601 590 570
05 04 -9999 540 520 511 500 489 500 531 579 630 669 711 739 752 770 781 781 770 750 700 630 601 590 570
05 05 -9999 540 531 511 500 489 500 531 590 640 680 720 748 759 781 781 781 770 750 711 630 608 590 570
05 06 -9999 540 531 520 500 489 511 540 590 640 669 716 748 759 781 781 781 770 750 711 630 610 590 570
05 07 -9999 540 531 520 511 500 511 540 590 640 669 711 748 759 781 781 781 770 750 711 630 610 590 570
05 08 -9999 550 531 520 511 500 511 540 601 640 680 720 750 770 781 790 781 770 752 711 640 610 601 579
05 09 -9999 550 531 520 511 511 520 550 601 649 691 720 750 770 788 790 781 770 759 711 640 621 601 579
05 10 -9999 550 540 520 511 511 520 559 610 649 691 730 759 770 788 790 781 770 759 711 640 621 601 579
05 11 -9999 550 540 531 520 511 531 559 610 660 691 730 759 770 790 790 790 781 770 720 649 626 610 590
05 12 -9999 559 540 531 520 520 531 570 610 660 698 739 759 770 790 790 790 781 770 720 660 630 610 590
05 13 -9999 559 550 531 529 520 540 570 621 660 709 739 770 781 790 801 801 781 779 730 669 640 610 601
05 14 -9999 559 550 531 531 520 540 570 626 660 711 739 770 781 790 801 801 781 779 730 669 640 610 601
05 15 -9999 570 554 536 531 520 540 570 630 660 711 739 759 781 790 801 801 790 781 730 669 640 621 601
05 16 -9999 579 559 540 531 520 540 579 630 660 711 739 770 781 790 801 801 790 781 739 680 644 621 601
05 17 -9999 579 559 540 531 520 540 579 630 669 711 739 770 790 801 801 801 790 781 750 680 649 621 610
05 18 -9999 579 559 540 536 520 550 579 630 680 720 750 781 790 810 810 810 801 790 750 700 660 630 610
05 19 -9999 579 570 550 540 531 550 590 640 689 730 759 781 790 810 820 810 810 790 759 700 660 630 610
05 20 -9999 579 570 550 550 531 550 601 640 691 730 759 781 790 810 810 810 810 790 759 700 660 630 610
05 21 -9999 579 570 550 540 531 550 601 640 691 730 759 781 790 810 820 820 810 801 759 700 660 640 621
05 22 -9999 590 570 559 550 540 559 601 649 691 730 770 790 806 820 820 820 820 801 759 711 660 640 621
05 23 -9999 590 570 559 550 540 559 608 649 700 734 770 790 810 820 820 824 820 801 770 711 660 649 621
05 24 -9999 590 570 559 550 540 559 608 649 698 734 770 790 810 820 820 824 820 801 770 711 669 649 621
05 25 -9999 601 570 559 554 540 559 608 660 698 734 770 790 810 820 820 820 820 801 770 711 669 644 621
05 26 -9999 601 572 559 559 540 568 610 660 700 739 770 790 810 820 820 824 820 801 770 711 669 649 630
05 27 -9999 601 579 570 559 550 570 610 660 700 739 770 790 810 820 820 824 820 801 770 716 680 649 630
05 28 -9999 601 579 570 559 550 570 610 660 700 739 770 790 810 820 820 824 820 801 770 716 669 644 630
05 29 -9999 601 579 568 559 550 570 619 660 709 750 770 790 819 829 829 829 820 810 770 720 680 649 630
05 30 -9999 610 579 570 559 559 572 621 662 711 750 770 790 810 824 829 829 820 810 770 720 680 649 630
05 31 -9999 610 579 570 568 559 579 621 662 711 750 781 790 810 824 829 829 820 810 770 720 680 649 640
06 01 -9999 610 590 572 570 559 579 621 662 711 750 781 790 810 820 824 829 829 810 770 720 680 649 630
06 02 -9999 610 590 572 570 559 579 621 660 709 750 781 790 810 820 820 829 829 810 770 720 680 649 640
06 03 -9999 610 590 579 570 559 590 621 660 711 750 781 790 810 820 820 829 829 810 770 720 680 649 640
06 04 -9999 610 590 579 570 570 590 621 660 711 750 781 790 810 820 824 829 829 810 770 720 680 649 640
06 05 -9999 610 590 579 570 570 590 621 660 711 750 781 790 810 820 820 829 820 810 770 720 680 649 640
06 06 -9999 610 590 579 572 570 590 626 660 711 750 781 790 806 820 820 829 829 810 770 720 680 649 640
06 07 -9999 610 590 579 572 570 590 626 660 711 739 781 790 806 820 820 829 820 810 770 720 680 649 640
06 08 -9999 610 590 590 572 570 590 626 662 711 750 781 790 810 820 824 829 820 810 770 730 680 660 640
06 09 -9999 621 590 590 579 579 590 630 669 711 750 781 801 810 820 829 829 820 810 770 730 680 660 640
06 10 -9999 610 590 590 579 579 590 630 669 711 750 781 801 810 820 829 829 820 810 770 730 680 660 640
06 11 -9999 621 601 590 579 579 590 630 669 716 750 781 801 820 820 829 829 829 810 781 730 680 660 640
06 12 -9999 621 608 590 579 579 601 639 669 720 759 790 801 820 820 829 829 829 810 781 730 680 662 640
06 13 -9999 621 608 590 579 579 601 639 669 720 759 790 801 820 829 829 840 829 810 781 730 680 669 640
06 14 -9999 621 610 590 590 579 601 640 680 720 759 790 810 829 840 840 849 840 820 781 739 691 669 660
06 15 -9999 630 621 601 590 590 610 640 691 730 770 790 820 829 849 849 849 840 820 790 739 691 669 660
06 16 -9999 640 621 601 590 590 619 649 700 739 770 801 820 840 849 860 860 849 829 790 750 700 680 669
06 17 -9999 640 621 610 590 590 621 660 700 739 781 801 829 840 860 871 860 849 829 801 750 709 669 669
06 18 -9999 640 621 610 590 590 621 660 700 739 781 810 829 840 860 871 860 849 829 810 750 711 680 669
06 19 -9999 640 630 610 601 590 621 660 700 748 788 810 840 860 871 871 871 860 849 810 759 711 691 680
06 20 -9999 649 630 610 608 601 621 660 711 750 790 820 840 860 871 880 871 860 849 820 759 716 691 680
06 21 -9999 649 630 610 610 601 630 669 711 759 790 820 849 860 871 891 871 871 849 820 770 720 691 680
06 22 -9999 658 630 621 610 610 630 669 711 759 790 820 849 871 880 891 880 871 860 829 770 720 691 680
06 23 -9999 660 640 630 610 610 630 669 720 759 790 829 860 880 880 891 891 880 860 829 781 729 700 680
06 24 669 660 640 630 610 610 640 680 720 770 799 829 860 880 891 891 900 880 871 829 790 730 700 680
06 25 669 660 640 630 610 610 640 669 720 770 801 829 860 880 891 900 900 891 871 849 790 730 711 691
06 26 680 660 640 630 610 610 640 680 720 770 801 829 860 891 900 900 900 900 891 849 790 739 711 691
06 27 -9999 660 640 630 610 610 640 680 720 770 810 840 871 891 900 900 910 910 891 860 801 739 720 691
06 28 680 669 649 630 621 621 640 691 730 770 810 849 871 896 910 910 910 910 891 860 801 739 720 700
06 29 680 669 649 630 621 621 640 691 730 770 820 849 871 900 910 919 914 910 900 860 801 739 720 700
06 30 680 669 649 630 621 610 640 691 730 770 820 849 871 900 910 919 919 919 900 860 810 750 720 700
07 01 680 669 649 630 621 621 640 691 739 781 820 849 878 900 910 919 919 919 910 871 810 752 720 700
07 02 680 669 658 630 621 621 640 691 739 781 829 849 880 900 919 930 919 919 910 871 810 759 730 700
07 03 680 669 660 640 630 621 640 691 739 781 829 860 880 900 919 930 919 919 910 871 810 759 730 711
07 04 680 669 660 640 630 621 640 698 739 788 829 860 880 900 919 930 919 919 910 871 810 759 730 711
07 05 680 669 660 640 626 621 640 700 739 790 829 860 891 910 919 939 930 930 919 880 820 759 730 711
07 06 -9999 669 660 640 630 621 640 700 739 790 829 860 891 910 919 939 932 930 919 880 820 759 730 711
07 07 -9999 669 660 640 630 621 640 700 739 790 829 871 896 914 930 939 950 930 919 880 820 770 730 711
07 08 -9999 669 660 640 630 610 644 700 739 790 829 871 896 914 930 939 939 930 919 880 820 770 730 711
07 09 -9999 669 660 644 630 621 644 700 750 790 840 871 900 919 932 939 950 939 919 880 820 770 730 720
07 10 691 680 662 644 630 621 649 700 750 790 840 871 900 930 932 939 950 939 919 891 824 770 730 720
07 11 691 680 669 649 630 621 649 700 752 790 840 880 900 930 939 950 950 939 930 891 829 770 730 720
07 12 691 680 669 649 630 630 649 700 752 790 840 880 900 930 939 950 950 939 930 891 829 770 739 720
07 13 698 691 669 649 640 630 649 700 750 790 840 871 900 919 932 950 950 939 919 891 829 770 739 720
07 14 698 680 662 649 640 630 649 700 750 790 840 871 900 930 932 950 950 939 930 891 829 770 739 720
07 15 700 680 662 649 640 630 649 700 752 801 840 880 900 930 939 950 950 950 932 900 840 770 739 720
07 16 700 691 669 649 640 630 649 700 752 801 840 880 910 930 939 950 950 950 930 896 840 770 750 720
07 17 700 691 669 649 640 630 649 700 752 801 840 880 910 930 939 950 950 939 930 891 829 770 739 720
07 18 700 691 669 649 649 640 649 698 752 801 840 880 910 930 939 950 950 950 930 900 840 770 750 730
07 19 700 700 680 669 649 640 660 700 752 801 840 880 910 930 939 950 959 950 932 900 840 781 750 730
07 20 700 700 680 669 649 640 660 700 752 801 849 880 910 930 939 950 961 950 932 900 840 790 750 739
07 21 711 700 680 669 649 640 660 700 759 801 849 880 910 932 950 950 961 950 939 909 840 790 750 739
07 22 711 700 680 669 649 640 660 700 759 801 849 891 910 932 950 961 961 961 939 910 840 790 759 739
07 23 711 700 691 669 649 640 660 711 759 806 849 891 910 932 950 961 961 961 939 910 840 790 759 739
07 24 711 711 691 669 649 640 660 700 752 806 849 891 910 939 950 961 961 961 939 910 840 790 759 739
07 25 711 711 691 680 660 649 662 700 750 801 849 891 910 932 950 959 961 950 939 900 838 801 759 739
07 26 716 711 691 680 660 649 660 700 750 801 849 880 910 932 950 959 961 961 939 900 829 801 759 739
07 27 716 711 691 680 660 640 649 700 750 801 849 880 910 930 950 959 961 961 939 900 829 801 759 739
07 28 720 700 691 669 660 640 649 700 750 801 849 880 910 932 950 959 961 950 932 900 829 790 759 739
07 29 720 716 691 680 660 640 649 698 750 801 849 891 910 932 950 961 961 950 930 900 829 790 759 750
07 30 720 716 691 669 660 640 649 698 750 801 849 891 910 939 950 961 961 950 930 900 829 790 759 739
07 31 720 711 691 669 649 640 649 698 750 801 849 880 910 939 950 961 961 950 930 900 829 790 759 739
08 01 729 711 691 669 649 640 649 698 750 801 849 880 910 939 950 961 961 950 930 900 829 790 770 739
08 02 729 716 691 669 649 640 649 698 750 801 849 880 910 932 950 961 961 950 930 900 829 790 770 739
08 03 730 711 691 669 649 640 649 698 750 801 849 891 910 939 959 961 961 950 932 900 829 790 770 739
08 04 730 711 691 669 649 640 649 691 750 801 842 880 910 939 959 961 961 950 930 891 829 790 770 739
08 05 720 700 680 669 649 640 644 691 748 801 840 880 910 932 950 950 961 950 930 891 824 790 770 739
08 06 720 700 689 662 644 630 640 680 739 790 840 880 910 930 950 950 950 950 919 880 820 781 759 739
08 07 730 700 680 669 644 630 640 680 739 790 840 880 910 930 950 950 950 950 919 880 820 781 759 739
08 08 730 700 680 662 644 630 640 680 739 790 840 880 910 930 950 950 950 950 919 880 820 781 759 739
08 09 730 700 680 660 640 630 640 680 739 790 838 880 910 930 950 950 950 939 919 880 820 770 759 739
08 10 730 700 691 660 640 630 640 680 739 790 829 880 910 930 950 950 939 939 919 880 820 781 759 739
08 11 730 700 691 660 640 630 630 669 734 790 840 880 910 930 939 950 939 939 919 880 820 770 759 739
08 12 730 700 691 669 644 630 630 669 734 790 840 880 910 930 950 950 939 939 919 878 810 770 752 739
08 13 730 700 691 662 640 630 630 669 730 781 829 871 900 919 939 950 939 930 919 871 810 770 750 730
08 14 720 700 691 662 644 630 630 669 720 781 829 871 900 919 932 939 939 930 914 871 806 770 748 730
08 15 720 700 691 662 644 630 630 669 720 770 824 871 900 914 930 932 939 930 910 871 806 770 739 730
08 16 720 700 691 660 644 630 630 662 720 770 824 871 896 914 930 939 939 930 910 860 801 770 739 730
08 17 720 698 680 649 640 630 626 660 720 770 824 860 891 910 930 932 939 930 910 860 801 759 739 720
08 18 711 691 680 649 640 630 621 660 716 770 820 860 891 910 919 930 930 930 910 860 790 759 734 720
08 19 700 691 669 649 630 621 621 649 711 770 820 849 880 910 919 930 930 930 910 849 790 759 734 720
08 20 700 691 680 649 640 621 621 649 711 770 820 849 880 910 919 930 930 919 900 849 781 750 730 720
08 21 700 691 669 649 640 621 621 649 711 770 820 849 880 910 919 928 930 919 900 849 781 750 730 720
08 22 700 680 669 649 639 621 621 649 711 759 810 849 880 909 919 919 930 919 900 849 781 750 730 720
08 23 -9999 680 669 649 630 621 621 649 700 752 810 849 880 900 919 919 930 919 900 842 770 750 720 711
08 24 -9999 669 662 649 630 621 610 640 700 752 806 849 880 900 919 928 930 919 900 840 770 750 720 711
08 25 -9999 669 660 649 630 621 610 640 700 750 806 849 880 900 919 928 930 919 900 840 770 748 720 700
08 26 -9999 669 649 640 621 621 610 640 698 750 801 840 878 900 919 919 930 919 896 829 770 739 711 691
08 27 680 662 649 630 621 610 601 640 691 750 799 840 878 900 914 919 930 919 896 829 770 739 711 700
08 28 680 662 644 630 621 610 601 630 680 739 801 840 878 900 914 919 930 919 896 824 770 739 711 691
08 29 680 662 640 626 610 610 590 626 680 739 790 840 871 900 910 919 930 919 891 820 770 739 711 691
08 30 680 662 640 621 610 601 590 621 680 734 790 829 871 896 910 919 919 919 880 820 759 739 711 691
08 31 680 660 640 621 608 601 590 621 680 734 790 829 871 896 910 919 919 910 880 810 759 730 700 691
09 01 680 660 640 621 608 601 590 621 669 730 790 829 871 896 910 919 919 910 880 810 752 730 700 691
09 02 669 660 640 621 601 590 590 610 669 730 788 829 871 896 910 919 919 910 878 810 750 720 698 680
09 03 662 649 630 610 601 590 590 610 669 720 781 820 860 891 900 910 910 900 871 801 734 716 691 669
09 04 658 644 630 610 590 590 579 608 662 720 781 820 860 880 896 910 910 891 860 790 730 711 680 669
09 05 649 640 621 608 590 579 579 601 660 720 770 820 849 880 896 900 909 891 860 790 730 711 680 669
09 06 644 640 621 601 590 579 572 590 649 720 770 810 842 871 891 900 896 880 849 781 720 700 680 660
09 07 644 630 610 601 579 570 570 590 640 711 759 801 838 860 880 891 891 880 842 781 720 700 680 649
09 08 640 626 608 590 579 570 559 579 640 711 752 801 829 860 878 880 880 871 840 759 716 691 669 649
09 09 640 621 608 590 579 570 559 572 630 700 750 801 829 860 878 880 880 871 829 759 711 680 669 640
09 10 630 619 601 590 579 559 550 570 626 698 750 790 829 860 871 880 880 871 820 750 700 680 662 640
09 11 626 610 601 590 570 559 550 570 621 689 739 790 824 849 871 878 871 860 810 739 691 669 660 640
09 12 621 601 590 579 559 550 540 559 621 669 734 781 820 849 860 871 869 849 801 734 691 669 649 630
09 13 610 590 579 570 550 540 540 550 610 669 730 781 810 840 849 849 860 840 790 730 680 660 640 621
09 14 601 579 570 550 540 540 531 549 608 662 720 770 806 829 840 849 849 829 790 720 680 649 630 621
09 15 590 572 559 550 536 531 520 540 601 660 711 759 790 820 840 849 840 829 788 716 669 649 626 610
09 16 579 570 550 540 531 520 511 536 590 649 700 750 788 820 838 842 840 829 781 711 662 644 621 610
09 17 579 559 550 540 531 520 511 531 590 649 700 750 781 819 829 842 840 829 781 700 660 644 621 610
09 18 579 554 550 536 529 511 511 520 579 649 700 750 788 820 829 849 842 829 781 700 660 644 626 610
09 19 572 554 550 536 529 511 511 520 579 649 698 750 781 820 838 849 840 829 770 698 660 640 621 601
09 20 572 550 550 531 520 511 511 520 570 640 691 739 781 810 829 842 840 820 770 691 660 630 610 590
09 21 572 550 550 531 520 511 511 520 570 630 691 739 781 810 829 842 840 820 770 680 660 630 610 590
09 22 570 550 540 531 520 511 511 520 570 630 691 739 781 810 824 840 840 820 759 680 649 630 610 579
09 23 568 550 549 531 520 511 511 518 568 630 689 739 770 810 820 829 840 820 759 680 640 621 610 579
09 24 559 549 540 531 520 511 511 518 559 621 680 730 770 801 810 820 829 810 748 669 640 621 601 579
09 25 559 540 540 531 520 511 511 511 559 621 680 730 759 790 801 810 820 801 739 669 630 619 601 570
09 26 559 540 536 531 520 511 500 511 554 610 680 720 750 781 801 810 806 790 734 660 630 610 590 570
09 27 559 540 531 520 520 511 500 500 550 608 669 711 748 770 790 801 801 790 730 660 630 610 590 570
09 28 559 540 531 520 520 511 511 500 549 608 669 711 739 770 790 801 801 790 720 649 621 610 590 559
09 29 554 540 531 520 520 511 511 500 550 608 660 711 739 770 790 801 801 790 720 649 621 608 590 559
09 30 550 540 531 520 520 518 511 511 550 608 660 700 739 770 790 801 801 781 716 649 621 608 590 559
10 01 550 540 531 520 520 511 511 511 550 601 660 700 730 759 781 790 790 770 711 640 621 601 579 559
10 02 550 540 531 520 518 511 500 511 549 601 649 691 730 752 770 790 788 770 700 630 610 590 579 550
10 03 540 536 531 520 518 511 500 500 540 590 640 680 720 750 770 790 781 759 691 621 610 590 570 550
10 04 540 531 531 511 500 500 489 489 536 590 640 680 720 750 770 781 770 750 669 621 601 579 559 550
10 05 536 531 520 511 500 500 482 489 531 579 630 680 720 750 770 781 770 750 669 621 601 572 559 550
10 06 531 520 520 511 500 489 480 489 520 579 630 669 711 739 759 770 770 739 660 610 590 570 554 540
10 07 531 520 511 511 489 489 480 489 518 572 626 660 711 730 750 770 759 730 660 610 579 559 549 540
10 08 520 520 511 489 489 489 469 480 511 570 621 660 700 720 739 750 759 720 649 590 570 559 540 531
10 09 520 518 500 489 489 480 469 480 511 570 621 660 691 720 734 750 750 720 640 590 570 559 536 531
10 10 520 511 500 489 489 480 469 480 511 570 621 660 698 720 730 750 750 711 630 590 570 554 536 531
10 11 518 500 500 482 489 489 480 480 511 570 610 649 691 711 730 739 739 711 630 590 570 550 531 520
10 12 511 500 489 480 489 480 469 469 511 554 610 640 680 711 730 730 730 700 621 579 559 549 531 520
10 13 511 500 489 469 480 480 469 469 500 550 601 640 680 711 730 730 730 691 621 579 570 549 531 520
10 14 511 500 489 480 480 480 469 469 500 550 601 630 669 700 720 730 720 680 619 579 559 540 531 520
10 15 511 489 489 480 469 480 469 469 489 540 601 630 660 698 720 720 711 669 610 579 559 540 520 511
10 16 511 489 489 469 469 469 469 469 489 540 601 630 660 691 711 720 711 669 610 570 559 536 520 511
10 17 500 489 489 480 469 469 469 469 489 540 590 621 660 689 711 720 700 660 601 570 550 531 520 511
10 18 500 489 489 480 469 469 469 469 489 531 579 621 649 680 700 700 691 649 590 570 540 531 520 511
10 19 500 489 489 480 469 480 469 469 489 531 590 621 649 680 700 700 691 640 590 570 550 531 520 511
10 20 500 500 489 482 480 480 469 469 489 536 601 621 649 680 700 700 691 640 590 570 540 531 520 500
10 21 500 489 489 480 480 480 469 469 489 536 590 621 649 680 700 700 691 640 590 559 540 520 511 500
10 22 489 489 489 480 469 469 469 469 489 536 590 610 640 680 700 700 691 640 579 559 540 520 511 500
10 23 480 489 489 480 469 469 469 469 480 531 579 610 640 669 691 700 691 630 579 554 536 520 511 500
10 24 480 489 489 480 469 469 460 460 480 531 579 610 640 669 691 698 680 630 572 550 531 520 500 500
10 25 480 489 482 480 469 460 460 460 478 531 570 601 640 669 680 691 669 610 570 540 531 520 500 500
10 26 480 489 482 469 469 460 460 459 469 520 559 601 630 660 680 680 669 610 570 540 531 511 500 489
10 27 480 482 482 469 469 460 460 450 469 520 559 601 630 660 680 680 669 610 559 540 531 520 500 500
10 28 480 482 489 480 469 460 460 460 469 520 570 601 630 649 680 669 660 601 559 536 520 511 489 489
10 29 469 480 480 480 469 460 460 459 469 511 559 590 630 649 669 669 660 601 554 531 520 500 489 489
10 30 469 480 480 480 469 460 460 460 469 520 559 590 630 649 669 660 658 590 550 531 520 500 489 489
10 31 460 480 469 469 464 460 460 450 469 511 554 590 621 649 649 660 649 590 550 531 518 500 489 489
11 01 460 480 469 469 460 460 450 450 464 511 550 579 610 644 649 649 630 579 550 531 518 500 489 480
11 02 460 469 464 464 460 460 450 446 460 500 540 570 601 640 640 640 621 570 536 518 500 489 480 469
11 03 450 469 460 450 450 441 441 441 450 489 540 570 601 630 630 630 610 570 531 511 500 482 469 469
11 04 441 460 450 441 441 441 430 430 441 489 531 559 601 621 630 630 608 559 520 500 500 480 469 460
11 05 441 450 446 441 441 441 430 430 441 469 520 559 590 621 626 626 601 559 520 500 500 480 480 460
11 06 441 460 446 446 441 441 430 430 441 469 520 550 590 621 621 621 601 550 520 489 489 480 469 460
11 07 441 460 441 441 441 430 430 430 430 469 520 550 590 610 621 621 590 550 511 489 480 469 460 460
11 08 430 450 441 441 430 430 430 421 430 464 511 550 579 601 610 608 590 540 500 482 469 460 460 460
11 09 441 460 441 441 430 430 430 421 430 460 500 540 570 590 608 601 579 540 500 480 469 460 460 460
11 10 430 450 441 430 430 430 421 430 430 460 500 540 570 590 601 601 579 531 489 480 464 460 450 450
11 11 428 441 430 430 430 430 421 421 430 460 500 520 550 579 590 579 559 511 469 460 460 450 441 450
11 12 410 421 421 410 410 410 410 410 421 450 500 520 550 579 579 579 550 500 469 460 460 450 450 450
11 13 421 430 430 421 421 421 410 421 421 450 500 520 550 570 579 579 550 500 469 460 460 450 441 441
11 14 421 421 421 410 410 410 410 410 421 450 489 520 540 559 570 570 540 489 469 460 450 450 441 430
11 15 410 421 410 410 410 410 410 410 421 446 480 511 540 559 559 570 540 489 460 459 450 441 430 430
11 16 421 421 410 410 410 410 410 410 410 441 480 511 531 559 559 570 540 480 460 450 450 441 430 430
11 17 421 421 410 410 410 410 410 410 410 441 480 511 531 550 559 570 531 480 460 450 450 430 421 430
11 18 421 421 410 410 410 410 410 410 410 441 480 500 531 540 550 550 531 480 460 450 450 441 421 430
11 19 421 421 410 410 410 410 410 410 410 430 480 500 520 540 540 550 531 480 460 450 446 430 421 421
11 20 421 410 410 410 410 410 399 410 399 430 469 500 518 531 540 540 520 469 450 441 441 430 410 421
11 21 410 410 392 399 399 399 399 399 399 430 469 500 518 531 540 540 520 469 450 441 439 421 410 421
11 22 410 399 390 399 399 399 399 399 392 421 460 489 511 531 540 540 518 469 450 441 439 421 410 410
11 23 399 399 390 399 399 399 399 399 390 421 450 480 500 520 531 531 500 460 441 441 421 421 399 399
11 24 399 392 390 390 390 390 390 390 390 399 441 469 489 511 520 520 500 460 441 430 410 410 399 399
11 25 392 390 390 390 390 390 390 390 390 399 439 460 489 500 520 518 489 450 430 428 410 410 399 399
11 26 392 390 388 388 388 379 390 390 379 392 428 450 469 500 511 511 480 450 430 421 410 410 399 399
11 27 392 390 390 390 390 390 390 390 390 399 428 460 469 500 500 500 469 450 428 410 410 410 399 399
11 28 392 390 379 379 379 379 390 390 379 390 410 450 469 489 500 489 469 441 410 410 410 399 392 390
11 29 392 390 379 379 379 379 379 390 379 390 410 450 464 489 489 489 464 430 410 410 410 399 390 390
11 30 390 390 379 379 379 379 379 390 379 390 410 441 460 489 489 489 460 430 410 410 410 392 390 390
12 01 390 379 379 379 379 379 379 390 379 390 410 441 464 489 489 489 460 430 410 410 399 392 390 390
12 02 390 379 379 379 374 379 379 379 370 390 410 441 460 480 489 480 460 430 410 410 399 392 390 379
12 03 379 379 370 374 370 379 379 379 370 390 410 441 460 480 489 480 460 430 410 410 392 392 390 379
12 04 379 379 370 374 370 370 370 370 370 379 399 430 460 469 489 480 450 430 410 399 392 390 390 379
12 05 379 379 370 379 370 370 379 374 370 379 410 430 460 480 489 480 460 430 410 399 392 390 390 390
12 06 390 390 379 379 374 370 379 379 370 390 410 430 460 480 489 480 460 430 410 399 392 392 390 379
12 07 390 390 379 379 374 370 379 379 374 390 410 441 460 480 489 480 460 430 410 399 392 390 390 379
12 08 390 390 379 379 374 370 379 379 379 390 410 430 460 480 489 480 450 430 410 399 390 390 390 379
12 09 390 390 374 379 374 370 379 379 379 390 410 430 460 469 480 480 450 430 410 399 390 390 390 379
12 10 392 390 379 379 374 370 379 379 379 379 410 430 460 480 480 480 450 421 410 399 399 390 390 379
12 11 390 390 379 379 374 379 379 379 379 379 410 430 450 469 480 469 450 421 410 390 390 390 379 370
12 12 390 390 370 370 370 370 379 370 370 379 399 421 446 469 480 469 450 421 399 390 390 390 379 370
12 13 390 390 370 370 370 370 379 370 370 379 399 421 441 469 480 460 446 421 399 390 390 390 390 370
12 14 379 379 370 370 370 370 379 370 370 379 399 421 441 464 480 460 441 410 390 390 379 379 379 370
12 15 379 379 370 370 370 370 370 370 370 374 390 421 441 464 469 460 430 399 390 390 379 379 374 370
12 16 374 379 370 370 370 370 370 370 360 370 390 421 441 464 469 460 439 399 390 379 379 379 370 370
12 17 370 379 370 370 370 370 370 370 370 370 390 421 441 460 469 460 430 399 390 379 379 379 370 370
12 18 370 370 370 360 360 370 370 370 360 370 390 410 441 460 469 460 430 399 390 379 379 379 370 370
12 19 370 370 360 360 360 360 370 360 360 370 390 410 441 460 469 460 430 399 390 379 379 374 370 370
12 20 360 360 356 360 356 360 360 360 360 370 390 410 430 459 469 459 430 390 379 379 370 370 370 370
12 21 360 356 356 356 351 351 351 340 351 360 379 410 430 450 460 450 430 390 379 370 370 370 370 360
12 22 360 351 351 351 351 351 351 340 351 360 379 410 430 450 460 450 428 390 374 370 370 370 370 360
12 23 356 351 351 351 351 340 351 340 340 360 379 399 421 441 450 450 421 379 370 370 370 370 370 360
12 24 351 351 351 351 351 340 351 340 340 349 374 399 421 441 450 441 410 370 370 370 360 360 360 360
12 25 340 340 340 340 340 340 340 331 331 340 360 390 410 430 441 430 410 370 370 360 360 360 360 360
12 26 340 340 340 340 340 340 340 331 331 340 370 390 410 430 441 441 410 370 370 370 370 369 369 360
12 27 351 351 351 351 351 340 340 338 331 340 370 390 421 441 441 441 419 379 370 370 370 370 369 360
12 28 351 351 351 351 351 340 340 338 331 340 370 390 421 441 441 450 421 390 379 370 370 370 370 360
12 29 360 351 351 351 351 340 340 340 340 340 370 390 421 441 450 450 428 390 379 370 370 370 370 360
12 30 360 351 351 351 351 351 351 340 351 360 379 399 430 441 450 450 430 390 379 374 374 370 370 370
12 31 360 351 356 351 351 351 351 356 351 360 379 399 430 441 450 450 430 390 379 379 374 374 370 370
