01 01 531 550 540 531 531 520 531 531 531 540 559 586 610 630 640 649 649 630 601 590 590 579 559 550
01 02 531 550 540 531 531 520 520 520 531 540 556 579 610 630 640 649 649 640 610 590 590 579 559 550
01 03 531 550 540 531 531 516 520 520 531 540 550 579 610 630 649 649 649 640 610 590 590 579 559 558
01 04 531 550 540 531 531 520 531 520 531 540 559 590 610 630 649 649 649 640 610 601 590 579 559 558
01 05 531 540 540 531 531 516 520 520 531 540 554 579 610 630 649 660 649 640 610 601 579 574 559 550
01 06 520 540 531 531 520 511 520 520 520 540 550 586 610 630 649 660 660 640 610 601 579 570 559 550
01 07 520 540 531 531 520 511 520 520 520 540 554 590 621 630 649 660 660 640 610 601 579 570 559 550
01 08 520 540 531 531 511 511 511 511 511 531 554 590 621 640 653 660 660 640 610 601 579 570 559 550
01 09 520 531 531 520 511 511 511 511 511 531 550 590 610 630 649 660 660 640 610 590 572 570 559 543
01 10 514 531 531 511 511 511 511 511 500 520 550 579 610 630 649 660 660 640 610 590 572 559 559 543
01 11 514 531 531 511 511 511 500 500 500 520 550 579 610 630 649 649 660 640 610 590 570 559 559 540
01 12 514 520 520 511 511 511 500 500 500 520 540 570 601 621 640 649 649 640 590 570 559 540 540 531
01 13 511 511 511 500 500 500 500 500 500 511 531 570 590 610 630 640 640 630 590 570 559 540 531 520
01 14 511 511 511 500 489 489 489 489 489 511 531 559 590 601 630 640 640 621 579 559 550 531 531 520
01 15 500 500 500 500 489 489 480 480 480 500 520 550 579 601 621 630 630 621 579 559 540 531 520 518
01 16 500 500 500 491 489 489 480 480 480 500 520 550 579 601 621 630 630 613 579 559 540 531 520 511
01 17 500 500 500 498 489 489 480 480 480 500 520 550 579 601 621 630 630 610 579 559 540 531 520 511
01 18 500 500 500 498 489 489 480 480 480 489 520 550 579 601 621 630 630 610 579 559 540 531 520 511
01 19 500 493 493 489 487 480 480 469 469 489 520 550 579 601 621 630 630 610 579 559 540 531 520 511
01 20 500 493 489 489 480 480 480 469 469 489 520 550 579 601 621 630 630 610 579 559 540 531 520 511
01 21 500 489 489 480 480 480 469 469 460 475 511 550 579 601 621 621 621 610 579 559 531 520 520 500
01 22 500 489 489 480 480 480 469 469 460 480 511 550 579 601 621 621 621 610 579 559 540 531 520 511
01 23 500 493 489 480 480 480 469 469 469 480 520 550 579 601 621 621 621 610 579 559 540 531 520 511
01 24 500 489 489 480 480 480 469 469 469 480 511 550 590 610 621 630 621 610 579 559 550 531 531 520
01 25 511 500 489 480 489 480 469 469 469 480 520 550 590 610 621 630 630 610 579 570 550 531 540 520
01 26 511 500 500 489 489 480 480 469 469 487 520 559 590 610 621 630 630 617 590 570 559 540 540 531
01 27 520 511 500 489 489 486 480 469 469 489 529 559 601 610 630 640 640 630 594 579 570 554 540 531
01 28 531 520 511 500 500 489 489 489 489 500 531 568 601 621 630 640 649 630 610 579 570 559 540 531
01 29 531 520 500 500 500 489 489 480 489 500 532 570 601 621 630 640 649 640 610 579 570 559 550 540
01 30 531 520 511 500 500 489 489 489 489 500 540 570 601 621 630 640 649 640 610 579 570 559 550 540
01 31 531 520 511 511 500 500 489 489 489 511 540 570 610 621 640 649 649 649 610 579 570 559 550 540
02 01 531 520 511 500 500 489 489 489 482 500 540 570 610 630 640 660 660 649 610 590 579 559 559 540
02 02 540 520 511 511 500 489 489 480 480 511 550 579 610 640 649 660 660 649 621 590 579 570 559 550
02 03 540 531 531 511 511 500 500 489 489 520 550 579 621 640 649 660 660 649 621 590 579 570 559 550
02 04 540 531 531 520 511 511 500 500 498 520 550 590 621 640 649 669 660 653 621 590 579 570 559 550
02 05 540 536 531 520 520 511 500 500 500 520 559 590 621 649 660 669 660 653 621 590 579 570 559 550
02 06 540 536 531 520 520 511 500 500 498 520 559 590 621 644 658 669 660 649 621 590 579 570 559 550
02 07 540 531 520 520 511 500 500 500 489 520 550 590 621 649 660 669 660 649 621 590 579 570 559 550
02 08 540 531 531 520 511 511 500 500 489 520 550 590 621 644 660 669 660 660 621 590 579 570 559 550
02 09 550 536 531 520 520 511 511 500 500 531 559 590 621 640 660 669 660 660 621 601 579 570 570 559
02 10 550 536 531 520 520 511 511 500 500 531 559 590 622 640 660 669 669 660 621 601 579 570 559 550
02 11 540 531 520 520 511 511 511 500 500 531 559 590 621 640 660 660 660 649 621 590 579 570 559 540
02 12 531 531 520 511 500 500 500 500 500 531 559 590 621 640 660 660 660 649 621 590 579 570 559 550
02 13 540 531 520 520 511 500 500 500 500 531 570 601 630 649 660 669 660 660 621 590 579 570 559 559
02 14 550 531 531 520 511 511 511 500 511 540 570 601 630 649 660 669 669 660 630 601 579 570 559 559
02 15 550 536 531 520 520 511 511 500 511 540 570 601 630 649 660 669 669 660 630 601 579 579 570 563
02 16 559 540 540 531 520 520 520 511 511 540 570 601 630 649 660 669 669 660 630 601 590 579 570 570
02 17 559 540 540 531 531 520 520 520 520 540 570 601 630 649 660 669 669 660 633 604 590 579 570 570
02 18 559 540 540 531 531 531 520 520 520 540 579 610 630 649 660 669 678 669 640 610 590 579 570 570
02 19 559 540 540 531 531 531 520 520 520 540 579 610 630 649 669 680 680 669 640 610 590 579 579 570
02 20 559 540 540 538 531 531 520 520 531 550 579 610 630 649 669 680 680 669 649 610 590 590 579 570
02 21 567 550 540 540 540 531 531 531 531 550 579 610 635 649 669 680 680 680 649 621 601 590 579 570
02 22 570 559 550 540 540 540 531 531 531 552 579 610 640 660 680 685 689 680 649 621 601 590 581 579
02 23 570 559 559 550 540 540 540 531 531 552 579 610 640 660 680 689 691 680 653 621 601 590 588 579
02 24 570 559 550 540 540 540 531 531 531 550 579 619 640 660 680 691 691 680 653 621 601 590 579 579
02 25 570 559 550 540 540 531 531 531 531 550 585 621 644 669 682 691 691 691 660 621 601 601 590 579
02 26 579 559 559 550 540 540 540 531 540 559 590 630 649 669 691 700 700 691 669 640 615 601 592 590
02 27 579 570 567 559 550 550 540 540 540 559 590 630 649 673 691 700 700 696 669 640 621 601 601 590
02 28 583 579 570 559 559 550 540 540 550 570 601 630 649 680 691 700 700 700 669 640 630 610 601 590
03 01 590 579 570 559 559 559 550 550 550 579 610 640 669 691 700 711 711 700 680 658 640 630 610 601
03 02 590 579 579 570 570 561 559 550 559 579 610 649 669 691 711 720 711 711 680 660 640 630 619 608
03 03 590 588 579 570 570 570 559 550 559 579 621 649 680 700 711 720 720 718 700 662 644 630 621 610
03 04 601 590 583 570 570 570 559 554 559 579 621 649 680 700 711 720 730 720 700 669 649 630 621 610
03 05 601 590 590 579 570 570 567 559 565 590 621 653 680 700 714 730 730 720 700 669 649 630 630 610
03 06 601 590 590 579 579 570 570 559 570 594 630 660 691 711 720 736 730 730 711 669 660 640 630 610
03 07 601 590 590 579 579 572 570 559 570 601 630 660 691 711 730 739 739 730 711 680 660 648 630 612
03 08 601 590 590 579 579 570 570 559 570 601 640 680 700 720 730 739 739 739 720 680 669 649 630 621
03 09 601 601 590 590 579 570 570 559 579 610 640 680 700 720 739 739 739 739 720 691 669 648 630 621
03 10 601 599 590 590 579 570 570 559 579 610 640 680 700 720 739 739 739 739 720 691 669 649 630 621
03 11 603 601 590 579 579 570 570 559 579 610 640 680 700 720 739 739 739 739 720 680 669 649 630 621
03 12 608 601 590 590 579 570 570 570 579 610 640 680 700 720 730 739 739 739 711 680 660 649 630 621
03 13 603 599 590 579 579 570 570 570 579 610 640 680 700 720 730 739 739 730 711 680 660 649 630 621
03 14 601 590 590 579 579 570 570 559 579 601 640 680 700 720 739 739 739 739 720 680 660 649 630 621
03 15 603 601 590 579 579 570 570 559 576 603 642 680 700 720 739 739 739 739 712 680 660 640 630 621
03 16 601 590 590 579 579 570 570 559 579 601 648 680 707 720 739 739 739 739 712 680 660 640 630 621
03 17 601 590 590 579 570 570 570 559 579 601 649 680 707 720 739 739 739 739 711 691 660 649 630 621
03 18 601 590 585 579 570 570 570 559 579 603 649 680 711 729 739 750 739 739 720 691 660 649 630 621
03 19 601 590 590 579 570 570 570 559 579 610 649 680 711 730 739 750 748 739 720 691 660 649 630 621
03 20 610 590 590 579 570 570 570 559 579 610 649 680 711 730 739 754 750 739 720 691 669 649 640 621
03 21 610 601 590 579 574 570 570 570 590 610 660 691 711 730 750 759 750 739 720 691 669 649 640 630
03 22 619 601 590 590 579 570 570 579 590 621 660 691 720 730 750 759 750 748 730 700 669 649 640 630
03 23 621 610 601 590 579 579 579 579 590 621 660 691 711 730 750 759 759 750 730 700 669 660 640 630
03 24 621 610 601 594 590 581 579 579 601 630 664 700 720 730 750 770 759 759 734 700 678 660 649 630
03 25 621 610 601 601 590 590 579 579 601 630 669 700 723 739 750 770 770 759 739 711 680 660 649 640
03 26 630 621 610 601 590 590 579 579 610 640 669 709 730 756 770 781 781 770 750 720 691 669 660 640
03 27 630 621 610 601 601 590 590 590 610 644 680 711 739 759 774 781 786 770 759 720 691 680 660 649
03 28 630 626 621 610 601 601 590 594 612 649 687 720 750 770 781 790 790 781 766 730 707 691 669 660
03 29 640 630 621 610 601 601 590 601 621 649 691 720 750 770 786 790 790 790 770 738 711 691 671 660
03 30 640 630 621 610 601 601 601 601 621 660 693 725 750 770 783 790 790 790 770 738 711 691 673 660
03 31 640 630 621 621 610 610 601 608 621 660 700 730 759 770 790 801 801 790 770 739 720 691 680 662
04 01 649 630 630 621 610 610 610 610 630 660 700 730 759 770 790 801 801 790 770 739 720 694 680 669
04 02 649 640 630 621 621 610 610 610 630 660 700 739 759 781 799 801 801 790 781 739 720 700 680 669
04 03 649 640 630 621 621 610 610 621 630 671 711 739 759 781 801 801 801 792 781 747 720 700 680 669
04 04 649 640 630 626 621 621 610 621 640 673 711 741 759 781 801 801 801 801 781 750 720 700 680 669
04 05 649 640 630 630 621 610 610 621 640 673 711 745 770 790 801 810 810 801 781 750 720 700 680 669
04 06 657 640 630 621 621 610 604 621 640 671 711 739 759 790 801 801 801 801 781 750 720 700 680 669
04 07 649 640 630 621 621 610 601 621 630 669 711 739 765 790 801 801 801 801 781 750 720 700 680 669
04 08 649 640 630 630 621 610 610 621 640 669 711 745 765 790 801 801 810 801 781 750 720 700 691 669
04 09 660 649 630 630 621 621 610 621 640 680 711 750 770 790 801 810 810 801 781 750 725 711 691 673
04 10 660 649 640 630 621 621 610 621 640 680 720 750 781 790 801 810 810 801 781 750 725 711 691 680
04 11 660 649 640 630 621 621 610 621 649 680 720 750 781 790 801 810 810 801 790 759 730 711 691 680
04 12 664 649 646 630 621 621 610 621 649 680 721 759 781 801 810 820 820 810 790 759 730 711 691 680
04 13 669 649 649 630 630 621 610 621 649 689 730 759 790 801 810 820 820 810 790 759 730 711 691 680
04 14 669 649 649 640 630 621 621 630 655 691 730 759 790 801 810 820 820 810 790 759 730 711 691 680
04 15 669 649 649 640 630 621 613 630 660 691 730 759 790 801 810 820 820 810 790 759 730 711 691 680
04 16 669 649 649 640 626 621 610 621 660 691 730 759 790 801 810 820 820 810 801 759 730 711 700 680
04 17 669 649 649 640 630 621 610 628 660 691 730 770 790 801 820 820 820 820 801 770 730 711 700 680
04 18 669 660 649 640 630 621 613 630 660 691 739 770 801 810 820 829 829 820 801 770 730 711 700 691
04 19 669 660 649 640 630 621 621 630 660 700 739 770 801 820 829 840 829 820 810 770 730 720 700 691
04 20 669 660 649 640 630 630 621 630 660 700 750 781 801 820 829 840 829 820 810 770 730 720 700 691
04 21 669 660 649 640 630 630 621 630 660 700 750 781 801 820 829 840 840 829 810 781 739 720 711 691
04 22 680 669 660 649 640 630 630 640 666 711 750 781 801 820 829 840 840 829 810 781 739 720 711 691
04 23 680 669 660 649 640 630 630 640 669 711 750 781 810 820 829 840 840 829 810 781 739 720 711 691
04 24 680 669 660 649 640 630 630 640 669 711 750 781 810 820 829 840 840 829 820 781 739 720 711 691
04 25 680 669 660 649 640 630 630 640 669 711 750 781 810 820 840 840 840 829 820 781 750 730 711 691
04 26 680 669 660 649 640 640 630 649 680 720 750 781 810 820 840 840 840 829 820 781 750 730 711 691
04 27 680 669 660 649 640 640 630 649 680 720 750 781 810 820 829 840 840 829 820 781 750 730 711 691
04 28 680 669 660 649 649 640 640 649 680 720 750 781 801 820 829 840 840 829 820 781 750 730 711 691
04 29 680 669 660 649 649 640 640 649 680 720 750 781 810 820 829 840 840 829 820 781 750 730 711 700
04 30 680 669 660 649 649 640 640 649 680 720 750 781 810 820 840 840 840 829 820 781 750 730 711 700
05 01 691 680 660 660 649 640 640 660 691 720 759 790 810 829 840 840 840 829 820 781 750 730 720 700
05 02 691 680 669 660 649 649 640 660 691 730 759 790 810 829 840 840 840 829 820 790 750 730 720 700
05 03 691 680 669 660 660 649 649 660 691 730 759 790 810 829 840 840 840 829 820 790 759 730 720 711
05 04 691 680 669 660 660 649 649 660 700 730 759 790 810 829 829 840 840 829 820 781 759 739 720 702
05 05 691 680 669 660 660 660 649 660 700 730 770 790 810 829 829 840 840 829 820 781 759 739 720 711
05 06 691 680 669 669 660 660 649 669 700 730 770 790 810 829 829 840 840 829 810 781 752 730 720 700
05 07 691 680 669 669 660 660 649 669 700 739 770 790 810 829 840 840 840 829 820 790 759 739 720 711
05 08 698 691 680 669 660 660 649 669 700 739 770 801 820 829 840 840 849 840 820 790 759 739 720 711
05 09 700 691 684 669 669 660 660 669 700 739 770 801 820 829 840 849 849 840 820 790 759 739 720 716
05 10 700 691 691 669 669 660 660 669 711 750 781 801 820 829 840 849 849 840 820 790 770 750 730 720
05 11 700 691 691 671 669 660 660 680 711 750 781 810 820 840 849 849 849 840 829 801 770 750 730 720
05 12 711 694 691 680 669 660 660 680 720 750 790 810 829 840 849 849 849 849 829 801 781 750 730 720
05 13 711 700 691 680 669 669 669 680 720 759 790 810 829 846 849 860 860 849 829 801 781 750 730 720
05 14 711 700 691 680 675 669 669 691 720 759 790 820 829 849 849 860 860 849 840 810 781 759 739 730
05 15 720 700 691 691 680 669 669 691 720 759 790 820 829 849 858 860 860 849 833 810 781 759 739 730
05 16 720 700 691 691 680 669 669 691 720 759 790 820 838 849 860 860 860 849 840 810 781 759 743 730
05 17 720 700 691 691 680 669 669 691 720 759 790 820 840 849 860 860 860 849 840 810 790 770 750 730
05 18 721 700 700 691 680 680 680 693 720 759 790 820 840 849 860 871 871 860 840 820 790 770 750 732
05 19 730 711 700 691 687 680 680 700 730 759 801 820 840 849 871 871 871 860 840 820 790 770 750 739
05 20 730 711 703 700 691 685 680 700 730 770 801 829 849 856 871 873 873 862 840 820 790 770 759 739
05 21 730 716 711 700 691 691 691 700 739 770 801 829 840 855 871 871 871 860 840 820 790 770 759 739
05 22 730 720 711 700 700 691 691 703 739 770 801 829 842 858 871 873 871 867 849 820 790 777 759 748
05 23 739 720 711 700 700 691 691 711 739 770 801 829 849 860 871 880 880 871 849 820 801 781 759 750
05 24 739 723 711 700 700 691 691 711 739 770 801 829 849 860 880 880 880 871 860 829 801 781 770 750
05 25 739 730 720 711 700 691 691 711 743 781 810 840 860 871 880 891 880 880 860 835 801 781 770 750
05 26 747 730 720 711 700 698 691 712 750 781 820 840 860 871 883 891 882 880 864 840 810 790 770 759
05 27 750 730 720 711 700 700 700 720 750 788 820 849 860 878 891 891 891 880 871 840 810 790 770 759
05 28 750 730 720 711 709 700 700 720 759 790 820 849 862 880 891 891 891 889 871 840 810 790 781 759
05 29 750 739 730 711 711 700 700 730 759 790 820 849 871 880 891 891 891 891 871 840 820 790 781 759
05 30 750 739 730 720 711 700 705 730 759 801 820 849 871 880 891 891 891 891 871 840 820 790 781 759
05 31 750 739 730 720 711 702 711 730 759 801 829 849 871 880 891 900 891 891 876 849 820 801 781 770
06 01 759 747 730 720 711 711 711 730 770 801 829 860 871 891 900 900 900 891 880 849 820 801 781 770
06 02 759 750 736 723 720 711 711 739 770 801 840 860 880 891 900 901 900 900 880 860 820 801 790 770
06 03 759 750 736 730 720 711 720 739 770 810 840 860 880 891 900 910 910 900 880 860 820 810 790 770
06 04 759 750 739 730 720 718 720 739 770 810 840 860 880 900 910 910 910 900 880 860 829 810 790 781
06 05 759 750 739 730 720 720 720 739 781 810 840 871 880 900 910 910 910 900 891 860 829 810 790 781
06 06 770 750 739 730 720 720 720 748 781 810 849 871 891 900 910 910 910 900 891 860 829 810 801 781
06 07 770 750 739 730 720 720 720 748 781 820 849 871 891 900 910 910 910 910 891 860 829 810 801 781
06 08 770 756 743 739 730 720 720 750 781 820 849 871 891 900 910 910 910 910 891 860 829 810 801 781
06 09 770 759 750 739 730 720 730 750 781 820 849 871 891 900 910 910 910 910 891 860 829 810 801 781
06 10 770 759 750 739 730 729 730 750 781 820 849 871 891 900 910 910 910 900 891 860 829 810 801 781
06 11 770 759 745 739 730 720 720 750 781 820 849 871 891 900 910 910 910 900 891 860 829 820 801 781
06 12 770 759 750 739 730 730 730 750 781 820 849 871 891 900 910 910 910 900 891 860 829 820 801 781
06 13 770 759 747 739 730 730 730 750 790 820 849 871 891 900 910 910 910 901 891 860 829 820 801 781
06 14 770 759 747 739 730 730 730 750 790 824 849 871 891 907 910 919 919 910 891 867 840 820 810 790
06 15 770 759 750 739 730 730 730 759 792 829 849 871 891 910 910 919 919 910 891 871 840 820 810 790
06 16 775 759 750 739 734 730 730 759 792 829 849 871 891 910 910 919 919 910 891 871 840 820 810 797
06 17 781 763 750 750 739 730 730 759 801 829 849 871 891 910 918 919 919 910 891 871 840 820 810 790
06 18 781 765 756 750 739 730 730 759 801 829 855 880 891 910 918 919 919 910 891 871 840 820 810 801
06 19 781 770 759 750 739 730 730 759 801 829 856 880 900 910 919 919 919 910 891 871 840 820 810 801
06 20 781 770 759 750 739 730 730 759 801 829 856 880 900 910 919 919 930 910 892 871 840 820 810 801
06 21 781 770 759 750 739 730 730 759 801 829 858 880 900 910 919 919 930 910 900 874 849 828 810 801
06 22 781 770 759 750 739 739 739 759 801 829 860 880 900 912 919 930 930 910 900 874 849 828 810 801
06 23 781 770 759 750 739 739 739 759 801 829 860 880 900 919 919 930 930 910 900 874 849 828 810 801
06 24 786 770 759 750 739 739 739 759 801 829 860 880 900 919 921 930 930 910 900 878 849 828 810 801
06 25 790 770 759 750 739 739 739 759 801 829 860 880 903 919 921 930 930 919 900 880 849 828 810 801
06 26 790 770 759 750 739 739 739 759 801 829 860 880 910 919 930 930 930 919 900 880 849 828 810 801
06 27 790 770 759 750 739 739 739 759 801 829 860 880 910 919 930 930 930 919 900 880 849 829 810 801
06 28 790 777 759 750 739 739 739 759 801 829 860 887 910 919 930 939 930 919 900 880 849 829 810 801
06 29 790 781 759 750 739 739 739 761 801 829 860 889 910 919 930 939 930 919 909 880 849 829 810 801
06 30 790 781 759 750 739 739 739 759 801 829 860 889 910 919 930 939 930 919 910 880 849 829 810 801
07 01 790 781 766 750 745 739 739 759 801 829 860 891 910 919 930 939 930 919 910 880 849 829 810 801
07 02 790 781 770 750 750 739 739 763 801 831 871 891 910 928 930 939 930 930 910 891 858 829 820 801
07 03 799 781 770 759 750 739 739 770 801 840 871 900 910 930 930 939 939 930 910 891 860 829 820 801
07 04 801 781 770 759 750 748 750 770 801 840 871 900 914 930 939 939 939 930 910 891 860 840 820 806
07 05 801 790 770 759 759 750 750 770 801 840 871 900 918 930 936 939 939 930 919 891 860 840 820 810
07 06 801 790 779 770 759 750 750 770 801 840 871 900 919 930 939 939 939 930 919 891 871 849 829 810
07 07 810 790 781 770 759 750 750 770 802 840 871 900 919 930 939 950 939 939 919 900 871 849 829 820
07 08 810 790 781 770 759 750 750 770 802 840 871 900 919 930 939 950 943 939 919 900 871 849 829 815
07 09 810 790 781 770 759 750 750 770 801 840 871 900 919 930 939 950 943 939 919 900 871 849 829 820
07 10 810 790 781 770 759 750 750 770 801 840 871 900 919 930 939 950 943 939 919 900 871 849 829 820
07 11 810 790 781 770 759 750 750 770 801 840 880 900 919 930 939 950 943 939 919 900 871 849 829 820
07 12 810 790 781 770 759 750 750 770 801 849 880 900 919 930 939 950 943 939 919 900 871 849 829 820
07 13 810 790 781 770 759 750 750 770 810 849 880 900 919 932 939 950 950 939 930 900 871 849 829 820
07 14 810 790 781 770 759 756 750 770 810 849 880 910 919 939 939 950 950 939 930 901 871 849 829 820
07 15 810 790 781 770 759 759 750 770 810 849 880 910 919 939 939 950 950 939 930 901 871 849 829 820
07 16 810 790 781 770 759 759 750 770 810 849 880 910 919 939 939 950 950 939 930 900 871 849 829 820
07 17 810 790 781 770 759 759 750 770 810 849 880 910 919 939 943 950 950 939 930 900 871 849 829 820
07 18 801 790 781 770 759 759 750 770 810 849 880 910 919 939 950 950 950 939 930 900 871 849 829 813
07 19 801 790 781 770 759 759 750 770 810 849 880 910 919 939 950 950 950 939 930 900 871 849 829 811
07 20 801 790 781 770 759 759 750 770 810 849 880 910 919 939 939 950 950 939 930 900 871 849 829 810
07 21 801 790 781 770 759 759 750 770 810 849 880 910 919 939 939 950 950 939 925 900 871 849 829 810
07 22 801 790 781 770 759 759 750 770 810 849 880 910 930 939 943 950 950 939 921 900 864 849 829 810
07 23 801 790 781 770 759 750 750 770 810 849 880 910 921 939 943 950 950 939 921 900 860 846 829 810
07 24 801 790 781 770 759 750 750 770 810 849 880 910 919 939 939 950 950 939 919 900 860 840 829 810
07 25 801 790 781 770 759 750 750 770 810 849 880 910 919 939 939 950 950 939 919 900 860 846 829 810
07 26 801 790 781 770 759 750 750 770 810 849 880 910 919 939 939 950 950 939 919 891 860 840 829 810
07 27 801 790 781 770 759 750 750 770 810 840 880 910 919 939 939 950 939 939 919 891 860 840 829 810
07 28 801 790 781 770 759 750 750 770 810 840 880 900 919 930 939 939 939 930 919 891 860 840 820 810
07 29 801 790 781 765 759 750 750 770 810 840 880 900 919 930 939 939 939 930 919 891 860 840 820 810
07 30 801 790 781 759 759 750 750 770 810 840 880 900 919 930 939 939 939 930 910 880 849 840 820 810
07 31 801 786 770 759 757 750 750 768 801 840 871 900 910 930 939 939 939 919 910 880 849 840 820 810
08 01 790 781 770 759 750 750 750 759 801 840 871 900 910 930 939 939 939 919 910 880 849 840 820 801
08 02 790 781 770 759 750 750 750 759 801 840 871 900 910 930 930 939 939 930 910 880 849 840 820 801
08 03 790 781 770 759 750 750 750 759 801 840 871 900 910 930 930 939 939 930 910 880 849 840 820 801
08 04 790 781 781 759 750 750 750 759 801 840 871 900 910 930 930 939 939 930 910 880 849 840 820 801
08 05 790 781 770 759 750 750 739 759 801 840 871 900 910 930 930 939 939 930 910 880 849 840 810 801
08 06 790 781 770 759 750 750 739 759 801 829 871 891 910 930 930 939 939 930 910 880 849 840 810 801
08 07 790 781 770 759 750 750 739 759 801 829 871 891 910 930 930 939 939 930 910 880 849 840 810 801
08 08 781 781 770 759 750 750 739 759 801 829 871 900 910 930 939 939 939 930 910 880 849 840 810 801
08 09 781 781 770 759 750 750 739 759 801 829 871 891 910 930 936 939 939 930 910 880 849 840 810 801
08 10 781 781 770 759 750 750 739 759 790 829 860 891 910 930 939 939 939 930 910 880 849 840 810 801
08 11 786 781 770 759 750 750 741 759 801 829 871 894 910 930 939 939 939 930 910 880 853 840 820 801
08 12 790 781 770 759 750 750 739 759 801 829 871 894 910 930 939 939 939 939 910 880 849 840 810 801
08 13 790 781 770 759 750 750 739 759 801 829 871 894 910 930 939 939 939 939 910 880 849 840 810 801
08 14 781 781 770 759 750 750 741 759 790 829 860 891 910 930 939 939 939 939 910 880 853 840 820 801
08 15 781 781 770 759 750 750 741 759 790 829 860 891 910 930 939 939 939 939 910 880 860 840 820 801
08 16 784 781 770 759 750 750 739 759 790 829 860 891 910 930 939 939 939 939 919 880 853 831 810 801
08 17 790 781 770 759 750 750 739 759 790 829 860 891 910 930 939 939 939 939 910 880 849 829 810 801
08 18 781 781 770 759 750 750 739 759 790 820 860 891 910 919 930 939 939 930 910 871 849 829 810 799
08 19 781 770 770 759 750 745 739 752 790 820 849 889 910 919 930 939 939 930 900 871 849 829 810 790
08 20 781 770 770 759 750 750 739 750 784 820 849 891 910 919 930 939 930 930 900 871 849 820 810 790
08 21 781 770 770 759 750 750 739 750 781 820 849 880 900 912 930 930 930 919 900 871 840 820 810 790
08 22 781 770 766 759 750 750 739 750 781 820 849 880 900 919 930 930 930 919 900 869 840 820 806 790
08 23 781 770 759 759 750 750 739 750 781 820 849 880 900 912 930 930 930 919 891 860 840 820 801 790
08 24 781 770 759 759 750 739 739 750 781 820 849 880 900 910 927 930 930 919 891 860 840 820 801 790
08 25 781 770 759 750 750 739 739 750 781 820 849 876 900 910 919 930 930 910 885 849 829 820 801 783
08 26 781 770 759 750 750 739 739 750 781 810 842 871 891 910 919 919 919 910 880 849 829 810 790 781
08 27 770 759 759 750 750 739 739 750 781 810 840 871 891 910 919 919 916 910 880 849 829 810 790 781
08 28 770 759 759 750 739 739 730 750 770 810 840 871 891 900 910 919 910 900 880 849 822 804 790 781
08 29 770 759 750 750 739 739 730 739 770 810 840 871 885 900 910 912 910 900 880 840 820 801 790 781
08 30 770 759 750 739 739 730 730 739 770 810 840 871 882 900 910 910 910 900 871 840 820 801 790 772
08 31 770 759 750 739 739 730 730 739 770 801 840 860 880 896 907 910 903 891 871 840 820 801 790 770
09 01 770 759 750 739 739 730 730 739 770 801 840 860 880 891 900 910 910 896 871 840 820 801 790 770
09 02 761 759 750 739 739 730 730 730 759 801 840 860 880 891 900 910 910 891 871 840 820 801 790 770
09 03 759 759 750 739 739 730 730 730 759 801 840 860 880 891 900 910 910 891 871 840 820 801 790 770
09 04 759 750 750 739 730 730 720 730 759 801 829 860 880 891 900 910 901 891 871 837 820 801 781 770
09 05 759 750 750 739 730 730 720 730 759 799 829 860 880 891 900 900 900 891 871 829 810 790 781 770
09 06 759 750 739 730 730 720 720 730 759 790 829 849 871 891 900 900 900 891 860 829 801 790 781 759
09 07 750 739 739 730 720 720 720 720 750 790 829 849 871 891 891 900 900 891 860 824 801 790 781 759
09 08 750 739 739 730 720 720 720 720 750 790 820 849 871 891 891 900 900 891 860 820 801 790 781 759
09 09 750 739 730 730 720 720 720 720 750 790 820 849 871 891 891 900 900 891 860 820 801 790 779 759
09 10 750 739 730 730 720 720 720 720 750 790 820 849 871 891 891 900 891 891 860 820 801 790 777 759
09 11 750 739 730 730 720 720 720 720 750 790 820 849 871 880 891 891 891 880 860 820 801 788 770 759
09 12 750 739 730 730 720 720 718 720 750 781 820 849 871 880 891 891 891 882 860 820 801 788 770 759
09 13 747 739 730 730 720 720 711 720 745 781 820 849 871 880 891 891 891 880 860 820 801 788 770 759
09 14 739 739 730 721 720 711 711 720 739 781 820 840 864 880 891 891 891 880 853 820 801 781 770 756
09 15 739 739 730 720 720 711 711 720 739 781 810 840 860 880 880 891 891 880 849 810 801 781 761 750
09 16 739 730 730 720 720 711 711 720 739 770 810 840 860 880 880 891 891 873 840 810 801 781 759 750
09 17 739 730 730 720 720 711 711 720 739 770 810 840 860 880 880 880 891 871 840 810 795 781 759 750
09 18 739 730 730 720 720 711 711 720 732 770 810 840 860 871 880 880 880 871 840 810 790 770 759 750
09 19 739 730 725 720 718 711 711 711 730 770 810 829 858 871 880 880 880 871 840 801 790 770 759 750
09 20 739 730 720 720 711 711 711 711 730 770 810 829 849 871 880 880 880 871 829 801 790 770 759 741
09 21 730 730 720 720 711 711 711 711 730 770 801 829 849 871 880 880 880 871 829 801 788 770 750 739
09 22 730 730 720 720 711 711 711 711 730 768 801 829 849 860 871 880 880 860 829 801 781 759 750 739
09 23 730 720 720 711 711 711 700 711 730 759 801 820 840 860 871 871 871 860 820 795 781 759 750 739
09 24 730 720 720 711 711 702 700 711 720 759 790 820 840 860 871 871 871 860 820 790 781 759 743 739
09 25 725 720 720 711 711 700 700 700 720 759 790 820 829 849 871 871 871 849 820 790 770 759 739 736
09 26 720 720 720 711 711 700 700 700 720 750 781 810 829 849 860 860 860 849 810 781 759 750 739 730
09 27 720 711 711 711 711 700 700 700 720 750 781 810 829 849 860 860 849 849 810 781 759 750 739 730
09 28 720 711 711 711 711 700 700 700 720 750 781 801 829 849 849 849 849 840 810 770 759 750 739 730
09 29 711 711 700 700 700 691 691 691 720 739 781 801 820 840 849 849 849 840 801 770 759 739 739 730
09 30 711 711 700 700 691 691 691 691 711 739 781 801 820 840 849 849 849 833 801 770 750 739 730 720
10 01 711 711 700 700 691 691 680 691 711 739 770 801 820 840 849 840 840 829 790 759 750 734 725 711
10 02 700 700 691 691 680 680 675 680 700 730 759 790 810 829 840 840 838 820 790 759 739 730 720 711
10 03 700 700 691 680 680 680 669 669 700 730 759 790 810 829 840 840 829 820 790 759 739 730 720 711
10 04 700 700 691 680 680 669 669 669 691 720 759 790 810 824 831 835 829 820 790 759 739 720 716 700
10 05 691 691 691 680 680 669 669 669 691 720 750 781 801 820 829 829 829 820 781 750 730 720 711 700
10 06 691 691 680 680 669 669 669 669 680 711 750 781 801 820 829 829 829 820 781 750 730 720 711 700
10 07 691 691 680 680 669 669 669 669 680 711 739 781 801 820 829 829 829 820 781 750 730 720 709 700
10 08 691 680 680 669 669 664 669 669 680 711 739 781 801 820 829 829 826 810 781 750 730 718 700 700
10 09 691 680 680 669 669 660 660 666 680 711 739 781 801 810 820 829 820 810 781 750 730 711 700 691
10 10 680 680 680 669 669 660 660 660 680 700 739 781 801 810 820 820 820 801 770 739 730 711 700 691
10 11 680 680 669 669 669 660 660 660 671 700 739 770 790 810 810 820 810 801 770 739 720 711 700 691
10 12 680 669 669 669 660 660 660 660 669 700 730 759 790 801 810 820 810 801 759 730 711 711 698 691
10 13 676 669 669 669 660 660 649 657 669 691 730 759 781 801 810 820 810 790 750 730 711 700 691 680
10 14 669 669 662 660 660 649 649 649 669 691 720 750 770 795 801 810 810 781 741 720 700 700 691 680
10 15 669 669 660 655 649 649 649 649 664 691 720 750 770 790 801 801 801 781 739 720 700 691 691 680
10 16 669 666 660 649 649 649 649 649 660 691 720 750 770 790 801 801 801 781 739 720 700 691 680 680
10 17 669 660 660 649 649 649 649 648 660 680 720 739 763 790 790 801 799 781 739 711 691 691 680 669
10 18 660 660 649 649 640 640 640 640 649 680 711 739 763 790 790 801 790 775 739 711 691 691 680 669
10 19 660 649 649 649 640 640 640 640 649 678 711 739 759 781 790 801 790 772 739 711 691 691 680 669
10 20 660 649 649 649 640 640 640 640 649 669 711 739 759 781 790 801 790 770 730 711 691 680 680 669
10 21 660 649 649 640 630 630 630 630 640 669 711 739 759 781 790 801 790 770 730 711 691 680 669 660
10 22 649 640 640 630 626 621 621 621 640 669 711 736 759 781 790 790 790 770 730 711 691 680 669 660
10 23 649 649 640 630 630 621 621 621 640 669 700 730 759 770 781 790 790 759 730 700 691 680 669 660
10 24 649 649 640 630 630 621 630 628 640 669 700 730 759 770 781 790 790 759 730 691 691 680 669 660
10 25 649 649 640 630 630 622 621 621 640 660 691 730 759 770 781 790 790 759 720 691 680 669 660 660
10 26 649 640 640 630 630 621 621 621 640 660 691 730 754 770 781 790 784 759 720 691 680 669 660 660
10 27 649 640 630 630 624 621 621 621 630 660 691 730 750 770 781 788 781 750 711 687 680 669 660 649
10 28 649 640 630 630 622 621 621 621 630 649 691 727 750 770 770 781 774 750 711 680 669 669 660 649
10 29 640 640 630 630 621 617 613 610 630 649 680 720 739 759 770 770 770 739 711 680 669 669 660 649
10 30 640 640 630 630 622 621 621 621 630 640 680 716 739 759 770 770 759 739 700 680 669 660 660 640
10 31 640 640 630 630 621 617 610 610 621 640 680 711 739 750 759 759 759 730 700 680 669 660 649 640
11 01 640 630 630 621 621 610 610 610 621 640 669 711 730 750 759 759 759 730 700 680 669 649 649 640
11 02 640 630 630 621 610 610 610 610 621 640 669 711 730 750 759 759 759 730 700 680 669 649 649 640
11 03 630 630 621 621 610 610 610 610 621 640 669 711 730 750 759 759 759 730 700 680 669 649 640 640
11 04 630 621 621 621 610 610 610 610 610 630 669 700 730 750 759 759 750 730 700 669 666 649 640 630
11 05 630 621 610 610 610 610 601 610 610 630 669 700 730 739 750 759 750 730 700 669 660 649 640 630
11 06 630 621 610 610 610 610 601 601 610 630 669 700 730 739 750 759 750 730 693 669 660 649 640 630
11 07 630 621 610 601 610 601 601 599 606 630 660 700 720 739 750 750 750 720 691 669 660 648 640 630
11 08 630 621 610 601 608 601 601 590 601 621 660 691 720 739 739 750 750 720 691 669 660 640 640 630
11 09 630 619 610 601 608 601 595 590 590 621 649 691 720 739 739 750 739 720 685 669 649 640 640 630
11 10 621 610 601 590 595 601 590 579 590 621 649 680 711 730 739 750 739 720 680 660 649 640 630 621
11 11 621 610 601 590 590 599 590 579 590 610 649 680 711 730 739 739 739 711 680 660 649 640 630 621
11 12 621 606 601 590 590 590 579 579 590 610 640 669 700 720 730 739 730 700 676 660 649 640 630 621
11 13 610 601 601 590 590 590 579 570 579 610 640 669 700 720 730 739 730 700 669 660 649 640 630 621
11 14 610 601 601 579 590 590 579 570 579 610 640 669 700 720 730 739 730 700 669 649 640 630 630 621
11 15 610 601 601 579 590 590 579 570 579 610 640 669 700 720 730 730 730 700 669 649 640 630 630 610
11 16 610 601 601 579 590 590 579 570 579 601 640 669 691 711 730 730 720 700 669 649 640 630 621 610
11 17 610 601 601 579 590 590 579 570 579 601 630 660 691 711 720 720 720 691 660 640 630 621 621 610
11 18 601 601 590 579 579 579 579 570 579 601 630 649 680 700 720 720 711 691 649 640 630 621 621 610
11 19 601 601 590 579 579 590 579 570 579 601 630 649 680 700 720 720 711 691 649 640 630 621 621 610
11 20 601 601 601 579 590 590 579 570 579 590 630 649 680 700 720 720 711 691 649 640 630 621 621 610
11 21 601 601 601 590 590 590 590 579 579 601 630 649 680 700 720 720 711 691 649 640 630 621 621 610
11 22 610 601 601 601 601 601 590 579 590 601 630 649 669 700 711 711 711 691 649 640 630 621 621 610
11 23 601 601 601 601 590 590 590 579 590 601 630 649 669 700 711 711 711 680 649 640 621 621 621 610
11 24 601 601 590 590 590 590 590 579 590 601 630 649 669 691 700 711 700 680 640 630 621 621 610 601
11 25 601 601 590 579 590 590 579 579 579 590 621 640 669 691 700 700 700 669 640 630 621 621 610 601
11 26 601 601 590 579 590 590 590 579 579 590 621 640 669 691 700 700 700 669 640 630 621 621 610 601
11 27 601 601 590 579 590 590 579 579 579 590 621 640 660 680 700 700 691 669 640 630 621 621 610 601
11 28 601 601 590 579 583 590 579 579 579 590 621 640 660 680 700 700 691 669 640 630 621 621 610 601
11 29 601 590 590 579 579 588 579 570 579 590 610 640 660 680 691 700 691 669 640 630 621 610 610 601
11 30 601 590 579 579 579 579 579 570 570 579 610 640 660 680 691 700 691 669 640 630 621 621 610 601
12 01 601 590 579 579 579 579 577 570 570 579 610 640 660 680 691 700 691 669 649 630 621 621 610 601
12 02 601 590 579 570 570 570 570 563 570 579 610 630 660 680 691 700 691 669 649 630 621 621 610 601
12 03 601 590 570 570 570 568 561 559 570 579 610 630 660 680 691 700 691 669 649 630 621 621 601 601
12 04 601 590 570 570 559 559 559 559 550 579 610 630 660 680 691 700 691 660 640 630 610 610 601 601
12 05 590 579 570 570 559 550 559 559 550 579 610 630 660 669 680 691 691 660 640 630 610 601 590 590
12 06 570 570 559 559 550 550 547 540 540 570 590 624 649 660 669 680 680 657 640 621 610 601 590 579
12 07 565 563 559 559 550 540 540 540 536 559 590 621 640 660 669 680 669 649 630 621 610 601 579 570
12 08 565 559 550 559 540 540 540 532 531 554 579 610 640 649 669 680 669 649 628 610 601 601 570 570
12 09 559 559 540 550 540 540 540 531 531 554 579 610 630 649 660 669 669 649 621 610 601 585 570 570
12 10 559 552 540 550 531 531 531 520 531 550 576 610 630 640 660 669 669 640 610 601 590 579 559 559
12 11 559 550 540 547 531 531 531 520 520 550 576 610 630 640 660 669 669 640 610 601 579 572 559 559
12 12 550 550 531 531 531 531 520 516 520 550 570 601 621 640 660 669 660 640 610 590 570 570 559 559
12 13 540 550 531 531 531 531 531 520 520 550 570 601 621 640 649 660 660 630 608 579 559 570 559 550
12 14 540 540 531 520 531 531 520 520 520 540 559 590 621 639 644 649 649 630 601 579 559 559 559 550
12 15 531 531 531 520 531 531 520 520 520 540 559 590 610 630 640 648 646 630 601 579 559 559 550 550
12 16 525 531 531 531 531 531 531 531 531 550 565 590 610 630 640 640 640 621 590 579 559 570 559 550
12 17 532 532 531 531 531 531 531 520 531 541 559 585 610 621 640 640 639 621 590 570 554 559 550 550
12 18 531 525 520 511 520 520 520 516 520 540 559 579 606 621 635 630 630 610 590 570 550 550 550 550
12 19 531 520 520 511 520 531 520 511 520 540 550 579 606 621 630 630 630 610 590 570 550 550 550 540
12 20 520 520 511 511 511 511 511 511 511 520 550 579 601 621 630 630 630 610 581 570 550 550 540 531
12 21 520 520 511 500 511 511 511 504 505 520 550 579 601 612 630 630 630 610 579 570 550 540 540 525
12 22 511 520 511 500 511 511 511 511 511 520 550 579 601 615 630 630 630 610 579 570 550 550 540 531
12 23 520 520 511 511 511 511 511 511 520 540 550 579 601 615 630 630 630 610 579 570 550 550 540 531
12 24 520 520 520 511 511 514 520 511 520 531 550 570 601 610 630 630 630 610 579 570 556 550 550 540
12 25 525 531 520 520 520 520 520 520 520 540 556 579 601 612 630 630 630 610 579 570 559 550 540 540
12 26 531 531 520 520 520 514 520 520 520 540 550 570 601 610 630 630 630 610 579 570 556 550 540 531
12 27 531 520 520 511 516 511 520 520 520 540 550 570 601 615 630 630 630 610 579 579 559 550 540 540
12 28 532 520 520 520 516 511 520 520 520 531 550 579 601 621 630 640 630 610 590 579 570 559 559 550
12 29 545 540 531 531 531 520 531 531 531 540 559 585 606 630 640 640 640 621 601 579 579 579 568 550
12 30 545 540 540 531 531 531 531 531 531 540 559 590 610 630 640 649 640 621 601 579 579 579 559 550
12 31 545 540 540 531 531 520 531 520 520 540 556 579 610 630 640 649 642 630 601 590 590 579 559 550
