01 01 640 640 630 630 621 621 621 621 621 630 660 689 729 739 752 752 752 734 693 675 660 649 640 630
01 02 626 630 626 624 621 610 619 612 610 626 649 680 720 739 750 752 750 730 691 676 660 649 644 630
01 03 626 630 626 626 621 617 619 613 619 626 649 680 716 739 750 752 748 730 691 669 658 649 640 630
01 04 626 630 626 624 621 617 621 615 619 628 649 680 716 739 750 752 748 730 691 662 658 644 633 630
01 05 626 626 621 621 621 617 621 613 619 626 649 680 716 734 748 752 743 730 684 660 644 640 630 628
01 06 622 621 619 610 610 615 619 612 619 626 649 680 716 734 748 750 743 730 684 662 649 640 630 630
01 07 626 621 619 610 610 610 613 610 610 626 649 680 716 734 739 748 739 729 680 658 649 639 630 626
01 08 626 619 610 610 610 610 610 610 610 621 649 680 716 734 734 739 734 725 680 649 644 630 626 626
01 09 621 610 610 610 610 610 613 610 610 621 644 676 709 729 734 734 734 720 680 644 637 626 621 621
01 10 610 610 608 608 608 610 613 610 608 621 644 669 709 729 734 734 734 720 680 648 640 626 621 621
01 11 610 610 608 610 608 610 619 610 608 621 644 669 709 729 734 734 734 720 680 649 644 630 626 621
01 12 610 610 610 610 610 610 619 610 610 621 644 669 700 720 734 734 734 720 680 649 640 630 626 621
01 13 610 610 608 610 610 610 610 608 608 613 640 662 691 716 734 734 734 716 680 649 640 630 626 621
01 14 610 610 610 610 610 610 610 608 606 610 640 662 698 716 734 734 734 716 680 646 637 626 619 610
01 15 608 608 601 608 601 590 601 599 601 608 630 660 693 716 730 730 730 716 680 644 630 626 610 608
01 16 601 608 599 608 601 590 601 601 606 608 630 660 693 716 730 730 730 716 680 644 630 621 610 608
01 17 601 608 601 608 590 590 601 601 604 610 630 662 693 716 730 734 730 716 680 644 630 626 610 610
01 18 601 601 601 608 601 590 590 590 590 608 630 662 698 716 730 734 730 716 680 644 630 621 610 608
01 19 599 590 590 601 590 590 590 590 590 608 630 658 698 716 734 734 730 716 680 644 630 621 610 608
01 20 599 590 590 601 590 590 590 590 590 601 630 649 698 716 734 730 730 716 680 649 630 626 610 608
01 21 599 590 590 601 590 590 590 590 583 590 621 649 691 716 730 730 730 716 680 649 630 626 610 608
01 22 599 590 590 601 590 590 590 590 583 590 621 658 698 716 734 734 730 716 682 658 639 626 610 608
01 23 601 601 599 608 590 590 599 599 601 608 630 662 698 716 734 734 734 716 691 658 640 630 621 610
01 24 601 601 601 608 599 590 599 599 601 608 630 662 698 720 734 734 734 720 691 660 640 630 621 610
01 25 601 601 601 608 601 590 601 601 608 608 630 662 698 720 734 734 739 729 691 660 644 639 626 610
01 26 608 608 608 608 601 601 601 601 608 610 630 662 698 720 734 734 739 729 691 660 644 639 626 610
01 27 608 608 606 608 601 601 601 601 608 610 630 662 698 720 734 734 739 729 691 660 649 640 626 621
01 28 617 608 608 608 601 601 604 601 608 613 640 669 700 720 734 739 739 730 698 662 649 639 626 619
01 29 610 608 606 608 601 601 601 601 608 621 644 680 700 729 734 739 748 730 700 662 649 640 630 621
01 30 621 608 608 610 608 601 604 601 608 621 644 680 709 729 739 739 739 730 700 669 660 640 630 626
01 31 621 610 610 610 601 601 601 601 608 621 644 680 709 729 739 739 739 730 700 662 655 640 630 621
02 01 621 610 608 610 601 601 601 601 608 610 644 680 709 729 739 739 748 730 700 662 649 640 630 621
02 02 619 610 608 610 601 601 601 601 608 610 644 680 711 730 739 739 748 730 700 669 660 644 630 626
02 03 621 619 610 610 608 608 608 601 608 621 644 680 711 730 739 739 748 730 711 669 660 644 639 626
02 04 621 621 615 610 610 610 608 601 608 621 644 680 711 730 748 739 750 734 711 680 660 649 640 626
02 05 626 621 619 610 610 610 608 601 608 621 649 680 716 730 750 748 750 734 711 680 660 644 640 626
02 06 626 621 621 610 610 610 608 608 608 621 649 680 711 730 748 739 750 730 712 680 660 644 640 626
02 07 621 621 621 621 613 610 608 601 608 621 648 680 711 730 748 748 750 734 716 680 660 649 640 626
02 08 621 621 615 610 608 610 604 590 601 621 648 680 716 730 750 750 750 739 716 680 662 649 644 626
02 09 626 626 621 621 621 610 608 601 610 626 658 691 716 734 752 752 752 745 720 689 662 660 644 626
02 10 626 626 621 621 621 610 610 608 610 626 658 693 720 734 752 752 752 748 720 691 662 660 644 626
02 11 626 626 621 621 621 610 610 608 610 630 649 691 720 734 750 752 752 747 720 691 662 658 644 626
02 12 626 626 621 621 621 610 610 608 610 630 658 698 720 734 752 752 759 750 729 691 669 660 644 626
02 13 626 626 621 621 621 613 610 608 610 630 658 698 720 739 752 752 759 752 729 691 669 662 644 630
02 14 626 626 621 621 619 610 608 608 608 630 660 698 720 739 752 752 759 752 730 698 680 662 644 630
02 15 630 626 621 626 621 619 610 610 610 630 669 698 730 750 752 770 770 752 734 698 680 662 649 644
02 16 640 630 626 630 626 624 612 610 621 640 669 698 730 750 759 770 770 752 734 698 680 662 658 644
02 17 640 630 630 630 626 624 621 610 621 640 669 700 730 750 752 770 759 752 734 698 680 662 658 644
02 18 640 630 626 630 626 621 621 610 621 640 680 700 730 750 759 770 770 752 734 698 680 662 649 644
02 19 640 630 621 630 626 621 612 610 621 640 680 700 734 752 759 770 770 759 734 700 680 662 658 644
02 20 640 630 621 630 626 621 626 617 626 644 680 709 734 752 770 770 770 759 734 700 680 662 658 644
02 21 640 640 639 630 626 626 626 621 626 644 680 711 734 752 770 770 770 765 739 700 680 669 660 649
02 22 644 640 640 630 626 626 626 621 626 644 680 711 734 752 770 770 770 759 739 709 680 669 660 649
02 23 644 640 640 639 630 628 626 626 630 644 680 711 734 752 770 779 770 770 739 711 680 669 660 649
02 24 644 640 639 630 626 626 626 621 626 644 680 711 734 752 770 779 770 765 739 709 680 669 660 649
02 25 644 640 630 630 626 626 621 617 624 644 680 716 736 759 770 781 779 770 750 711 680 669 660 649
02 26 644 640 639 630 626 626 626 626 626 651 680 716 739 759 775 788 781 770 752 716 691 680 662 649
02 27 644 640 640 630 626 626 626 626 630 658 680 716 748 770 775 788 781 770 752 720 691 680 662 649
02 28 644 640 640 639 630 628 626 630 644 660 691 720 750 770 779 788 788 770 752 720 691 680 662 658
03 01 644 644 640 640 630 630 630 630 644 660 698 729 752 770 788 788 788 774 759 720 698 680 662 649
03 02 644 640 640 630 626 626 626 626 630 660 698 730 752 770 781 788 788 777 759 720 698 680 662 649
03 03 644 640 639 630 626 626 621 621 630 660 698 734 752 779 788 788 788 781 759 720 698 680 662 649
03 04 644 640 630 630 626 626 621 621 630 660 698 734 752 781 788 788 790 781 768 730 698 680 662 649
03 05 644 640 639 630 626 626 621 621 630 660 698 734 768 788 788 790 790 788 770 730 700 680 669 653
03 06 644 644 640 630 630 626 626 626 630 660 700 739 770 788 790 806 801 790 770 734 709 680 669 660
03 07 644 644 639 630 630 626 626 621 630 662 700 739 770 788 790 806 802 790 777 734 711 687 669 662
03 08 648 644 639 630 630 626 626 626 640 669 705 739 770 788 792 806 806 801 781 739 711 691 669 662
03 09 649 644 640 639 631 630 626 626 644 669 707 748 770 788 799 806 806 801 781 739 711 691 669 662
03 10 649 644 640 639 631 630 626 626 640 669 705 739 770 788 799 806 806 801 781 739 711 691 669 662
03 11 649 644 640 639 630 630 626 626 644 669 709 748 770 788 801 806 806 801 781 739 716 691 680 669
03 12 649 644 640 639 631 630 630 630 644 669 711 750 770 790 804 810 819 806 788 748 716 698 680 669
03 13 658 649 644 640 639 630 630 630 644 680 711 750 770 799 806 819 819 806 788 748 716 700 680 669
03 14 658 649 644 640 639 630 630 630 644 676 711 750 772 799 806 820 820 806 790 750 716 700 680 669
03 15 658 649 644 640 631 630 626 626 640 669 711 750 770 799 806 819 820 806 790 750 716 700 680 669
03 16 658 649 644 640 631 630 626 626 644 676 711 748 772 799 806 820 820 808 790 750 720 700 687 669
03 17 660 649 649 640 640 630 630 630 644 680 711 748 772 801 806 820 820 810 790 750 716 700 689 669
03 18 660 649 649 644 640 631 630 639 644 680 716 750 781 801 810 820 824 810 790 750 720 703 691 669
03 19 660 649 649 644 640 635 630 639 644 680 716 750 781 801 810 822 824 810 790 752 720 711 691 680
03 20 660 649 649 646 640 639 639 640 649 680 720 752 781 801 806 820 824 810 790 750 720 711 691 680
03 21 660 655 649 649 644 640 640 642 649 680 720 752 779 801 810 820 820 810 790 750 720 711 691 678
03 22 660 658 649 649 644 644 640 644 649 680 730 752 781 804 819 820 820 810 790 752 729 711 691 680
03 23 662 660 658 649 644 644 640 644 649 680 730 752 788 806 819 824 824 810 790 752 730 711 691 678
03 24 662 658 649 649 644 644 640 644 649 689 734 759 788 806 820 824 824 810 790 750 730 711 694 680
03 25 669 660 658 649 644 644 640 644 660 691 734 770 790 806 820 826 824 819 799 752 730 716 698 680
03 26 669 660 658 649 644 644 644 644 660 691 734 770 790 806 824 829 824 820 799 752 734 716 698 680
03 27 669 662 660 657 649 644 644 644 662 696 739 770 790 806 824 829 824 820 799 752 734 716 698 680
03 28 680 662 660 660 649 649 644 644 662 698 739 770 790 806 824 829 826 820 801 759 734 716 698 680
03 29 675 662 660 660 649 649 644 644 662 698 739 770 792 810 824 833 829 824 801 768 734 716 698 680
03 30 680 662 662 660 649 649 644 644 662 698 741 770 801 817 824 840 829 824 806 770 734 720 700 680
03 31 680 669 662 660 660 649 649 644 662 700 743 774 801 820 829 840 840 824 806 770 734 716 700 680
04 01 680 669 662 660 660 649 649 649 662 707 750 779 801 820 829 840 840 824 806 770 734 716 700 689
04 02 680 680 662 662 660 660 649 649 680 711 750 781 801 820 829 840 840 829 806 770 734 716 700 691
04 03 680 680 669 662 660 660 649 649 680 714 752 788 804 820 829 842 840 829 810 770 739 720 700 691
04 04 680 680 669 662 662 660 660 660 680 716 752 788 806 822 838 842 840 831 810 770 739 720 709 691
04 05 680 680 669 662 662 660 662 662 680 716 752 788 806 824 840 842 842 835 811 775 739 720 711 691
04 06 689 680 669 669 662 660 662 662 680 716 752 788 806 824 840 842 842 840 820 779 739 723 711 698
04 07 689 680 669 669 662 660 662 662 680 716 752 788 806 824 842 842 842 840 822 781 739 730 711 698
04 08 691 680 669 669 669 662 662 662 680 716 759 790 810 824 842 842 842 842 824 781 747 730 711 700
04 09 691 680 680 669 669 662 662 662 685 720 761 790 810 829 842 842 842 842 824 781 748 734 716 700
04 10 691 680 680 669 669 662 669 669 691 723 770 790 810 829 842 842 842 842 824 788 750 734 716 700
04 11 691 680 680 669 669 662 669 669 691 723 770 790 819 829 842 849 842 840 824 788 748 730 716 700
04 12 691 689 680 669 669 662 669 669 691 729 770 793 819 829 842 849 849 842 824 788 750 734 720 700
04 13 691 689 680 669 669 662 669 669 691 730 770 799 819 829 849 849 849 842 824 788 750 734 720 700
04 14 698 689 680 669 669 662 669 669 698 730 770 801 824 838 849 849 849 842 824 790 752 734 720 700
04 15 698 689 680 669 669 662 669 669 698 734 770 801 824 838 849 860 860 842 829 790 759 739 720 711
04 16 698 691 680 669 669 666 669 669 698 734 770 801 824 840 849 860 860 849 829 801 759 739 729 711
04 17 700 691 680 673 669 666 669 669 698 734 779 806 824 840 860 860 860 849 829 806 770 743 730 716
04 18 700 691 680 680 680 669 669 680 700 739 781 806 824 840 860 860 860 849 829 806 770 748 730 716
04 19 705 698 684 680 680 669 678 680 700 739 788 810 829 842 860 860 860 849 838 806 770 750 734 716
04 20 709 698 689 680 680 680 680 680 709 748 788 820 833 849 860 860 860 860 840 810 770 750 734 720
04 21 711 698 691 680 680 680 680 680 711 750 788 820 835 849 860 860 871 860 842 810 775 752 739 720
04 22 711 700 691 691 680 680 680 680 716 750 790 820 837 849 860 869 871 860 849 810 779 754 739 720
04 23 711 700 691 691 680 680 680 680 716 752 790 824 840 860 869 871 873 869 849 820 781 759 739 730
04 24 711 700 698 691 680 680 680 691 720 759 799 824 842 860 871 871 878 869 849 820 788 759 743 730
04 25 716 700 700 698 691 680 680 691 720 759 801 829 849 860 871 878 880 871 860 824 788 759 748 730
04 26 716 709 700 698 698 689 691 698 720 770 801 829 851 860 878 878 880 878 860 824 790 770 750 734
04 27 720 711 711 700 700 700 693 700 730 770 806 829 860 862 878 878 880 878 860 829 790 770 750 734
04 28 720 716 716 709 700 700 698 700 734 770 806 829 860 869 878 880 880 878 860 829 790 770 752 734
04 29 727 718 716 709 700 700 698 700 734 770 806 838 860 871 880 880 880 878 860 829 799 770 752 739
04 30 729 720 716 711 700 700 700 703 734 775 810 840 860 871 880 889 880 880 860 838 801 770 752 739
05 01 730 720 716 711 709 700 700 709 739 781 810 840 860 876 880 889 891 880 860 838 801 770 752 741
05 02 734 720 720 712 711 700 700 709 739 781 810 840 860 878 880 891 891 880 865 838 801 779 759 748
05 03 734 729 720 716 711 700 700 714 739 781 810 842 860 878 887 891 891 880 869 840 806 779 759 748
05 04 734 729 720 716 711 700 700 714 748 788 824 842 860 878 891 891 892 880 871 840 806 779 759 748
05 05 734 729 720 716 711 700 700 714 748 788 824 842 860 880 891 892 896 880 871 840 806 779 759 750
05 06 734 729 720 716 711 700 700 716 748 788 824 849 867 880 892 896 896 889 873 842 806 779 759 750
05 07 734 727 720 716 711 700 700 716 750 788 824 849 867 880 892 896 896 891 876 842 806 779 759 750
05 08 734 729 720 716 711 700 700 716 750 788 824 849 869 880 891 896 896 891 878 842 806 781 759 750
05 09 734 729 720 716 711 700 700 720 750 788 824 849 871 880 892 896 896 891 878 849 806 781 770 750
05 10 738 729 720 716 711 700 700 720 752 790 824 860 871 880 896 896 900 892 880 849 810 788 770 752
05 11 739 730 720 716 711 700 700 720 752 790 824 860 878 883 896 900 900 896 880 849 810 788 770 752
05 12 739 729 720 716 711 700 700 718 752 790 824 860 878 887 896 900 900 896 880 849 810 788 770 752
05 13 739 730 720 716 711 700 700 720 752 790 824 860 878 889 896 900 900 896 880 855 810 788 770 752
05 14 739 730 721 716 711 709 709 720 752 790 824 860 878 891 896 901 901 896 882 860 810 788 770 754
05 15 739 734 725 718 716 711 711 720 752 790 824 860 878 891 896 901 901 896 882 860 810 788 770 752
05 16 739 734 725 718 716 711 711 720 752 792 829 860 878 892 900 909 905 896 882 860 817 788 770 756
05 17 739 734 729 718 716 711 711 721 752 801 829 860 878 896 900 909 910 898 889 860 820 790 770 759
05 18 739 734 729 720 716 712 711 721 752 801 837 860 878 896 900 914 910 900 891 860 824 790 774 761
05 19 750 739 730 720 716 716 711 729 759 806 838 862 880 896 909 914 914 903 891 860 824 801 779 770
05 20 752 739 734 730 720 716 716 730 766 806 842 869 880 896 910 914 914 909 896 867 829 801 781 770
05 21 752 748 739 730 720 716 716 730 770 806 842 869 880 896 910 914 914 910 896 867 829 806 788 770
05 22 752 750 739 734 730 720 716 734 770 810 842 869 880 896 910 914 914 910 896 867 829 806 788 770
05 23 759 750 739 734 730 720 720 734 770 810 842 869 880 900 914 914 914 910 896 860 829 806 788 770
05 24 759 752 739 734 734 720 720 734 770 810 842 869 880 900 914 914 914 910 896 867 829 806 788 770
05 25 770 752 739 734 734 720 720 736 770 810 842 869 880 900 914 919 919 914 900 871 829 806 790 770
05 26 770 759 750 739 734 730 730 739 774 819 849 871 889 900 914 919 919 914 909 878 831 810 790 781
05 27 770 759 752 748 739 734 730 750 788 820 860 878 896 910 919 923 930 919 910 880 840 810 799 788
05 28 772 770 752 750 739 739 734 752 790 824 860 880 900 914 919 930 932 928 914 880 842 820 801 790
05 29 781 770 759 752 750 739 739 759 790 824 860 880 900 914 928 932 932 930 914 889 842 820 806 790
05 30 781 770 759 752 750 743 745 759 801 829 860 880 900 919 930 932 932 930 914 891 842 820 806 790
05 31 781 770 759 752 750 748 750 763 801 829 860 880 903 919 930 932 932 932 914 891 842 824 810 790
06 01 788 770 770 759 752 750 750 770 801 829 860 880 905 919 930 932 936 932 919 891 849 824 810 790
06 02 788 779 770 759 752 750 750 770 801 831 860 882 910 925 932 939 939 932 919 896 849 829 810 801
06 03 790 781 770 759 759 752 750 770 801 838 864 889 910 928 932 946 945 937 919 896 849 829 810 801
06 04 790 781 770 770 759 752 752 770 806 840 869 894 910 928 937 946 939 936 919 896 849 829 810 801
06 05 790 781 770 761 759 752 752 770 806 840 871 891 910 928 937 946 939 936 921 896 856 829 810 801
06 06 790 781 770 761 759 752 752 770 806 840 871 896 912 930 939 950 945 939 923 896 860 829 810 801
06 07 790 781 770 770 759 752 752 770 810 840 871 896 914 932 939 950 948 939 928 896 860 829 810 801
06 08 790 788 775 770 759 754 752 772 810 842 878 900 919 932 948 950 950 939 930 896 860 829 810 801
06 09 790 788 779 770 770 759 754 774 810 849 880 900 919 932 950 950 950 939 930 896 860 829 810 802
06 10 790 788 779 770 770 759 757 779 811 849 880 900 919 932 950 950 950 939 930 896 860 829 810 806
06 11 790 788 779 770 768 759 759 779 811 849 878 900 919 932 950 950 950 939 925 896 860 829 810 801
06 12 790 783 775 770 759 759 757 775 815 849 878 900 919 932 950 950 950 939 923 896 860 829 810 802
06 13 790 783 777 770 759 759 759 779 820 849 880 909 919 936 950 950 950 939 925 896 860 829 810 806
06 14 790 788 779 770 768 759 759 781 820 849 880 910 927 936 950 950 950 939 930 896 860 829 810 804
06 15 790 788 779 770 763 759 759 781 820 855 883 910 928 939 950 950 950 939 930 896 860 829 810 806
06 16 790 788 781 770 770 759 759 781 820 849 883 910 928 939 950 950 950 939 930 896 860 829 810 806
06 17 790 788 781 770 770 759 759 781 820 856 887 914 928 939 950 950 950 939 930 898 860 829 815 806
06 18 790 788 779 770 770 759 759 781 820 856 887 914 928 939 950 950 950 939 925 898 860 829 817 806
06 19 790 781 779 770 768 759 759 781 820 855 887 914 928 939 950 950 950 945 923 896 860 829 819 806
06 20 790 781 781 770 770 759 759 781 820 860 891 914 928 939 950 950 950 945 923 896 860 829 820 806
06 21 790 781 781 770 770 759 759 788 820 860 891 914 928 939 950 950 950 939 921 896 860 829 817 806
06 22 790 781 781 770 770 759 759 781 820 855 891 914 927 939 950 950 950 939 921 900 860 829 820 806
06 23 790 781 781 770 770 759 759 781 820 849 889 910 923 939 950 950 950 939 919 896 860 829 820 806
06 24 790 781 781 770 770 759 759 781 820 849 883 910 927 939 950 950 946 939 923 900 860 838 820 806
06 25 790 781 781 770 770 759 759 781 819 849 885 910 927 939 950 950 946 939 919 900 860 840 820 810
06 26 790 781 781 770 770 759 759 781 819 851 885 910 927 939 950 950 946 939 919 896 860 840 820 810
06 27 790 784 781 770 770 759 759 781 820 855 889 910 927 939 950 950 950 939 919 896 860 840 824 810
06 28 801 788 781 770 770 759 759 781 819 849 880 909 923 939 950 950 950 939 919 896 860 842 824 810
06 29 801 788 781 770 770 759 759 781 819 855 880 909 923 939 950 950 946 939 919 900 860 842 824 810
06 30 801 788 781 770 770 770 763 786 820 860 885 910 927 939 950 950 950 939 919 900 862 842 824 810
07 01 801 788 781 770 770 770 766 786 820 860 889 910 928 943 950 950 950 943 925 900 871 842 824 819
07 02 801 790 788 770 770 770 770 786 820 860 889 914 928 945 950 950 950 939 928 900 878 842 826 820
07 03 806 790 788 779 770 770 770 788 820 860 889 914 930 945 950 950 950 950 932 900 878 849 829 820
07 04 806 790 788 781 779 770 770 788 822 860 891 914 930 945 950 950 950 950 932 909 878 849 829 824
07 05 810 795 790 783 781 770 770 788 824 860 891 914 930 945 952 950 950 950 932 909 878 849 829 824
07 06 810 797 790 788 781 770 770 788 824 860 891 914 930 950 955 959 950 950 932 910 878 849 829 824
07 07 810 799 790 788 781 779 770 788 824 860 891 914 930 950 959 959 950 950 932 910 878 849 835 824
07 08 810 801 790 788 781 779 770 788 824 860 891 914 932 950 959 959 950 950 932 910 878 849 838 824
07 09 810 801 790 790 784 779 770 790 824 860 891 914 932 950 959 961 950 950 932 910 878 849 838 824
07 10 810 801 795 790 788 779 770 790 824 860 891 914 932 950 959 961 954 950 932 910 878 853 840 824
07 11 811 801 799 790 788 779 770 790 824 860 891 914 932 950 959 961 959 950 934 914 878 860 840 824
07 12 819 801 799 790 788 779 770 790 820 860 891 914 932 950 959 961 959 950 939 914 880 860 840 829
07 13 817 801 799 790 788 779 770 790 820 860 892 914 932 950 959 961 959 950 939 914 878 860 840 824
07 14 819 802 801 790 788 781 777 790 820 860 891 914 932 950 959 961 959 950 939 914 878 853 840 824
07 15 819 801 799 790 788 781 772 788 820 860 889 914 930 950 959 961 959 950 937 914 878 849 840 824
07 16 819 804 801 790 788 781 779 788 820 860 889 914 930 945 955 961 954 950 934 914 871 849 838 824
07 17 819 806 801 790 788 781 779 790 820 860 889 914 930 939 954 961 954 950 932 910 871 849 835 824
07 18 819 806 801 790 788 781 779 790 820 860 889 910 930 939 950 961 950 950 932 910 871 849 829 824
07 19 817 806 801 790 788 781 772 788 820 860 883 910 930 939 950 959 950 945 932 910 871 847 829 824
07 20 810 806 799 790 788 781 770 788 819 860 883 910 930 939 950 959 950 950 932 910 871 849 831 824
07 21 810 806 801 790 788 781 770 788 819 860 889 910 930 939 950 954 950 950 932 910 871 847 831 824
07 22 810 806 801 790 788 779 770 788 820 860 889 914 930 939 950 950 950 950 932 910 871 842 831 824
07 23 810 806 801 790 788 781 777 788 820 860 889 914 930 939 950 954 950 950 932 910 871 849 838 824
07 24 819 806 801 790 790 781 779 790 820 860 889 910 930 939 950 955 950 950 932 910 871 847 838 824
07 25 819 806 801 790 788 781 779 788 820 860 889 910 930 939 950 955 950 950 932 910 871 842 835 824
07 26 815 806 801 790 790 781 779 790 820 860 883 910 930 939 950 959 950 943 932 910 871 842 829 824
07 27 810 806 801 790 788 781 779 788 820 860 880 909 928 939 950 954 950 939 930 900 869 842 829 820
07 28 810 801 801 790 788 781 779 788 820 860 880 909 923 939 950 950 950 939 930 900 869 842 829 820
07 29 810 801 799 790 788 781 779 788 819 860 880 907 923 932 950 950 950 939 930 900 869 842 829 820
07 30 810 801 799 790 786 779 777 788 819 860 885 909 928 939 950 950 950 939 930 900 871 847 829 820
07 31 810 801 801 790 788 781 777 788 819 855 883 909 928 939 950 950 950 939 930 900 871 847 835 820
08 01 810 806 801 790 788 781 779 788 819 860 880 909 928 939 950 950 950 939 930 900 878 849 837 820
08 02 810 801 801 790 788 781 779 788 819 860 880 909 928 939 950 950 950 939 930 900 871 849 831 820
08 03 810 801 801 790 788 781 779 788 819 860 880 901 927 939 950 950 950 939 930 900 871 849 829 820
08 04 810 801 801 790 790 781 779 788 819 853 880 901 925 939 950 950 950 939 930 900 860 842 829 819
08 05 808 801 799 790 788 781 779 788 819 849 880 900 923 932 950 950 950 939 928 900 860 842 829 819
08 06 806 801 795 790 784 781 777 788 813 849 880 900 919 932 950 950 950 939 927 896 860 842 829 815
08 07 806 801 790 790 781 779 770 783 810 853 880 900 919 932 943 950 950 939 919 896 860 840 824 810
08 08 801 799 790 788 781 779 770 781 810 853 880 900 919 932 943 950 950 939 919 896 860 840 824 810
08 09 801 799 790 788 781 770 770 781 810 853 880 900 919 932 939 950 948 936 919 894 860 840 824 810
08 10 801 799 790 781 781 770 770 781 810 853 880 900 919 932 939 950 939 936 919 896 860 842 824 810
08 11 801 799 790 781 781 770 770 781 810 853 880 900 919 932 943 950 950 936 919 896 860 842 824 810
08 12 806 801 790 788 781 770 770 784 810 853 880 900 919 932 943 950 948 936 919 896 860 842 824 815
08 13 806 801 790 788 781 770 770 783 810 853 880 900 919 932 943 950 946 932 919 896 860 842 824 810
08 14 806 801 790 788 781 770 770 788 810 853 878 900 919 932 939 950 939 932 919 891 860 842 824 810
08 15 801 799 790 781 779 770 770 781 810 853 878 900 919 932 939 950 939 932 919 891 860 840 824 810
08 16 801 790 788 781 774 770 770 781 810 849 878 900 914 932 939 950 939 932 919 891 860 840 824 810
08 17 801 790 788 781 770 770 770 781 810 849 878 900 914 932 939 950 939 932 919 891 860 840 820 810
08 18 801 790 788 781 770 770 770 779 808 849 878 900 914 932 939 943 939 932 919 891 860 840 820 810
08 19 801 790 788 781 770 770 770 779 806 842 878 900 914 932 939 939 939 932 919 891 860 840 820 810
08 20 801 793 788 781 770 770 770 779 806 842 878 900 914 932 939 939 945 932 919 891 860 840 820 810
08 21 801 792 788 781 770 770 770 779 806 842 878 900 914 932 939 939 945 932 919 891 860 840 824 810
08 22 801 793 788 781 770 770 770 779 806 842 878 900 914 932 939 939 939 932 914 891 860 840 824 810
08 23 801 795 788 781 770 770 770 779 806 842 878 900 914 932 939 939 939 932 914 891 860 840 824 810
08 24 801 799 788 781 770 770 770 779 806 842 878 900 914 932 939 939 939 932 914 891 849 840 820 810
08 25 801 793 788 781 770 770 770 779 806 842 878 896 914 932 939 939 939 932 914 880 849 829 820 806
08 26 801 790 788 781 770 770 770 772 806 842 878 896 914 930 937 939 939 932 910 878 842 829 820 806
08 27 792 788 788 781 770 770 770 770 801 842 878 896 914 930 932 939 939 930 910 878 842 824 819 801
08 28 790 788 781 781 770 770 770 770 801 840 878 896 914 930 932 939 939 930 910 871 842 824 810 801
08 29 790 786 781 779 770 770 770 770 801 840 871 896 910 925 932 932 932 930 910 871 840 824 810 801
08 30 790 788 781 770 770 770 770 770 799 840 871 896 910 919 932 932 932 930 901 860 840 820 806 801
08 31 788 781 770 770 770 770 759 770 790 838 869 891 910 919 932 932 932 919 900 860 840 820 806 801
09 01 788 781 770 770 770 759 759 770 790 829 860 891 910 919 932 932 932 919 898 860 838 819 806 795
09 02 788 781 770 770 768 759 759 759 790 829 860 889 909 919 930 930 932 919 896 860 829 819 806 790
09 03 788 781 770 770 759 759 752 759 790 829 860 889 909 919 930 930 930 919 896 860 829 810 806 790
09 04 788 772 770 770 759 759 752 759 788 824 860 882 900 919 930 930 930 914 896 858 829 810 801 790
09 05 781 772 770 759 759 759 752 759 788 824 860 880 900 914 930 930 930 914 896 849 829 810 801 790
09 06 781 770 770 759 759 752 752 759 783 824 860 880 900 914 921 928 928 914 891 849 826 810 801 788
09 07 781 770 759 759 752 752 750 752 781 824 860 880 900 914 921 925 919 914 891 849 824 810 801 788
09 08 781 770 759 759 752 750 750 752 781 820 860 880 900 914 928 925 919 914 891 849 824 810 801 788
09 09 781 770 759 759 752 750 750 752 779 820 860 880 900 914 928 925 919 914 891 849 824 810 801 788
09 10 781 770 759 759 752 750 750 752 779 820 860 880 900 914 928 919 919 910 891 849 824 806 801 788
09 11 781 770 763 759 759 750 750 752 779 820 860 880 900 914 927 919 919 910 882 842 824 806 801 788
09 12 781 770 768 759 752 750 750 752 779 820 860 880 900 914 928 919 919 910 880 842 824 806 801 788
09 13 781 770 763 759 752 750 750 750 770 820 860 880 900 914 928 919 919 914 880 842 824 806 801 788
09 14 781 770 763 759 752 750 750 752 779 820 860 880 900 914 928 925 919 914 880 842 820 806 801 788
09 15 781 770 759 759 752 750 750 752 779 820 860 880 900 914 928 919 919 914 880 842 820 806 801 788
09 16 781 770 768 759 752 750 750 752 779 820 860 880 900 914 928 919 919 914 880 842 820 806 799 788
09 17 779 770 759 759 752 750 750 752 770 820 860 880 900 914 927 919 919 910 880 842 820 802 799 788
09 18 770 770 759 756 752 750 750 752 770 819 860 880 900 914 921 919 919 909 880 842 819 801 790 781
09 19 770 770 759 752 752 750 750 752 770 819 849 878 900 910 919 919 914 901 880 840 817 801 790 781
09 20 770 770 759 752 752 750 750 752 770 817 849 878 896 909 919 918 914 900 880 840 810 801 790 781
09 21 770 770 759 752 752 750 750 752 770 817 849 878 896 909 919 914 914 900 880 840 810 799 790 781
09 22 770 770 759 752 752 750 750 752 770 810 846 878 896 909 914 914 912 900 878 835 810 790 790 781
09 23 770 759 759 752 752 750 748 750 770 810 842 878 894 900 914 914 910 900 878 829 806 790 788 779
09 24 770 759 752 752 750 750 745 750 770 810 842 871 891 900 910 910 909 896 871 829 806 790 788 774
09 25 770 759 752 752 748 739 739 747 770 806 840 869 889 900 905 909 909 896 871 824 806 790 781 770
09 26 766 759 752 750 748 739 739 739 770 806 840 864 889 896 900 909 900 896 871 824 806 790 781 770
09 27 765 759 752 750 748 739 739 739 770 801 838 860 880 896 900 900 900 892 869 824 804 788 781 770
09 28 763 759 752 750 750 739 739 747 770 801 829 860 880 896 900 900 900 891 860 820 801 788 781 770
09 29 759 759 752 750 748 739 739 739 759 793 829 860 878 896 900 900 900 889 860 810 799 788 770 770
09 30 759 752 750 748 739 739 739 739 759 790 829 860 878 891 900 900 896 880 860 810 799 788 770 770
10 01 759 752 750 748 739 739 739 739 754 788 824 860 874 891 896 896 896 880 849 810 790 781 770 770
10 02 752 752 748 739 739 739 739 739 752 788 824 855 871 880 891 896 896 880 842 806 788 779 770 759
10 03 752 750 741 739 739 734 734 734 752 784 824 849 869 880 891 891 891 878 840 806 788 770 770 759
10 04 750 750 739 739 738 734 734 734 750 781 820 842 869 880 889 891 891 878 840 801 788 770 759 752
10 05 750 741 739 739 734 734 734 730 747 779 820 842 869 880 887 891 891 878 840 801 788 770 759 752
10 06 748 739 739 739 734 734 730 723 739 770 817 842 860 878 880 880 880 871 840 801 781 770 759 752
10 07 745 739 739 739 734 734 730 723 739 770 810 842 860 878 880 880 880 869 829 790 772 770 752 750
10 08 739 739 734 739 734 734 730 720 734 770 810 840 860 871 880 880 878 860 829 790 770 770 752 750
10 09 739 739 734 734 730 730 727 720 734 770 806 840 860 871 878 880 878 860 824 790 770 759 752 750
10 10 739 734 734 734 730 730 727 720 734 770 806 840 849 869 878 878 874 860 820 790 770 759 750 743
10 11 738 734 730 730 729 730 720 720 730 759 806 829 849 860 871 871 871 856 820 788 770 759 748 739
10 12 730 730 730 721 720 720 720 720 730 759 799 829 849 860 871 871 860 849 819 781 770 752 741 734
10 13 730 730 721 720 716 716 716 716 720 752 790 824 842 860 862 869 860 849 810 781 759 750 739 734
10 14 729 720 720 716 716 716 711 716 720 750 790 824 842 860 860 860 860 844 810 779 759 750 739 730
10 15 725 720 716 711 711 711 709 711 720 750 790 822 840 860 860 860 860 842 806 770 759 748 739 730
10 16 725 720 716 711 711 709 709 709 716 748 788 820 840 849 860 860 853 842 806 770 752 739 739 730
10 17 720 716 711 711 711 700 700 709 716 739 781 811 837 849 856 860 849 840 801 770 750 739 734 730
10 18 720 712 711 711 703 700 700 700 711 739 781 810 829 842 849 849 849 840 790 770 750 739 734 729
10 19 720 711 709 700 700 698 698 700 703 739 781 810 829 842 849 849 849 838 790 759 750 739 734 729
10 20 720 709 702 700 700 698 691 698 700 734 781 810 829 842 849 849 849 829 790 759 750 738 734 720
10 21 716 707 700 700 700 698 691 693 700 734 781 806 829 842 849 849 842 829 790 759 748 734 730 720
10 22 716 700 700 700 698 698 691 691 700 730 775 806 824 840 849 849 842 829 788 759 741 730 729 720
10 23 711 700 700 698 698 698 691 691 700 730 770 806 824 840 849 849 842 824 788 759 739 730 727 716
10 24 703 700 700 694 691 691 680 680 698 730 770 806 824 840 842 842 840 824 788 752 739 730 720 711
10 25 700 700 700 691 691 689 680 680 691 725 770 801 824 840 842 842 840 820 781 752 734 730 720 711
10 26 700 700 698 691 691 689 680 680 691 720 766 799 824 838 842 842 838 820 781 752 734 730 720 711
10 27 700 698 698 691 689 685 680 680 691 720 759 790 824 829 840 842 829 810 779 750 734 729 720 709
10 28 700 698 698 691 689 680 680 680 691 720 759 790 820 829 833 842 829 810 770 750 730 729 716 709
10 29 700 698 698 689 691 680 680 680 691 716 752 788 810 829 829 840 829 810 770 748 730 720 716 709
10 30 700 698 698 689 691 680 680 680 691 716 752 788 806 824 824 838 824 806 770 745 730 720 711 700
10 31 700 691 689 680 680 680 680 680 691 716 752 788 806 824 824 829 824 806 770 739 730 716 709 700
11 01 700 691 691 680 680 680 680 680 691 716 752 788 806 824 824 824 824 806 766 739 730 716 709 700
11 02 698 689 689 680 680 680 680 680 689 711 752 788 806 824 824 824 824 806 759 739 729 716 709 700
11 03 698 680 680 680 680 669 680 680 680 709 748 781 801 820 820 824 819 801 759 734 720 711 709 700
11 04 698 680 680 680 680 669 680 669 680 700 739 779 799 810 819 820 810 790 752 730 716 700 700 691
11 05 691 680 680 680 669 669 669 669 680 700 734 770 790 806 810 819 806 790 750 730 716 700 698 691
11 06 689 680 675 669 669 669 669 669 680 700 734 770 788 806 810 810 806 788 750 730 716 700 691 689
11 07 680 669 669 669 669 669 669 662 680 698 734 770 788 806 806 810 806 788 750 720 716 700 691 680
11 08 680 669 669 669 660 669 662 662 680 698 734 770 788 806 806 806 806 788 748 720 711 700 691 680
11 09 680 669 669 669 662 669 662 662 680 691 730 770 788 801 806 806 801 788 739 720 711 700 691 680
11 10 680 669 669 669 669 669 662 662 680 691 729 770 781 801 806 806 801 781 739 720 711 700 689 680
11 11 680 669 669 662 662 669 662 662 675 689 729 770 781 801 806 806 801 781 739 720 711 700 680 680
11 12 680 669 669 662 662 669 660 660 669 689 721 759 781 790 806 806 799 781 734 711 709 698 680 680
11 13 680 669 662 660 662 669 662 660 669 680 720 759 781 788 801 801 792 781 734 711 700 691 680 680
11 14 680 662 662 660 662 669 660 660 669 680 720 759 781 788 801 801 790 779 734 711 700 691 680 680
11 15 680 669 669 662 669 669 660 660 669 680 716 752 775 788 801 801 790 770 734 711 700 698 680 680
11 16 680 669 669 660 662 669 658 658 662 680 716 752 774 788 790 799 790 770 734 711 700 691 680 680
11 17 680 669 669 660 662 669 658 658 662 680 716 752 770 788 790 790 790 770 730 711 700 691 680 680
11 18 669 669 669 662 662 669 660 658 669 680 711 750 770 788 790 790 788 770 730 711 700 691 680 680
11 19 669 669 662 662 662 669 658 653 662 680 711 750 770 788 790 790 788 770 730 711 700 691 680 680
11 20 669 669 662 660 662 669 649 649 662 680 711 750 770 788 801 801 788 770 730 711 700 698 680 680
11 21 680 669 669 662 662 669 658 653 662 680 711 752 770 788 801 799 788 770 730 711 700 700 680 680
11 22 680 680 669 669 662 669 658 658 662 680 711 752 774 790 801 801 788 770 730 711 700 700 684 680
11 23 680 671 669 662 662 662 658 660 662 680 711 752 770 788 790 790 788 759 730 700 700 698 680 680
11 24 669 669 669 662 660 660 660 660 662 680 711 750 770 788 790 788 781 759 730 700 700 691 680 680
11 25 669 669 662 662 660 660 651 653 662 680 709 748 770 781 788 788 781 759 729 700 698 691 680 671
11 26 669 669 662 662 660 660 658 658 662 680 705 743 770 781 788 783 781 759 720 700 698 691 680 680
11 27 669 669 662 662 660 649 649 653 662 669 702 739 770 781 788 781 779 759 720 700 691 691 680 669
11 28 669 662 660 660 658 649 648 648 660 669 700 739 770 781 788 781 781 759 720 698 691 691 680 669
11 29 669 660 660 660 658 649 644 648 660 669 700 734 770 770 781 781 779 752 716 698 691 687 680 669
11 30 662 660 660 651 649 649 644 644 660 669 700 734 759 770 781 781 770 752 716 691 680 680 680 669
12 01 662 660 658 649 649 649 644 644 660 669 698 734 759 770 781 781 770 752 716 691 680 680 680 669
12 02 662 660 660 651 649 649 644 644 658 669 700 734 759 770 786 781 770 752 716 698 691 680 680 669
12 03 662 660 660 651 649 649 644 644 658 669 700 734 757 770 781 779 770 752 716 691 689 680 680 662
12 04 660 658 649 649 649 644 644 644 644 662 691 730 752 770 781 770 770 752 716 691 680 680 680 662
12 05 660 658 649 649 649 644 644 644 649 662 691 720 750 770 770 770 761 748 709 689 680 680 662 662
12 06 658 649 649 649 649 648 644 644 644 662 689 716 748 759 770 770 759 739 700 680 680 669 662 660
12 07 648 644 644 649 649 644 644 640 644 660 682 716 739 759 770 770 759 739 700 680 673 662 657 649
12 08 644 644 640 649 644 644 640 640 640 649 680 716 739 757 761 770 752 734 698 680 662 660 649 644
12 09 640 640 640 640 640 640 630 626 630 644 680 711 739 757 761 770 752 734 698 680 662 660 649 640
12 10 640 640 639 630 640 639 626 626 626 644 680 711 739 752 759 759 752 734 698 669 662 658 649 640
12 11 630 630 630 630 633 630 626 626 626 644 671 711 734 752 759 759 752 734 698 669 662 649 644 637
12 12 630 630 626 626 630 624 621 619 621 644 669 700 734 752 759 759 752 734 698 669 660 649 644 637
12 13 630 626 630 626 630 621 621 619 621 640 669 700 734 750 759 759 752 734 696 669 660 649 644 637
12 14 630 626 626 626 626 621 621 619 621 639 662 700 730 750 754 759 752 734 696 669 660 649 644 639
12 15 630 630 630 626 630 624 621 621 626 644 662 700 730 750 756 759 752 734 696 669 660 649 644 640
12 16 630 630 630 626 630 621 626 621 630 644 662 698 730 750 756 759 752 734 698 669 660 657 644 640
12 17 639 630 630 626 630 626 621 619 630 635 662 698 730 748 752 759 752 734 698 669 660 657 644 640
12 18 630 630 630 630 630 621 621 619 626 630 660 698 730 748 752 759 752 734 698 669 660 649 642 640
12 19 630 630 626 626 630 621 621 619 626 630 660 698 730 750 752 759 752 734 696 669 660 657 640 640
12 20 630 630 626 626 626 621 621 619 626 630 660 698 730 748 752 759 752 734 696 669 660 649 640 639
12 21 630 626 626 626 621 621 610 610 621 630 660 698 730 750 754 759 752 734 698 669 660 649 640 640
12 22 630 630 630 630 621 621 613 610 621 630 658 691 729 739 752 759 750 734 698 669 658 649 640 640
12 23 630 630 630 630 621 621 610 608 610 630 658 691 730 739 752 759 752 734 698 669 658 649 640 640
12 24 630 630 630 630 621 621 613 610 621 630 658 691 720 739 750 759 752 734 698 669 658 649 640 640
12 25 640 630 630 630 621 621 621 619 621 630 660 691 730 739 750 759 752 730 698 669 660 657 640 640
12 26 640 640 639 630 621 621 621 621 621 630 660 689 720 739 750 759 750 730 698 669 660 657 640 640
12 27 640 640 630 630 621 621 621 619 621 630 660 689 720 739 750 759 750 730 698 676 660 657 644 640
12 28 640 630 630 630 621 621 621 619 621 630 649 680 720 739 750 752 750 730 698 669 660 649 640 640
12 29 630 630 630 630 621 621 621 621 621 630 660 694 730 739 752 759 752 730 698 675 660 649 640 640
12 30 630 630 630 630 621 621 610 615 610 626 660 694 730 739 750 752 752 734 700 680 662 660 644 640
12 31 640 640 639 630 621 621 621 621 621 630 660 698 730 739 752 754 752 734 700 678 662 658 644 640
