01 01 390 410 410 399 399 421 410 421 410 428 439 446 464 482 500 489 482 480 460 446 441 430 430 430
01 02 390 421 410 410 410 410 410 421 410 428 439 446 464 482 500 489 482 480 460 446 446 441 430 430
01 03 392 421 410 410 410 421 410 421 410 428 441 450 469 482 500 489 482 480 464 446 446 430 441 430
01 04 392 421 410 410 410 410 410 410 399 421 430 446 464 482 489 482 480 464 460 441 430 430 430 430
01 05 399 421 410 410 410 410 410 410 399 421 430 446 464 482 489 482 480 464 446 430 430 430 430 430
01 06 392 421 410 410 410 410 410 410 399 410 428 439 460 480 480 480 469 460 446 430 430 428 430 421
01 07 390 410 410 399 399 399 399 399 399 399 410 430 450 469 469 469 460 446 441 428 421 410 410 410
01 08 379 410 399 392 392 392 392 390 390 392 410 428 446 464 464 464 450 441 441 428 421 410 410 410
01 09 379 410 410 399 392 399 392 390 390 399 410 428 446 464 464 464 460 441 441 428 421 410 410 410
01 10 -9999 410 399 390 390 390 390 390 379 392 410 428 441 460 464 464 450 441 430 421 410 399 410 410
01 11 -9999 399 392 390 379 390 379 379 379 390 399 428 441 450 460 459 450 430 421 410 399 392 392 390
01 12 -9999 379 379 379 379 374 379 370 379 390 399 421 430 446 450 460 450 430 410 410 399 392 390 390
01 13 370 379 379 374 374 370 370 370 374 379 392 421 430 446 450 450 450 430 410 410 399 390 390 390
01 14 -9999 379 379 374 370 370 370 360 374 379 392 410 430 446 450 450 446 421 410 399 392 390 379 379
01 15 -9999 379 374 374 370 370 370 360 370 379 392 421 430 446 450 450 446 421 410 399 390 390 390 390
01 16 -9999 374 379 374 370 370 370 360 370 388 399 421 430 441 450 450 450 421 410 399 390 390 390 379
01 17 379 374 374 374 370 370 360 360 370 379 399 421 441 446 450 450 450 421 399 399 390 390 390 379
01 18 379 379 379 374 370 370 370 360 370 379 399 421 441 450 464 460 450 430 399 399 390 390 379 390
01 19 390 374 374 374 370 370 360 360 370 379 399 421 441 446 450 450 450 430 399 399 390 390 379 374
01 20 374 370 370 370 369 369 360 360 360 379 399 421 441 450 464 459 459 430 399 399 390 390 379 374
01 21 374 370 370 370 360 360 360 360 360 379 399 428 446 460 478 469 460 446 410 410 399 390 379 379
01 22 379 379 370 370 360 369 360 360 360 388 410 430 450 460 480 469 460 446 421 410 399 390 390 390
01 23 388 379 374 374 369 370 360 360 370 388 410 430 459 469 480 469 464 450 430 410 399 390 390 390
01 24 388 379 374 370 369 370 370 360 370 388 410 430 450 469 480 478 464 446 421 410 399 390 390 390
01 25 388 388 379 370 370 370 370 370 370 390 410 430 459 469 480 478 464 450 430 410 399 390 390 390
01 26 388 379 374 370 369 370 370 369 370 390 410 430 460 469 482 480 464 450 439 410 410 392 390 392
01 27 390 379 379 370 370 370 370 370 370 390 410 430 460 480 489 482 469 450 439 410 410 399 390 392
01 28 392 379 379 370 370 374 370 370 370 392 421 441 460 480 489 482 480 460 441 410 410 399 399 399
01 29 392 390 379 374 379 374 374 370 370 390 421 441 464 480 500 489 480 460 441 410 410 399 399 399
01 30 392 390 379 374 374 374 374 370 374 390 419 441 464 480 489 482 480 459 441 410 410 410 410 399
01 31 392 390 379 374 374 379 374 370 370 390 410 441 464 480 489 482 480 460 441 421 410 410 410 399
02 01 390 390 379 374 374 379 374 370 374 390 410 430 464 480 489 489 480 460 441 428 421 410 410 399
02 02 392 390 379 374 370 379 374 370 374 392 421 441 469 480 489 489 480 464 450 430 421 410 410 410
02 03 392 390 379 374 374 379 374 374 379 392 428 450 480 500 500 500 489 469 450 430 421 410 410 410
02 04 392 390 390 379 379 379 374 374 379 392 428 450 478 489 500 489 482 464 450 430 421 410 410 410
02 05 392 390 379 379 379 379 374 374 379 392 428 450 469 482 489 489 489 464 450 428 419 410 410 399
02 06 392 390 379 379 379 379 374 370 379 392 428 450 464 480 489 489 489 469 450 428 419 410 410 399
02 07 392 390 379 374 379 374 374 374 379 399 428 450 469 482 500 500 489 469 450 428 419 410 421 399
02 08 392 390 379 379 379 374 374 374 379 399 428 450 478 489 500 500 489 480 450 430 419 410 410 410
02 09 392 390 379 379 379 374 374 374 379 392 428 450 478 482 500 500 489 469 450 428 419 410 410 410
02 10 392 392 388 390 390 388 379 379 390 399 430 459 478 489 500 500 489 478 450 430 421 419 421 410
02 11 399 410 392 392 392 392 388 379 392 399 430 459 480 500 500 509 500 482 460 441 428 428 421 421
02 12 410 410 399 410 399 392 388 379 392 410 441 460 482 500 509 518 518 489 464 441 430 428 421 428
02 13 410 410 399 410 399 392 388 388 399 410 450 464 489 518 520 518 520 500 469 446 430 430 428 428
02 14 430 410 410 410 399 392 390 390 399 410 450 469 511 520 536 531 529 511 469 450 446 441 430 439
02 15 441 428 421 421 410 399 399 392 399 428 459 489 531 540 550 540 536 518 480 450 446 446 441 441
02 16 441 430 421 421 410 399 399 399 410 439 460 500 531 550 550 540 536 518 482 460 446 446 441 441
02 17 441 430 421 421 410 399 399 399 410 439 464 500 531 550 554 540 540 520 489 469 450 450 450 446
02 18 441 441 430 430 410 399 399 392 410 430 464 489 531 550 554 550 550 520 489 480 460 450 450 446
02 19 446 441 430 430 410 421 399 399 410 441 464 489 531 550 554 550 550 531 500 482 464 460 460 450
02 20 450 441 441 441 428 421 410 410 421 441 478 489 531 550 559 554 554 531 500 482 464 460 460 450
02 21 450 441 441 439 421 421 399 410 421 446 480 500 531 554 559 570 554 536 500 489 469 464 464 450
02 22 450 446 441 441 430 430 421 421 428 450 482 529 550 559 579 570 570 550 511 500 482 464 464 459
02 23 450 446 446 446 441 430 428 428 428 450 500 531 550 572 590 570 572 550 520 500 482 469 464 460
02 24 460 459 446 446 441 430 428 428 430 450 500 531 554 579 590 570 579 559 529 509 489 480 469 464
02 25 464 464 446 450 446 439 430 428 441 460 500 531 554 579 590 590 579 559 531 511 500 482 480 464
02 26 -9999 464 450 459 450 441 441 428 441 464 500 536 559 579 590 579 579 559 531 511 500 489 480 469
02 27 -9999 482 464 464 464 446 446 430 450 482 511 540 570 590 601 601 590 572 536 518 500 489 482 469
02 28 -9999 482 469 464 464 464 450 441 464 489 531 550 579 601 608 601 601 579 540 520 518 500 489 482
03 01 -9999 489 489 469 480 469 450 446 469 500 540 559 590 601 608 608 608 579 540 536 520 511 500 500
03 02 -9999 489 489 469 480 480 460 446 480 500 536 559 590 601 608 608 608 579 550 540 536 518 511 500
03 03 500 489 489 469 480 480 464 450 480 511 550 572 601 601 610 608 608 590 554 540 540 518 518 511
03 04 500 500 500 482 482 482 464 460 482 518 550 579 601 610 621 610 610 601 572 554 540 518 518 511
03 05 500 500 489 482 482 480 469 464 489 518 554 590 610 621 630 630 630 610 590 559 549 531 520 520
03 06 500 500 500 500 489 489 482 469 500 531 559 601 610 630 630 640 640 610 590 559 550 536 520 520
03 07 500 511 500 500 489 489 482 469 500 531 570 608 626 640 640 649 644 630 601 570 550 540 520 531
03 08 511 511 511 500 489 489 489 480 511 536 570 608 630 640 640 649 644 630 610 570 550 540 520 520
03 09 500 511 500 500 489 489 480 469 511 540 572 610 640 644 649 660 644 630 610 568 559 540 520 520
03 10 489 500 500 489 489 480 469 469 511 559 579 621 640 649 660 660 649 630 610 568 550 536 520 520
03 11 489 500 500 500 489 480 480 489 518 559 590 621 644 649 660 660 649 630 610 568 550 536 520 520
03 12 489 500 500 500 489 480 469 478 511 540 579 619 640 649 660 660 649 630 610 568 550 536 520 520
03 13 489 511 500 489 480 469 469 469 511 550 579 610 639 649 660 660 649 630 601 568 550 536 520 518
03 14 489 500 500 500 480 469 464 469 511 550 579 610 630 644 660 660 649 630 601 568 550 531 518 511
03 15 489 500 500 489 469 464 464 464 500 540 579 610 630 644 660 660 649 630 610 559 550 531 518 511
03 16 489 500 489 482 469 464 464 469 511 550 579 608 630 644 660 660 660 640 619 568 550 531 518 511
03 17 489 500 500 489 480 464 464 480 518 559 579 610 630 644 662 662 660 644 621 570 554 540 531 520
03 18 509 511 511 500 489 469 469 480 518 559 579 610 640 649 662 662 662 649 626 579 559 550 536 531
03 19 518 520 511 500 500 489 480 482 520 568 601 621 649 660 680 669 669 658 630 590 572 559 540 540
03 20 518 531 518 518 511 500 482 500 529 570 619 644 662 680 680 680 680 662 630 601 572 570 540 549
03 21 531 536 518 520 518 509 500 511 536 572 626 649 669 691 698 698 698 662 640 608 579 570 550 550
03 22 536 540 529 529 518 518 518 518 536 570 626 644 669 691 698 698 698 662 640 608 579 570 550 559
03 23 536 540 531 531 531 520 518 520 550 579 626 662 680 698 700 711 700 669 644 621 601 590 572 570
03 24 540 554 540 540 531 531 531 536 559 601 630 662 680 700 711 716 700 680 644 626 608 601 579 572
03 25 540 554 540 540 536 536 531 540 570 608 630 662 680 698 700 711 700 680 644 630 608 601 579 579
03 26 559 559 554 554 540 540 536 550 579 619 644 680 698 711 729 716 711 691 662 640 621 610 590 579
03 27 570 570 559 554 540 550 540 554 590 626 649 680 709 720 734 720 716 700 669 640 626 621 601 590
03 28 572 579 559 559 550 550 550 554 590 630 660 680 711 730 734 734 729 711 680 649 626 621 608 608
03 29 579 579 570 559 554 554 554 559 590 630 660 680 711 730 734 734 729 711 680 660 640 626 610 610
03 30 590 590 572 570 559 559 554 570 601 630 660 691 716 730 739 734 730 716 691 660 640 630 610 610
03 31 590 590 579 570 570 570 559 579 608 640 662 698 716 734 739 739 734 720 698 662 640 630 610 610
04 01 601 590 579 572 570 570 559 572 608 640 662 698 716 734 739 739 734 720 698 662 640 630 621 610
04 02 601 590 579 572 570 570 559 579 608 640 662 698 716 734 739 739 734 720 698 662 640 630 610 610
04 03 590 590 572 570 559 570 559 572 608 640 662 691 716 730 739 739 734 720 698 660 640 630 610 610
04 04 601 590 572 570 570 570 559 579 610 640 669 698 720 734 739 748 734 730 698 662 640 630 610 610
04 05 601 590 579 570 570 570 559 572 610 640 669 700 720 734 739 739 734 730 698 662 640 630 610 610
04 06 590 590 579 570 570 570 559 572 610 640 669 700 720 734 739 739 734 730 698 662 640 640 610 610
04 07 601 590 579 572 570 570 559 590 610 644 680 700 720 739 748 750 739 730 700 669 649 640 621 621
04 08 608 590 590 572 570 570 559 590 610 644 680 700 720 748 752 759 739 734 700 669 649 644 626 626
04 09 608 608 601 590 579 572 572 590 626 649 680 716 730 750 752 759 739 734 716 680 660 644 630 630
04 10 610 608 608 590 590 579 579 601 630 649 691 716 734 750 752 759 739 739 720 691 662 649 630 630
04 11 610 610 610 608 590 579 579 601 640 662 700 729 739 752 770 770 759 750 720 700 662 649 640 640
04 12 621 621 610 608 590 579 590 608 644 680 716 730 750 759 770 770 770 750 730 700 669 660 649 644
04 13 626 630 626 610 601 590 590 621 649 691 720 730 750 770 770 779 770 752 730 700 669 662 649 644
04 14 626 630 626 619 601 601 590 621 649 691 720 730 750 759 770 770 770 752 730 700 669 660 649 644
04 15 626 630 626 619 601 601 590 621 660 698 720 734 750 759 770 770 770 752 730 700 680 662 660 649
04 16 640 630 630 621 610 601 601 621 660 700 720 734 750 770 770 779 770 759 730 700 680 660 660 649
04 17 630 630 626 621 610 601 601 621 660 700 720 739 752 770 770 781 781 770 739 709 691 669 662 649
04 18 640 630 630 626 610 610 619 630 669 711 730 739 759 770 788 790 781 770 739 711 691 669 662 658
04 19 640 640 630 626 619 610 621 640 669 711 734 752 781 781 801 799 790 770 750 720 700 680 662 660
04 20 640 640 630 626 619 610 621 640 680 711 734 759 781 790 801 801 790 770 750 720 700 680 669 662
04 21 644 644 640 630 619 621 621 640 680 711 734 752 781 790 801 801 790 770 750 720 700 680 662 660
04 22 644 644 640 626 619 621 621 644 680 711 734 759 781 781 801 801 790 770 750 720 700 680 669 660
04 23 644 644 640 630 621 621 621 644 680 711 734 759 779 781 801 801 790 770 750 720 700 689 669 660
04 24 649 644 630 630 621 621 621 644 680 711 734 759 779 781 801 801 790 770 750 720 700 691 669 669
04 25 649 644 640 630 621 621 621 644 680 711 734 759 779 781 801 801 790 770 750 720 700 691 669 662
04 26 649 644 640 630 621 621 621 644 680 711 734 752 770 781 799 799 788 770 750 720 700 680 669 660
04 27 644 644 630 626 610 610 621 640 680 711 734 750 759 781 799 790 788 770 750 720 698 680 669 660
04 28 644 640 630 626 610 610 621 640 680 711 734 750 759 781 801 790 788 770 750 720 698 680 669 660
04 29 644 644 640 626 621 621 621 644 680 711 739 759 770 788 801 799 788 770 752 720 698 680 669 660
04 30 644 644 640 630 621 621 626 649 680 711 748 759 770 788 801 801 790 781 752 720 700 680 669 660
05 01 -9999 644 640 630 621 621 626 649 689 720 750 779 788 790 806 801 801 788 759 730 700 698 680 662
05 02 649 649 644 640 626 626 626 660 698 729 759 781 801 806 810 806 806 790 770 734 711 698 680 662
05 03 649 649 644 640 626 626 630 660 698 730 759 788 801 810 820 810 806 790 770 739 716 698 680 662
05 04 649 649 649 640 626 626 630 660 700 734 759 788 806 819 820 820 806 790 781 739 716 698 691 669
05 05 660 649 649 644 630 626 640 662 700 734 770 790 806 819 820 824 810 799 781 750 720 698 680 669
05 06 660 649 649 644 630 630 640 662 700 739 770 799 810 820 824 824 820 801 781 750 720 700 691 680
05 07 662 649 649 644 640 630 640 662 711 739 779 801 810 820 829 829 820 801 781 752 720 700 691 680
05 08 662 649 649 644 640 640 640 669 711 750 781 801 810 820 829 824 820 801 781 750 720 700 691 680
05 09 669 658 658 644 644 640 644 669 716 750 781 806 810 824 829 829 824 806 788 752 720 711 698 680
05 10 669 660 660 644 644 644 644 680 720 752 788 806 819 829 829 829 829 806 790 752 730 716 711 691
05 11 680 662 662 649 649 649 649 680 720 759 788 806 819 829 829 829 829 810 790 759 734 720 711 698
05 12 680 669 662 660 658 658 660 689 729 759 788 810 820 829 840 829 829 810 799 759 734 720 711 698
05 13 691 669 662 660 660 660 662 691 730 759 790 810 820 829 840 840 829 820 801 770 734 729 711 698
05 14 698 669 662 662 660 660 662 691 734 770 790 810 820 829 840 840 840 824 806 770 734 729 716 700
05 15 691 680 662 660 660 660 662 698 734 770 799 819 824 838 840 842 840 820 806 770 739 730 716 700
05 16 698 680 669 662 660 660 669 700 739 770 801 820 824 840 842 840 840 824 810 770 739 730 716 700
05 17 691 680 669 662 660 660 662 700 739 781 806 820 829 840 849 842 840 820 810 779 739 730 720 700
05 18 698 680 669 662 660 660 662 700 739 781 806 820 829 840 842 842 840 820 810 770 739 730 720 700
05 19 691 680 680 662 660 662 669 700 750 781 806 820 829 840 842 842 840 820 810 770 739 730 720 700
05 20 691 691 680 669 662 662 680 711 750 781 810 820 838 840 849 842 840 820 810 781 739 734 720 711
05 21 698 691 680 669 662 662 680 711 750 788 810 824 840 842 849 849 842 829 819 781 750 739 720 711
05 22 698 698 680 680 669 669 680 711 750 788 810 829 840 849 849 849 849 829 820 781 752 739 730 716
05 23 700 700 691 680 669 669 691 720 750 790 810 829 840 849 860 860 849 840 820 790 759 750 734 720
05 24 711 700 700 691 680 680 698 720 759 799 810 829 849 860 871 860 860 842 824 790 759 750 734 720
05 25 716 711 700 691 680 680 691 730 759 801 820 840 849 860 871 871 860 849 829 806 770 750 734 730
05 26 720 711 700 691 680 680 700 730 770 801 820 840 849 860 871 871 860 849 829 806 770 750 739 730
05 27 716 711 700 691 680 680 700 730 770 801 820 840 849 860 871 871 860 842 829 806 770 750 739 730
05 28 716 711 700 691 680 680 700 730 770 801 820 840 849 860 871 871 860 842 829 806 770 752 739 730
05 29 716 711 711 698 691 680 711 730 770 801 820 840 849 860 871 871 860 849 829 806 781 752 750 734
05 30 720 716 711 698 691 689 711 730 770 801 824 840 849 871 871 871 860 849 829 810 781 759 750 739
05 31 720 720 711 700 698 691 711 730 770 801 829 842 860 871 880 878 871 860 840 810 781 770 752 739
06 01 730 730 711 711 700 700 720 739 781 806 829 849 860 878 880 880 871 871 840 810 790 770 759 750
06 02 734 730 711 716 709 700 720 739 781 806 829 849 860 880 880 880 878 871 842 820 790 770 759 750
06 03 734 730 716 716 711 711 720 748 788 810 829 849 860 880 880 880 878 871 842 820 790 770 759 750
06 04 734 730 716 716 711 716 720 750 788 810 829 849 860 880 880 880 878 871 842 820 790 770 759 750
06 05 734 730 720 720 716 716 720 750 788 810 840 849 871 880 880 880 880 871 849 820 790 770 759 750
06 06 734 730 720 720 716 716 720 752 788 820 840 860 871 880 891 891 880 871 849 824 790 781 759 752
06 07 739 730 720 720 716 716 729 752 790 820 842 860 878 880 891 891 891 878 860 829 801 781 759 752
06 08 739 734 720 720 716 716 730 752 790 824 842 860 878 880 891 891 891 878 860 829 801 781 759 752
06 09 739 734 720 720 716 716 730 759 790 824 849 871 880 889 896 896 891 878 860 829 801 781 770 759
06 10 739 734 730 720 716 720 730 759 799 824 849 871 891 896 896 900 896 880 860 829 801 781 770 759
06 11 739 734 730 729 720 720 734 759 801 829 849 871 891 896 896 900 896 880 860 829 806 788 770 759
06 12 748 739 734 730 720 720 734 759 801 829 860 878 891 900 900 900 896 891 860 838 806 788 770 759
06 13 750 739 734 730 720 720 734 759 801 829 860 878 891 900 909 900 900 891 871 840 810 790 779 770
06 14 750 739 739 730 730 720 734 770 801 829 860 880 891 900 910 910 900 891 871 840 810 790 781 770
06 15 750 750 739 730 730 720 739 770 801 838 860 880 891 900 909 910 900 891 871 840 810 790 781 770
06 16 752 750 739 730 730 720 739 770 801 838 869 880 891 900 910 910 909 891 878 840 810 790 781 770
06 17 752 750 739 734 730 720 739 770 806 840 869 880 896 900 910 914 910 896 880 842 820 790 781 770
06 18 752 750 739 739 730 730 739 770 810 840 871 889 896 910 910 919 910 900 880 842 820 790 788 770
06 19 759 752 750 739 730 730 739 770 810 840 871 891 900 910 914 919 914 900 880 849 820 790 788 770
06 20 759 752 750 739 730 730 739 781 819 840 871 891 900 910 914 919 910 900 880 842 820 790 788 770
06 21 759 752 750 739 730 730 739 781 819 840 871 891 900 910 910 919 910 900 880 849 820 799 781 770
06 22 -9999 750 750 739 730 730 739 781 810 840 871 889 896 910 910 919 910 900 880 849 820 790 781 770
06 23 759 752 750 739 730 730 739 781 819 840 869 880 896 910 910 919 910 900 880 849 820 790 781 770
06 24 759 752 750 750 734 730 739 781 810 840 871 880 896 910 914 919 914 900 880 849 820 790 781 770
06 25 759 750 750 748 730 730 739 781 820 842 871 891 896 910 914 919 914 900 880 849 820 790 781 770
06 26 759 752 750 750 734 730 739 788 820 842 871 891 896 910 914 919 914 900 880 849 820 790 781 770
06 27 759 752 750 750 734 734 748 788 820 842 871 891 900 910 919 919 914 900 880 849 820 799 788 781
06 28 759 759 750 750 739 734 750 788 820 849 871 891 900 910 919 919 914 900 880 849 820 790 788 779
06 29 759 759 750 750 739 734 750 788 824 842 871 891 900 910 919 919 914 900 880 849 820 790 788 770
06 30 759 759 750 750 739 734 750 788 824 849 871 891 900 914 919 919 914 910 891 849 820 799 788 781
07 01 770 759 752 750 739 734 752 790 824 849 871 896 900 914 919 919 914 910 891 860 824 801 790 781
07 02 770 770 752 752 748 739 759 790 824 849 871 896 909 914 919 919 914 910 891 860 824 806 790 781
07 03 770 770 759 752 750 750 759 790 824 849 871 896 910 914 919 919 914 909 880 860 824 801 790 781
07 04 770 770 759 752 748 748 752 788 820 849 871 896 900 914 919 919 914 900 880 849 824 801 790 781
07 05 770 759 759 752 748 748 752 788 820 849 871 896 900 914 928 919 914 909 880 849 824 806 790 781
07 06 770 770 759 752 750 750 759 790 824 849 871 896 910 919 928 919 914 909 891 860 824 806 790 781
07 07 770 770 759 752 750 750 759 790 824 849 878 896 910 919 930 928 914 910 891 860 824 806 790 781
07 08 -9999 770 759 752 750 750 759 790 824 849 878 896 910 919 930 928 914 910 891 860 824 810 799 781
07 09 -9999 770 759 752 750 750 759 790 824 860 878 896 910 919 930 930 919 910 896 860 824 810 799 788
07 10 -9999 770 770 752 750 750 759 790 824 849 878 896 914 919 930 930 919 910 896 860 829 810 801 790
07 11 -9999 770 770 759 752 750 759 790 829 860 878 900 914 919 930 930 919 910 896 860 829 810 801 790
07 12 -9999 770 770 759 752 750 759 799 829 860 880 900 914 919 930 930 919 910 891 860 829 810 801 790
07 13 -9999 770 770 759 752 750 759 799 829 860 880 900 914 919 930 930 919 910 891 860 829 810 801 790
07 14 -9999 781 770 759 759 750 759 799 829 860 880 900 914 919 930 930 919 910 896 860 829 820 806 790
07 15 -9999 781 770 759 759 750 759 801 829 860 880 900 914 919 930 930 919 910 896 860 829 810 801 790
07 16 -9999 781 770 759 759 750 759 799 824 860 880 900 914 919 930 930 919 910 896 860 829 810 801 790
07 17 -9999 781 770 759 759 750 759 799 824 860 880 900 914 919 930 930 919 910 891 860 829 810 801 790
07 18 -9999 781 770 759 759 750 759 790 824 860 880 900 914 919 930 930 919 910 891 860 829 810 801 790
07 19 -9999 781 770 759 759 752 759 799 829 860 880 900 914 919 930 930 919 910 896 860 829 810 801 790
07 20 -9999 781 770 759 759 752 759 799 824 860 880 900 914 919 930 930 919 910 896 860 829 819 801 790
07 21 -9999 781 770 759 759 752 759 801 824 860 880 900 914 919 930 930 919 910 896 860 829 810 801 790
07 22 -9999 781 770 759 759 752 759 790 824 860 880 900 914 919 930 930 914 910 891 860 824 810 801 790
07 23 -9999 781 770 759 759 750 759 790 824 849 878 900 914 919 919 930 914 910 891 860 824 810 801 790
07 24 -9999 781 770 759 759 752 759 790 824 849 878 900 910 919 919 930 914 909 891 860 824 810 801 790
07 25 -9999 781 770 759 759 752 759 790 824 860 878 900 914 919 919 930 914 910 891 860 824 806 801 788
07 26 -9999 770 770 759 752 750 759 790 824 860 880 900 914 919 928 930 919 910 891 860 824 810 801 788
07 27 -9999 770 770 759 752 750 759 790 824 860 880 900 910 919 930 930 919 914 891 860 824 810 801 790
07 28 -9999 781 770 759 759 752 759 790 824 860 880 900 914 919 930 930 919 914 896 860 824 806 790 790
07 29 -9999 770 770 759 759 750 759 788 824 849 880 896 910 919 919 930 914 910 891 860 820 806 790 788
07 30 -9999 770 770 759 752 750 752 788 820 849 878 896 910 914 919 928 914 909 891 860 820 806 790 788
07 31 -9999 770 770 759 752 750 752 788 820 849 878 891 910 914 919 919 914 900 891 849 819 806 790 788
08 01 -9999 770 759 759 752 750 752 788 820 849 878 891 910 914 919 919 914 909 891 849 819 806 790 788
08 02 -9999 770 759 759 752 750 759 788 820 849 878 891 910 914 919 919 919 909 891 849 820 806 790 788
08 03 -9999 770 759 759 752 750 752 788 820 849 878 891 910 914 919 928 919 910 891 849 820 806 790 788
08 04 -9999 770 770 759 752 750 752 788 820 849 878 891 910 914 919 928 919 910 891 849 820 806 790 788
08 05 -9999 770 759 759 752 750 750 781 820 849 880 896 910 914 919 930 919 910 891 849 810 806 790 790
08 06 770 770 759 759 752 750 750 781 820 849 880 896 910 914 928 930 919 910 891 849 810 806 790 788
08 07 770 770 759 759 759 750 752 781 819 849 880 891 910 919 919 930 919 910 891 849 810 806 790 788
08 08 770 770 759 759 759 750 752 781 810 849 880 891 910 919 919 930 919 910 891 849 810 806 790 788
08 09 770 770 759 759 759 750 752 781 810 849 878 891 910 919 919 930 919 910 891 849 810 806 790 788
08 10 770 770 759 759 759 750 752 781 810 842 871 891 910 914 919 928 919 910 889 842 810 801 790 788
08 11 770 770 759 759 752 750 752 781 810 840 871 891 909 910 919 919 914 900 880 840 810 801 790 781
08 12 759 770 759 750 750 748 750 781 810 840 871 891 900 910 919 919 914 909 880 840 806 790 790 781
08 13 759 759 759 750 739 748 750 781 810 838 871 891 900 910 919 919 910 900 880 840 806 790 788 779
08 14 759 759 759 750 739 739 750 779 810 840 871 891 909 910 919 919 914 909 880 840 810 790 790 781
08 15 759 759 759 750 739 739 750 779 810 829 871 891 900 910 919 919 914 900 880 840 810 790 790 781
08 16 759 759 752 750 739 739 750 770 806 829 860 891 900 910 919 919 914 900 878 838 806 790 788 779
08 17 759 759 752 750 739 739 739 770 801 829 860 880 900 910 919 919 910 900 860 829 801 790 781 770
08 18 759 752 750 750 739 739 739 770 801 824 860 880 900 909 914 914 910 896 869 824 801 788 781 770
08 19 759 752 750 750 739 739 739 759 790 824 860 880 900 910 914 914 910 891 860 824 801 788 781 770
08 20 -9999 752 750 750 739 739 739 759 790 824 860 880 900 909 910 910 909 891 860 820 799 781 779 759
08 21 752 750 739 739 739 734 734 759 790 824 860 880 900 909 910 914 910 896 860 820 801 788 770 759
08 22 -9999 750 739 739 739 734 730 759 790 824 860 880 900 900 914 914 910 896 860 824 801 788 770 759
08 23 -9999 750 739 739 734 734 730 752 790 824 860 880 900 900 914 914 910 896 860 820 799 781 770 759
08 24 -9999 739 739 739 734 730 730 750 788 820 860 878 896 900 910 910 900 891 860 819 790 781 770 752
08 25 -9999 739 739 734 730 720 720 750 788 820 860 871 896 900 910 910 900 891 860 810 790 781 759 752
08 26 -9999 739 739 734 730 720 720 750 788 820 860 878 896 900 910 910 900 891 849 810 788 781 759 752
08 27 -9999 739 739 730 730 720 720 739 781 820 849 871 896 900 910 910 900 889 849 810 781 770 759 750
08 28 739 739 734 730 730 716 720 739 781 819 860 878 896 900 910 910 900 889 842 806 781 770 759 750
08 29 739 739 734 729 730 716 716 739 781 819 849 878 896 900 910 910 900 880 842 806 781 770 752 750
08 30 734 734 730 720 729 716 716 739 781 819 849 871 896 900 910 910 900 880 842 806 781 770 759 750
08 31 734 739 730 720 729 716 716 739 781 819 849 871 896 900 910 910 900 880 842 806 781 770 752 750
09 01 734 739 734 720 720 716 716 739 781 819 849 871 896 900 910 910 900 880 842 806 781 770 752 750
09 02 -9999 734 730 720 720 711 711 739 779 819 849 871 891 900 910 910 900 880 842 801 781 770 752 750
09 03 -9999 734 730 720 716 711 711 734 770 810 849 871 891 900 900 910 896 880 842 799 781 770 750 748
09 04 734 730 730 720 711 711 711 734 770 810 842 871 891 900 900 900 896 878 840 790 770 770 750 739
09 05 730 730 720 716 711 711 711 734 759 810 842 871 889 896 900 896 896 878 829 790 770 752 748 739
09 06 730 730 720 711 711 700 700 734 759 810 842 860 880 896 896 896 891 871 829 790 759 750 739 734
09 07 730 720 720 711 711 700 700 730 759 810 840 860 880 896 896 896 891 871 829 788 759 750 739 734
09 08 730 720 720 711 711 700 700 730 759 806 840 860 880 896 896 896 891 871 829 788 759 750 739 734
09 09 730 720 720 711 711 700 700 730 759 806 840 860 880 896 896 896 891 871 824 781 759 750 734 734
09 10 730 720 716 700 700 700 700 720 752 806 829 860 878 891 891 891 880 860 824 781 759 739 734 734
09 11 729 720 716 711 700 700 700 720 750 801 829 860 878 891 891 891 880 860 820 781 759 739 734 730
09 12 729 720 716 711 709 700 700 720 750 790 829 849 878 891 891 891 880 860 820 781 759 739 734 734
09 13 730 720 716 711 700 700 698 716 748 790 824 849 871 889 880 880 880 860 820 779 759 739 734 730
09 14 -9999 716 716 700 698 698 698 716 739 790 820 849 869 880 880 880 878 860 819 770 752 739 730 730
09 15 -9999 716 711 700 698 691 691 711 734 781 820 842 860 880 880 880 871 849 810 770 750 734 730 720
09 16 -9999 711 711 698 698 691 691 709 734 781 819 840 860 880 880 880 871 849 810 770 750 734 730 720
09 17 716 711 711 698 698 691 691 700 730 770 810 840 860 878 878 871 860 849 806 770 750 734 730 720
09 18 716 711 711 700 698 691 691 700 730 770 810 838 860 871 871 871 860 838 801 770 748 734 730 720
09 19 -9999 711 709 700 698 691 691 700 730 770 810 829 849 860 871 860 860 838 799 770 748 734 730 720
09 20 -9999 711 709 700 698 691 691 700 720 770 806 824 849 860 871 860 860 838 790 759 739 730 729 716
09 21 -9999 700 700 698 691 691 680 698 720 759 801 824 842 860 860 860 849 829 788 752 734 720 716 711
09 22 -9999 698 698 698 691 691 680 691 720 752 790 824 842 849 860 860 842 824 788 739 734 720 711 700
09 23 -9999 691 691 691 680 680 680 691 716 752 790 820 840 849 860 860 842 824 779 739 729 716 700 700
09 24 -9999 691 691 680 680 680 669 680 711 750 790 820 840 849 849 860 842 820 770 734 729 716 700 700
09 25 -9999 691 691 680 680 680 669 680 711 750 790 824 840 849 860 860 842 810 770 739 720 716 700 700
09 26 -9999 691 691 680 680 680 680 680 711 750 790 820 840 849 849 849 842 810 770 739 720 716 700 700
09 27 -9999 691 691 680 680 669 669 680 711 750 790 820 840 842 849 849 840 810 770 739 720 716 700 700
09 28 -9999 691 691 680 680 669 669 680 700 748 790 820 840 849 849 849 840 810 770 734 720 716 700 698
09 29 -9999 691 691 680 669 669 669 680 700 739 788 820 840 849 849 849 840 806 770 734 716 711 700 698
09 30 -9999 691 680 669 669 660 662 669 698 739 788 810 840 842 849 842 840 806 759 730 716 700 698 698
10 01 -9999 680 669 660 660 649 660 662 698 739 788 820 840 842 849 842 840 806 759 730 716 698 698 691
10 02 -9999 680 662 660 649 644 649 662 691 739 781 810 840 842 842 842 829 806 759 716 711 698 698 691
10 03 -9999 669 660 649 644 639 640 644 680 734 781 820 829 840 842 840 829 806 750 711 709 698 691 680
10 04 -9999 660 649 644 630 630 639 640 680 730 781 810 824 840 840 840 829 801 750 711 700 691 680 680
10 05 -9999 658 649 644 630 630 630 640 680 720 770 801 820 829 829 829 824 790 739 711 700 698 680 680
10 06 -9999 660 649 644 630 630 630 640 669 720 759 799 820 829 829 829 820 790 739 711 700 698 680 680
10 07 -9999 660 649 644 630 630 630 640 669 711 759 790 820 829 829 829 820 790 734 700 700 691 680 669
10 08 -9999 649 649 644 630 630 630 630 662 709 750 790 810 810 824 820 806 788 730 698 698 691 669 662
10 09 -9999 644 640 640 630 626 630 630 662 700 739 781 806 810 819 819 801 770 720 698 698 691 669 662
10 10 -9999 640 640 640 630 621 630 630 658 698 730 770 790 806 810 810 790 759 716 691 680 680 660 660
10 11 -9999 630 630 630 626 610 621 621 649 691 729 759 788 799 806 801 781 750 700 680 680 662 649 644
10 12 -9999 626 621 621 621 610 610 610 644 680 716 759 770 790 799 799 779 750 700 680 669 660 649 640
10 13 -9999 626 621 619 610 608 608 610 640 669 711 752 770 781 788 790 770 739 700 669 660 660 649 640
10 14 -9999 621 610 610 610 601 608 610 630 669 700 739 752 779 781 781 770 734 698 662 658 649 640 640
10 15 -9999 621 610 610 608 590 601 608 630 662 700 734 750 770 779 770 759 730 691 662 649 649 630 626
10 16 -9999 610 610 608 601 590 590 601 626 662 700 734 750 770 770 770 752 730 691 662 649 649 639 626
10 17 -9999 610 610 608 590 590 590 590 626 662 698 729 750 759 770 759 752 720 680 662 649 649 640 626
10 18 -9999 610 610 608 590 590 590 590 621 662 698 720 739 759 770 759 750 716 680 660 649 649 640 630
10 19 -9999 619 610 608 590 590 590 590 621 662 691 720 739 752 752 752 739 716 680 660 649 644 639 626
10 20 -9999 610 608 608 590 590 590 590 621 660 691 720 739 750 750 752 734 700 680 649 644 639 630 626
10 21 -9999 610 608 608 590 590 590 590 610 649 680 716 739 750 750 750 734 700 669 644 640 630 626 626
10 22 -9999 610 608 601 590 590 579 590 610 644 680 716 734 748 750 739 730 698 669 644 630 626 626 619
10 23 -9999 608 608 601 590 590 572 579 608 640 680 711 730 739 748 739 720 691 662 644 626 610 621 610
10 24 608 608 608 590 579 579 572 572 601 630 662 700 729 739 748 739 720 691 660 644 626 610 610 610
10 25 608 608 601 601 579 579 572 579 599 630 662 700 720 739 739 734 716 691 649 640 626 621 610 610
10 26 608 608 608 601 579 579 579 579 601 630 662 700 720 734 739 730 716 680 649 640 626 621 610 608
10 27 601 608 608 601 579 579 572 579 590 626 660 698 720 734 739 730 716 680 649 640 630 626 610 619
10 28 608 610 608 601 579 579 579 590 601 630 660 698 716 730 734 730 716 680 649 640 626 621 610 610
10 29 608 608 601 601 579 579 572 579 590 626 649 698 716 730 734 720 711 680 649 640 626 610 610 608
10 30 608 608 601 590 579 579 572 579 590 621 649 691 711 720 730 720 700 680 649 630 626 610 608 601
10 31 601 601 590 590 572 572 570 570 590 610 644 680 711 716 720 716 700 669 644 626 621 608 601 599
11 01 590 590 579 579 572 570 559 559 579 610 644 680 700 711 720 716 700 669 640 626 621 608 601 599
11 02 601 590 579 579 572 570 559 559 579 610 640 669 700 711 720 711 700 669 640 626 610 608 601 599
11 03 601 579 579 572 570 559 559 559 579 608 640 669 700 711 720 711 698 660 630 621 610 601 590 590
11 04 590 572 572 559 554 554 554 559 572 608 640 669 698 711 716 711 691 660 630 621 610 601 590 590
11 05 579 572 572 559 554 554 554 559 572 608 630 662 698 711 716 711 691 649 630 621 608 590 590 590
11 06 579 572 572 568 559 554 554 559 572 608 630 662 691 709 711 711 680 649 630 621 608 590 590 590
11 07 579 572 572 572 559 559 554 559 570 601 626 660 680 691 700 698 680 649 626 610 601 590 590 590
11 08 -9999 570 570 559 559 559 550 559 570 590 621 660 669 691 698 691 669 640 621 610 601 590 590 579
11 09 579 570 559 559 554 550 550 550 559 590 608 640 662 669 680 669 660 630 608 601 579 579 572 559
11 10 -9999 554 549 540 550 540 536 540 554 579 608 630 660 669 669 669 660 630 601 590 579 572 570 559
11 11 -9999 550 540 540 540 540 536 540 550 572 601 626 649 660 660 660 649 626 601 579 572 570 570 559
11 12 -9999 550 540 540 540 540 536 540 550 570 601 626 644 660 660 660 644 621 599 579 572 570 570 559
11 13 -9999 550 540 540 540 540 536 540 550 570 601 626 640 649 660 660 644 621 590 579 572 568 570 559
11 14 -9999 550 540 540 540 540 536 540 550 570 599 626 640 649 660 660 640 610 590 579 572 570 570 559
11 15 -9999 550 540 540 540 540 536 540 550 570 599 626 640 649 660 660 640 621 601 579 579 570 570 559
11 16 -9999 550 540 540 549 540 536 540 550 570 590 610 640 649 649 649 640 610 590 572 572 568 570 554
11 17 -9999 549 536 536 536 536 531 536 540 559 579 608 626 626 644 644 626 601 579 570 559 550 554 540
11 18 -9999 536 536 536 536 531 529 531 531 554 579 601 621 626 640 640 626 590 579 559 559 550 550 540
11 19 -9999 536 536 536 536 531 520 531 531 550 579 601 621 626 640 630 621 590 572 559 559 550 550 540
11 20 -9999 536 536 536 536 531 520 520 531 540 572 601 621 626 630 640 621 579 572 559 554 550 549 540
11 21 -9999 536 536 536 531 529 518 518 520 540 570 590 608 610 621 621 601 572 570 559 554 550 549 536
11 22 -9999 536 536 520 531 520 511 518 520 536 559 590 608 608 610 610 590 572 559 554 554 550 549 536
11 23 -9999 536 536 520 536 520 511 511 520 536 554 572 590 608 610 608 590 568 554 554 540 536 540 536
11 24 -9999 536 520 518 520 518 500 511 518 536 550 570 590 608 608 608 590 559 554 554 540 536 536 536
11 25 -9999 520 520 518 518 518 511 500 518 536 550 570 590 608 608 608 590 570 559 554 540 536 536 536
11 26 -9999 520 518 518 518 511 500 500 518 531 540 559 590 601 608 601 590 568 554 540 531 536 536 531
11 27 -9999 509 500 500 500 500 489 489 509 520 536 559 590 601 608 601 590 568 554 540 531 531 536 520
11 28 -9999 500 500 500 500 500 489 489 509 520 536 554 572 590 590 590 579 554 550 531 518 520 518 511
11 29 -9999 500 500 482 500 500 482 482 500 518 531 554 570 579 590 590 579 554 540 529 518 518 511 511
11 30 -9999 500 500 482 489 489 482 482 500 518 529 550 570 579 579 579 572 550 536 518 500 500 500 500
12 01 -9999 500 489 480 482 482 480 478 489 500 529 549 559 572 579 579 554 540 520 518 500 500 500 500
12 02 -9999 500 482 478 482 482 469 478 489 500 518 540 559 570 572 572 554 536 520 511 500 500 500 500
12 03 -9999 489 482 478 482 482 469 478 489 500 518 536 554 570 559 559 540 531 518 511 500 500 489 500
12 04 -9999 482 480 469 478 469 460 450 469 489 500 520 550 554 550 550 540 518 509 500 482 482 482 469
12 05 -9999 469 464 464 464 459 450 446 460 480 500 518 536 554 550 549 536 518 500 482 469 469 464 469
12 06 -9999 464 460 460 459 450 446 441 450 464 489 509 531 536 540 540 529 500 489 469 460 460 460 464
12 07 -9999 460 450 450 450 450 446 441 446 459 482 500 520 531 540 536 520 500 480 464 460 446 450 459
12 08 460 450 441 446 446 446 441 441 441 450 480 500 520 529 536 531 520 489 478 464 450 446 450 450
12 09 460 446 439 441 446 446 439 441 446 450 480 500 518 520 529 520 518 489 469 464 460 446 450 450
12 10 459 441 430 441 441 441 430 439 441 446 469 482 511 511 511 511 511 482 464 450 450 441 439 441
12 11 439 439 430 430 430 441 428 421 430 439 464 480 500 500 511 500 500 480 464 446 441 430 430 430
12 12 428 430 421 421 421 410 421 410 419 428 460 478 482 500 500 500 482 464 441 441 430 430 428 428
12 13 421 428 410 410 410 410 410 399 410 421 446 464 480 489 500 482 478 464 441 430 430 428 428 428
12 14 410 421 410 410 410 410 410 399 410 421 446 464 480 482 500 482 478 460 441 430 428 428 428 410
12 15 410 421 410 410 410 410 410 399 410 421 450 464 480 489 500 482 480 464 446 430 430 428 428 428
12 16 410 421 419 410 410 410 410 410 410 421 446 464 480 489 489 482 478 464 446 430 430 421 421 421
12 17 -9999 421 419 410 410 410 410 410 410 421 441 460 469 482 482 482 464 460 441 430 428 410 421 410
12 18 399 421 410 410 410 410 410 399 410 410 430 459 464 482 482 480 464 450 441 430 428 410 410 410
12 19 399 410 410 410 399 399 392 392 392 399 428 450 464 478 482 469 464 446 430 430 421 410 410 399
12 20 392 410 410 399 399 399 390 392 390 399 428 446 464 478 482 480 464 446 430 430 421 410 410 399
12 21 392 410 410 410 399 399 399 399 399 410 428 450 464 482 482 480 464 460 441 430 428 410 410 410
12 22 399 410 410 410 399 392 390 392 392 399 428 446 464 478 482 480 469 460 441 428 428 410 410 399
12 23 -9999 410 410 410 399 392 390 392 392 410 428 446 464 482 482 482 469 464 446 430 428 419 421 410
12 24 -9999 410 410 399 399 392 390 392 392 410 428 446 469 482 482 482 480 460 441 430 428 419 421 410
12 25 392 399 399 399 392 392 388 390 390 399 428 446 464 482 489 489 480 464 446 430 428 421 421 421
12 26 392 410 410 399 399 410 399 399 399 410 428 450 478 489 500 489 480 464 450 441 430 421 421 421
12 27 392 421 410 410 410 410 410 410 410 421 439 446 469 489 500 489 482 464 460 446 430 430 428 430
12 28 392 421 421 421 421 421 421 421 421 428 441 450 469 489 500 489 482 469 460 446 441 430 428 430
12 29 392 428 421 421 421 421 421 421 421 428 441 450 469 489 500 489 480 469 460 446 441 441 430 430
12 30 392 428 421 421 421 421 421 421 410 428 441 450 464 489 489 489 480 469 460 446 430 430 428 428
12 31 390 421 410 421 410 421 421 421 421 428 439 446 464 482 489 489 480 464 460 446 430 428 428 428
