01 01 590 579 579 572 570 559 559 559 554 572 604 626 649 669 680 680 680 660 626 608 590 590 572 572
01 02 590 572 579 570 559 554 554 559 554 572 601 626 649 667 680 680 680 660 626 599 590 572 563 572
01 03 581 577 579 570 567 559 554 559 554 568 590 619 640 662 675 680 680 660 626 608 590 590 572 572
01 04 590 577 579 572 570 559 559 559 556 572 604 626 644 662 680 680 680 662 630 608 599 590 572 579
01 05 590 577 579 570 559 554 554 558 554 568 590 615 640 662 680 680 680 660 630 608 590 586 563 572
01 06 579 572 570 568 554 554 554 554 554 559 590 610 640 662 680 680 680 662 630 608 590 590 572 572
01 07 590 572 572 568 554 554 550 554 550 554 590 610 630 662 680 680 680 660 626 608 590 586 563 572
01 08 579 572 554 559 554 554 550 550 547 554 572 610 639 662 680 680 680 660 626 608 590 586 563 572
01 09 579 572 554 559 554 554 550 550 540 554 572 608 630 660 669 680 680 649 626 608 590 572 559 570
01 10 572 570 554 554 550 554 550 550 540 554 572 610 639 662 669 680 680 649 626 608 590 579 568 570
01 11 572 559 554 554 549 540 536 536 536 554 572 610 639 662 669 680 680 649 626 608 590 586 570 570
01 12 572 559 554 554 549 540 536 536 536 550 572 608 626 648 662 669 669 644 621 599 590 572 559 559
01 13 559 550 540 520 520 531 520 531 520 540 570 608 622 644 660 662 662 644 610 590 572 570 559 559
01 14 554 540 536 518 518 520 518 520 520 536 570 608 621 642 653 662 660 644 608 590 572 568 554 554
01 15 540 536 520 511 500 500 500 509 514 536 554 590 619 640 649 662 655 640 608 590 572 568 554 550
01 16 536 536 518 500 500 500 500 500 511 536 558 590 621 640 649 660 655 640 608 590 572 559 554 549
01 17 536 529 518 500 500 500 500 500 514 536 558 590 621 642 658 662 649 639 608 590 572 559 554 540
01 18 536 529 518 511 518 518 500 500 518 536 559 590 621 644 660 660 649 630 608 590 572 559 554 540
01 19 536 520 518 500 500 500 500 500 500 520 554 590 621 640 653 660 649 630 608 590 572 559 549 540
01 20 531 520 518 500 500 500 500 500 509 529 554 590 621 630 646 657 644 630 608 579 570 559 549 536
01 21 520 518 511 500 500 500 500 500 500 520 559 590 621 630 646 657 644 630 599 579 570 558 540 536
01 22 520 518 511 500 500 500 500 500 500 529 559 590 621 630 646 657 644 630 601 579 570 559 550 536
01 23 531 520 518 500 500 500 500 500 511 540 570 599 621 640 649 657 644 626 604 588 572 559 552 540
01 24 536 520 518 500 500 500 500 500 509 536 568 601 621 642 658 660 649 630 608 590 572 568 554 540
01 25 540 531 520 516 504 500 500 500 511 540 570 601 626 646 660 660 649 630 608 590 570 568 554 540
01 26 550 536 531 518 520 511 511 509 520 540 579 601 626 649 662 662 649 630 610 590 579 570 559 554
01 27 554 550 540 531 531 520 518 509 520 550 579 608 630 660 669 669 660 644 610 590 590 572 570 559
01 28 554 554 549 536 536 531 520 511 529 554 579 608 640 662 680 680 662 649 621 599 590 572 561 559
01 29 554 550 540 536 536 531 520 511 531 554 579 610 644 662 680 680 662 649 626 599 590 572 561 559
01 30 554 550 540 536 536 531 520 511 531 554 579 621 644 662 680 680 669 649 626 599 590 572 572 559
01 31 554 554 550 536 536 536 520 520 531 554 579 621 644 662 680 680 680 662 626 599 590 574 572 559
02 01 559 554 550 536 536 531 520 511 529 550 579 619 644 662 680 680 680 666 639 599 590 572 572 559
02 02 554 554 540 531 531 531 520 511 529 554 590 621 644 662 680 691 680 669 644 601 590 579 579 572
02 03 559 561 554 536 536 532 520 520 531 559 590 621 649 669 680 691 684 671 644 601 590 579 579 572
02 04 559 561 554 540 536 536 520 520 536 559 590 626 658 675 691 698 698 680 649 608 599 590 590 572
02 05 572 570 554 540 536 536 531 520 536 554 590 626 660 680 691 698 698 680 649 610 601 590 590 572
02 06 570 570 554 540 540 536 531 520 536 554 590 626 660 678 691 698 698 678 649 610 601 590 588 572
02 07 559 570 554 550 540 536 531 520 536 554 588 626 660 680 691 698 698 680 649 610 601 590 579 572
02 08 570 570 559 550 540 536 531 520 536 554 588 626 660 680 691 698 698 680 649 612 608 590 590 572
02 09 572 570 570 554 554 540 536 536 540 559 590 626 662 680 691 698 698 680 649 621 608 590 590 579
02 10 579 570 559 554 540 540 532 532 536 559 590 630 662 680 698 700 698 680 651 621 608 590 590 572
02 11 572 570 559 550 536 536 531 531 536 559 590 630 660 680 691 698 698 680 649 619 608 590 590 572
02 12 559 561 554 550 540 536 531 531 536 570 590 635 660 680 698 700 700 680 651 621 608 590 590 579
02 13 572 570 559 554 549 547 531 529 536 572 599 639 662 680 698 700 703 691 662 626 610 590 590 583
02 14 579 570 559 554 559 554 536 536 540 572 608 640 662 680 698 707 709 691 662 626 610 590 590 579
02 15 579 572 570 554 559 554 550 536 554 572 608 640 662 691 700 711 711 693 662 626 610 590 590 590
02 16 579 572 570 554 559 554 550 536 554 572 608 640 662 689 700 711 709 693 662 630 610 601 590 590
02 17 581 572 559 559 559 554 550 536 554 579 610 640 669 691 700 711 709 698 662 630 610 601 590 590
02 18 579 572 559 554 559 554 550 536 554 579 610 644 669 691 700 711 711 698 662 630 610 601 590 590
02 19 590 579 570 559 559 554 550 536 554 579 610 644 680 691 700 711 711 698 669 630 610 601 590 590
02 20 590 579 559 559 559 554 554 536 554 579 621 644 680 698 700 711 711 698 669 639 612 601 592 590
02 21 590 579 570 568 570 559 559 559 559 590 621 644 680 698 709 711 716 700 669 640 621 608 601 601
02 22 590 590 572 570 570 568 559 559 559 590 621 649 680 698 709 711 714 700 669 644 626 608 601 601
02 23 590 590 579 572 572 570 570 559 570 590 621 649 680 698 711 716 716 700 671 644 630 608 601 601
02 24 590 590 572 570 570 559 559 554 559 590 621 649 680 700 711 716 716 700 680 644 626 608 599 590
02 25 590 590 572 559 559 559 554 554 559 590 621 660 680 700 711 716 716 700 680 649 630 608 599 601
02 26 590 590 572 570 570 559 559 559 559 590 630 662 698 716 716 720 720 711 680 658 644 621 608 608
02 27 590 590 579 572 570 570 570 559 559 590 630 662 698 716 716 720 729 711 685 658 644 621 610 608
02 28 590 590 579 579 572 570 570 568 570 590 630 662 691 716 716 720 729 716 689 658 644 626 621 610
03 01 608 599 590 590 586 572 572 572 572 601 639 669 698 720 720 734 734 720 698 662 649 630 626 621
03 02 608 603 590 590 590 590 572 572 579 601 640 680 700 720 734 739 738 720 698 669 649 630 626 621
03 03 608 608 590 595 590 590 579 576 590 608 644 680 711 730 739 743 739 730 700 669 649 640 630 626
03 04 619 608 601 599 590 590 579 579 590 621 644 680 711 734 739 750 739 730 705 680 649 644 630 626
03 05 621 610 601 601 590 590 590 579 590 622 649 680 711 734 748 750 750 734 709 671 649 644 630 626
03 06 621 610 608 608 601 590 590 590 599 630 657 689 716 736 759 759 759 750 716 680 658 644 640 630
03 07 621 610 608 608 601 601 594 590 601 630 662 698 716 739 759 759 759 750 716 680 660 644 640 630
03 08 621 610 608 608 601 601 599 590 601 630 669 700 732 748 770 770 770 770 730 680 662 649 644 630
03 09 621 610 608 608 608 604 599 590 601 630 669 700 732 750 770 770 770 770 730 680 662 649 644 630
03 10 626 610 608 608 601 601 599 590 601 630 669 700 734 748 770 770 770 770 730 680 662 649 644 630
03 11 626 610 608 608 608 601 599 590 601 630 669 700 732 748 770 770 770 759 730 680 662 649 644 630
03 12 626 610 610 608 601 601 599 592 608 630 669 700 730 748 770 770 770 759 730 680 662 649 644 630
03 13 626 610 610 608 601 599 590 590 601 630 669 700 730 748 768 770 770 759 730 680 662 649 644 630
03 14 626 610 608 601 599 590 590 590 601 630 669 700 730 748 770 770 770 759 730 680 662 649 644 630
03 15 626 610 608 601 590 590 590 590 599 630 680 705 734 750 770 770 770 763 734 689 662 649 644 630
03 16 621 610 608 601 590 590 579 590 590 630 680 705 732 750 770 770 770 770 734 691 662 649 640 630
03 17 619 610 601 599 590 590 579 588 590 630 680 709 739 756 770 770 770 770 734 698 662 657 644 630
03 18 619 610 601 592 590 590 579 579 590 630 680 709 734 752 770 770 770 770 736 698 669 660 644 630
03 19 621 610 608 599 590 590 579 579 594 639 680 709 734 752 770 770 770 770 739 700 680 662 644 639
03 20 621 610 608 601 590 590 579 590 601 644 680 711 745 759 770 779 770 770 748 707 680 662 653 640
03 21 628 610 608 601 595 590 579 590 601 646 687 716 745 759 770 779 770 770 750 709 680 667 660 644
03 22 630 621 610 608 599 590 581 590 601 649 689 720 748 770 779 779 770 770 750 712 685 669 660 644
03 23 630 621 612 610 601 590 581 590 608 649 689 716 748 759 770 779 779 772 752 716 687 680 662 644
03 24 635 626 621 610 601 590 581 590 610 649 691 720 750 770 781 784 781 781 752 716 689 680 662 644
03 25 639 630 626 619 601 592 590 590 610 658 698 725 752 770 788 788 788 788 759 716 698 680 662 648
03 26 640 630 626 621 608 592 590 590 619 660 700 734 759 770 788 790 788 788 770 730 698 680 662 649
03 27 644 630 626 621 608 601 594 590 624 662 709 739 770 788 790 801 801 790 770 734 700 680 669 660
03 28 644 640 630 622 610 603 601 599 630 669 716 750 770 790 806 806 810 801 781 750 716 698 680 669
03 29 655 644 633 626 613 610 608 608 640 680 720 752 781 801 806 810 810 806 790 750 716 700 682 671
03 30 660 649 639 626 621 621 612 619 644 680 720 752 781 801 806 810 810 806 790 752 720 702 694 680
03 31 662 649 644 630 626 626 622 626 649 689 729 759 788 806 810 820 820 810 801 752 730 711 698 680
04 01 662 657 644 640 630 630 626 630 660 698 734 770 790 806 815 824 820 810 801 759 730 711 698 680
04 02 662 658 649 640 639 637 630 630 662 698 738 770 792 810 820 824 824 820 806 759 734 716 698 680
04 03 662 662 651 644 640 640 637 640 662 700 739 770 801 810 822 824 824 820 806 759 734 716 698 689
04 04 669 662 653 644 644 642 639 640 662 700 739 770 801 810 822 824 824 820 806 759 734 716 698 691
04 05 669 662 660 646 644 644 639 640 662 700 739 770 801 813 824 824 824 820 806 759 734 716 700 691
04 06 669 662 658 646 644 644 635 639 662 700 739 770 792 810 820 824 820 820 801 759 734 716 698 680
04 07 669 662 657 644 644 642 631 639 660 700 739 770 790 810 820 824 820 819 801 759 734 711 698 680
04 08 669 662 653 649 644 640 635 639 662 700 739 770 790 810 820 824 820 819 801 759 730 711 698 680
04 09 671 662 658 651 644 644 637 640 662 709 739 770 792 810 820 824 820 819 801 759 734 716 700 691
04 10 680 666 660 658 644 644 644 644 667 711 750 779 801 819 824 824 820 819 801 770 734 716 700 691
04 11 680 669 660 660 649 644 640 644 667 711 750 779 801 819 824 829 820 820 801 770 734 716 700 694
04 12 680 669 660 658 644 644 637 644 667 716 752 781 806 820 824 829 820 820 801 770 734 716 700 691
04 13 680 669 662 660 644 644 637 644 669 716 752 788 806 824 829 838 829 824 806 770 734 716 700 691
04 14 680 669 662 660 649 644 640 644 669 716 752 788 806 824 829 838 829 824 806 770 739 716 700 698
04 15 680 669 662 660 649 644 640 644 680 716 752 788 806 824 829 838 829 824 806 770 739 720 700 698
04 16 680 669 662 660 649 644 640 644 680 720 759 788 806 824 838 840 838 824 810 770 739 720 700 698
04 17 680 669 662 660 649 644 631 644 680 720 759 788 810 824 842 842 838 824 810 788 739 720 700 698
04 18 680 669 662 658 644 640 630 644 680 729 770 790 819 838 849 849 842 838 824 788 748 729 709 698
04 19 680 671 662 660 649 644 644 649 680 730 770 802 824 840 849 849 849 842 824 799 752 730 711 700
04 20 691 680 669 660 649 644 644 649 689 734 770 806 824 842 860 860 849 849 829 799 752 730 716 700
04 21 698 680 669 660 649 644 644 657 698 734 770 806 826 842 860 860 860 849 829 801 759 734 720 703
04 22 698 680 675 662 660 649 644 662 698 739 777 810 829 849 860 860 860 849 829 801 759 734 720 709
04 23 698 689 680 662 662 649 644 662 700 748 781 810 829 849 860 860 860 849 829 801 759 739 720 711
04 24 700 689 680 662 660 649 649 662 700 748 781 810 838 849 860 867 860 849 838 801 770 739 729 711
04 25 700 691 680 669 662 649 649 664 700 750 781 810 838 849 860 871 869 860 840 810 770 748 729 716
04 26 700 693 680 671 662 660 649 669 709 750 788 810 838 849 860 871 860 860 840 806 770 748 730 716
04 27 700 698 680 680 666 660 655 669 711 750 788 811 838 849 860 871 860 858 840 806 770 748 730 716
04 28 700 698 689 680 666 662 658 669 711 750 788 811 838 849 860 871 860 853 840 806 770 747 730 716
04 29 700 698 689 680 669 662 660 673 716 750 788 815 838 849 860 871 860 860 840 806 770 748 730 716
04 30 709 700 691 680 676 669 662 680 716 750 788 819 838 849 860 871 860 860 840 810 770 750 734 720
05 01 711 700 694 680 678 669 669 680 720 752 790 820 840 860 869 871 869 860 840 810 770 750 734 725
05 02 711 707 698 687 680 669 669 680 720 752 790 820 842 860 871 871 871 860 842 810 770 752 739 730
05 03 716 711 700 691 680 673 676 689 725 759 790 820 842 860 871 871 871 860 840 810 770 752 739 730
05 04 716 709 700 691 680 680 680 689 730 759 790 820 842 860 871 871 869 856 840 806 770 752 739 730
05 05 716 709 700 691 680 680 680 691 730 763 790 820 842 860 869 871 869 856 840 806 774 752 745 730
05 06 720 709 700 691 684 680 680 696 734 770 790 820 842 860 869 871 869 856 840 806 774 752 739 730
05 07 716 709 700 691 682 680 680 696 734 770 795 820 842 860 869 871 869 860 842 810 779 752 745 730
05 08 716 709 700 691 682 680 680 698 734 770 799 824 842 860 869 871 869 860 842 810 781 761 748 734
05 09 720 711 700 691 689 680 680 700 734 770 801 824 842 860 869 878 869 860 842 810 781 761 748 734
05 10 720 709 700 691 689 680 680 700 734 770 806 824 849 860 869 878 869 856 842 810 781 768 748 734
05 11 720 711 700 698 689 680 680 703 739 770 810 829 860 869 878 880 878 860 842 820 788 770 750 734
05 12 720 711 705 700 691 680 684 711 743 781 811 840 860 878 880 889 880 878 855 824 790 770 752 739
05 13 720 716 709 700 691 689 691 711 752 788 824 840 860 878 880 889 880 878 860 829 790 770 752 739
05 14 729 716 711 700 698 689 691 712 752 788 820 842 860 878 880 889 880 878 860 829 799 770 759 739
05 15 729 720 716 700 698 691 698 716 752 788 819 840 860 878 880 880 880 878 860 829 790 770 752 739
05 16 730 720 716 700 698 691 694 716 752 783 815 840 860 878 880 880 880 876 860 829 790 770 759 739
05 17 730 720 711 700 698 691 698 716 752 783 815 840 860 878 880 880 880 874 860 829 790 770 759 739
05 18 730 720 716 700 698 698 698 716 752 788 820 842 860 880 880 889 891 880 869 840 801 781 770 750
05 19 734 730 716 711 700 700 700 720 757 788 824 849 871 880 891 891 891 880 871 840 806 788 770 752
05 20 739 734 716 711 700 700 700 729 759 790 829 849 878 885 896 891 896 880 871 840 810 788 770 759
05 21 739 734 720 716 711 709 700 729 759 797 829 860 878 885 896 896 896 889 871 842 810 788 770 759
05 22 739 734 720 716 711 711 711 730 770 799 829 860 878 889 900 900 896 889 871 842 810 790 770 759
05 23 739 734 720 720 711 711 716 730 770 801 840 860 878 889 900 900 896 891 871 842 810 790 770 759
05 24 750 734 730 720 716 716 716 734 770 806 840 860 880 896 903 909 900 892 878 849 820 799 770 770
05 25 752 739 732 730 720 716 716 738 779 810 842 871 889 900 910 910 909 896 880 860 820 801 781 770
05 26 752 741 734 730 720 720 720 739 781 810 842 871 891 900 914 914 910 900 891 860 824 801 783 770
05 27 752 750 734 730 720 720 720 745 781 810 842 871 891 900 914 914 910 900 891 860 824 806 788 770
05 28 759 750 738 734 730 720 730 750 781 819 849 878 896 909 914 914 910 901 896 860 828 806 790 770
05 29 759 750 739 734 730 730 730 750 788 824 849 878 896 910 914 914 914 910 896 860 829 806 790 770
05 30 759 752 750 739 734 730 730 750 788 824 860 878 900 910 919 919 914 914 896 871 829 810 790 779
05 31 770 752 750 739 734 734 734 752 788 829 860 880 900 914 919 919 919 914 900 878 840 813 799 781
06 01 770 759 750 748 739 734 734 752 790 829 860 889 909 914 928 930 919 914 900 878 840 819 801 788
06 02 770 759 752 750 739 739 739 759 795 829 860 889 909 919 928 930 921 916 909 878 842 820 806 790
06 03 781 770 759 750 741 739 739 759 801 829 862 891 910 919 930 930 930 919 909 880 849 820 806 790
06 04 781 770 770 750 748 739 739 759 801 829 867 896 910 919 932 939 930 919 910 880 849 824 810 790
06 05 781 770 770 752 750 739 741 759 801 829 869 896 912 919 932 939 932 919 910 880 849 824 810 799
06 06 788 770 770 752 752 748 750 770 801 840 871 900 914 928 939 939 932 923 912 880 856 829 819 801
06 07 788 781 770 759 752 750 750 770 806 842 876 900 914 930 939 939 939 930 914 891 860 829 820 802
06 08 790 781 770 759 752 750 752 770 806 842 878 900 919 932 939 939 939 932 914 891 860 829 820 802
06 09 790 781 770 759 752 752 752 770 808 842 878 900 914 932 939 939 939 932 914 891 860 829 820 806
06 10 790 781 770 761 757 752 752 772 806 842 878 900 914 932 939 939 939 932 914 889 860 829 820 806
06 11 790 788 770 765 759 752 752 772 806 842 878 900 914 932 939 939 939 932 914 891 860 829 820 806
06 12 790 788 770 765 759 752 759 775 808 842 878 896 914 932 939 939 939 930 914 891 860 829 820 806
06 13 790 788 770 765 759 752 759 779 810 842 878 896 914 930 939 939 939 930 914 891 860 829 819 806
06 14 790 786 770 765 759 752 759 779 810 847 878 898 914 932 939 939 939 932 914 891 860 829 820 810
06 15 792 788 781 770 759 752 759 779 815 849 878 900 919 932 939 939 939 932 914 891 860 829 820 810
06 16 801 790 781 770 759 759 759 781 813 849 878 900 919 930 939 939 939 932 914 891 860 831 824 810
06 17 804 790 781 770 770 759 761 781 810 849 878 900 919 930 939 945 939 932 914 889 860 829 824 810
06 18 795 788 774 770 759 759 761 781 810 849 878 900 919 930 939 941 939 932 914 889 860 829 824 810
06 19 795 788 774 770 759 759 761 781 815 849 878 900 919 932 939 948 939 932 914 889 860 831 824 810
06 20 795 788 774 770 759 759 759 781 817 849 880 900 919 932 939 946 939 932 914 889 860 831 824 810
06 21 795 788 774 770 759 756 761 781 819 849 880 900 919 932 939 946 939 932 914 891 860 831 824 810
06 22 799 788 774 770 759 759 761 781 820 858 880 905 923 932 939 950 939 932 914 889 860 831 824 810
06 23 801 788 779 770 759 759 763 781 820 858 880 909 923 932 939 950 943 932 914 889 860 840 824 810
06 24 801 788 779 770 759 759 770 784 822 858 882 910 927 932 939 950 943 932 914 882 860 840 824 810
06 25 801 790 781 770 770 759 770 784 824 858 880 909 923 932 939 950 943 932 916 882 860 840 824 810
06 26 801 788 781 770 759 759 770 781 822 851 880 910 927 939 948 950 941 932 919 889 860 840 824 810
06 27 801 788 781 770 770 759 770 788 824 858 882 910 927 939 950 950 943 932 919 891 860 840 824 810
06 28 801 790 781 770 770 759 770 788 824 860 882 914 930 943 950 950 946 932 914 891 860 840 824 810
06 29 806 790 781 770 770 759 770 788 824 860 889 914 930 943 950 950 950 932 919 891 860 842 824 810
06 30 806 790 781 770 770 759 770 788 824 860 882 914 930 943 950 950 950 932 919 891 860 842 829 810
07 01 806 790 781 770 770 759 770 788 824 860 891 914 932 950 950 950 950 932 919 891 860 842 829 810
07 02 806 790 788 770 770 759 770 790 824 860 896 914 932 950 957 950 950 939 928 896 871 849 829 820
07 03 806 801 788 781 770 770 770 790 829 860 900 919 932 950 961 961 955 946 930 900 878 860 838 824
07 04 810 801 790 788 779 770 770 790 829 864 900 919 941 955 961 964 961 950 930 900 878 860 840 824
07 05 810 804 790 788 781 770 770 795 829 869 900 928 950 961 968 968 961 950 930 909 878 860 840 826
07 06 811 806 790 788 781 770 770 799 829 871 909 930 950 961 968 968 968 950 930 910 880 860 842 829
07 07 819 806 790 790 781 772 779 801 838 871 909 930 950 961 970 968 968 950 932 910 880 860 842 829
07 08 820 810 801 790 783 779 781 801 838 871 909 930 950 961 970 968 968 950 932 910 880 860 842 829
07 09 820 810 801 790 783 779 781 801 838 871 909 932 950 961 970 968 968 950 932 912 880 860 842 829
07 10 824 810 801 790 788 779 781 801 829 871 909 932 950 961 970 970 968 950 934 914 880 860 849 829
07 11 824 810 801 790 788 781 781 801 838 871 909 932 950 961 970 970 968 950 934 914 880 860 849 829
07 12 824 810 806 790 788 781 781 801 838 878 910 932 950 961 970 970 968 950 939 914 880 860 849 838
07 13 824 811 806 799 790 781 781 801 838 878 909 932 950 961 970 970 968 950 939 914 889 860 849 838
07 14 824 819 806 799 790 781 783 806 838 878 910 932 950 961 970 970 968 961 939 919 889 869 849 840
07 15 824 819 806 799 790 781 783 806 840 878 910 932 950 961 970 970 968 961 939 919 889 864 849 840
07 16 824 820 806 799 790 788 788 806 840 878 910 932 950 961 968 970 968 961 950 919 891 867 849 840
07 17 829 820 806 799 790 788 788 801 840 871 909 932 950 961 968 968 968 950 936 916 880 860 849 838
07 18 824 819 806 795 790 786 783 801 831 871 900 930 950 950 961 968 964 950 934 914 878 860 849 829
07 19 824 810 806 793 790 786 783 801 829 869 900 928 950 950 961 968 961 950 932 914 878 860 849 829
07 20 824 810 806 793 788 788 783 801 829 862 896 919 946 950 961 968 961 950 932 914 878 860 849 829
07 21 824 810 806 793 788 786 781 799 829 860 896 919 939 950 961 968 961 950 932 914 878 860 849 829
07 22 824 810 806 792 788 788 781 799 829 862 896 919 946 950 961 964 961 950 932 910 878 860 849 829
07 23 824 810 806 790 788 788 781 795 829 869 896 919 939 950 961 961 961 950 932 910 878 860 842 829
07 24 824 810 806 790 788 788 781 792 829 862 896 919 939 950 961 961 961 950 932 912 878 860 842 829
07 25 824 810 806 790 788 788 781 790 829 869 896 919 939 950 961 961 961 950 932 912 878 860 842 829
07 26 824 810 806 790 788 788 781 790 829 860 896 914 936 950 957 961 955 950 932 910 878 860 842 829
07 27 820 810 801 790 788 786 781 790 829 860 891 914 932 950 950 961 950 950 932 900 871 860 840 824
07 28 820 810 801 790 788 781 779 790 824 860 891 914 932 950 950 961 955 950 932 900 871 860 842 824
07 29 820 806 793 790 788 781 770 790 824 860 891 914 932 950 950 961 950 950 930 896 871 849 840 824
07 30 819 806 792 790 788 781 779 790 824 860 889 914 932 950 950 959 950 939 930 896 867 849 840 824
07 31 810 806 792 790 784 779 770 790 824 860 887 914 932 950 950 950 950 939 930 892 860 849 840 824
08 01 810 806 790 788 781 770 770 788 824 860 880 914 932 941 950 950 950 939 928 891 860 849 840 824
08 02 810 806 790 788 784 770 770 788 824 860 880 914 932 950 950 950 950 939 930 892 860 849 840 824
08 03 810 806 790 788 788 779 770 788 824 860 880 914 932 941 950 950 950 939 930 891 867 849 840 824
08 04 815 806 790 788 788 781 770 788 824 858 880 914 932 941 950 950 950 939 928 891 860 849 840 824
08 05 815 806 790 788 788 781 775 788 824 860 880 914 932 941 950 950 950 939 927 891 867 849 838 824
08 06 810 806 790 788 784 779 770 788 820 849 880 914 932 950 950 950 950 939 919 892 869 849 838 824
08 07 810 806 792 788 784 779 770 788 820 849 880 914 932 950 950 950 950 939 919 892 867 849 835 824
08 08 806 801 790 788 784 779 770 788 820 849 880 910 932 941 950 950 950 934 919 891 860 849 838 824
08 09 810 801 790 788 784 779 770 788 820 849 880 914 932 950 950 950 950 939 919 891 867 849 837 824
08 10 810 804 790 788 781 779 770 788 820 849 880 910 932 950 950 950 950 946 928 896 869 849 838 824
08 11 810 806 792 788 784 779 770 788 820 849 880 914 932 950 950 954 950 948 928 896 871 849 838 824
08 12 810 806 792 788 784 779 770 788 820 853 880 914 932 950 950 950 950 948 930 896 871 849 835 824
08 13 810 806 790 788 781 779 770 788 820 853 880 914 932 950 950 959 950 948 930 896 871 849 831 824
08 14 810 806 790 788 781 779 775 788 820 853 880 914 932 950 950 954 950 946 930 896 869 849 829 824
08 15 808 801 790 788 781 779 770 788 815 849 880 910 932 939 950 954 950 945 930 896 869 844 829 822
08 16 808 801 790 788 781 779 770 788 811 849 880 909 932 939 950 950 950 939 928 896 869 842 829 820
08 17 806 795 788 781 779 770 770 781 810 849 878 909 932 939 950 950 950 939 916 885 862 842 826 813
08 18 806 790 788 781 770 770 770 779 806 842 878 900 928 939 950 950 950 932 914 880 860 840 824 810
08 19 801 790 788 777 770 770 770 777 806 842 878 896 919 932 950 950 939 932 914 880 860 840 824 808
08 20 801 790 788 779 770 770 770 775 806 842 878 896 914 932 950 945 939 932 914 878 860 838 824 808
08 21 801 790 784 779 770 770 770 775 806 842 878 896 914 932 950 939 937 930 914 880 860 840 824 810
08 22 806 790 786 781 770 770 770 772 806 842 878 896 918 932 950 950 939 932 914 880 860 840 824 810
08 23 806 790 788 781 770 770 770 770 806 842 878 896 918 932 950 939 932 930 914 880 860 840 824 808
08 24 801 790 784 781 770 770 770 770 806 842 878 896 914 932 939 939 932 928 909 878 849 829 820 806
08 25 799 788 781 777 770 770 765 770 806 842 878 896 914 930 939 939 932 919 900 871 846 829 820 806
08 26 790 788 781 770 770 759 759 770 802 840 871 891 910 919 932 932 932 919 896 867 842 824 819 806
08 27 790 788 779 770 766 759 759 770 801 840 869 889 910 919 932 932 930 914 896 867 842 824 811 801
08 28 790 783 770 770 766 759 759 770 801 835 860 880 909 914 932 930 930 914 896 860 842 820 810 801
08 29 790 781 770 770 759 759 752 770 799 829 860 880 909 914 928 930 928 914 891 860 842 820 810 799
08 30 788 781 770 770 759 754 752 770 793 829 860 880 905 914 925 923 921 910 891 860 840 820 806 799
08 31 788 779 770 770 759 752 752 759 788 829 860 880 900 914 923 919 921 910 891 860 840 820 810 799
09 01 788 781 770 770 759 752 752 759 788 829 860 880 900 914 923 919 919 910 891 860 833 817 806 799
09 02 788 779 770 770 752 752 752 759 788 824 860 878 900 914 919 919 919 910 891 856 829 811 806 790
09 03 788 779 770 765 752 752 752 759 781 824 860 878 898 914 919 919 919 909 889 849 829 810 806 792
09 04 788 779 770 759 752 752 750 752 781 824 849 878 896 914 919 919 919 905 887 849 829 810 801 790
09 05 781 770 770 759 752 750 750 752 781 824 849 878 896 910 914 914 914 900 880 849 824 810 795 788
09 06 770 770 759 752 750 750 748 752 781 820 849 878 891 909 914 914 914 896 878 842 820 806 790 781
09 07 770 770 759 752 750 748 739 752 777 820 847 876 891 903 914 914 914 896 878 842 820 806 790 781
09 08 770 770 759 752 750 750 739 750 775 815 842 871 891 900 910 914 912 896 876 840 817 801 790 781
09 09 770 770 752 750 750 748 739 748 770 810 842 871 891 900 910 914 910 896 871 840 817 801 790 781
09 10 770 765 752 750 750 748 739 748 770 810 842 864 891 900 910 910 910 896 871 840 810 801 790 777
09 11 770 759 752 750 748 739 739 739 770 810 842 860 880 896 909 910 901 891 864 838 810 801 788 770
09 12 761 759 750 750 739 739 734 739 770 806 840 860 880 896 903 900 900 891 860 835 810 801 788 770
09 13 759 752 750 750 739 739 734 739 770 806 840 860 880 896 903 900 901 891 860 833 810 799 788 770
09 14 759 752 750 750 739 739 734 739 770 806 840 860 880 896 900 900 900 889 860 829 806 790 781 770
09 15 759 752 750 748 739 739 739 739 770 806 829 860 880 891 900 896 896 882 860 829 804 790 781 770
09 16 759 752 750 743 739 734 734 739 770 801 829 860 880 891 900 896 896 880 860 824 801 790 779 770
09 17 759 752 750 739 739 734 734 739 759 801 829 860 880 891 900 896 896 880 860 824 801 788 770 770
09 18 759 752 750 739 739 734 734 734 759 801 829 860 878 891 896 896 896 880 855 820 799 788 770 770
09 19 759 752 748 739 739 734 730 734 752 799 826 849 878 889 896 891 892 880 849 819 799 788 770 770
09 20 756 750 745 739 739 734 730 734 752 799 824 849 878 887 896 891 896 878 849 819 799 788 770 770
09 21 752 750 745 739 734 734 730 734 752 799 824 849 878 887 896 891 891 878 844 819 795 781 770 770
09 22 752 750 739 739 734 729 729 734 752 790 824 842 869 880 891 889 891 874 842 810 790 779 770 761
09 23 752 748 739 734 730 727 720 730 750 790 810 842 860 876 880 880 880 871 842 810 788 770 770 759
09 24 752 739 739 734 730 720 720 729 748 788 810 840 860 869 880 878 880 869 842 810 788 770 770 759
09 25 752 739 739 734 730 720 720 720 743 781 810 838 860 860 878 878 878 865 840 806 788 770 768 752
09 26 752 739 734 734 730 720 716 720 741 775 806 831 860 860 878 878 878 860 840 806 786 770 759 752
09 27 750 739 734 730 729 720 716 720 739 775 806 831 851 860 878 878 878 860 838 806 786 770 759 752
09 28 750 739 734 730 725 720 716 718 739 770 806 829 849 860 878 871 871 860 829 793 779 759 752 752
09 29 739 734 730 725 720 716 716 716 734 770 806 824 849 860 878 871 871 860 829 790 770 759 752 750
09 30 739 730 729 720 716 716 712 712 734 761 806 824 842 860 869 876 869 849 820 788 770 752 752 734
10 01 734 729 720 716 716 711 711 709 734 759 801 824 842 858 860 871 860 846 810 781 770 752 739 734
10 02 730 720 716 716 711 709 702 702 720 752 790 820 840 849 860 865 860 842 806 781 759 752 739 734
10 03 729 716 716 716 711 703 700 700 720 752 788 811 829 846 860 860 860 842 806 770 759 752 739 734
10 04 720 716 716 711 705 700 700 700 716 752 788 810 826 842 860 860 849 829 801 770 752 750 734 727
10 05 716 716 711 700 700 698 698 698 716 750 781 806 824 842 849 853 847 829 801 759 752 745 734 720
10 06 716 716 711 700 700 698 691 691 711 739 781 806 824 840 849 849 842 829 790 759 752 739 734 720
10 07 716 716 711 700 700 698 691 691 711 739 781 806 824 840 849 849 842 829 790 759 752 739 734 720
10 08 716 711 707 700 698 691 691 689 707 739 781 806 824 840 849 849 846 829 790 759 752 739 730 716
10 09 711 709 700 698 698 691 689 685 700 738 779 806 824 840 849 849 844 826 788 756 750 734 730 716
10 10 700 700 698 698 691 680 680 680 700 734 779 801 820 829 842 842 842 824 788 752 747 734 729 716
10 11 700 700 698 691 691 680 680 680 700 734 770 801 819 829 842 842 842 824 788 752 739 730 720 711
10 12 700 698 691 691 691 680 680 680 698 730 759 790 810 824 840 840 840 820 781 752 736 730 720 711
10 13 700 698 691 684 680 680 680 669 691 720 752 788 810 824 835 829 829 810 770 750 734 729 716 711
10 14 700 698 689 680 680 680 669 669 691 720 752 788 810 824 829 829 824 808 770 750 730 720 716 700
10 15 698 691 682 680 680 669 669 669 680 711 752 786 806 820 829 824 820 801 761 739 729 720 711 700
10 16 698 689 680 680 676 667 666 669 680 711 752 783 806 819 828 824 820 801 761 739 720 716 711 700
10 17 698 689 680 680 673 666 662 662 680 711 750 781 806 815 820 824 810 790 759 739 716 716 700 698
10 18 691 680 680 673 666 660 662 660 669 700 750 772 801 806 810 820 810 790 759 730 716 711 698 698
10 19 689 680 669 666 660 651 658 649 666 698 741 770 793 806 810 810 810 790 759 734 716 711 698 698
10 20 685 680 669 666 660 649 660 649 667 698 739 770 792 806 810 810 810 790 759 730 711 711 698 691
10 21 680 680 669 662 660 649 649 649 662 698 739 770 790 801 810 810 806 788 750 730 711 709 698 680
10 22 680 680 662 662 649 649 649 649 660 698 738 770 788 801 806 810 801 788 750 727 711 700 691 680
10 23 678 669 662 660 649 649 649 649 660 698 734 759 788 799 806 806 801 781 750 727 711 700 693 680
10 24 680 669 662 660 649 649 649 649 660 691 734 754 781 790 806 806 801 781 750 720 711 698 691 680
10 25 678 669 662 660 649 649 649 649 660 691 730 752 781 790 802 804 801 775 741 716 703 698 682 680
10 26 669 662 662 658 649 649 644 644 658 691 730 752 781 788 801 801 792 770 736 716 700 691 680 680
10 27 669 662 662 658 649 644 644 644 649 687 730 752 781 788 799 801 790 770 729 711 698 691 680 669
10 28 662 660 660 649 649 644 644 639 649 680 720 750 779 788 790 790 788 770 720 700 698 680 680 669
10 29 658 660 658 649 649 644 639 639 649 680 720 750 770 788 790 790 788 763 720 700 693 680 680 669
10 30 660 660 658 649 649 644 644 639 649 680 720 750 770 781 790 790 781 759 720 700 691 680 680 664
10 31 658 658 658 649 649 644 639 639 649 680 711 739 770 781 788 788 781 752 716 700 691 680 669 662
11 01 658 649 649 644 644 640 630 635 649 669 700 734 759 779 788 788 775 752 716 698 680 680 669 662
11 02 658 649 649 644 644 640 630 630 644 669 700 734 759 779 788 788 775 752 716 698 689 680 669 662
11 03 658 649 649 649 649 640 630 630 644 669 700 732 759 772 781 781 770 750 711 698 680 680 669 662
11 04 649 649 644 644 644 640 630 630 639 662 700 730 759 770 781 781 770 739 711 691 680 669 662 660
11 05 649 644 644 640 630 639 626 626 630 662 700 730 757 770 781 774 770 739 711 691 680 669 662 660
11 06 649 649 644 644 640 639 626 626 630 660 698 730 752 770 781 770 770 739 711 689 680 669 662 660
11 07 649 644 644 640 639 639 626 626 626 660 698 730 752 770 781 774 770 739 711 680 680 669 662 660
11 08 649 649 644 640 630 630 626 621 626 660 698 730 752 770 774 770 770 734 711 689 680 669 662 660
11 09 649 644 640 640 630 630 626 621 626 658 698 729 750 770 770 770 761 734 700 685 680 669 662 649
11 10 644 644 640 639 628 626 621 610 626 649 691 718 748 765 770 770 759 734 700 680 680 669 660 649
11 11 644 640 639 630 626 621 610 610 621 644 680 716 734 759 770 770 752 730 700 680 669 662 660 649
11 12 640 639 639 630 626 621 610 610 621 644 680 711 734 752 770 770 752 727 700 669 669 662 649 649
11 13 639 630 630 630 626 621 610 610 621 644 680 711 734 752 759 770 752 720 698 669 669 660 649 644
11 14 630 630 630 630 621 619 610 608 621 640 671 703 730 752 759 759 752 720 698 669 662 660 649 644
11 15 630 630 630 630 626 621 610 610 621 644 680 700 730 752 759 759 750 720 696 669 662 653 644 640
11 16 630 626 626 626 621 619 610 610 621 644 673 700 729 741 752 752 739 716 691 662 662 649 644 640
11 17 628 626 626 626 621 619 610 608 621 640 669 700 729 739 752 752 739 711 684 662 660 649 640 630
11 18 626 621 621 610 610 608 601 597 610 630 669 698 720 734 748 752 734 711 680 662 660 644 639 630
11 19 626 624 626 621 619 610 608 601 613 639 662 696 720 734 750 752 738 711 680 662 660 649 644 630
11 20 630 626 626 626 621 619 610 608 619 630 662 698 720 739 752 752 739 711 680 662 660 649 644 630
11 21 630 626 626 626 621 621 619 610 621 644 671 700 729 739 752 752 739 711 685 669 662 653 649 644
11 22 630 630 626 630 626 626 621 621 626 644 669 698 720 734 752 752 738 711 680 669 660 653 644 630
11 23 630 626 626 626 621 622 621 621 621 640 669 698 720 734 750 752 738 711 680 669 660 653 644 639
11 24 630 626 626 626 621 626 621 621 621 630 662 698 720 734 745 750 734 711 680 669 660 649 644 639
11 25 630 626 626 626 621 622 621 610 621 630 662 698 720 734 739 739 734 711 680 669 660 653 644 640
11 26 630 626 626 626 622 626 621 621 621 630 662 698 720 734 739 739 734 711 680 669 660 653 644 640
11 27 630 626 626 626 621 626 621 621 621 630 662 698 720 739 739 739 734 702 680 669 660 658 649 640
11 28 630 630 626 626 622 626 621 621 621 630 662 696 720 734 739 739 734 700 680 669 658 649 649 639
11 29 630 630 626 626 622 626 621 621 621 630 662 696 718 734 739 739 734 700 680 669 649 649 644 630
11 30 630 626 626 621 619 621 621 610 610 626 658 691 720 734 739 750 734 700 680 667 649 646 640 630
12 01 630 626 626 626 621 621 621 610 610 626 658 691 716 734 739 739 734 700 680 667 649 644 640 630
12 02 630 626 626 621 612 619 619 610 608 621 649 680 716 730 734 739 730 700 680 662 649 646 640 639
12 03 630 626 626 621 610 619 621 621 610 626 649 689 716 730 734 739 730 700 680 667 649 646 640 630
12 04 621 610 610 613 608 610 610 608 608 621 644 680 716 730 734 734 730 700 680 662 644 640 630 621
12 05 612 610 608 608 608 608 608 599 601 619 644 680 714 723 730 734 725 698 662 649 640 630 626 621
12 06 610 601 606 599 590 590 590 590 590 608 639 669 700 716 729 723 720 698 660 640 626 626 617 619
12 07 590 592 590 590 590 579 579 572 579 603 630 662 698 716 723 720 716 698 658 635 626 626 610 610
12 08 590 590 590 590 579 577 572 572 572 601 626 655 680 707 716 716 711 691 649 630 621 610 608 608
12 09 590 590 590 568 568 568 554 556 565 590 621 644 669 700 711 711 709 680 644 626 619 601 599 590
12 10 583 579 581 568 559 568 554 554 561 590 621 644 669 698 711 711 709 680 640 626 610 601 590 581
12 11 572 579 568 554 554 554 549 554 550 590 612 644 669 698 711 711 709 680 640 621 608 590 590 577
12 12 572 572 561 552 550 554 547 540 547 579 608 644 667 698 700 711 700 680 640 610 608 590 590 577
12 13 570 570 554 540 550 550 545 540 550 579 610 640 662 682 696 700 691 662 637 610 601 588 590 572
12 14 559 559 554 540 545 545 540 540 540 572 608 630 662 680 680 691 680 660 639 608 601 590 590 572
12 15 559 559 554 550 545 545 545 540 547 572 608 630 660 676 680 691 680 660 630 608 601 588 579 572
12 16 568 559 554 550 545 549 547 554 559 576 608 630 660 680 680 691 680 660 639 610 601 590 590 579
12 17 572 574 561 554 550 550 550 559 570 579 608 630 660 680 680 691 680 660 630 608 601 590 579 572
12 18 572 572 554 552 550 550 550 556 559 576 608 626 649 669 669 680 680 649 621 601 599 590 572 570
12 19 568 570 554 552 545 550 550 556 570 576 608 626 649 669 669 680 680 644 610 590 590 572 572 559
12 20 559 550 549 540 540 532 536 540 547 570 585 626 644 669 669 680 669 644 610 590 579 572 570 554
12 21 550 550 540 531 540 531 536 538 540 570 579 624 640 669 669 669 669 644 610 590 590 572 570 554
12 22 550 550 549 540 540 531 536 540 540 570 579 621 640 662 669 669 666 640 610 590 590 572 570 559
12 23 554 559 550 550 550 550 554 559 570 572 579 621 630 662 662 669 662 637 608 590 590 572 570 568
12 24 559 568 554 550 550 550 554 559 570 572 579 619 630 662 662 680 669 640 610 599 590 572 572 570
12 25 554 570 554 550 550 549 550 559 570 579 601 621 630 662 669 680 680 640 610 590 579 572 559 570
12 26 550 559 550 550 550 549 550 554 559 572 579 610 630 662 662 680 669 640 608 590 572 570 572 572
12 27 554 570 554 559 550 550 554 554 554 572 579 610 630 662 669 680 669 639 610 590 590 570 559 570
12 28 554 570 554 559 550 554 554 554 554 572 590 626 639 669 680 680 680 644 621 599 590 572 572 572
12 29 572 572 570 570 559 554 554 559 570 579 608 639 660 680 680 680 680 660 630 608 590 590 579 590
12 30 590 579 579 572 559 554 554 559 554 579 604 639 660 680 680 689 680 660 630 608 590 590 579 590
12 31 590 590 579 572 567 559 559 559 559 572 608 626 660 680 680 680 680 660 630 608 590 590 572 590
