01 01 -9999 331 320 320 309 309 302 309 309 309 320 340 360 370 374 379 379 360 351 340 338 338 338 338
01 02 -9999 331 320 320 309 311 309 309 309 309 320 340 360 370 374 379 379 360 351 340 331 338 331 331
01 03 -9999 331 320 320 309 309 309 309 309 309 320 351 360 370 374 379 379 360 351 340 338 338 331 331
01 04 -9999 320 320 320 309 309 309 320 320 320 331 351 360 370 374 390 379 370 356 351 340 340 338 340
01 05 -9999 331 320 320 311 320 309 320 320 320 331 351 370 370 390 390 379 370 360 351 340 340 340 340
01 06 -9999 331 331 320 320 320 320 331 320 320 331 356 370 379 390 392 390 370 360 351 340 340 340 340
01 07 -9999 331 331 320 320 320 320 331 320 320 331 356 370 379 390 392 390 370 360 351 340 340 340 340
01 08 -9999 331 331 320 320 320 331 338 320 320 331 360 370 390 399 399 390 374 360 356 340 351 340 340
01 09 -9999 331 331 320 320 320 331 338 320 320 338 360 370 390 392 399 390 374 360 356 351 351 340 340
01 10 -9999 331 331 320 320 320 331 331 320 320 338 360 370 390 392 399 390 374 360 356 340 340 340 340
01 11 -9999 331 331 320 320 320 320 331 320 320 331 356 370 379 390 390 390 374 360 351 340 340 340 331
01 12 -9999 320 320 320 311 311 309 320 320 320 331 351 370 379 390 390 379 370 360 351 340 331 331 331
01 13 -9999 320 320 309 320 309 309 320 320 320 331 351 370 379 390 390 379 370 356 340 338 331 331 320
01 14 -9999 320 320 309 309 309 309 309 309 309 331 351 360 379 390 390 379 370 351 340 331 331 331 320
01 15 -9999 320 320 309 309 309 309 311 309 300 320 351 360 370 379 390 379 370 351 331 331 320 320 320
01 16 -9999 320 311 309 309 309 309 309 309 300 320 331 351 360 374 379 374 370 340 340 331 320 320 320
01 17 -9999 311 320 309 302 300 300 309 300 300 320 331 340 360 370 374 370 360 340 331 331 320 320 320
01 18 -9999 311 311 309 302 300 300 302 300 300 311 320 340 356 370 370 360 356 331 331 331 320 320 320
01 19 -9999 311 311 309 302 300 300 300 300 289 302 320 338 340 360 360 351 340 320 320 320 320 309 309
01 20 -9999 311 311 302 300 300 300 300 300 289 302 320 338 351 360 360 356 340 331 320 320 320 309 309
01 21 -9999 309 309 300 300 300 300 300 300 289 300 320 338 351 351 360 356 340 331 320 320 320 309 309
01 22 -9999 309 309 300 300 300 300 300 300 289 309 320 340 351 351 360 356 340 331 331 320 320 309 309
01 23 -9999 309 309 309 300 300 300 309 300 291 320 331 340 356 360 360 360 356 338 338 320 320 320 320
01 24 -9999 311 311 309 302 300 302 309 300 300 320 338 351 360 370 370 370 360 340 340 331 331 331 320
01 25 -9999 320 320 309 309 309 309 320 309 309 320 340 351 360 374 374 379 370 351 340 340 331 331 320
01 26 -9999 320 320 320 320 309 309 320 309 309 320 340 356 370 374 374 379 370 351 340 340 338 331 331
01 27 -9999 320 320 320 320 311 311 320 309 309 320 340 356 370 374 374 379 374 351 340 340 340 338 338
01 28 -9999 320 331 320 320 311 311 320 309 311 320 340 370 374 379 379 379 379 360 351 351 340 340 340
01 29 -9999 331 331 331 320 320 320 320 309 311 331 340 370 374 379 379 390 379 370 351 351 351 351 340
01 30 -9999 338 331 331 320 320 320 320 311 320 331 356 379 390 399 399 399 390 370 360 356 351 351 351
01 31 -9999 338 331 331 331 320 320 320 311 320 331 370 379 399 399 399 399 390 370 360 360 356 351 351
02 01 -9999 340 331 338 331 320 331 320 320 320 338 370 390 399 399 399 410 399 370 360 360 356 356 351
02 02 -9999 340 338 340 331 320 331 320 320 320 340 370 390 399 410 410 410 399 370 360 356 351 351 351
02 03 -9999 340 331 338 331 320 320 320 320 320 340 370 390 399 399 410 410 399 370 360 356 351 351 340
02 04 -9999 338 331 338 331 320 331 320 320 320 340 370 390 399 410 410 410 399 370 360 356 340 351 351
02 05 -9999 338 331 338 331 320 320 320 320 320 340 370 390 399 410 399 410 399 370 360 356 340 351 351
02 06 -9999 340 331 338 331 320 320 320 320 320 340 370 390 399 410 410 410 410 379 370 360 351 356 351
02 07 -9999 340 331 340 331 320 320 320 311 320 340 360 379 399 399 410 410 399 374 360 356 340 351 340
02 08 -9999 331 331 331 331 320 320 320 309 309 338 360 379 399 410 410 410 410 379 370 351 340 351 340
02 09 -9999 338 331 331 331 320 320 320 309 309 331 356 379 392 410 410 410 399 379 360 351 340 340 340
02 10 -9999 331 331 331 331 320 320 320 309 309 331 356 379 392 399 410 410 410 379 370 351 340 340 340
02 11 -9999 331 331 331 331 320 320 320 309 320 338 360 379 392 410 410 410 410 379 370 351 340 340 340
02 12 -9999 331 331 331 331 320 320 331 320 320 340 360 379 392 410 410 410 399 379 370 351 340 340 340
02 13 -9999 340 331 331 331 331 331 331 320 320 340 360 379 399 410 421 421 410 379 370 351 351 351 340
02 14 -9999 340 340 340 340 338 331 331 331 331 340 360 390 399 410 421 421 410 379 370 351 351 351 351
02 15 -9999 340 340 340 340 340 338 331 331 331 351 360 390 399 410 421 421 410 379 370 351 351 351 351
02 16 -9999 340 340 340 340 340 331 331 331 331 351 360 390 399 410 421 421 410 390 370 360 351 351 351
02 17 -9999 340 340 340 340 338 331 331 331 331 351 360 390 399 410 421 421 410 390 370 360 351 351 351
02 18 -9999 351 340 351 340 340 340 331 331 338 356 374 392 399 421 421 428 421 390 374 360 356 360 356
02 19 -9999 351 351 351 351 351 340 331 331 338 356 379 392 410 421 428 428 421 392 379 370 360 360 356
02 20 -9999 351 351 351 351 351 340 340 331 340 360 379 399 410 421 430 430 421 399 379 370 360 360 356
02 21 -9999 351 351 351 351 351 340 340 331 340 360 390 399 410 421 430 430 421 399 379 370 360 360 356
02 22 -9999 356 356 356 351 351 340 340 338 351 360 392 399 421 430 441 441 430 410 379 370 360 360 360
02 23 -9999 356 356 356 351 351 340 340 338 351 370 392 410 428 441 446 441 430 410 390 370 360 360 360
02 24 -9999 356 356 356 351 351 340 340 338 351 370 399 410 430 441 450 446 430 421 390 374 370 370 370
02 25 -9999 360 360 360 351 351 340 340 338 351 370 399 421 441 441 460 450 441 421 390 374 370 370 370
02 26 -9999 360 356 360 351 356 340 340 340 351 370 399 428 441 450 460 460 450 421 390 379 370 374 370
02 27 -9999 360 356 360 351 351 340 340 340 351 374 410 430 450 460 464 469 450 428 390 379 370 374 370
02 28 -9999 360 356 356 351 351 340 340 340 356 379 410 430 450 460 464 469 450 430 392 379 370 370 360
03 01 -9999 351 351 356 351 340 340 338 338 351 374 399 421 441 450 460 460 450 430 390 379 370 370 360
03 02 -9999 351 351 351 340 340 340 331 338 351 379 399 421 441 460 464 469 460 430 399 379 370 374 370
03 03 -9999 356 356 356 351 351 340 338 340 356 390 410 430 450 469 469 480 469 430 399 390 379 379 370
03 04 -9999 360 356 360 351 351 340 340 340 360 390 410 441 460 469 480 480 469 430 399 390 379 379 370
03 05 -9999 360 360 360 351 351 340 340 351 360 390 421 441 460 469 480 480 469 441 399 390 379 379 370
03 06 -9999 360 356 356 351 351 340 340 340 360 390 421 441 460 469 480 480 469 441 399 390 379 379 370
03 07 -9999 360 356 360 351 351 340 340 340 360 392 421 441 460 469 480 480 469 441 410 390 379 379 370
03 08 -9999 360 356 360 351 351 340 340 340 370 399 430 450 464 480 489 489 469 441 410 390 379 379 370
03 09 -9999 360 356 360 351 351 340 340 340 370 399 430 450 469 480 489 489 469 441 410 390 379 379 370
03 10 -9999 360 360 360 351 351 340 340 351 370 410 430 450 469 480 489 500 480 460 410 399 379 379 370
03 11 -9999 360 360 360 356 351 340 340 351 374 410 430 450 480 482 500 500 480 460 421 399 379 379 370
03 12 -9999 360 360 360 356 351 351 340 351 374 410 430 460 480 489 500 500 500 469 428 399 390 379 370
03 13 -9999 360 360 360 356 351 340 340 351 374 410 430 460 482 489 500 500 500 469 428 410 390 379 374
03 14 -9999 360 360 360 356 351 340 340 351 374 410 441 460 489 489 500 500 500 480 430 410 392 379 374
03 15 -9999 370 360 360 360 351 351 351 351 379 421 441 469 489 500 500 511 500 480 441 410 392 379 379
03 16 -9999 370 360 360 360 351 351 351 356 379 421 450 480 500 511 520 520 511 500 450 428 399 390 379
03 17 -9999 370 370 370 360 360 351 351 360 390 428 460 480 500 520 531 531 520 500 450 430 399 392 379
03 18 -9999 374 370 370 360 360 356 356 360 390 430 460 482 500 520 531 531 520 511 464 441 410 399 390
03 19 -9999 379 374 374 370 360 360 356 370 399 430 460 489 500 520 531 531 520 511 469 441 410 399 390
03 20 -9999 379 374 379 370 360 360 356 370 392 430 460 489 511 531 531 531 531 511 469 441 421 399 390
03 21 -9999 390 379 379 374 370 360 360 370 399 441 469 500 520 531 536 540 531 518 469 446 428 399 392
03 22 -9999 390 379 379 374 370 370 360 370 410 441 480 500 520 536 540 550 536 518 480 446 428 410 392
03 23 -9999 392 379 379 374 374 370 360 374 410 446 480 500 531 540 550 550 540 520 482 450 430 410 399
03 24 -9999 392 390 379 379 379 374 370 379 410 450 482 511 536 540 559 559 550 531 489 460 430 410 410
03 25 -9999 399 392 390 379 379 374 374 390 421 460 489 518 540 550 559 570 559 536 500 460 441 428 421
03 26 -9999 399 392 392 390 390 390 379 390 428 460 500 518 540 550 570 570 559 540 500 464 441 430 421
03 27 -9999 410 399 392 392 390 390 379 392 428 464 500 531 550 570 570 572 570 550 500 469 446 441 428
03 28 -9999 410 399 399 392 390 390 379 399 430 469 500 536 559 579 590 590 579 570 518 480 450 441 428
03 29 -9999 410 410 399 392 392 390 392 410 441 480 511 540 572 579 590 590 579 572 520 489 464 446 430
03 30 -9999 428 410 410 399 399 392 392 410 450 489 520 554 579 590 610 610 601 579 536 500 480 450 441
03 31 -9999 430 410 410 410 399 399 399 421 464 500 531 559 590 601 621 621 621 590 550 500 480 460 446
04 01 441 430 421 410 410 410 399 399 428 464 500 536 570 590 601 626 621 621 601 550 511 480 460 450
04 02 -9999 441 428 421 410 410 399 410 430 469 511 540 572 601 608 630 630 621 601 554 511 482 469 450
04 03 -9999 441 430 421 421 410 410 410 430 469 520 550 579 601 621 630 630 626 601 559 511 489 469 460
04 04 -9999 441 430 430 421 421 410 410 430 480 520 554 590 610 626 640 640 630 610 570 520 489 480 464
04 05 -9999 450 441 430 421 421 410 421 441 480 531 559 590 610 630 644 649 640 621 579 531 500 480 469
04 06 -9999 450 441 441 430 430 421 421 450 489 531 570 590 610 630 649 649 640 630 579 540 500 489 480
04 07 -9999 460 450 441 430 430 421 430 460 500 540 590 601 626 640 649 649 649 630 590 550 511 500 489
04 08 -9999 464 450 441 441 430 430 441 460 518 550 590 621 640 649 660 660 649 640 601 550 520 511 500
04 09 -9999 469 460 460 441 441 430 441 469 520 570 601 630 640 660 662 660 660 640 610 550 531 511 500
04 10 -9999 469 469 460 450 441 430 441 480 531 570 610 640 649 669 680 669 660 649 621 570 540 520 500
04 11 -9999 482 480 469 460 450 450 450 489 531 579 621 649 662 680 680 680 680 662 621 570 540 520 511
04 12 -9999 489 480 469 460 450 450 450 489 540 590 630 649 680 691 691 691 680 669 621 579 540 531 511
04 13 500 500 480 469 464 460 450 450 489 540 590 630 649 680 691 691 691 680 669 630 579 550 531 518
04 14 500 500 482 469 469 460 450 450 500 540 590 630 660 680 698 700 700 691 680 640 579 550 531 520
04 15 500 500 489 480 469 460 450 450 500 550 601 640 660 691 700 711 711 700 680 649 601 559 540 520
04 16 511 500 489 482 469 464 460 469 511 554 610 649 669 691 711 711 711 711 691 649 610 572 550 531
04 17 520 511 500 482 480 469 460 480 520 570 610 649 680 698 711 711 711 711 698 649 610 579 554 536
04 18 520 511 500 489 482 469 469 482 531 572 621 649 680 700 711 711 720 716 700 660 610 590 559 540
04 19 531 520 511 500 482 482 480 489 531 579 621 660 680 700 711 711 716 711 700 660 610 590 559 540
04 20 531 520 511 500 489 482 480 489 531 579 621 660 680 700 720 711 720 716 700 662 621 590 559 550
04 21 536 520 511 500 489 482 482 489 540 590 626 662 691 700 720 730 720 720 711 680 630 590 570 559
04 22 540 531 511 511 500 489 489 500 540 590 640 669 691 711 730 730 730 720 711 680 630 590 570 559
04 23 550 531 518 511 500 500 489 500 550 601 640 669 698 711 730 734 730 730 711 680 640 590 570 559
04 24 550 536 520 511 511 500 489 500 550 608 640 669 698 711 730 734 730 730 716 691 640 590 572 559
04 25 554 536 520 518 511 500 500 500 554 608 644 669 698 711 730 734 730 720 711 691 640 601 579 570
04 26 554 540 520 520 511 500 500 511 554 610 649 680 700 730 734 734 734 730 716 698 644 608 590 570
04 27 559 540 531 520 518 511 500 520 559 610 649 680 700 730 739 739 739 734 720 698 649 610 590 572
04 28 559 540 536 536 520 511 511 531 570 610 649 680 711 734 739 739 739 739 720 698 649 610 590 572
04 29 570 550 550 536 531 518 511 531 570 621 660 691 711 734 739 750 750 739 720 700 660 610 590 579
04 30 570 559 554 540 536 531 520 536 572 621 660 691 711 734 739 750 750 739 730 700 660 610 590 579
05 01 570 554 550 540 531 531 520 536 572 621 660 691 711 734 739 750 750 739 730 700 660 621 601 579
05 02 570 559 559 550 536 531 531 540 572 626 662 700 720 739 750 750 750 750 734 700 662 626 601 590
05 03 572 559 559 550 540 536 531 540 579 630 669 700 720 739 752 750 750 750 734 711 680 630 608 590
05 04 579 572 559 554 540 536 531 550 590 630 669 700 730 750 752 752 752 752 739 716 680 640 610 590
05 05 590 579 572 559 550 540 531 550 590 630 680 711 730 752 759 752 752 752 739 720 680 640 621 590
05 06 601 579 572 559 550 540 531 550 590 630 680 711 730 750 759 752 752 752 739 720 680 640 621 601
05 07 601 579 572 559 550 540 536 550 590 640 680 711 730 750 759 752 752 752 739 720 691 644 621 601
05 08 601 579 572 570 554 540 536 554 590 640 680 711 730 750 752 752 752 752 739 720 691 649 626 608
05 09 608 590 579 570 559 540 536 554 590 640 680 711 730 759 759 759 759 759 750 730 691 649 630 610
05 10 601 590 579 572 559 540 540 559 601 649 691 711 739 759 759 759 770 770 752 730 698 660 630 610
05 11 601 590 579 572 559 550 550 570 608 660 700 730 739 759 770 770 781 770 752 734 700 660 630 610
05 12 601 590 579 572 559 550 550 570 608 660 700 730 750 759 770 781 781 770 759 739 700 660 630 610
05 13 608 590 579 572 559 550 550 570 610 660 700 730 752 759 781 781 781 770 759 739 700 662 640 621
05 14 610 590 579 572 559 554 550 570 621 662 700 734 752 759 781 781 781 770 759 739 711 669 640 621
05 15 610 590 579 579 570 554 554 579 621 662 711 734 752 770 781 788 781 770 759 739 711 669 640 621
05 16 610 590 590 579 570 559 554 579 621 662 711 734 752 770 781 788 781 781 759 739 711 669 640 621
05 17 610 590 590 579 570 559 554 579 621 669 700 730 750 759 770 781 781 770 759 739 700 669 640 621
05 18 610 590 590 579 570 554 554 579 621 669 700 730 750 759 781 781 781 770 759 739 711 669 640 621
05 19 608 590 590 579 570 559 554 579 621 669 711 730 750 770 781 781 788 781 770 750 720 680 644 630
05 20 610 590 590 579 570 559 554 579 626 680 711 734 750 770 781 790 788 781 770 750 720 680 649 630
05 21 610 601 590 579 570 559 554 590 630 680 711 734 752 770 781 790 790 790 781 750 720 680 649 630
05 22 610 601 590 579 570 570 559 590 630 680 711 739 752 770 781 790 790 790 781 759 730 680 660 640
05 23 621 601 590 590 579 570 570 590 640 680 716 750 759 781 788 801 801 801 788 770 730 691 660 640
05 24 621 608 601 590 579 570 572 590 640 691 720 750 770 788 801 801 801 806 790 770 739 691 660 649
05 25 630 610 601 590 579 579 579 601 649 698 730 750 770 781 801 801 801 801 790 770 734 691 660 644
05 26 630 610 601 590 579 579 579 601 649 691 730 752 770 781 801 801 801 806 790 770 739 691 660 644
05 27 630 610 608 601 590 579 579 610 660 700 730 752 770 788 801 801 801 806 790 770 739 698 662 649
05 28 640 621 610 601 590 579 590 610 660 700 734 752 770 790 801 801 810 806 790 770 739 700 669 649
05 29 640 621 610 601 590 590 590 610 660 700 734 752 770 790 801 801 810 806 790 770 739 700 669 649
05 30 640 621 610 610 601 590 590 621 662 711 739 770 781 790 810 810 810 810 790 781 739 711 669 660
05 31 640 626 621 610 608 601 601 630 669 716 739 770 781 790 810 810 820 810 801 781 750 711 680 660
06 01 644 630 626 621 610 608 608 630 669 716 750 770 790 806 810 820 824 820 806 781 750 711 680 660
06 02 649 630 626 621 610 608 608 640 669 716 750 781 801 810 820 824 829 820 810 781 752 711 680 669
06 03 660 640 630 626 621 610 610 640 680 720 752 788 810 824 840 840 842 829 820 801 759 720 698 669
06 04 669 649 644 630 621 610 621 649 680 730 759 790 820 829 840 842 849 840 829 810 770 734 700 680
06 05 669 649 644 630 626 621 621 649 680 730 759 790 810 829 840 840 849 840 829 810 770 730 700 680
06 06 669 649 644 630 626 621 621 649 680 730 759 790 810 829 840 840 849 840 829 806 770 730 698 680
06 07 669 649 644 630 626 621 621 649 680 730 759 790 820 829 840 840 849 840 829 806 770 730 700 680
06 08 669 649 644 630 621 621 621 649 680 730 759 790 810 824 840 840 842 829 824 801 759 730 700 680
06 09 669 649 644 630 621 621 621 649 691 730 759 790 810 829 840 840 849 840 829 806 770 734 700 691
06 10 669 649 644 630 630 621 621 649 691 730 770 801 820 829 840 840 849 840 829 806 770 734 700 691
06 11 669 649 644 630 630 621 626 660 691 730 770 801 820 829 840 842 849 840 829 810 781 734 700 691
06 12 680 649 649 630 630 621 630 660 698 734 770 806 820 829 842 849 849 840 829 820 790 739 700 691
06 13 680 660 649 630 630 626 630 662 700 739 781 806 824 840 849 860 860 849 829 820 790 739 716 698
06 14 680 662 649 640 640 630 630 669 700 739 781 806 824 840 849 860 849 849 840 820 790 739 720 700
06 15 680 669 660 640 640 630 640 669 711 739 781 806 824 840 849 860 849 849 829 820 790 739 720 700
06 16 680 669 660 649 644 640 640 669 711 750 781 806 824 829 849 860 849 849 840 820 790 739 730 700
06 17 680 669 660 649 644 640 644 669 711 750 781 806 829 840 860 860 860 849 840 820 790 750 730 711
06 18 691 680 662 660 649 644 649 680 711 750 781 810 820 840 860 860 860 849 840 820 790 750 730 700
06 19 691 680 660 660 649 644 649 680 711 750 781 806 820 840 860 860 860 849 840 820 790 750 720 700
06 20 691 680 660 660 649 644 649 680 720 750 788 810 820 840 860 860 871 860 840 820 790 750 730 711
06 21 691 680 662 662 649 649 649 680 720 750 788 810 820 840 860 860 871 860 842 820 790 750 730 711
06 22 691 680 669 669 660 649 660 680 720 750 788 820 829 840 860 860 871 860 842 820 790 750 730 711
06 23 691 680 680 669 660 649 660 680 720 750 790 820 829 840 860 860 871 871 860 829 790 752 730 711
06 24 700 680 680 669 660 660 660 691 720 759 790 820 829 849 860 871 871 871 860 840 790 759 730 711
06 25 700 691 680 680 669 660 669 691 730 759 790 820 829 849 860 871 871 871 860 840 801 759 730 711
06 26 700 691 691 680 669 660 669 691 720 759 790 820 829 840 860 860 871 860 849 840 801 759 730 711
06 27 700 691 691 680 669 660 669 691 730 759 790 810 829 840 860 860 871 860 849 840 801 759 739 711
06 28 700 691 691 680 669 660 669 691 730 759 790 810 829 840 860 871 878 871 860 840 801 759 739 711
06 29 700 691 691 691 680 660 680 691 730 759 790 820 829 849 860 871 880 871 860 840 806 759 739 716
06 30 700 691 691 691 680 662 680 691 730 759 790 820 840 849 871 871 880 878 871 842 810 770 739 720
07 01 700 698 691 691 680 662 680 691 730 759 790 820 840 849 871 880 880 880 871 842 810 770 739 720
07 02 700 698 691 691 680 662 680 698 730 770 801 820 840 860 871 880 880 878 871 842 810 770 739 720
07 03 700 700 698 691 680 662 680 700 734 770 801 824 840 860 871 880 880 880 871 849 810 770 739 730
07 04 700 700 698 691 680 669 680 700 734 770 801 824 840 860 871 880 880 880 871 849 810 770 739 730
07 05 700 698 698 691 680 669 680 698 730 770 801 824 840 860 880 880 880 880 871 849 810 770 739 730
07 06 700 698 698 691 680 669 680 700 734 770 801 829 849 871 880 891 891 880 871 849 810 770 739 720
07 07 700 698 698 691 680 669 680 700 734 770 806 829 849 871 880 891 891 891 880 849 810 770 750 730
07 08 711 700 700 691 680 669 680 700 739 770 806 829 860 871 891 896 891 891 880 849 810 770 750 730
07 09 711 700 698 691 680 669 680 700 739 781 810 840 860 878 891 896 896 896 880 849 810 770 739 730
07 10 711 698 698 691 680 669 680 700 739 781 810 840 860 878 891 896 896 896 878 849 810 770 739 730
07 11 711 700 698 691 680 669 680 700 739 781 810 840 860 880 891 900 896 896 880 849 810 770 739 730
07 12 716 700 698 691 680 680 680 700 739 781 810 840 860 880 891 900 896 896 880 849 810 770 739 730
07 13 716 700 698 691 680 680 680 700 739 781 810 840 860 880 891 896 896 896 880 849 810 770 739 730
07 14 716 711 698 691 680 680 680 700 739 781 810 840 860 878 891 896 896 896 880 849 810 770 739 730
07 15 716 700 698 691 680 680 680 700 734 781 810 840 860 878 891 900 900 896 880 849 810 770 739 730
07 16 720 711 700 698 680 680 680 700 734 781 810 840 860 880 896 900 900 896 880 860 810 770 739 730
07 17 720 711 711 698 691 680 680 700 734 770 810 840 860 880 896 900 900 896 880 860 810 770 750 730
07 18 720 711 700 698 691 680 680 700 734 770 810 840 860 880 896 900 900 896 880 849 810 770 750 730
07 19 730 711 700 698 680 680 680 700 734 770 810 840 860 880 891 900 900 896 880 849 810 770 750 730
07 20 730 711 711 700 691 680 680 700 734 770 810 840 860 878 891 900 900 896 880 860 810 770 750 734
07 21 734 716 711 700 691 680 680 700 734 770 806 840 860 880 891 900 900 900 880 860 810 770 750 734
07 22 734 720 711 700 698 680 680 700 734 770 806 840 860 880 896 900 900 900 880 860 810 770 750 739
07 23 734 720 711 700 700 680 680 700 734 770 810 840 860 880 891 900 900 900 880 860 810 770 752 739
07 24 734 720 711 700 700 691 680 700 734 770 806 840 860 878 891 900 900 900 880 860 810 781 752 739
07 25 734 720 711 700 698 691 680 700 734 770 806 840 860 880 891 900 910 900 891 860 820 781 752 739
07 26 734 720 711 711 698 691 680 700 734 770 806 840 860 880 891 900 910 900 891 860 820 781 752 739
07 27 734 730 716 711 698 691 680 700 734 770 806 840 860 880 891 900 910 900 891 860 820 781 752 739
07 28 734 730 716 711 691 691 680 700 734 770 806 840 860 880 891 900 910 900 891 860 820 781 752 739
07 29 734 720 711 711 698 691 680 700 734 770 810 840 871 880 896 900 910 900 891 860 820 781 752 739
07 30 730 720 711 711 698 691 680 700 734 781 820 842 871 880 896 900 910 900 891 860 820 781 752 739
07 31 734 720 711 700 691 680 680 700 734 781 820 849 871 891 900 910 914 900 891 860 820 781 752 739
08 01 734 720 711 700 691 680 680 698 734 781 820 849 871 891 910 914 919 900 891 860 820 781 752 739
08 02 730 720 711 700 691 680 669 691 730 770 810 842 871 891 910 914 919 900 891 860 820 781 750 739
08 03 730 720 711 700 691 680 669 698 730 770 810 842 871 891 910 919 919 910 896 860 820 781 750 739
08 04 730 720 711 700 691 680 669 698 730 770 820 849 871 891 910 919 919 910 896 860 820 781 750 739
08 05 730 720 711 700 691 680 680 698 734 770 820 849 871 891 910 919 919 914 896 860 820 781 750 739
08 06 730 720 711 700 680 680 669 691 730 770 810 849 871 891 910 919 919 914 896 860 820 781 750 739
08 07 720 720 700 700 680 680 669 691 730 770 810 849 871 891 910 919 919 910 896 860 820 781 739 734
08 08 720 716 700 700 680 680 669 680 730 770 806 842 871 891 910 919 919 914 900 860 820 781 750 734
08 09 720 716 700 700 680 680 669 680 730 770 810 842 871 891 910 919 919 914 900 871 810 781 739 730
08 10 720 711 700 698 680 680 669 680 730 770 810 849 878 891 914 919 919 919 900 871 820 781 750 734
08 11 730 716 700 700 680 680 669 691 730 770 810 849 871 891 914 919 919 919 900 871 810 781 750 734
08 12 720 716 700 700 691 680 669 691 730 770 810 849 871 891 914 919 919 919 900 871 810 781 750 730
08 13 720 716 700 700 680 680 669 680 720 770 810 842 871 891 910 919 919 919 900 871 810 781 750 734
08 14 720 716 700 700 680 680 669 680 720 759 801 840 860 891 910 919 919 914 896 860 810 770 739 730
08 15 716 711 700 698 680 680 662 680 716 759 801 829 860 891 910 914 919 910 896 860 806 770 739 720
08 16 711 711 698 691 680 680 662 680 711 759 801 829 860 880 900 914 914 910 896 860 806 770 739 730
08 17 716 711 700 691 680 680 669 680 711 759 801 840 860 891 900 919 919 910 896 860 806 770 739 730
08 18 720 711 700 691 680 680 662 680 711 759 801 829 860 891 900 914 919 910 896 860 806 770 739 720
08 19 716 700 700 691 680 669 662 680 711 752 790 824 849 880 900 910 910 910 891 849 801 759 739 730
08 20 716 700 700 680 680 669 660 680 700 752 801 824 860 880 900 910 910 910 891 849 801 759 739 720
08 21 716 700 698 691 680 669 660 680 700 752 801 829 860 880 900 910 910 900 880 849 790 752 734 720
08 22 711 700 691 680 680 669 660 669 700 750 790 824 860 880 900 910 910 900 880 849 790 759 734 720
08 23 720 700 691 680 669 669 660 669 700 750 790 824 860 880 896 910 910 900 878 849 790 759 739 720
08 24 716 700 698 680 669 669 660 669 700 739 790 824 860 880 896 900 900 900 878 842 790 759 734 720
08 25 711 700 698 680 680 669 649 662 698 734 788 820 849 878 896 900 900 896 871 840 788 752 734 720
08 26 711 700 691 680 669 669 649 660 698 734 781 820 849 871 891 900 900 896 871 840 788 752 734 720
08 27 711 700 691 680 662 662 649 660 698 734 781 810 849 871 891 900 900 896 871 829 788 752 730 720
08 28 711 698 691 669 662 660 649 660 691 730 781 810 842 871 891 900 896 896 860 829 781 750 730 716
08 29 700 698 691 669 660 660 649 660 680 730 781 810 840 871 891 900 896 896 860 829 781 750 730 716
08 30 700 691 680 669 660 660 644 649 680 730 770 810 840 860 891 900 896 896 860 824 781 750 730 711
08 31 698 691 680 669 660 649 640 649 680 730 770 810 840 860 880 896 891 880 860 824 770 750 730 700
09 01 691 680 680 662 660 644 630 644 669 720 759 806 829 860 878 891 891 878 860 824 770 739 720 698
09 02 691 680 680 669 660 649 630 644 669 716 759 806 840 860 880 891 891 880 860 820 770 739 716 698
09 03 680 680 669 662 649 644 630 630 662 711 752 801 829 860 880 891 891 880 849 810 752 734 716 691
09 04 680 680 662 662 644 640 630 630 660 700 750 790 829 849 871 880 880 860 849 806 752 730 711 691
09 05 680 680 660 660 644 630 626 626 660 700 750 790 829 849 871 878 871 860 842 801 750 730 711 691
09 06 680 669 660 649 640 630 626 621 660 700 750 790 824 849 860 878 871 860 840 790 750 720 711 680
09 07 680 669 649 649 640 630 621 621 649 691 739 781 810 829 849 860 860 849 829 781 730 711 698 669
09 08 662 660 644 640 626 621 610 621 644 691 730 770 806 824 842 849 849 849 829 781 730 711 691 669
09 09 662 660 644 630 626 610 608 610 640 680 730 770 801 820 840 849 849 840 820 770 720 700 680 669
09 10 662 649 644 630 626 610 601 610 630 680 730 770 801 824 842 860 849 842 820 770 720 700 680 669
09 11 660 649 644 626 626 608 601 608 630 669 730 770 801 824 842 849 849 842 820 770 720 698 680 669
09 12 660 649 644 630 626 608 601 608 630 662 720 770 801 824 840 849 842 840 820 759 716 691 669 662
09 13 649 644 640 626 621 601 601 590 626 660 720 759 790 820 840 840 842 840 810 752 711 680 669 660
09 14 649 640 630 621 608 590 590 590 621 660 716 759 788 820 829 840 840 829 801 750 700 680 662 660
09 15 640 630 626 621 601 590 590 590 610 660 711 759 788 810 824 840 840 824 801 750 700 680 660 644
09 16 630 621 621 610 601 590 590 579 601 649 700 750 781 801 820 829 829 820 801 734 691 669 649 640
09 17 630 621 610 601 590 590 579 572 590 640 700 739 770 801 820 824 824 820 790 734 691 669 644 630
09 18 626 610 608 590 590 579 570 570 590 640 691 734 770 790 820 824 820 810 781 730 680 662 640 630
09 19 621 610 601 590 579 579 570 559 590 640 691 730 759 790 810 824 820 810 770 716 680 660 640 626
09 20 621 610 601 590 579 570 559 554 579 630 691 730 759 790 810 820 820 806 770 711 680 660 630 621
09 21 610 610 601 590 579 570 559 554 579 630 691 730 759 790 810 820 820 806 770 711 680 649 630 621
09 22 608 601 601 579 579 570 554 550 572 626 691 730 759 790 810 820 820 806 770 711 669 649 626 621
09 23 608 601 590 579 570 559 554 550 572 626 680 720 759 788 810 820 810 801 759 711 669 640 621 621
09 24 608 601 590 579 570 559 554 550 572 621 680 720 752 781 801 820 810 801 759 700 660 640 621 610
09 25 601 601 590 579 570 554 550 540 570 610 662 711 750 770 790 806 801 781 750 691 649 630 610 608
09 26 590 579 579 570 570 554 540 540 559 610 649 700 739 770 788 790 790 770 730 680 644 630 608 601
09 27 590 579 572 570 559 550 540 540 554 608 649 700 739 770 788 790 788 770 730 669 644 626 601 601
09 28 579 579 570 559 554 550 540 536 554 608 649 700 739 770 788 788 788 770 730 669 640 621 601 601
09 29 590 579 570 559 559 550 540 540 554 601 649 700 739 770 788 788 788 770 730 669 640 621 601 601
09 30 579 579 570 559 559 550 540 531 550 601 649 698 730 770 781 788 788 770 720 669 640 610 601 601
10 01 579 579 570 559 559 550 540 531 550 601 644 698 730 752 770 781 781 770 720 660 630 610 590 590
10 02 579 572 559 554 550 540 536 531 550 590 640 691 730 750 770 770 781 759 716 649 621 601 590 579
10 03 572 570 559 550 550 540 531 531 540 579 640 680 720 739 759 770 770 752 711 649 621 601 590 579
10 04 572 570 554 550 540 540 531 520 540 579 640 680 711 739 759 770 770 750 700 640 621 601 579 579
10 05 570 559 554 550 540 536 520 520 531 570 630 669 711 734 750 759 759 750 698 640 621 601 579 570
10 06 570 559 550 550 536 531 520 511 520 559 621 669 711 730 750 759 750 739 691 630 610 590 579 570
10 07 559 559 550 540 536 531 518 511 520 559 621 669 700 730 739 752 750 730 691 630 608 590 572 570
10 08 559 559 540 540 531 531 511 500 511 559 610 660 680 716 730 750 739 720 680 626 601 579 570 559
10 09 550 540 536 531 531 511 511 500 511 550 608 644 680 711 720 734 730 711 669 621 601 579 570 559
10 10 540 540 531 531 520 511 500 500 511 550 601 640 680 700 720 734 720 711 669 621 590 579 570 554
10 11 540 540 531 531 520 511 500 500 500 550 590 640 680 698 720 730 720 711 662 610 590 579 570 554
10 12 540 536 531 531 520 511 500 500 500 540 579 640 662 691 711 720 716 700 649 610 590 572 570 550
10 13 540 531 520 531 520 511 500 500 500 536 579 626 660 680 700 716 711 680 640 601 590 570 559 550
10 14 540 531 520 520 518 511 500 489 500 531 572 621 649 680 698 711 700 680 640 601 579 570 559 540
10 15 536 531 520 518 518 500 500 489 489 531 572 621 649 680 691 700 698 669 630 601 572 559 550 536
10 16 531 531 520 511 511 500 489 489 489 531 570 610 644 669 691 698 698 669 630 590 570 559 550 531
10 17 531 520 511 511 500 500 489 489 489 520 570 610 644 669 691 698 698 669 630 590 570 559 550 531
10 18 531 520 511 500 500 500 482 480 480 511 559 608 640 662 680 691 691 660 621 579 559 554 540 531
10 19 520 511 511 500 500 482 469 469 469 511 554 590 640 660 680 680 680 660 610 572 550 540 531 531
10 20 520 500 500 489 489 480 469 464 469 500 554 590 640 660 669 680 680 649 608 572 550 540 531 520
10 21 518 500 500 489 482 480 469 460 464 500 550 590 630 660 662 680 680 649 601 572 550 540 531 520
10 22 520 500 500 489 480 480 469 460 464 489 540 590 630 660 669 680 680 649 601 570 550 540 531 520
10 23 518 500 500 489 480 480 469 460 460 489 540 590 630 660 669 680 680 649 590 570 540 536 531 520
10 24 518 500 500 489 480 480 469 464 460 489 540 590 630 649 662 680 680 644 590 559 540 531 520 518
10 25 511 500 489 489 480 469 464 460 460 489 540 579 621 649 662 669 669 640 590 559 536 531 518 511
10 26 500 489 482 482 469 460 460 450 450 482 536 579 610 644 660 660 662 630 590 559 536 531 511 500
10 27 -9999 489 482 482 469 460 460 450 450 480 531 572 610 640 660 660 660 630 579 559 531 520 511 500
10 28 -9999 489 482 480 469 460 460 450 450 480 531 572 610 630 660 660 660 630 579 554 531 520 511 500
10 29 -9999 489 480 480 469 450 450 450 450 469 518 570 608 626 649 649 644 621 570 550 531 511 500 500
10 30 -9999 482 469 469 460 450 450 446 446 469 518 570 601 621 644 644 640 608 570 540 520 511 500 500
10 31 -9999 480 469 469 460 450 450 446 441 464 511 559 601 621 630 644 630 601 559 540 520 511 500 500
11 01 -9999 480 464 464 460 450 450 446 441 460 500 550 579 608 626 630 621 590 536 531 500 500 489 480
11 02 -9999 469 460 460 450 446 430 430 430 460 489 540 572 601 610 621 610 572 531 511 500 489 482 480
11 03 -9999 460 460 450 446 441 430 430 430 450 480 520 559 579 601 601 601 570 520 500 480 480 469 469
11 04 -9999 460 450 446 441 441 430 430 421 446 480 520 554 579 601 601 590 559 520 500 469 464 464 464
11 05 -9999 450 446 441 441 421 421 421 421 441 480 520 559 579 590 601 590 550 518 500 469 464 460 460
11 06 -9999 450 441 430 430 421 421 421 421 441 469 520 550 570 579 590 579 540 511 489 469 460 460 460
11 07 -9999 450 441 430 430 421 421 421 421 441 464 500 540 559 579 579 570 540 500 480 460 450 450 460
11 08 -9999 446 441 430 430 421 421 421 421 428 460 500 531 550 570 579 559 536 489 480 460 450 450 446
11 09 -9999 430 421 421 410 410 410 410 399 421 460 500 531 550 570 579 559 531 489 469 460 450 446 441
11 10 -9999 430 421 421 410 410 410 410 399 410 450 489 531 550 570 572 559 531 482 469 460 446 441 441
11 11 -9999 430 421 410 410 399 399 392 390 399 441 489 520 550 570 570 554 520 480 469 460 446 441 441
11 12 -9999 421 410 410 399 392 392 379 379 399 441 480 520 540 559 559 550 518 480 460 450 441 441 430
11 13 -9999 421 410 410 399 390 390 379 379 399 430 469 520 540 559 559 550 511 480 460 450 439 441 421
11 14 -9999 410 410 399 392 390 390 379 379 399 430 469 511 531 559 559 550 500 469 460 441 430 428 421
11 15 -9999 399 399 390 390 379 379 374 374 390 421 460 500 520 540 540 540 500 469 450 441 430 421 419
11 16 -9999 399 390 390 390 379 379 374 370 390 421 460 489 511 540 540 531 500 460 441 441 430 421 410
11 17 -9999 399 390 390 379 379 379 374 370 379 410 450 489 511 531 540 531 500 450 441 430 430 421 410
11 18 -9999 392 390 390 390 379 379 374 374 379 399 450 480 500 520 520 520 480 446 430 428 421 421 410
11 19 -9999 390 390 390 379 379 374 374 370 374 399 441 464 489 511 511 511 469 441 428 421 421 421 410
11 20 -9999 390 390 379 379 374 370 370 370 370 392 430 460 482 500 500 500 460 441 421 410 410 410 399
11 21 -9999 379 379 379 370 370 360 360 360 360 390 421 450 480 489 500 482 450 428 410 399 399 399 390
11 22 -9999 379 379 379 370 360 360 360 360 360 388 421 446 469 482 482 480 446 421 410 399 390 399 390
11 23 -9999 379 379 370 360 360 356 360 356 360 379 410 441 464 480 482 464 441 410 410 399 390 392 379
11 24 -9999 379 379 370 360 360 360 356 356 360 379 410 441 460 480 469 460 428 410 410 392 390 390 390
11 25 -9999 379 379 370 360 360 356 356 351 356 379 410 428 446 460 460 459 428 399 399 390 379 390 379
11 26 -9999 379 374 369 360 360 356 351 351 351 374 399 421 439 450 460 441 410 399 392 379 379 374 379
11 27 -9999 370 370 360 360 351 351 351 349 340 370 392 421 430 441 450 430 410 392 390 379 374 370 370
11 28 -9999 360 360 356 351 349 351 351 340 340 356 390 410 421 430 441 428 399 379 374 360 360 356 360
11 29 -9999 351 356 351 340 340 340 351 331 338 356 379 399 410 430 430 428 392 379 360 356 356 351 356
11 30 -9999 351 351 340 340 340 340 340 331 338 351 379 399 410 428 428 421 392 374 360 356 356 351 356
12 01 -9999 351 351 340 340 340 340 340 331 331 351 374 399 410 428 428 421 392 374 360 360 356 351 356
12 02 -9999 340 351 340 340 338 340 340 331 331 340 370 390 410 421 421 410 379 370 360 356 356 351 356
12 03 -9999 340 351 340 340 338 338 338 331 320 340 370 390 399 421 421 410 379 370 360 356 356 356 356
12 04 -9999 340 351 340 340 338 340 340 331 331 340 370 390 410 428 421 410 379 370 360 356 356 351 351
12 05 -9999 340 351 340 340 338 340 340 331 331 340 370 390 410 428 421 410 379 370 360 360 360 351 351
12 06 -9999 340 351 340 340 338 340 340 331 331 340 370 390 410 428 421 410 379 374 360 360 360 356 356
12 07 -9999 351 351 351 340 338 340 340 331 331 340 370 390 410 428 428 421 379 374 360 370 360 360 356
12 08 -9999 351 351 340 340 338 340 340 331 331 340 370 390 410 421 421 410 379 370 360 360 360 356 356
12 09 -9999 340 340 340 338 331 338 331 320 320 338 360 390 399 421 410 410 379 370 360 356 356 351 351
12 10 -9999 340 340 340 331 331 331 331 320 320 338 360 379 399 421 410 410 379 370 360 360 356 356 351
12 11 -9999 340 340 340 331 331 331 320 320 320 331 356 379 399 410 410 399 374 370 360 356 356 351 340
12 12 -9999 340 338 331 331 320 331 320 320 309 331 340 370 379 392 399 392 370 360 360 356 356 351 340
12 13 -9999 340 331 331 320 320 320 320 309 302 320 351 370 390 392 399 392 370 360 356 356 351 340 340
12 14 -9999 340 331 331 320 320 320 320 309 309 331 351 370 379 392 399 392 370 370 356 356 351 340 340
12 15 -9999 338 331 320 320 320 320 309 309 309 331 351 370 379 390 392 392 370 360 356 356 351 351 340
12 16 -9999 338 331 320 320 320 320 320 300 309 320 340 370 379 390 390 379 360 360 356 351 351 340 338
12 17 -9999 338 331 320 320 320 320 309 300 302 320 340 370 379 390 390 379 360 360 356 351 351 340 338
12 18 -9999 331 320 311 309 309 309 309 300 300 320 340 370 379 390 390 379 360 360 356 351 351 340 338
12 19 -9999 331 320 309 300 309 300 300 300 300 320 340 370 379 379 390 379 360 360 356 351 351 340 338
12 20 -9999 320 320 309 300 309 300 302 300 300 320 340 360 374 379 379 379 360 356 351 351 351 340 338
12 21 -9999 320 320 302 300 300 300 300 300 300 320 340 360 370 379 379 379 360 351 340 340 340 340 338
12 22 -9999 320 309 302 300 300 300 300 289 300 311 340 360 370 379 379 370 356 351 340 340 340 338 331
12 23 -9999 320 300 300 300 300 300 300 289 300 309 338 356 370 374 379 370 356 351 340 331 331 331 320
12 24 -9999 309 300 300 289 300 300 300 289 300 309 331 356 370 374 379 370 356 351 340 331 331 331 320
12 25 -9999 309 300 300 289 289 289 289 289 289 309 331 351 360 374 379 370 351 338 331 320 331 320 309
12 26 -9999 309 291 289 282 280 289 289 282 289 309 331 351 360 374 379 370 351 338 338 320 331 320 309
12 27 -9999 309 300 300 289 300 300 300 289 291 309 340 356 370 379 379 374 356 351 340 331 338 331 331
12 28 -9999 320 320 309 300 302 300 300 291 300 311 340 360 370 374 379 374 360 351 340 331 340 331 338
12 29 -9999 320 320 309 300 309 302 300 289 300 309 340 356 360 374 379 370 356 351 340 331 338 331 331
12 30 -9999 320 320 309 309 309 302 302 300 300 311 340 360 370 374 379 374 356 351 340 331 338 331 331
12 31 -9999 320 320 309 309 309 300 302 300 302 311 340 360 370 374 379 374 360 351 340 338 338 331 331
