01 01 -9999 -9999 -9999 -9999 -9999 -9999 221 219 219 219 212 219 219 219 212 219 219 212 210 212 210 210 230 232
01 02 -9999 -9999 -9999 -9999 -9999 -9999 230 219 219 219 212 219 219 219 219 219 219 219 212 212 210 210 230 232
01 03 -9999 -9999 -9999 -9999 -9999 -9999 230 219 219 219 212 219 219 230 219 219 219 219 212 212 210 210 221 221
01 04 -9999 -9999 -9999 -9999 -9999 -9999 221 212 212 212 210 212 219 230 219 219 219 219 212 212 212 201 221 221
01 05 -9999 -9999 -9999 -9999 -9999 -9999 221 212 210 210 210 212 219 230 230 219 219 219 212 212 212 199 -9999 219
01 06 -9999 -9999 -9999 -9999 -9999 -9999 219 212 212 212 210 212 219 230 230 219 219 212 212 212 210 199 212 219
01 07 -9999 -9999 -9999 -9999 -9999 -9999 221 219 219 219 212 219 230 230 230 230 221 219 219 212 212 208 212 219
01 08 -9999 -9999 -9999 -9999 -9999 -9999 221 219 219 219 219 230 230 230 241 230 230 230 219 219 230 219 221 232
01 09 -9999 -9999 -9999 -9999 -9999 -9999 221 221 221 219 219 230 230 230 241 230 230 219 219 219 230 219 221 232
01 10 -9999 -9999 -9999 -9999 -9999 -9999 232 230 230 219 221 230 241 230 241 241 243 241 241 230 232 230 241 250
01 11 -9999 -9999 -9999 -9999 -9999 -9999 241 241 230 230 230 230 241 232 241 250 250 243 241 241 241 241 250 250
01 12 -9999 -9999 -9999 -9999 -9999 -9999 241 241 232 230 230 230 241 241 243 250 250 243 241 241 243 241 250 252
01 13 -9999 -9999 -9999 -9999 -9999 -9999 250 241 241 241 230 230 241 243 250 250 252 252 241 243 250 241 252 261
01 14 -9999 -9999 -9999 -9999 -9999 -9999 250 243 241 241 230 232 241 250 250 250 250 252 241 248 250 241 252 262
01 15 -9999 -9999 -9999 250 -9999 -9999 261 243 243 241 232 241 250 250 250 250 252 252 250 248 250 241 250 261
01 16 250 -9999 -9999 243 -9999 -9999 250 243 243 241 241 241 250 250 252 250 252 261 250 250 250 241 250 261
01 17 250 243 -9999 243 -9999 -9999 250 243 241 241 241 241 250 250 250 261 252 261 250 250 250 241 250 261
01 18 252 243 241 243 -9999 -9999 250 243 241 230 232 232 241 250 250 261 252 261 250 250 250 241 250 261
01 19 252 241 241 250 -9999 -9999 250 243 241 241 241 241 241 250 250 261 252 252 250 250 250 241 250 261
01 20 252 241 241 250 250 241 250 243 241 230 230 232 241 241 250 250 250 250 250 243 250 241 250 252
01 21 252 241 241 252 -9999 243 250 243 230 230 230 230 241 241 250 250 250 250 250 250 250 241 250 252
01 22 250 241 241 241 -9999 -9999 250 241 230 219 230 230 241 241 250 250 241 243 241 241 241 230 243 250
01 23 241 232 241 241 -9999 232 241 241 230 219 230 230 239 241 250 250 241 243 241 241 241 230 241 243
01 24 241 232 241 241 -9999 241 241 243 232 230 230 230 241 243 250 250 243 248 241 248 250 230 243 243
01 25 241 232 241 241 -9999 230 241 241 232 219 230 230 241 243 250 250 241 243 241 241 241 230 241 243
01 26 241 232 241 243 -9999 241 241 241 232 219 232 241 241 250 252 252 250 248 241 248 250 241 243 243
01 27 241 241 241 250 -9999 243 241 241 241 230 241 241 241 261 261 261 252 250 250 250 261 241 243 243
01 28 243 241 241 250 -9999 250 241 243 241 241 241 241 241 261 261 261 261 261 250 252 261 250 243 243
01 29 241 241 241 250 -9999 250 241 250 241 241 243 248 250 261 261 270 262 261 261 261 261 250 248 241
01 30 241 243 243 250 -9999 -9999 241 250 241 241 248 250 250 261 262 270 270 261 261 261 261 250 248 243
01 31 243 243 -9999 243 -9999 -9999 232 250 241 248 248 250 250 261 262 270 270 261 261 261 261 250 250 243
02 01 248 243 -9999 243 -9999 -9999 232 250 241 250 250 250 261 270 270 270 271 261 261 261 262 261 252 250
02 02 250 250 -9999 250 -9999 -9999 241 252 243 250 250 250 261 270 270 270 271 261 261 261 261 261 252 252
02 03 250 -9999 -9999 250 -9999 -9999 243 261 248 250 250 261 261 270 280 280 280 270 266 266 262 261 259 259
02 04 252 -9999 -9999 250 -9999 -9999 252 266 261 261 261 266 280 284 291 289 284 280 280 270 270 270 262 262
02 05 252 -9999 -9999 252 -9999 -9999 252 262 261 261 261 266 280 284 300 289 291 282 284 270 270 270 270 266
02 06 252 -9999 -9999 252 -9999 -9999 261 262 261 261 261 266 280 284 300 289 291 282 280 270 270 270 270 270
02 07 -9999 -9999 -9999 252 -9999 -9999 261 261 261 261 261 266 280 284 300 300 300 284 280 270 270 270 270 271
02 08 -9999 -9999 -9999 252 -9999 -9999 261 261 250 261 261 266 280 284 300 289 291 284 270 266 266 270 270 271
02 09 -9999 -9999 -9999 252 -9999 -9999 261 261 250 261 261 266 280 284 300 289 289 280 270 266 262 266 270 270
02 10 -9999 262 -9999 252 -9999 -9999 252 250 250 250 261 261 270 284 289 289 280 270 266 266 261 266 266 266
02 11 -9999 -9999 -9999 252 -9999 -9999 252 250 250 250 261 266 280 284 289 289 284 270 266 266 261 261 262 -9999 
02 12 -9999 -9999 -9999 250 -9999 -9999 252 250 250 250 261 266 280 284 289 289 284 266 266 266 261 261 266 -9999 
02 13 -9999 -9999 -9999 250 -9999 -9999 252 250 250 250 250 250 270 270 289 289 284 270 266 266 250 261 262 -9999 
02 14 -9999 -9999 -9999 243 -9999 -9999 248 248 248 241 241 250 261 270 284 284 284 280 266 266 250 261 262 -9999 
02 15 -9999 -9999 -9999 250 -9999 -9999 248 248 248 241 241 250 261 270 284 289 284 280 266 266 250 261 261 -9999 
02 16 -9999 -9999 -9999 -9999 -9999 -9999 248 248 248 241 241 250 261 270 284 289 284 280 266 266 250 261 259 -9999 
02 17 -9999 -9999 -9999 241 -9999 -9999 241 243 241 230 230 250 266 270 284 300 289 280 270 266 261 261 259 262
02 18 248 -9999 243 241 -9999 -9999 241 243 241 241 241 250 266 280 289 300 289 284 270 266 261 262 259 262
02 19 248 -9999 243 241 -9999 -9999 241 243 241 230 230 250 270 280 289 300 300 284 270 266 262 261 248 259
02 20 -9999 -9999 243 -9999 -9999 -9999 241 243 241 230 241 250 270 280 289 300 300 289 270 270 266 261 252 259
02 21 248 261 250 -9999 -9999 250 243 248 248 241 250 261 280 284 302 309 309 291 280 270 266 270 261 266
02 22 261 270 262 259 262 252 248 250 248 241 250 262 280 289 309 320 320 300 284 282 270 270 261 266
02 23 252 270 262 261 262 252 250 252 250 241 250 270 289 300 309 320 320 302 300 289 279 280 262 270
02 24 270 270 262 261 266 261 252 261 261 250 262 280 300 302 320 320 331 309 300 291 282 280 266 271
02 25 271 271 262 262 262 261 252 252 261 250 266 280 300 309 320 331 331 309 302 300 282 280 271 279
02 26 271 271 270 270 262 261 252 252 261 250 266 280 300 311 320 331 331 309 309 300 284 280 271 271
02 27 271 271 270 270 262 259 252 252 250 250 266 280 300 320 331 340 338 320 309 300 289 282 271 271
02 28 279 271 270 270 262 261 259 252 261 261 270 280 300 320 331 351 351 320 309 300 289 289 271 279
03 01 280 280 270 270 262 261 261 252 261 266 270 284 309 331 340 360 351 340 320 302 300 289 282 282
03 02 282 282 271 271 271 262 270 261 266 270 280 300 320 338 351 360 360 340 331 311 302 300 300 300
03 03 291 289 284 280 289 280 271 270 270 270 280 302 331 340 351 370 360 351 340 320 320 309 302 302
03 04 300 300 300 291 309 282 300 280 280 280 289 309 331 351 360 370 370 360 340 331 320 320 309 309
03 05 309 309 309 300 311 289 300 280 280 280 291 309 331 351 360 370 370 360 351 331 320 320 311 311
03 06 311 311 309 300 311 289 300 280 280 280 300 311 338 351 360 370 370 370 356 340 331 320 320 311
03 07 311 311 309 300 309 289 300 280 280 280 300 311 338 351 360 370 370 370 351 338 331 320 311 311
03 08 311 309 300 291 309 289 298 280 280 280 300 311 331 351 360 370 370 370 351 338 331 320 311 311
03 09 311 309 300 291 309 289 298 280 280 280 300 320 338 351 360 370 374 370 360 340 331 320 320 320
03 10 311 311 309 300 309 300 300 280 280 289 300 320 340 356 370 379 379 370 360 340 331 320 320 320
03 11 320 311 309 300 309 300 300 280 280 289 302 320 340 360 370 379 379 370 360 340 331 331 331 331
03 12 320 320 309 302 311 302 309 302 289 298 309 320 340 360 370 379 379 370 360 351 340 340 340 331
03 13 320 320 320 320 320 309 309 302 298 300 309 320 351 370 379 379 379 374 370 351 340 340 340 331
03 14 320 329 320 320 320 309 309 300 289 300 309 331 351 370 379 390 379 379 370 351 340 340 340 331
03 15 320 320 320 320 320 302 300 289 289 300 309 331 351 370 379 390 390 379 370 351 340 340 340 331
03 16 320 329 320 309 320 302 300 284 289 300 309 340 360 370 379 390 390 379 370 360 351 340 340 331
03 17 329 329 320 309 320 302 300 280 289 300 309 340 360 379 379 390 392 390 379 360 351 351 340 331
03 18 320 302 309 300 309 302 291 280 289 300 309 340 360 379 390 390 399 392 379 360 351 351 340 331
03 19 320 302 309 300 302 300 289 280 289 300 309 340 360 370 390 399 399 392 379 360 351 351 340 331
03 20 320 302 302 291 289 291 289 280 289 300 309 340 360 379 390 399 399 392 379 360 351 340 340 329
03 21 320 302 302 291 289 291 289 280 289 300 320 351 360 379 390 399 399 399 390 360 351 351 340 331
03 22 320 302 309 291 291 289 289 280 289 309 331 351 370 379 399 410 410 399 399 370 360 351 340 331
03 23 320 311 311 300 309 298 289 282 300 309 340 360 379 390 399 410 410 410 399 379 360 360 340 331
03 24 329 320 320 309 309 302 291 289 300 320 340 360 390 399 410 410 410 410 399 379 369 360 340 340
03 25 338 329 320 320 311 309 300 289 300 320 351 370 392 399 410 421 421 410 399 379 370 360 351 340
03 26 338 329 320 320 320 309 300 300 302 320 351 370 399 410 421 421 421 410 410 390 370 360 351 340
03 27 340 331 329 320 320 309 300 300 302 331 351 374 399 410 421 421 428 428 410 390 370 360 351 340
03 28 340 331 331 320 320 311 302 300 309 340 360 379 399 410 428 430 430 428 421 392 379 360 351 340
03 29 340 331 331 320 320 320 302 302 309 340 360 379 399 410 428 430 430 430 421 399 379 360 351 340
03 30 340 331 331 320 320 320 309 309 320 340 370 390 410 421 430 430 439 430 430 399 379 370 360 340
03 31 340 340 331 331 331 320 320 320 331 351 370 399 410 421 430 441 441 441 430 410 379 370 360 340
04 01 340 340 338 331 329 320 320 320 338 360 379 399 410 430 441 441 441 441 430 410 379 370 360 349
04 02 340 340 338 331 331 329 320 320 340 360 379 399 421 430 441 450 450 446 439 410 390 370 360 356
04 03 351 351 340 340 331 331 320 329 340 370 390 410 421 441 450 450 459 450 441 421 392 379 360 360
04 04 356 351 351 340 340 331 331 331 340 370 392 410 428 441 450 450 460 460 446 428 399 379 370 369
04 05 356 356 356 340 340 340 331 338 351 370 392 410 430 441 450 460 460 460 450 430 410 388 370 370
04 06 356 356 356 349 340 340 338 340 351 370 399 421 439 446 460 460 464 460 459 441 410 390 374 370
04 07 356 356 360 351 356 340 340 340 356 379 399 421 441 450 460 460 469 464 460 441 410 390 379 374
04 08 360 360 360 360 360 351 340 351 360 379 410 428 441 450 460 460 469 464 460 441 421 390 388 379
04 09 370 370 360 360 360 356 351 356 370 390 410 430 441 460 464 469 469 469 460 446 421 399 390 379
04 10 370 374 369 360 360 351 351 356 370 399 410 430 450 460 469 480 480 480 469 450 428 410 392 390
04 11 379 379 374 370 360 356 356 360 379 399 421 441 450 469 480 480 480 482 469 450 430 410 399 392
04 12 390 388 379 370 360 360 360 360 379 410 430 450 460 480 489 489 489 489 480 460 441 421 410 399
04 13 399 390 390 370 370 360 360 370 390 421 441 460 480 482 489 500 500 500 489 469 441 421 410 410
04 14 399 399 392 388 370 370 369 379 390 421 446 464 480 489 500 511 509 500 489 469 450 430 421 410
04 15 399 399 392 390 374 370 370 379 399 430 450 469 482 500 518 511 511 511 500 482 460 441 428 419
04 16 410 410 399 390 374 370 370 379 410 430 460 480 500 518 520 531 520 520 511 489 464 450 430 421
04 17 410 410 399 390 374 370 370 379 410 441 464 482 500 520 531 531 531 531 518 500 478 450 439 421
04 18 421 410 399 390 379 374 379 392 421 450 480 489 518 520 536 540 540 536 531 511 482 450 441 428
04 19 421 419 399 390 379 374 388 399 428 450 480 500 520 531 540 540 554 550 540 518 489 460 446 430
04 20 428 421 410 399 390 390 390 399 430 460 482 500 520 536 550 550 554 554 549 529 500 469 450 439
04 21 428 421 410 399 399 390 399 410 441 469 489 518 531 549 554 559 559 554 550 531 500 469 450 441
04 22 430 428 419 399 399 392 399 421 450 469 500 520 536 550 559 568 570 559 554 536 511 480 460 446
04 23 441 430 421 410 399 399 399 421 450 480 509 536 550 559 570 572 572 570 559 540 518 480 464 450
04 24 441 430 428 410 399 399 410 421 459 480 511 540 554 568 572 579 579 579 570 554 520 489 469 450
04 25 446 441 428 421 399 399 410 430 460 482 518 540 559 570 572 579 579 579 572 554 520 500 469 464
04 26 450 441 430 421 421 410 410 430 464 489 518 540 559 570 579 590 579 579 572 554 529 500 482 469
04 27 459 450 439 430 421 410 410 430 464 489 518 540 559 572 590 590 590 590 572 559 531 500 489 469
04 28 459 450 441 430 421 410 421 441 469 500 520 550 559 572 590 590 590 590 579 559 536 511 489 469
04 29 460 450 441 430 428 421 428 441 469 500 520 550 559 572 590 599 599 601 579 559 540 511 500 480
04 30 460 450 441 430 428 421 428 446 478 500 531 550 568 579 599 601 601 601 590 570 540 520 500 480
05 01 464 450 441 430 428 421 428 446 480 500 531 554 570 590 601 601 610 601 590 572 550 520 500 489
05 02 469 460 446 441 430 428 430 450 480 511 536 559 570 590 601 608 610 601 590 572 554 531 511 489
05 03 469 460 450 441 430 428 441 460 489 518 540 559 572 590 601 610 610 601 601 579 554 540 518 489
05 04 480 464 450 450 441 430 446 464 500 520 540 570 579 590 601 610 610 601 608 579 559 540 520 500
05 05 482 469 460 450 446 430 450 469 500 520 550 570 590 601 601 610 610 601 608 579 559 549 520 500
05 06 482 469 460 450 450 441 450 469 511 531 554 579 601 601 608 610 621 610 610 590 570 550 529 500
05 07 500 480 464 450 450 446 450 469 511 531 559 579 601 608 610 621 621 621 610 590 572 559 531 509
05 08 500 480 469 460 450 450 460 482 511 531 559 579 601 610 610 621 621 621 621 601 579 559 531 511
05 09 500 480 469 460 450 450 464 489 518 540 570 590 601 621 621 621 621 621 621 601 579 568 531 511
05 10 500 480 469 460 450 450 469 489 520 540 570 590 608 621 621 621 630 630 621 610 590 570 540 518
05 11 509 482 469 469 460 450 469 500 520 550 572 601 610 630 640 640 640 640 630 610 590 579 540 520
05 12 511 489 480 469 460 450 469 500 531 550 579 610 621 640 644 649 649 649 644 630 601 579 550 529
05 13 518 500 482 469 464 460 469 500 536 559 590 610 626 640 649 649 660 649 649 640 610 590 559 536
05 14 520 500 489 469 469 460 482 511 540 570 601 621 630 644 660 660 662 660 649 644 626 590 559 540
05 15 520 509 489 480 469 469 489 518 549 570 601 621 640 649 660 660 662 660 649 644 626 599 559 540
05 16 520 511 489 480 469 469 489 518 550 579 608 626 640 649 660 660 662 660 658 649 630 599 570 540
05 17 531 518 500 489 482 469 500 518 554 579 608 630 644 649 662 669 669 662 662 649 630 610 572 550
05 18 536 520 511 500 489 482 500 520 559 590 610 630 649 662 669 680 680 669 669 660 640 610 572 554
05 19 540 520 518 500 500 489 511 531 559 590 621 630 649 662 680 680 680 680 669 660 640 610 590 559
05 20 540 536 520 511 500 500 518 536 570 601 621 640 658 669 680 680 680 680 669 662 644 621 590 570
05 21 549 536 520 518 511 500 518 540 570 601 621 640 660 669 680 680 680 680 669 662 644 621 601 570
05 22 550 540 520 520 518 511 520 540 570 610 626 640 660 669 680 691 691 680 680 669 660 630 608 572
05 23 554 540 531 520 518 518 529 554 572 610 630 649 662 669 691 691 698 680 680 669 660 630 608 579
05 24 559 540 536 531 520 520 531 554 579 610 630 649 662 680 691 691 698 691 689 680 660 630 608 579
05 25 559 540 536 531 520 520 531 554 579 610 630 649 669 680 691 691 698 698 691 680 662 640 608 579
05 26 559 550 536 531 520 520 531 559 590 610 630 660 669 680 698 700 698 700 698 691 669 649 610 590
05 27 570 554 540 531 520 520 536 559 590 610 640 660 680 691 700 700 700 700 698 698 680 649 621 590
05 28 572 554 540 531 520 520 540 570 590 621 640 662 680 698 700 711 711 711 709 698 680 658 621 590
05 29 572 554 550 540 531 531 550 570 601 621 644 662 691 700 711 711 711 711 711 700 691 658 626 601
05 30 572 559 550 540 536 536 554 579 601 630 649 662 691 700 716 711 716 716 716 709 698 660 626 601
05 31 579 559 550 540 536 536 554 579 608 630 649 669 691 711 716 711 716 711 716 709 698 669 626 608
06 01 579 570 554 550 536 549 559 579 608 630 649 680 698 711 716 711 711 711 716 709 698 669 630 608
06 02 579 570 554 550 540 550 559 590 610 630 660 680 698 711 716 711 711 716 711 700 698 669 630 610
06 03 590 570 559 550 540 550 559 579 610 630 660 680 698 711 716 716 716 716 716 711 698 680 640 610
06 04 590 579 559 550 550 554 559 590 621 640 662 691 700 716 716 720 730 720 720 711 700 680 644 621
06 05 590 579 559 550 550 554 570 590 621 640 669 691 700 716 720 720 730 720 720 711 700 680 644 621
06 06 590 579 559 550 554 554 570 590 621 640 669 691 711 716 730 730 734 730 730 711 700 680 644 621
06 07 590 579 568 559 550 554 570 590 621 649 669 698 711 720 730 739 739 730 730 720 709 680 649 626
06 08 599 579 568 559 554 554 570 590 621 649 669 700 716 720 739 739 739 734 730 720 711 680 660 626
06 09 601 579 570 559 559 559 572 601 621 649 680 700 716 730 739 739 739 734 730 720 711 691 662 630
06 10 601 590 570 570 559 559 572 601 626 649 680 700 720 730 739 739 750 739 739 730 711 691 662 630
06 11 608 590 570 570 559 559 579 601 630 649 680 700 720 730 739 739 750 739 739 730 711 691 662 630
06 12 608 590 572 570 568 559 579 601 630 649 680 700 720 730 739 739 750 739 739 730 711 691 662 630
06 13 608 590 572 570 568 570 579 601 630 660 680 700 720 730 739 750 750 739 739 730 716 691 669 640
06 14 610 599 572 570 559 559 579 601 630 660 680 700 720 730 739 750 750 750 739 739 720 700 669 640
06 15 621 601 579 570 570 570 579 610 630 660 680 700 720 734 739 750 750 750 750 739 720 700 662 640
06 16 621 601 579 570 570 570 590 610 630 660 680 711 730 739 750 759 759 752 750 739 720 700 669 644
06 17 621 601 579 570 570 570 590 610 640 660 691 711 730 739 750 759 759 759 750 748 730 700 669 644
06 18 621 601 579 570 570 570 590 610 640 669 691 711 730 739 750 759 759 759 759 750 730 700 669 649
06 19 626 601 579 570 570 570 590 621 640 669 698 716 734 739 750 759 759 759 759 750 730 700 669 649
06 20 626 601 590 579 570 572 590 621 644 669 698 711 734 739 750 759 759 759 759 750 734 700 669 649
06 21 626 601 590 579 572 572 601 621 649 669 698 716 734 739 752 759 759 759 759 750 734 711 680 649
06 22 626 601 590 579 572 572 601 621 649 669 700 716 734 750 752 770 770 770 759 759 734 720 680 649
06 23 630 610 601 579 579 579 608 630 649 680 700 720 734 750 759 770 770 770 770 759 739 720 680 649
06 24 630 610 601 579 579 590 610 630 649 680 700 720 739 752 759 781 781 781 770 759 739 720 680 649
06 25 639 610 601 590 579 590 610 630 660 680 700 720 739 759 770 781 788 781 770 759 739 720 680 649
06 26 639 610 601 590 579 590 610 630 660 680 711 720 750 759 770 781 790 788 781 770 750 720 691 649
06 27 640 610 601 590 579 590 610 630 660 680 711 730 750 770 781 788 790 788 781 770 750 730 691 660
06 28 640 619 608 590 579 599 610 630 660 680 711 730 750 770 781 788 790 788 781 770 750 730 691 649
06 29 640 619 608 590 579 590 610 630 660 680 711 730 750 770 781 788 790 788 781 770 750 720 689 649
06 30 639 610 601 590 579 590 610 630 660 680 711 730 750 770 781 788 790 788 781 770 750 729 691 649
07 01 640 619 608 590 579 590 608 630 660 680 711 734 750 770 781 790 790 788 781 770 750 729 691 649
07 02 640 619 608 590 579 590 608 630 660 680 711 730 750 770 781 788 790 788 781 770 750 720 691 649
07 03 640 619 601 590 579 590 608 630 649 680 711 730 750 759 781 781 788 788 770 770 750 720 689 649
07 04 639 610 601 590 579 590 601 626 649 680 700 720 739 759 781 781 788 788 770 770 750 720 689 649
07 05 639 610 601 590 579 590 601 626 649 680 700 720 739 759 781 781 788 788 781 770 750 720 680 649
07 06 630 610 601 590 579 590 601 621 649 680 700 720 739 759 781 781 788 788 781 770 750 720 680 649
07 07 630 610 601 590 579 590 601 626 649 680 700 720 739 759 770 781 788 788 781 770 739 720 680 649
07 08 630 610 601 590 579 590 601 621 649 680 700 720 739 752 770 781 781 781 781 770 739 711 680 649
07 09 630 610 601 590 579 590 601 621 649 680 700 720 739 752 770 781 781 781 770 759 739 711 680 649
07 10 630 610 601 590 579 590 601 621 649 680 700 720 739 752 770 781 770 770 770 759 739 711 680 649
07 11 630 610 601 590 579 579 590 621 644 680 698 716 734 750 770 770 770 770 759 750 734 711 680 649
07 12 630 610 601 590 579 579 590 610 644 669 691 711 734 739 759 770 770 759 759 750 730 711 680 649
07 13 630 610 601 590 579 579 590 610 640 669 691 711 730 739 752 770 759 759 752 750 730 711 669 649
07 14 630 610 601 599 579 590 590 610 640 669 691 711 730 739 750 759 759 759 750 750 730 711 680 649
07 15 630 619 608 599 579 590 590 610 640 660 691 711 730 739 750 759 759 759 750 750 720 709 669 649
07 16 630 621 608 601 590 590 590 610 630 660 691 711 730 739 750 759 759 759 750 739 720 709 669 649
07 17 630 621 608 599 579 590 590 610 630 660 691 711 730 739 750 759 759 759 750 739 720 700 669 649
07 18 630 621 610 599 579 590 590 610 630 660 691 711 720 739 750 759 759 759 750 739 720 700 669 649
07 19 630 621 610 601 590 590 590 610 630 660 691 711 720 734 750 759 759 759 750 739 720 700 669 644
07 20 630 621 610 601 590 590 590 610 630 660 691 711 720 734 739 750 752 752 750 734 720 700 669 644
07 21 630 621 610 601 590 590 590 610 630 649 680 700 720 734 739 750 752 752 750 734 720 700 669 640
07 22 630 610 610 601 579 590 590 608 630 649 680 700 720 730 739 750 750 750 739 730 716 691 662 640
07 23 630 610 608 599 579 590 590 608 630 649 680 700 716 730 739 750 750 750 739 730 716 691 660 640
07 24 626 610 608 590 579 590 590 608 626 649 680 700 716 730 739 750 750 750 739 730 711 689 660 640
07 25 626 610 608 590 579 590 590 608 626 649 680 700 716 730 739 750 750 750 739 730 711 689 660 644
07 26 630 621 610 599 590 590 590 608 630 649 680 700 716 730 739 750 750 750 739 730 711 680 660 644
07 27 630 621 610 601 590 590 590 608 626 649 680 700 716 730 739 750 750 750 739 730 711 680 660 644
07 28 630 621 610 601 590 590 590 608 626 649 680 700 716 730 739 750 750 750 739 730 716 691 660 644
07 29 630 621 610 601 590 590 590 608 626 649 680 698 716 730 739 750 752 750 739 730 716 689 660 644
07 30 630 621 610 601 590 590 590 610 626 649 680 698 716 730 739 750 752 750 739 734 716 691 660 644
07 31 630 621 610 601 590 590 590 610 626 649 669 698 711 730 739 739 750 750 734 730 711 680 660 640
08 01 626 621 610 601 590 590 590 610 626 649 669 691 711 720 734 739 750 750 734 730 711 689 660 640
08 02 630 621 610 601 590 590 590 608 626 649 669 691 711 730 739 739 750 750 739 730 711 689 660 640
08 03 630 621 610 601 590 590 590 610 626 649 669 698 716 730 739 750 752 750 739 734 716 689 660 644
08 04 630 621 610 601 599 590 590 610 626 649 669 698 716 730 750 752 752 752 750 739 716 700 662 649
08 05 630 626 610 601 601 590 601 610 626 644 669 698 716 730 739 752 752 752 739 734 716 691 660 649
08 06 630 626 610 601 601 590 601 610 626 644 669 698 716 730 750 752 759 752 752 739 720 700 660 649
08 07 630 621 610 601 601 590 601 610 626 644 669 698 720 730 750 759 759 752 752 739 716 700 660 649
08 08 630 621 610 601 601 590 601 610 626 644 669 698 716 730 750 759 759 759 759 739 716 700 660 649
08 09 630 621 610 601 601 590 601 610 621 640 669 691 716 730 750 759 759 759 759 739 716 700 660 649
08 10 630 621 610 610 601 590 599 608 621 640 669 691 720 730 750 759 759 770 759 750 720 700 662 649
08 11 630 621 610 601 601 590 599 608 619 630 662 691 716 730 750 759 759 759 759 739 716 700 660 649
08 12 630 621 610 601 601 590 590 601 610 630 660 680 711 720 730 739 750 750 739 734 709 680 660 640
08 13 621 610 610 601 590 590 579 590 610 630 649 680 711 720 730 739 739 739 739 730 700 680 649 640
08 14 621 610 608 599 590 590 579 590 608 621 649 680 700 716 720 730 734 730 730 720 691 669 644 630
08 15 621 610 608 590 590 579 579 590 608 621 649 680 698 716 720 730 734 730 730 720 689 669 644 630
08 16 621 610 608 590 590 579 572 579 601 621 644 680 698 716 720 730 734 730 730 716 680 669 644 630
08 17 621 610 601 590 579 572 570 579 601 621 644 669 691 711 720 720 730 730 720 711 680 662 640 630
08 18 621 610 601 590 579 572 570 579 590 610 640 662 680 700 716 720 730 730 720 711 680 660 640 630
08 19 619 601 601 590 579 570 559 572 590 610 640 660 680 700 711 720 720 720 720 700 669 649 630 610
08 20 610 601 590 579 572 559 550 559 579 610 630 649 680 698 709 711 720 720 716 698 669 640 630 610
08 21 610 601 590 579 572 559 550 559 579 601 630 649 669 691 700 700 711 711 709 680 660 639 621 610
08 22 601 590 579 570 559 550 540 554 572 601 621 644 669 691 700 700 700 700 700 680 649 630 621 610
08 23 590 579 570 570 550 540 536 540 570 590 610 630 662 680 691 698 698 698 691 669 640 621 621 601
08 24 590 579 570 568 549 536 531 540 559 590 610 630 649 662 680 691 689 691 669 649 630 601 601 599
08 25 579 570 568 559 540 536 531 540 554 579 601 621 644 660 669 680 680 680 662 644 621 599 590 590
08 26 570 559 559 550 536 536 520 536 550 570 590 621 640 649 662 669 669 680 660 640 610 590 590 579
08 27 570 559 550 550 531 520 511 518 536 570 590 610 640 649 660 660 662 669 660 630 608 590 579 570
08 28 559 550 549 540 529 520 511 511 520 559 590 610 626 649 660 660 662 662 649 630 608 579 572 570
08 29 559 550 540 540 529 520 511 511 520 559 579 608 626 644 649 660 662 662 649 630 608 579 570 570
08 30 559 550 540 540 529 520 511 511 520 559 579 608 626 644 649 660 662 662 649 626 601 579 570 570
08 31 559 550 540 540 520 520 500 511 520 559 579 601 626 644 649 660 660 660 644 621 601 579 570 570
09 01 559 550 540 540 529 520 511 511 520 559 579 601 621 640 649 649 649 660 644 621 590 579 570 570
09 02 559 550 540 540 529 520 511 511 520 559 572 601 621 640 644 649 649 660 640 621 590 579 570 559
09 03 550 550 536 540 529 511 500 511 518 550 570 601 621 630 644 644 649 649 630 610 590 570 570 559
09 04 550 549 531 540 518 509 500 500 518 550 570 590 610 626 640 640 644 644 630 608 579 570 559 550
09 05 549 540 529 520 511 500 500 500 518 540 559 590 608 626 630 640 644 644 626 608 572 570 559 550
09 06 540 536 529 520 511 500 500 511 518 536 559 590 608 621 630 640 644 644 626 608 572 568 554 549
09 07 540 536 531 520 518 509 500 511 518 531 559 579 601 621 626 640 644 644 626 608 572 568 554 549
09 08 540 536 536 520 518 509 500 511 520 536 559 579 601 610 626 640 644 644 626 608 572 570 554 550
09 09 540 536 536 520 518 511 511 511 520 540 559 579 601 610 626 640 644 644 626 601 572 570 554 550
09 10 540 540 536 520 518 509 511 511 520 531 554 579 590 610 626 640 644 640 626 601 572 570 554 550
09 11 549 540 536 531 520 511 518 518 520 531 554 579 590 608 626 630 640 630 621 590 572 570 554 550
09 12 549 540 536 531 520 511 518 518 520 531 554 572 590 608 626 630 630 626 610 590 570 570 559 554
09 13 549 540 536 531 520 511 518 518 520 531 554 572 590 608 621 626 630 626 608 579 570 559 554 554
09 14 540 540 536 531 520 511 518 518 520 531 550 570 590 608 621 621 626 621 601 579 570 559 550 550
09 15 540 540 536 531 -9999 509 518 511 520 531 550 570 579 601 610 610 621 610 601 572 559 559 549 540
09 16 536 536 531 520 -9999 500 500 511 518 531 550 559 579 601 610 610 621 608 590 572 559 559 540 540
09 17 531 531 531 520 -9999 500 500 511 518 531 540 559 579 601 608 610 610 601 590 570 554 550 540 536
09 18 531 529 531 520 -9999 500 500 511 511 520 540 559 579 590 608 610 610 601 590 559 554 550 536 531
09 19 531 529 520 520 -9999 500 500 511 511 520 540 559 579 590 601 601 608 601 579 559 550 549 536 531
09 20 531 520 520 520 -9999 500 500 511 511 520 536 554 570 590 601 601 608 590 579 559 550 540 531 531
09 21 520 520 520 511 -9999 489 500 500 500 511 531 550 570 579 590 601 601 590 579 554 540 540 531 520
09 22 520 511 511 500 -9999 482 480 480 489 511 531 550 559 572 590 590 590 590 572 550 536 540 531 520
09 23 520 511 511 489 -9999 482 480 480 489 500 520 550 554 570 572 579 590 579 559 540 531 520 520 511
09 24 500 500 500 489 489 480 469 469 480 489 511 536 550 570 570 579 579 570 559 536 520 511 500 500
09 25 500 489 489 478 -9999 469 464 469 469 489 511 531 550 559 570 572 579 570 550 531 511 509 500 500
09 26 500 482 489 469 -9999 469 464 464 469 480 500 518 540 554 559 570 570 554 540 520 511 500 500 489
09 27 489 482 482 460 -9999 469 460 460 460 480 489 511 531 550 554 559 559 550 531 511 500 500 489 489
09 28 489 480 478 459 460 460 450 450 460 460 482 500 520 540 550 550 550 540 520 511 489 500 482 482
09 29 480 469 469 450 460 450 446 450 450 450 469 500 511 531 540 540 540 531 518 500 482 480 480 480
09 30 469 469 460 450 460 446 441 446 446 450 469 500 511 531 540 540 540 531 511 489 480 480 480 469
10 01 469 469 459 450 450 446 441 441 446 450 464 489 511 520 536 540 531 520 500 482 480 469 469 469
10 02 469 469 450 450 446 446 439 441 430 450 464 480 500 518 531 531 531 518 500 480 469 469 469 469
10 03 469 469 450 450 446 446 430 430 430 441 460 480 500 511 520 531 520 511 489 480 469 469 469 469
10 04 469 464 450 450 446 446 428 430 428 441 450 469 489 500 511 520 511 511 482 469 464 469 469 469
10 05 464 460 450 441 441 446 421 421 421 421 446 469 482 500 511 520 511 500 480 464 464 469 464 469
10 06 464 460 450 441 441 441 421 421 410 410 441 464 480 489 500 511 500 489 469 460 460 460 460 460
10 07 460 460 446 441 441 439 421 421 410 410 441 460 480 482 500 511 500 482 469 460 446 450 450 450
10 08 446 446 430 430 421 428 399 392 399 410 421 450 464 480 482 489 482 480 460 446 441 441 441 446
10 09 439 430 428 421 410 410 390 390 390 399 410 441 450 464 480 480 469 469 450 441 430 441 430 430
10 10 430 430 421 410 399 399 374 379 379 390 410 421 441 450 464 469 469 464 441 430 428 430 428 410
10 11 421 421 410 399 392 390 374 374 370 379 392 410 428 446 450 469 464 450 430 421 410 421 410 392
10 12 392 392 392 390 388 379 369 370 360 370 390 392 410 430 450 460 450 441 428 410 399 421 392 379
10 13 390 374 388 388 370 370 360 360 356 360 370 379 410 430 441 450 430 428 410 399 390 390 390 379
10 14 374 370 370 370 356 356 340 351 340 351 356 374 399 421 428 430 421 410 392 379 374 379 374 370
10 15 370 360 360 360 351 340 331 340 331 340 351 370 390 410 421 421 410 410 379 374 370 370 360 360
10 16 370 351 351 351 340 340 331 331 331 340 351 370 390 399 410 410 410 392 379 370 370 370 360 360
10 17 360 351 351 351 340 338 331 331 331 331 340 370 379 399 410 410 399 392 379 360 360 370 356 356
10 18 340 340 340 340 340 331 331 331 331 331 340 360 374 390 399 399 392 379 370 360 356 351 351 351
10 19 340 340 340 340 340 331 331 331 320 331 338 356 370 390 392 399 390 374 360 356 351 351 340 340
10 20 340 338 338 340 338 331 331 331 320 331 331 351 370 374 390 390 379 370 356 351 340 340 340 340
10 21 338 338 331 331 331 329 320 331 320 320 331 340 356 360 374 379 370 360 351 340 338 331 320 331
10 22 320 331 320 320 -9999 320 309 309 309 309 320 331 340 356 370 370 360 356 351 338 331 329 320 320
10 23 320 320 320 320 -9999 320 309 309 302 309 320 331 340 351 360 360 360 351 338 331 331 320 320 320
10 24 320 320 311 309 -9999 309 309 302 300 300 309 320 338 340 356 360 360 351 338 331 320 320 320 320
10 25 320 320 309 309 -9999 309 302 302 300 300 302 320 338 340 356 351 356 340 338 331 320 320 320 320
10 26 320 320 311 320 -9999 309 309 309 300 300 302 309 338 340 356 351 351 338 331 331 331 320 320 329
10 27 320 320 320 320 -9999 309 309 300 300 300 302 309 331 338 340 340 338 320 320 320 320 320 320 320
10 28 320 320 311 320 -9999 309 309 300 300 300 302 302 320 331 340 340 331 320 309 309 309 309 320 320
10 29 320 309 309 300 -9999 309 302 300 289 284 289 302 309 320 331 331 320 311 302 300 289 302 309 309
10 30 309 309 309 300 -9999 302 302 289 284 280 289 300 309 309 320 320 309 302 300 289 289 289 302 302
10 31 302 302 302 298 -9999 289 289 284 280 280 284 300 302 309 320 309 302 300 289 284 284 289 289 289
11 01 289 289 298 289 289 289 280 280 270 266 280 289 300 302 309 309 300 284 284 280 280 280 284 284
11 02 284 284 289 280 279 280 266 261 261 261 261 270 284 289 302 300 289 280 280 270 270 270 270 270
11 03 271 271 282 280 279 270 266 261 261 261 261 270 284 289 300 300 289 284 280 280 270 270 270 271
11 04 270 279 282 280 279 271 266 266 266 261 266 270 289 289 302 300 289 284 280 280 280 279 271 280
11 05 271 271 282 280 270 270 266 266 266 261 266 270 289 289 300 300 289 284 280 280 270 270 270 271
11 06 262 261 279 270 270 270 261 261 261 261 261 270 284 289 300 300 289 284 280 280 270 270 266 266
11 07 262 261 279 270 266 266 261 261 250 250 261 270 280 284 289 289 284 280 270 270 270 266 262 261
11 08 261 252 261 270 262 261 259 250 248 250 250 266 270 280 289 284 280 280 266 266 270 261 261 252
11 09 261 252 252 270 261 250 250 248 241 250 250 261 261 270 280 280 270 266 261 261 261 250 250 250
11 10 252 250 250 250 250 250 239 248 241 241 248 250 250 261 270 270 266 261 248 248 248 241 241 241
11 11 252 250 250 250 248 248 230 241 230 241 241 250 250 261 266 266 261 250 248 241 241 232 232 230
11 12 248 241 248 250 241 230 221 230 219 230 230 241 250 250 261 250 248 243 230 230 230 230 230 230
11 13 232 230 241 241 230 221 219 230 212 219 230 241 248 250 250 250 248 241 230 230 230 230 230 230
11 14 230 230 239 230 230 230 219 230 212 219 230 230 248 250 250 250 250 241 230 230 230 230 230 230
11 15 230 230 241 230 230 230 219 230 219 219 230 230 248 250 250 250 250 241 241 230 241 230 232 239
11 16 243 241 241 241 241 239 230 230 219 230 230 241 248 250 250 250 250 241 241 241 241 241 241 241
11 17 243 241 241 241 241 239 230 230 230 230 230 241 248 250 250 250 250 241 241 241 241 241 241 241
11 18 248 239 241 241 239 230 230 219 219 219 230 230 241 248 250 241 241 230 230 230 230 230 230 230
11 19 230 230 241 239 230 230 219 219 219 219 219 230 241 241 248 241 241 230 230 230 230 230 230 230
11 20 230 230 239 230 230 230 219 219 219 219 212 230 230 241 241 241 230 230 230 219 219 230 230 230
11 21 230 230 230 239 230 230 219 219 219 219 219 230 230 241 241 241 230 230 230 219 219 230 230 230
11 22 241 230 230 239 230 230 230 219 219 219 219 230 230 248 241 230 230 230 230 230 230 230 230 241
11 23 241 230 239 241 230 230 230 219 230 230 219 230 239 248 248 241 230 230 230 230 230 230 230 248
11 24 248 239 239 241 241 241 230 230 230 230 219 230 241 248 248 241 241 230 230 241 241 230 248 248
11 25 248 241 241 241 243 243 230 230 230 230 230 230 241 248 248 241 248 230 230 241 241 241 250 250
11 26 248 241 248 241 248 243 230 230 230 230 230 230 241 248 248 241 248 230 230 241 241 241 250 250
11 27 248 248 248 250 248 -9999 241 230 230 230 230 241 241 250 250 250 250 230 241 241 241 241 250 250
11 28 248 248 248 -9999 -9999 -9999 230 230 230 230 230 230 241 248 248 241 248 230 230 241 241 230 250 250
11 29 248 248 -9999 -9999 -9999 -9999 230 230 230 230 230 230 239 248 248 241 241 230 230 230 230 230 248 248
11 30 248 241 -9999 -9999 -9999 -9999 230 212 219 219 212 230 230 230 241 230 230 230 230 230 230 230 232 230
12 01 248 -9999 -9999 -9999 -9999 -9999 219 212 212 219 212 230 230 230 230 230 230 230 230 230 230 219 230 230
12 02 241 -9999 -9999 -9999 -9999 -9999 219 212 212 219 212 230 230 230 230 230 230 230 230 230 230 230 230 230
12 03 241 -9999 -9999 -9999 -9999 -9999 230 212 212 219 212 219 230 230 230 230 230 230 230 230 230 230 230 230
12 04 239 -9999 -9999 -9999 -9999 -9999 230 212 212 219 219 219 230 230 241 230 230 230 230 230 230 230 232 230
12 05 -9999 -9999 -9999 -9999 -9999 -9999 230 219 212 219 219 219 239 239 241 230 230 230 230 230 230 219 230 221
12 06 -9999 -9999 -9999 -9999 -9999 -9999 219 212 210 219 212 219 230 230 241 230 230 230 230 230 230 230 230 221
12 07 230 -9999 -9999 -9999 -9999 -9999 219 199 210 210 212 212 230 230 230 230 230 230 230 230 219 230 230 221
12 08 230 -9999 -9999 -9999 -9999 -9999 219 210 212 210 212 219 230 230 230 230 230 230 230 230 230 230 230 230
12 09 232 -9999 219 221 -9999 -9999 219 210 212 210 212 212 219 230 230 230 230 230 230 230 219 230 230 221
12 10 230 -9999 -9999 -9999 -9999 -9999 219 210 210 210 212 210 219 241 230 230 230 230 230 230 219 230 230 221
12 11 230 -9999 221 221 -9999 -9999 230 212 212 210 212 219 241 241 241 230 230 230 230 230 230 230 230 230
12 12 232 232 221 221 -9999 -9999 230 212 212 210 212 219 230 241 241 230 230 230 230 230 230 230 230 230
12 13 241 241 230 230 -9999 -9999 241 212 212 219 212 219 230 241 241 230 230 230 230 230 230 230 232 230
12 14 243 232 230 230 -9999 232 241 219 230 219 219 219 230 241 230 230 230 230 230 241 241 230 241 241
12 15 250 241 232 230 -9999 -9999 241 230 230 230 230 230 241 241 241 230 230 241 230 241 241 241 243 248
12 16 252 243 243 232 -9999 -9999 241 230 230 219 219 219 241 241 241 241 241 241 241 241 241 241 243 252
12 17 252 243 -9999 232 -9999 -9999 241 230 219 219 219 219 230 241 241 241 241 241 241 241 241 241 250 252
12 18 261 -9999 -9999 232 -9999 -9999 241 230 219 219 219 230 230 241 241 241 241 230 230 241 230 230 243 252
12 19 261 -9999 -9999 241 -9999 -9999 241 230 219 219 219 219 230 230 241 230 230 230 219 230 230 230 243 252
12 20 252 -9999 -9999 241 -9999 -9999 241 230 230 219 230 230 230 230 241 230 230 230 219 230 230 230 252 252
12 21 252 -9999 -9999 241 -9999 -9999 241 230 230 230 230 230 230 230 230 230 230 230 219 219 219 230 243 252
12 22 252 -9999 -9999 241 -9999 -9999 241 230 230 230 230 230 230 230 230 230 230 230 230 230 230 230 259 252
12 23 261 -9999 -9999 241 -9999 -9999 241 230 230 230 219 230 230 230 230 219 230 219 219 219 230 221 250 252
12 24 -9999 -9999 -9999 -9999 -9999 -9999 241 230 230 230 219 230 219 219 230 219 230 219 219 219 219 219 248 250
12 25 -9999 -9999 -9999 -9999 -9999 -9999 241 230 230 230 219 219 219 219 230 219 219 219 219 219 219 219 243 250
12 26 -9999 -9999 -9999 -9999 -9999 -9999 241 230 219 219 219 219 219 219 219 219 219 219 219 212 212 212 232 241
12 27 -9999 -9999 -9999 -9999 -9999 -9999 239 219 212 219 210 219 219 219 210 210 212 212 212 212 210 210 230 241
12 28 -9999 -9999 -9999 -9999 -9999 -9999 230 210 210 219 210 219 212 219 210 210 219 212 212 212 210 210 230 241
12 29 -9999 -9999 -9999 -9999 -9999 -9999 219 210 210 210 210 210 210 219 210 210 219 210 210 210 210 210 230 232
12 30 -9999 -9999 -9999 -9999 -9999 -9999 221 212 210 219 210 219 212 219 210 210 219 210 210 210 210 210 221 232
12 31 -9999 -9999 -9999 -9999 -9999 -9999 221 219 219 219 210 219 219 219 210 210 219 212 210 210 210 210 -9999 232
