01 01 -9999 340 340 340 340 340 340 338 340 351 360 370 379 379 379 379 374 360 356 351 351 351 340 340
01 02 -9999 338 340 338 338 331 338 331 338 340 351 360 370 379 379 379 370 360 351 340 340 340 340 340
01 03 -9999 331 331 331 331 331 331 331 331 340 351 360 370 379 379 379 370 360 356 340 340 340 340 340
01 04 -9999 338 338 331 338 331 331 331 331 340 351 360 370 379 379 379 370 360 356 351 351 351 340 340
01 05 -9999 340 340 331 340 331 331 331 331 340 351 360 370 379 379 379 370 360 356 351 351 351 340 340
01 06 -9999 331 331 331 331 331 331 331 331 340 351 360 370 379 379 379 374 360 351 340 340 340 338 338
01 07 -9999 331 331 331 331 320 331 320 331 331 340 360 370 379 379 379 370 360 351 340 340 340 338 340
01 08 -9999 331 331 331 331 320 331 329 320 331 340 360 370 379 379 379 370 360 351 340 340 340 338 340
01 09 -9999 331 331 331 320 320 331 320 320 331 340 360 370 379 379 379 374 360 360 351 351 340 340 340
01 10 -9999 338 331 331 329 320 320 320 320 331 340 360 370 388 379 379 379 370 360 351 351 351 340 340
01 11 -9999 338 331 331 331 320 320 320 320 338 351 360 379 390 379 379 379 370 360 360 351 351 340 340
01 12 -9999 338 331 331 331 320 320 320 320 338 349 360 370 388 379 390 379 370 360 351 351 351 340 340
01 13 -9999 338 331 320 320 320 320 320 320 331 340 360 379 390 379 390 379 370 360 351 351 351 340 340
01 14 -9999 331 331 320 320 320 320 320 320 331 340 360 370 390 379 390 379 370 360 351 351 349 340 340
01 15 -9999 331 331 320 311 311 309 311 311 320 340 360 370 379 379 390 379 370 360 351 351 349 340 340
01 16 -9999 331 329 320 311 311 309 311 309 320 340 360 370 379 379 390 379 370 360 351 351 349 340 340
01 17 -9999 331 331 320 311 320 309 320 311 320 340 360 374 390 390 390 379 374 369 360 351 351 340 349
01 18 -9999 340 331 329 320 320 320 320 320 331 349 370 374 390 390 390 379 379 370 360 351 351 340 351
01 19 -9999 338 331 329 320 320 320 320 320 331 349 370 374 390 390 390 379 379 370 360 351 351 340 349
01 20 -9999 338 331 320 320 320 320 320 320 331 351 370 379 390 390 390 379 374 370 360 351 349 340 349
01 21 -9999 331 331 320 320 320 320 320 320 331 351 370 379 390 390 390 390 379 370 360 351 351 340 351
01 22 -9999 331 331 320 320 320 320 320 320 331 351 370 379 390 390 390 388 379 370 360 351 349 340 340
01 23 -9999 331 331 320 320 320 320 320 320 331 351 370 379 390 390 390 379 370 370 356 349 340 340 340
01 24 -9999 331 331 320 320 320 320 320 320 331 351 370 370 388 390 390 379 370 369 356 340 340 340 340
01 25 -9999 329 331 320 320 320 320 320 320 331 351 370 370 379 390 390 388 374 369 360 351 340 340 340
01 26 -9999 331 331 320 320 320 329 320 320 331 349 370 370 379 388 390 379 370 360 356 340 340 340 340
01 27 -9999 331 331 320 320 320 320 320 320 331 360 370 370 379 390 390 390 379 360 360 351 349 340 340
01 28 -9999 331 331 331 329 329 329 320 320 340 360 370 374 379 390 390 390 379 369 360 351 349 340 349
01 29 -9999 331 331 331 331 331 331 320 320 340 360 370 379 379 390 392 392 379 370 360 351 351 340 351
01 30 -9999 340 340 340 340 338 331 320 320 340 360 370 379 379 390 392 392 379 370 360 351 351 340 349
01 31 -9999 331 340 340 338 331 331 320 320 340 360 370 379 379 390 392 390 379 369 360 351 351 340 340
02 01 -9999 331 331 331 329 329 320 320 320 340 360 370 374 379 390 390 390 370 360 356 351 340 331 340
02 02 -9999 320 329 320 320 320 320 320 320 331 351 360 374 379 390 390 379 370 360 356 351 340 331 340
02 03 -9999 329 331 320 320 320 320 320 320 331 360 370 379 379 390 390 379 370 360 351 349 340 331 331
02 04 -9999 320 329 320 320 320 320 320 320 331 351 360 374 379 390 390 379 370 360 351 351 340 338 331
02 05 -9999 331 331 331 320 320 320 320 320 331 351 360 379 379 390 390 379 370 360 351 351 340 340 331
02 06 -9999 331 331 331 320 320 320 320 320 331 351 360 379 379 390 390 379 370 360 356 351 340 340 340
02 07 -9999 331 331 331 320 320 320 320 320 331 351 360 379 379 390 390 379 370 360 356 351 349 340 340
02 08 -9999 331 331 331 320 320 320 311 320 331 351 370 379 390 390 390 390 379 360 360 360 351 351 340
02 09 -9999 331 331 331 329 331 320 320 320 340 356 370 379 390 392 390 390 379 370 360 360 351 351 340
02 10 -9999 331 331 331 329 331 320 320 320 338 356 374 390 390 392 392 390 379 370 360 360 351 340 340
02 11 -9999 331 331 331 331 331 320 320 320 340 356 379 390 392 399 399 399 379 370 360 360 351 340 340
02 12 -9999 331 331 331 320 320 320 320 320 338 356 379 390 399 399 399 399 379 374 369 360 351 351 340
02 13 -9999 338 331 331 331 331 320 320 331 340 360 379 399 399 421 419 410 390 379 370 360 360 356 351
02 14 -9999 340 340 338 331 338 331 338 351 351 370 390 410 410 421 421 421 399 390 379 370 370 370 360
02 15 -9999 351 340 351 340 351 340 340 356 360 374 390 410 421 430 430 421 410 399 379 379 370 370 360
02 16 -9999 360 351 351 351 351 356 340 360 360 379 399 419 430 430 430 430 421 399 390 379 379 370 360
02 17 -9999 360 360 356 356 356 360 351 360 360 379 399 410 421 430 430 428 421 399 390 379 379 370 369
02 18 -9999 360 360 360 360 360 360 356 360 370 379 390 419 421 430 430 430 421 410 390 379 379 379 370
02 19 -9999 370 370 360 360 360 360 360 360 369 379 399 419 421 430 430 428 421 410 390 379 379 379 370
02 20 -9999 370 370 370 360 360 360 360 360 370 379 399 421 430 430 441 430 421 410 390 379 379 379 370
02 21 -9999 370 370 370 360 360 360 360 360 370 390 399 421 430 441 441 430 421 410 392 379 379 379 370
02 22 -9999 370 370 370 360 360 360 360 369 370 390 410 421 441 441 441 441 421 410 399 390 379 379 374
02 23 -9999 370 370 370 369 360 360 360 360 370 392 410 428 441 450 450 446 428 410 399 390 379 379 374
02 24 -9999 370 370 370 369 360 360 360 369 370 392 410 421 441 441 441 441 421 410 399 390 379 379 374
02 25 -9999 370 370 370 369 360 360 360 360 370 392 410 421 441 441 441 441 421 410 392 390 379 379 374
02 26 -9999 370 370 360 360 360 360 360 360 370 392 399 421 441 441 446 441 421 399 392 379 379 379 370
02 27 -9999 370 360 369 360 360 360 360 360 370 392 410 421 441 441 446 441 421 399 392 379 379 374 370
02 28 -9999 370 360 369 360 360 356 360 360 370 392 410 421 441 441 441 430 421 399 392 379 379 374 370
03 01 -9999 360 360 360 356 360 356 356 360 370 392 410 421 441 441 446 441 421 399 392 379 379 374 360
03 02 -9999 360 356 360 356 356 351 356 360 370 390 399 421 441 441 450 441 421 399 390 379 374 370 360
03 03 -9999 360 356 360 356 356 351 356 360 370 390 399 421 441 441 450 441 421 399 390 379 374 370 360
03 04 -9999 360 356 356 356 356 351 351 360 370 392 410 421 441 441 450 441 421 399 392 379 379 374 370
03 05 -9999 360 356 360 356 356 351 356 360 374 399 410 430 441 450 460 450 430 410 399 390 379 374 370
03 06 -9999 360 356 360 356 356 351 356 360 379 399 421 430 446 460 460 450 430 410 399 390 379 374 370
03 07 -9999 360 356 360 356 356 351 356 360 379 399 421 430 446 450 464 450 430 421 399 390 379 374 370
03 08 -9999 360 360 360 356 356 351 356 360 390 399 421 441 460 460 469 460 450 421 399 392 379 379 370
03 09 -9999 360 360 360 356 356 351 351 360 390 399 421 441 460 460 469 460 450 421 410 399 390 379 370
03 10 -9999 360 360 360 360 356 351 351 370 390 410 430 441 460 469 469 460 459 430 410 399 379 379 370
03 11 -9999 360 360 360 356 351 351 351 370 390 410 439 450 464 469 480 469 460 430 410 399 390 379 370
03 12 -9999 370 360 360 360 356 356 351 370 399 410 441 450 469 480 480 469 460 439 419 399 390 379 379
03 13 -9999 370 370 370 360 360 356 360 379 399 421 441 460 469 480 482 469 469 441 421 399 390 379 379
03 14 -9999 370 370 369 369 360 360 360 379 399 421 441 460 469 480 482 469 469 441 421 399 390 388 379
03 15 -9999 370 370 370 370 360 360 360 379 399 421 441 460 469 480 482 480 469 441 421 399 399 390 379
03 16 -9999 379 370 370 370 369 369 360 379 410 430 446 460 480 480 489 480 469 441 421 410 399 390 379
03 17 -9999 379 370 370 370 369 369 360 379 410 430 450 460 480 489 489 480 469 446 421 410 399 390 390
03 18 -9999 379 370 370 370 369 360 360 390 410 430 450 464 480 489 489 489 469 450 430 410 399 390 390
03 19 -9999 379 374 370 370 370 369 369 390 410 441 450 469 482 500 500 500 480 459 430 421 410 399 392
03 20 -9999 379 374 379 370 370 370 370 399 421 441 460 478 489 500 500 500 489 460 441 421 410 399 399
03 21 -9999 390 379 379 374 370 370 379 399 421 450 469 480 500 511 511 511 489 469 450 430 419 410 399
03 22 -9999 392 390 390 390 379 379 379 410 430 460 482 500 511 520 520 520 500 480 464 441 428 421 410
03 23 -9999 399 390 392 399 390 390 390 410 441 469 489 511 520 531 540 531 500 482 469 450 441 421 419
03 24 -9999 410 399 399 399 392 392 399 421 441 480 500 511 531 540 540 549 531 500 469 460 450 430 421
03 25 -9999 410 410 410 410 399 399 410 430 446 480 500 520 540 554 554 550 531 500 480 460 450 441 428
03 26 -9999 410 410 410 410 399 399 410 430 450 482 500 531 540 554 559 550 536 500 480 460 450 441 430
03 27 -9999 421 421 410 410 399 410 410 430 460 489 511 540 550 559 559 554 536 500 482 464 459 446 430
03 28 -9999 421 421 410 410 410 410 421 430 460 489 518 540 559 570 570 554 540 520 489 469 460 450 441
03 29 -9999 428 430 421 421 410 410 421 441 464 500 520 540 559 579 579 559 550 520 500 469 460 450 450
03 30 -9999 441 430 421 421 410 410 428 450 469 500 531 550 570 579 590 570 550 531 500 478 464 459 450
03 31 -9999 441 430 428 421 410 421 428 450 469 509 531 550 570 590 590 572 550 531 500 480 469 460 450
04 01 -9999 441 441 430 428 421 421 430 450 469 511 531 559 570 590 590 579 554 531 500 482 469 460 460
04 02 -9999 450 441 430 430 421 428 430 450 480 518 531 559 570 590 590 579 554 536 511 489 480 464 460
04 03 -9999 450 441 441 430 421 428 430 460 482 520 536 559 572 590 590 579 559 536 511 489 480 469 460
04 04 -9999 450 441 441 430 428 428 430 460 482 520 540 559 572 590 590 579 559 540 511 489 480 469 460
04 05 -9999 450 441 441 430 428 428 430 460 489 520 540 559 570 590 590 579 559 536 500 489 480 469 460
04 06 -9999 450 441 441 430 428 428 430 460 489 520 536 559 570 579 590 572 559 536 500 489 480 469 460
04 07 -9999 450 441 430 430 428 421 430 460 489 520 536 554 570 579 590 579 559 540 511 489 480 469 460
04 08 -9999 450 441 430 430 428 421 430 460 489 520 540 559 572 590 590 590 559 540 511 489 480 469 464
04 09 -9999 450 441 430 430 430 428 441 469 500 520 550 568 590 601 601 590 572 540 511 500 482 469 464
04 10 -9999 450 446 441 439 430 430 446 469 500 531 554 579 590 601 608 601 579 550 520 500 489 480 469
04 11 -9999 459 450 450 450 430 441 450 480 518 540 559 579 601 608 608 601 590 554 531 511 500 482 469
04 12 -9999 460 460 460 450 439 441 460 480 520 550 570 590 601 610 621 610 601 559 531 518 500 489 469
04 13 -9999 460 460 460 450 441 446 464 489 520 554 572 601 610 621 621 621 601 568 536 518 500 500 482
04 14 -9999 464 460 460 450 441 450 469 500 529 554 590 610 621 626 630 621 608 579 550 520 511 500 489
04 15 -9999 469 464 460 460 450 460 469 500 531 559 590 610 630 630 630 621 621 579 550 520 511 500 489
04 16 -9999 469 469 464 460 450 460 480 500 531 559 590 621 630 640 630 630 610 579 550 529 511 500 500
04 17 -9999 478 469 464 460 460 460 480 511 531 570 601 621 639 649 640 630 621 590 554 531 511 500 500
04 18 -9999 480 469 469 460 460 460 489 511 540 570 601 621 640 649 649 639 621 590 559 531 511 500 500
04 19 -9999 482 480 469 469 464 469 500 520 550 570 610 630 640 649 649 640 630 590 559 540 520 511 500
04 20 -9999 489 480 480 478 469 480 500 520 550 579 610 630 640 649 660 649 630 601 570 540 531 520 511
04 21 -9999 500 482 480 480 469 480 500 520 550 590 621 630 649 660 660 649 640 610 570 549 531 520 511
04 22 -9999 500 482 480 478 469 478 500 520 559 590 621 639 660 669 680 669 649 621 579 550 531 520 511
04 23 -9999 500 489 482 480 478 480 500 536 570 601 621 640 669 669 680 669 649 621 579 559 540 531 520
04 24 -9999 500 500 489 480 480 489 511 540 570 601 630 660 680 680 680 680 660 630 590 559 550 531 531
04 25 -9999 511 511 489 489 489 500 511 549 579 610 630 660 680 689 680 680 669 630 590 570 550 540 531
04 26 -9999 511 511 500 500 489 500 520 550 579 610 640 660 680 691 691 680 669 630 599 570 550 540 531
04 27 -9999 511 511 500 500 500 500 520 559 590 619 649 669 691 691 691 680 669 630 601 570 559 540 531
04 28 -9999 520 511 500 500 500 511 520 559 601 630 660 680 700 700 700 691 680 640 601 579 559 550 531
04 29 -9999 520 511 511 500 500 511 531 559 601 630 669 680 700 700 700 691 680 640 610 579 559 550 536
04 30 -9999 520 518 511 509 500 511 540 568 608 630 669 680 700 700 700 691 680 649 610 579 559 550 536
05 01 -9999 531 520 511 511 500 511 540 570 610 639 669 691 700 709 700 700 680 649 610 579 568 554 536
05 02 -9999 531 520 518 511 511 520 540 570 610 644 680 691 709 711 700 700 680 649 610 579 570 554 540
05 03 -9999 531 529 520 511 511 520 550 579 610 649 680 700 711 720 711 700 680 658 610 590 570 559 540
05 04 -9999 531 531 520 511 518 531 550 579 610 660 680 700 720 720 720 711 691 660 621 590 572 559 549
05 05 -9999 536 531 520 518 518 531 550 579 610 660 691 711 720 720 720 711 691 660 621 590 572 570 550
05 06 -9999 536 531 531 518 518 531 550 579 610 660 691 700 720 720 720 711 691 660 626 590 579 570 559
05 07 -9999 536 536 531 520 518 531 550 579 610 660 680 700 720 720 720 711 691 660 630 590 579 570 559
05 08 -9999 536 531 531 520 518 531 550 579 619 660 680 700 720 720 720 711 691 660 630 599 590 570 559
05 09 -9999 540 536 531 520 520 531 550 579 619 660 689 700 720 720 716 711 691 660 630 599 590 570 559
05 10 -9999 540 536 531 520 518 531 554 579 621 660 680 700 720 720 720 711 691 660 630 601 590 570 568
05 11 -9999 540 536 531 520 518 531 554 590 621 660 691 700 720 720 720 716 691 660 630 610 590 572 570
05 12 -9999 540 536 531 520 518 531 554 579 621 660 691 700 720 720 720 716 691 660 630 610 590 579 570
05 13 -9999 540 540 531 520 520 531 559 590 621 669 698 700 720 730 730 716 698 669 639 610 590 590 572
05 14 -9999 550 540 531 529 520 531 559 601 630 669 709 720 730 739 734 720 700 680 640 626 601 590 572
05 15 -9999 554 550 536 531 531 540 559 610 660 691 711 730 750 750 739 730 711 680 644 630 608 590 579
05 16 -9999 559 554 540 540 531 540 570 619 660 691 711 730 750 750 739 730 711 691 649 630 610 601 579
05 17 -9999 559 559 550 540 540 550 570 619 660 698 720 739 759 752 739 730 720 698 660 630 610 601 590
05 18 -9999 568 559 550 540 540 550 579 621 669 700 729 748 759 759 750 739 730 700 669 640 621 608 590
05 19 -9999 570 559 559 550 549 559 590 630 680 711 730 750 759 759 750 739 734 700 669 640 621 608 590
05 20 -9999 572 559 559 550 550 559 590 630 680 711 739 750 770 770 759 750 734 700 669 640 621 610 590
05 21 -9999 572 559 559 550 550 570 601 640 691 720 750 759 770 781 770 759 739 700 669 644 621 610 601
05 22 -9999 579 570 559 559 559 570 610 649 698 720 750 759 770 781 770 770 750 720 680 649 630 621 601
05 23 -9999 590 579 570 570 559 579 610 649 700 730 750 759 781 781 770 770 750 720 680 649 630 621 610
05 24 -9999 590 590 572 572 570 590 621 660 700 730 750 759 781 781 781 770 750 720 680 658 640 621 610
05 25 -9999 599 590 579 579 579 590 621 662 700 730 752 770 790 790 790 781 759 730 700 669 649 630 619
05 26 -9999 601 601 590 590 590 601 630 669 711 730 759 770 790 790 790 781 759 734 700 669 649 630 621
05 27 -9999 608 601 590 590 590 601 630 669 711 739 770 781 790 790 790 781 759 739 700 669 649 630 621
05 28 -9999 608 601 590 590 590 608 630 669 711 739 770 779 788 790 790 781 759 734 700 669 649 630 621
05 29 -9999 610 601 590 590 590 610 630 669 711 734 759 770 781 781 790 770 752 730 700 662 649 630 621
05 30 -9999 610 601 590 590 590 601 630 669 709 730 750 770 781 781 781 770 750 730 700 669 649 630 621
05 31 -9999 610 601 590 590 590 610 630 669 711 730 752 770 781 781 781 770 752 730 700 669 649 639 626
06 01 -9999 610 608 601 601 601 610 630 669 711 739 759 779 781 790 790 770 752 734 700 669 649 640 630
06 02 -9999 610 608 601 601 601 610 630 669 711 734 759 770 790 790 790 779 759 739 700 680 649 640 630
06 03 -9999 610 610 601 601 601 610 639 669 711 739 759 781 790 799 790 770 759 739 709 680 660 644 640
06 04 -9999 621 610 608 601 608 619 640 680 720 739 770 781 790 801 799 781 770 739 720 680 662 649 644
06 05 -9999 626 621 610 610 610 621 644 691 720 739 770 781 790 801 799 781 770 739 720 680 669 649 644
06 06 -9999 630 621 621 619 610 630 660 691 720 750 770 790 801 806 801 788 770 750 730 691 669 660 649
06 07 -9999 630 621 621 619 621 630 660 691 729 750 770 790 810 810 806 790 781 750 730 700 680 660 649
06 08 -9999 639 630 630 621 621 639 660 700 730 759 781 801 810 819 810 790 790 770 734 700 680 669 658
06 09 -9999 640 630 630 621 621 639 660 700 730 759 781 801 810 819 810 799 788 770 730 700 680 660 649
06 10 -9999 640 639 630 621 621 640 669 700 739 759 781 801 810 820 810 801 788 770 730 709 691 669 660
06 11 -9999 640 639 630 621 626 640 669 709 739 770 790 801 810 820 810 801 790 770 739 711 691 669 660
06 12 -9999 640 640 630 621 630 644 669 711 748 770 790 810 820 829 819 801 790 770 750 711 691 680 669
06 13 -9999 649 640 640 630 630 649 680 711 750 781 801 820 820 829 820 806 801 781 750 711 700 680 669
06 14 -9999 658 649 640 630 640 649 680 720 759 781 801 820 829 829 824 810 801 781 759 720 700 689 680
06 15 -9999 660 649 644 640 644 658 689 730 759 790 810 820 829 829 829 820 806 781 759 720 711 691 680
06 16 -9999 660 649 644 639 644 658 689 730 759 790 801 820 829 829 824 810 806 781 759 720 709 691 680
06 17 -9999 660 649 644 639 640 649 680 730 759 781 801 820 829 829 824 810 806 781 759 720 711 691 680
06 18 -9999 660 649 644 640 644 649 680 729 759 790 801 820 829 829 829 820 806 781 759 729 711 691 680
06 19 -9999 662 649 649 640 644 658 700 730 770 790 810 820 829 840 829 829 810 790 759 730 711 698 680
06 20 -9999 669 662 649 644 644 669 700 730 770 790 820 829 829 842 829 829 820 790 759 734 716 698 691
06 21 -9999 680 669 660 649 649 669 700 730 770 790 819 829 829 840 829 829 820 790 770 734 720 700 691
06 22 -9999 680 669 660 649 660 680 700 734 770 790 819 829 829 840 829 829 810 790 770 734 716 700 691
06 23 -9999 680 669 660 660 660 669 700 730 770 790 819 829 829 840 829 829 810 790 759 730 716 700 691
06 24 -9999 680 669 660 649 660 669 700 734 770 790 810 829 829 840 829 829 810 790 759 730 716 700 691
06 25 -9999 680 669 660 660 660 680 709 739 770 790 810 829 829 840 829 829 820 790 770 734 720 700 691
06 26 -9999 680 669 669 660 662 680 709 739 770 790 810 829 829 840 829 829 820 790 770 734 720 700 691
06 27 -9999 680 669 669 669 669 680 711 739 770 790 810 829 829 842 838 829 820 790 770 739 720 711 700
06 28 -9999 680 669 669 669 669 680 711 739 770 790 810 829 829 842 829 829 820 790 770 739 720 711 700
06 29 -9999 680 680 669 669 669 680 711 739 770 799 820 838 840 849 840 829 824 790 770 750 729 711 700
06 30 -9999 680 680 680 669 669 691 711 739 770 799 819 838 840 849 840 829 824 801 770 750 729 711 700
07 01 -9999 691 680 680 680 680 691 716 750 781 801 820 840 849 860 849 840 829 806 779 750 730 720 711
07 02 -9999 700 691 680 680 680 698 720 750 788 806 820 840 849 860 849 840 829 810 781 750 730 720 716
07 03 -9999 700 698 691 691 691 700 730 750 788 806 820 840 849 860 849 840 829 810 781 750 734 720 716
07 04 -9999 700 698 691 691 691 700 720 750 781 801 820 840 849 849 849 829 829 801 779 750 730 720 716
07 05 -9999 700 691 689 680 680 700 720 750 781 801 820 829 829 849 840 829 820 801 770 750 730 720 716
07 06 -9999 700 691 689 680 680 698 720 750 781 801 820 829 838 849 840 829 820 801 779 750 729 720 716
07 07 -9999 700 691 680 680 680 698 720 750 781 801 820 829 838 849 849 829 829 806 781 750 734 720 716
07 08 -9999 700 698 691 680 680 700 729 750 781 806 820 838 842 849 849 840 829 810 781 752 734 720 720
07 09 -9999 700 698 691 689 680 700 729 752 788 806 824 840 849 860 849 842 829 810 781 759 739 730 720
07 10 -9999 700 700 691 691 680 700 729 759 788 810 824 840 849 860 860 849 840 810 781 759 739 730 720
07 11 -9999 700 700 691 691 691 700 730 759 790 810 829 840 849 860 860 849 840 810 790 759 748 730 720
07 12 -9999 711 700 698 691 691 700 730 759 790 819 829 840 860 860 860 849 840 810 790 759 750 730 720
07 13 -9999 711 700 698 689 691 700 730 770 790 819 829 840 849 860 860 849 840 810 790 759 750 730 720
07 14 -9999 711 700 691 680 691 700 730 770 790 810 824 840 849 860 860 849 840 810 790 759 750 730 720
07 15 -9999 700 700 691 680 680 700 730 759 790 810 824 840 849 860 860 849 840 819 790 759 750 730 720
07 16 -9999 700 700 691 680 680 700 730 759 788 806 824 840 849 860 860 849 840 819 790 759 739 729 720
07 17 -9999 700 698 691 680 680 700 730 759 781 806 824 840 849 860 860 849 840 820 790 759 739 720 716
07 18 -9999 700 698 691 680 680 700 730 759 788 810 829 840 860 860 860 849 840 820 790 759 739 720 720
07 19 -9999 700 698 691 680 689 700 730 759 790 810 829 840 860 860 860 849 840 820 790 759 739 720 720
07 20 -9999 700 700 691 680 691 700 730 759 790 810 829 840 860 860 860 849 840 820 790 759 739 720 716
07 21 -9999 700 700 691 680 691 700 730 770 790 820 829 849 860 860 860 849 840 820 790 759 739 720 720
07 22 -9999 700 700 691 680 691 700 730 759 790 810 829 842 860 860 860 849 829 810 788 759 739 720 716
07 23 -9999 700 700 691 680 689 700 730 759 788 810 820 840 860 860 860 849 829 819 790 759 739 729 720
07 24 -9999 700 700 691 680 691 700 730 759 781 810 820 840 860 860 860 849 829 819 790 759 739 729 720
07 25 -9999 700 700 691 680 691 700 730 759 781 801 820 840 849 860 860 849 829 810 788 752 739 730 720
07 26 -9999 700 700 691 680 689 700 729 750 781 806 829 840 849 860 860 849 829 810 781 750 734 720 716
07 27 -9999 700 698 691 680 680 700 720 750 781 806 829 840 849 860 860 849 829 819 781 750 734 720 716
07 28 -9999 700 698 691 680 680 698 720 750 781 801 829 840 849 860 860 849 829 819 781 750 734 720 720
07 29 -9999 700 700 691 680 689 698 720 750 781 810 829 840 849 860 860 849 829 820 781 750 734 730 720
07 30 -9999 700 700 691 680 689 700 720 750 781 810 829 842 860 860 860 849 829 810 781 750 734 730 720
07 31 -9999 700 700 691 680 689 700 720 750 781 810 829 840 849 860 860 849 829 810 781 750 734 730 720
08 01 -9999 700 700 691 680 680 698 720 750 781 810 829 842 849 860 860 849 829 810 781 750 734 730 720
08 02 -9999 700 698 691 680 680 698 720 750 781 810 829 842 849 860 860 849 829 810 781 750 734 730 720
08 03 -9999 700 698 691 680 680 691 716 750 781 810 829 842 849 860 860 860 838 819 781 750 734 720 720
08 04 -9999 700 691 691 680 680 691 716 750 781 810 829 842 849 860 860 860 829 819 781 750 734 730 720
08 05 -9999 700 691 691 680 680 691 711 750 781 806 829 840 849 860 860 860 829 819 781 750 734 720 720
08 06 -9999 700 698 691 680 680 691 711 750 781 810 829 842 849 860 860 860 829 820 781 750 734 720 720
08 07 -9999 700 698 691 680 680 691 711 750 781 810 829 842 849 871 869 860 829 820 781 750 734 720 720
08 08 -9999 700 698 691 680 680 691 711 750 781 810 829 849 860 871 869 860 829 819 781 750 730 720 716
08 09 -9999 700 698 691 680 680 691 711 750 781 810 829 849 860 871 871 860 829 819 781 750 734 720 716
08 10 -9999 700 698 691 680 680 691 711 750 781 810 829 849 860 871 871 860 838 820 781 750 734 729 716
08 11 -9999 700 698 691 680 680 691 711 750 781 810 829 849 860 871 869 860 829 810 781 750 734 729 716
08 12 -9999 700 698 691 680 680 691 711 750 781 810 829 849 860 871 860 860 829 806 770 750 730 720 711
08 13 -9999 700 691 691 680 680 691 711 739 781 810 829 842 849 860 860 849 829 801 770 750 730 720 711
08 14 -9999 700 691 680 680 680 691 711 739 781 806 824 840 849 860 860 849 829 801 770 750 730 720 711
08 15 -9999 691 691 680 680 680 691 700 739 779 806 824 840 849 860 860 849 829 801 770 750 730 720 711
08 16 -9999 691 691 680 680 680 691 700 730 770 801 820 829 849 849 849 840 824 801 770 750 730 720 711
08 17 -9999 691 691 680 680 680 680 700 730 770 799 820 829 849 849 849 840 820 790 759 739 720 711 700
08 18 -9999 691 691 680 669 669 680 700 729 759 790 810 829 849 840 840 829 820 790 759 734 720 711 700
08 19 -9999 691 689 680 669 669 669 700 729 759 790 810 829 840 840 842 829 820 790 759 734 720 711 700
08 20 -9999 691 680 680 669 669 669 700 729 759 790 810 829 849 842 849 840 820 790 759 739 729 711 700
08 21 -9999 691 680 669 669 669 669 691 729 770 790 810 829 840 842 842 838 820 790 759 739 720 711 700
08 22 -9999 680 680 669 669 662 669 691 720 770 790 810 829 840 840 840 829 820 790 759 730 720 711 700
08 23 -9999 680 680 669 669 660 669 689 720 759 790 810 829 840 840 840 829 820 790 750 730 720 709 700
08 24 -9999 680 669 669 662 660 662 680 720 759 781 810 820 829 829 840 829 806 779 750 720 716 700 691
08 25 -9999 680 669 669 660 660 660 680 720 750 781 801 810 829 829 829 824 801 770 739 720 711 698 691
08 26 -9999 669 669 669 660 660 660 680 716 739 770 790 810 824 829 824 820 790 770 734 720 709 698 680
08 27 -9999 669 669 662 660 660 658 680 716 739 770 788 801 820 820 824 820 790 770 734 720 709 698 680
08 28 -9999 669 669 669 660 660 658 680 716 739 770 788 801 820 820 824 820 790 770 734 716 700 698 680
08 29 -9999 669 669 662 660 658 649 680 716 739 770 790 810 820 820 824 810 790 759 734 711 700 698 680
08 30 -9999 669 669 662 660 658 649 680 711 739 770 788 806 820 820 824 810 790 759 734 711 700 698 680
08 31 -9999 669 669 662 660 658 658 669 700 739 770 788 810 820 824 829 820 790 759 734 711 700 698 680
09 01 -9999 669 669 662 660 658 658 680 700 739 770 790 810 820 824 829 820 801 770 734 716 709 698 680
09 02 -9999 680 669 662 660 658 658 680 700 739 770 790 810 820 824 829 820 790 759 734 711 709 698 680
09 03 -9999 680 669 662 660 660 660 669 700 739 759 788 801 820 820 824 810 790 759 734 716 709 698 680
09 04 -9999 680 669 662 660 660 660 669 700 739 759 788 801 819 820 820 806 790 752 734 711 700 691 680
09 05 -9999 680 669 662 660 660 660 669 700 734 759 781 801 810 820 806 801 788 750 730 700 691 691 680
09 06 -9999 669 662 660 658 649 649 660 698 730 752 781 790 810 810 806 801 781 750 720 700 689 680 680
09 07 -9999 669 660 658 649 649 644 658 691 720 750 770 790 806 810 801 790 779 739 720 700 680 680 669
09 08 -9999 669 660 649 644 644 644 649 680 720 750 770 790 806 810 801 790 770 734 711 698 680 669 669
09 09 -9999 662 649 644 644 640 640 649 680 711 739 770 790 801 806 801 788 770 730 709 691 669 669 662
09 10 -9999 660 649 640 640 640 640 649 680 709 739 770 781 790 801 801 781 759 730 700 691 669 662 662
09 11 -9999 658 649 640 640 640 639 644 669 700 739 759 781 790 801 790 781 759 729 700 689 669 662 660
09 12 -9999 649 649 640 639 639 630 640 669 700 734 759 781 788 790 790 770 759 720 700 680 669 660 660
09 13 -9999 649 649 640 630 639 630 640 669 700 730 759 779 788 790 788 770 759 720 700 689 669 660 660
09 14 -9999 649 640 630 630 630 630 640 669 700 730 759 779 781 788 788 770 752 720 698 680 669 660 649
09 15 -9999 649 640 630 630 630 626 640 669 691 730 750 770 781 781 779 770 750 716 698 680 669 660 649
09 16 -9999 649 640 630 630 630 626 639 660 680 711 739 759 770 770 770 759 748 711 691 680 662 649 649
09 17 -9999 640 630 630 630 626 626 630 660 680 711 739 759 770 770 770 752 734 700 680 669 660 649 644
09 18 -9999 630 630 626 626 626 621 630 649 669 700 730 748 759 759 759 739 720 700 680 662 649 649 640
09 19 -9999 630 626 621 621 621 621 626 644 669 700 720 739 752 759 759 739 720 691 669 660 649 644 640
09 20 -9999 630 621 621 621 621 619 621 640 662 698 716 739 750 752 759 739 716 691 669 660 649 640 640
09 21 -9999 630 626 621 621 621 621 626 640 660 691 711 734 750 750 752 739 711 680 669 660 649 640 639
09 22 -9999 630 626 621 621 621 619 621 640 660 691 711 730 739 750 750 730 711 680 662 649 640 630 630
09 23 -9999 621 621 621 610 610 608 610 640 649 691 711 730 739 750 750 730 711 680 660 649 640 630 630
09 24 -9999 621 621 619 610 610 608 610 640 649 689 711 730 739 750 739 730 711 669 660 644 640 630 630
09 25 -9999 621 610 610 610 608 601 608 630 649 680 700 720 739 739 739 730 700 669 649 640 640 630 630
09 26 -9999 621 621 610 610 608 601 608 626 649 669 700 720 734 734 739 720 700 669 649 640 630 630 630
09 27 -9999 621 610 610 608 601 601 601 621 649 669 700 720 730 734 730 720 691 662 649 640 630 630 630
09 28 -9999 621 610 608 601 590 590 601 621 649 669 700 720 730 730 730 716 691 660 640 630 630 621 621
09 29 -9999 610 608 601 590 590 590 590 610 640 660 691 711 720 720 720 711 680 649 640 630 630 621 610
09 30 -9999 608 608 590 590 590 590 590 610 640 660 691 711 720 720 720 700 680 649 630 621 621 610 608
10 01 -9999 601 590 590 590 579 579 590 608 630 660 680 700 711 720 711 700 669 640 630 621 621 610 601
10 02 -9999 590 590 590 579 579 579 579 601 630 658 680 700 711 716 711 700 669 640 630 621 621 610 601
10 03 -9999 590 590 590 579 579 579 590 601 630 649 680 691 700 711 711 691 669 630 621 619 610 601 590
10 04 -9999 590 579 579 572 572 572 579 601 630 649 680 691 700 711 711 691 660 630 621 610 610 601 590
10 05 -9999 579 579 579 570 570 570 572 599 621 649 680 691 709 711 711 691 660 630 610 610 601 599 590
10 06 -9999 579 570 570 559 559 559 559 590 610 644 669 691 709 711 700 691 660 630 610 610 601 590 590
10 07 -9999 579 570 570 559 559 550 559 579 610 644 669 691 709 711 700 680 660 630 610 610 601 590 579
10 08 -9999 579 570 568 559 559 550 559 579 608 640 662 691 700 700 698 680 649 626 610 601 590 590 579
10 09 -9999 570 559 559 554 554 540 550 570 601 630 649 669 680 691 691 669 649 621 601 599 590 579 572
10 10 -9999 559 554 554 550 550 540 550 570 599 621 644 669 680 680 680 669 640 610 590 590 579 570 570
10 11 -9999 554 540 540 549 540 536 540 559 590 610 630 660 669 680 680 660 630 610 590 590 579 570 559
10 12 -9999 550 540 540 540 536 531 536 554 579 601 630 660 660 669 669 660 621 601 590 579 572 570 559
10 13 -9999 540 540 536 536 536 531 531 550 579 601 626 649 660 669 669 649 621 590 579 570 570 554 550
10 14 -9999 540 540 536 536 536 531 531 550 579 601 621 649 660 669 660 649 610 590 579 570 570 554 550
10 15 -9999 540 540 536 531 531 531 531 550 570 601 621 649 649 660 658 640 610 590 579 570 559 554 550
10 16 -9999 540 540 536 531 531 531 531 550 570 599 621 640 649 658 649 639 610 590 579 570 570 554 550
10 17 -9999 540 540 536 531 531 531 531 549 570 590 610 640 644 649 649 630 610 579 570 559 559 550 550
10 18 -9999 540 540 536 531 531 531 531 540 559 590 610 630 640 649 644 630 601 579 570 559 559 550 550
10 19 -9999 540 540 536 531 531 531 531 540 559 579 610 630 640 644 640 626 601 579 570 559 559 550 550
10 20 -9999 540 540 531 531 531 529 531 540 559 579 601 621 639 640 630 621 599 579 570 559 550 540 540
10 21 -9999 540 540 531 531 531 520 531 536 554 579 601 621 630 640 630 619 590 572 568 559 550 540 549
10 22 -9999 540 536 520 529 520 520 520 536 550 579 601 619 630 630 626 619 590 572 559 559 550 540 540
10 23 -9999 531 531 520 520 520 520 520 531 540 579 601 619 630 630 626 610 590 570 559 559 540 540 540
10 24 -9999 531 529 520 520 520 520 520 531 540 579 601 619 630 630 630 619 590 579 568 559 550 540 540
10 25 -9999 531 520 520 520 520 520 520 531 540 579 601 619 630 640 630 619 590 579 570 559 550 540 540
10 26 -9999 531 520 520 518 518 520 511 529 540 579 599 619 630 630 626 610 590 572 568 559 550 540 540
10 27 -9999 520 520 520 511 511 520 511 529 540 572 599 610 630 630 626 610 590 572 568 559 550 540 540
10 28 -9999 520 520 520 518 511 520 511 520 540 579 599 610 626 630 621 610 590 572 568 559 550 540 540
10 29 -9999 520 520 520 511 511 511 511 520 540 570 590 610 621 630 621 610 590 570 559 554 540 540 536
10 30 -9999 520 518 511 509 511 511 509 520 540 570 590 610 621 621 621 601 590 570 554 550 540 531 531
10 31 -9999 520 511 511 500 500 500 500 511 536 559 590 601 610 621 610 601 579 568 550 550 540 531 531
11 01 -9999 520 511 511 500 500 500 500 511 536 554 579 590 608 610 608 590 579 559 549 550 531 531 531
11 02 -9999 518 511 509 500 500 500 500 511 531 550 579 590 610 610 601 590 579 559 549 549 531 531 520
11 03 -9999 518 500 509 500 500 500 500 509 531 550 572 579 601 610 601 590 570 550 540 540 531 529 520
11 04 -9999 511 500 500 500 500 489 500 509 531 540 568 579 601 601 601 579 570 549 540 531 531 520 520
11 05 -9999 511 500 500 500 500 489 489 500 531 536 559 570 590 601 590 579 554 536 531 531 520 520 520
11 06 -9999 511 500 500 500 489 489 489 500 529 531 550 570 590 590 590 572 550 536 520 520 520 518 511
11 07 -9999 509 500 500 500 489 489 489 500 520 531 550 559 579 579 579 570 549 531 520 520 520 511 511
11 08 -9999 500 500 500 500 500 489 489 500 520 529 549 559 570 570 570 559 540 529 518 511 511 511 511
11 09 -9999 500 500 500 489 489 489 489 500 518 529 540 550 559 570 568 550 540 520 520 511 511 511 511
11 10 -9999 500 500 500 489 489 489 482 500 511 520 540 550 559 570 559 550 531 520 511 511 511 511 500
11 11 -9999 489 489 489 480 480 482 480 489 500 518 540 550 559 568 550 540 531 518 511 500 500 500 500
11 12 -9999 489 489 482 480 480 480 478 489 500 511 531 549 550 559 550 540 531 518 511 500 500 500 500
11 13 -9999 489 489 480 480 480 480 478 489 500 511 531 540 550 550 550 531 520 511 500 500 489 500 489
11 14 -9999 480 480 469 469 469 469 469 482 500 511 529 540 550 550 550 531 518 509 500 489 482 489 482
11 15 -9999 478 480 469 464 469 469 469 482 500 500 520 531 550 550 549 531 518 509 500 489 482 489 482
11 16 -9999 469 480 469 464 469 469 469 480 500 500 520 531 540 540 540 531 511 500 489 482 480 482 480
11 17 -9999 469 469 469 460 464 469 464 480 489 489 511 520 540 540 536 520 511 489 482 480 480 480 480
11 18 -9999 469 469 469 460 464 460 460 480 482 489 509 520 540 540 536 520 511 489 482 469 469 480 480
11 19 -9999 469 464 469 460 460 460 460 478 480 489 500 520 540 529 531 511 500 480 469 469 469 469 469
11 20 -9999 460 460 459 450 450 450 460 469 478 489 500 511 531 529 520 511 489 480 469 469 464 469 469
11 21 -9999 459 450 450 450 450 450 450 450 464 489 500 511 529 529 531 511 489 469 469 469 469 480 469
11 22 -9999 460 460 450 450 450 450 450 450 464 482 489 500 520 520 520 500 489 469 464 469 464 469 469
11 23 -9999 459 450 450 441 450 441 430 439 450 460 478 489 500 500 511 500 480 464 460 460 460 460 469
11 24 -9999 450 441 441 430 430 430 430 430 441 450 469 482 500 500 500 500 469 460 460 450 450 450 450
11 25 -9999 441 441 441 430 430 430 430 421 430 450 469 482 489 489 500 489 469 459 459 450 450 450 450
11 26 -9999 441 441 439 430 430 430 430 421 430 450 469 482 489 489 500 489 469 459 460 450 450 450 450
11 27 -9999 441 439 441 430 430 421 428 421 430 450 464 480 489 489 489 480 460 450 450 441 441 441 430
11 28 -9999 428 430 430 421 430 419 419 419 421 450 464 469 489 489 489 478 460 450 450 441 441 441 430
11 29 -9999 421 430 430 421 421 410 410 410 421 446 464 469 489 489 489 469 450 450 450 441 439 441 430
11 30 -9999 421 428 430 421 421 410 410 410 421 441 460 464 480 489 482 460 450 450 441 439 421 421 430
12 01 -9999 421 421 421 421 421 410 410 410 421 441 450 460 478 480 469 460 450 446 441 430 421 421 421
12 02 -9999 421 410 419 410 410 399 399 410 410 441 450 460 469 480 469 460 446 441 439 421 421 410 410
12 03 -9999 410 399 410 399 399 399 399 399 410 441 450 460 469 469 464 459 441 439 430 421 421 410 410
12 04 -9999 399 399 399 399 399 392 392 399 410 441 450 450 460 469 460 450 439 430 430 410 410 399 399
12 05 -9999 392 392 392 390 390 388 388 390 399 430 441 450 450 460 450 446 430 421 421 410 399 399 399
12 06 -9999 392 390 392 390 388 379 388 388 399 428 441 450 450 460 450 441 428 421 410 410 399 399 399
12 07 -9999 390 379 390 379 379 379 379 379 392 421 430 441 450 460 450 441 428 421 410 399 388 399 392
12 08 -9999 388 379 390 374 379 379 379 379 392 421 430 441 450 460 450 439 428 410 410 399 379 392 392
12 09 -9999 379 379 379 374 374 370 374 374 390 410 430 441 450 460 446 430 421 410 399 390 379 390 379
12 10 -9999 374 374 374 370 370 370 370 369 379 410 410 430 446 459 441 428 410 410 410 390 379 388 379
12 11 -9999 374 374 370 369 370 360 360 360 379 399 410 430 430 441 430 428 410 410 399 390 379 379 379
12 12 -9999 369 369 369 360 360 360 360 360 370 392 392 428 421 430 428 410 410 399 390 379 374 379 374
12 13 -9999 360 360 360 351 360 356 356 351 370 392 390 421 419 428 421 410 410 390 379 379 370 370 370
12 14 -9999 360 360 360 351 351 351 351 349 369 390 390 410 410 421 421 410 410 390 379 374 370 370 360
12 15 -9999 360 360 356 351 351 349 349 340 360 388 379 410 399 410 410 399 399 379 374 370 370 360 360
12 16 -9999 360 360 356 351 351 349 351 349 360 390 388 410 410 419 419 410 410 390 379 374 370 370 369
12 17 -9999 360 360 360 351 360 356 351 351 360 390 390 410 410 421 421 410 410 390 390 379 374 379 374
12 18 -9999 370 370 369 360 360 360 356 360 370 390 392 410 410 421 421 410 410 390 390 379 374 379 379
12 19 -9999 370 370 370 369 360 360 351 351 370 390 390 410 410 419 421 410 399 388 379 379 370 370 374
12 20 -9999 360 370 369 360 360 360 351 356 370 388 390 399 410 410 421 410 399 379 379 374 370 370 360
12 21 -9999 360 360 360 351 356 351 351 351 360 379 379 399 399 410 410 399 392 379 374 370 370 360 360
12 22 -9999 360 360 360 360 360 356 351 351 360 379 379 399 399 410 419 399 392 379 374 374 370 370 360
12 23 -9999 360 360 369 360 360 351 351 351 360 379 379 392 399 399 410 392 390 379 370 370 369 360 360
12 24 -9999 360 360 369 351 356 340 349 349 360 374 379 379 390 399 410 390 379 374 370 370 360 360 360
12 25 -9999 360 360 360 351 351 340 349 349 360 370 379 379 390 399 399 379 370 370 360 369 360 360 351
12 26 -9999 351 360 351 349 351 340 340 340 351 370 370 379 390 390 392 379 369 360 351 360 360 360 351
12 27 -9999 349 351 349 349 349 340 340 340 351 369 370 379 390 390 399 379 370 360 356 360 356 356 351
12 28 -9999 349 351 349 349 340 340 340 340 351 369 370 379 390 399 399 379 370 360 360 360 360 360 351
12 29 -9999 351 351 349 351 351 340 340 349 351 360 370 379 390 390 390 379 370 360 360 360 360 356 351
12 30 -9999 349 351 340 349 351 340 340 340 351 360 370 379 390 390 390 379 370 370 360 360 360 356 351
12 31 -9999 349 351 340 340 340 340 340 340 351 360 370 379 379 379 390 379 360 360 356 351 351 349 340
