01 01 -9999 399 399 399 399 390 390 390 379 392 410 441 450 482 500 489 480 450 430 421 421 410 410 421
01 02 -9999 399 410 399 399 390 392 390 388 399 421 446 460 482 500 500 482 450 430 421 421 419 421 421
01 03 -9999 410 410 410 410 390 392 390 388 399 421 446 460 482 500 500 489 450 430 421 428 410 421 421
01 04 -9999 399 399 399 399 390 379 390 379 392 410 441 460 480 489 489 489 450 430 421 421 419 421 421
01 05 -9999 399 399 399 399 390 390 390 388 392 410 441 450 480 489 489 482 446 430 421 421 410 410 410
01 06 -9999 390 390 390 390 379 374 379 379 388 410 430 446 469 480 482 480 441 430 421 421 410 410 399
01 07 -9999 390 390 390 390 379 374 379 374 379 410 430 441 460 480 480 478 441 421 410 421 410 410 399
01 08 -9999 390 388 388 379 379 370 370 370 379 410 430 441 464 480 482 480 441 421 410 421 410 410 399
01 09 -9999 392 390 390 379 379 370 374 370 379 410 430 441 469 480 482 480 441 421 410 421 410 410 399
01 10 -9999 390 388 388 379 370 370 370 370 379 399 430 441 469 480 482 480 441 421 410 421 410 410 399
01 11 -9999 390 388 379 374 370 360 360 360 379 399 430 441 469 480 480 480 441 421 410 410 399 399 399
01 12 -9999 390 379 379 370 370 360 360 360 379 399 430 441 469 480 480 480 441 421 410 410 399 399 392
01 13 -9999 379 379 370 370 360 360 360 360 370 392 421 430 460 469 480 478 441 410 410 399 399 399 390
01 14 -9999 379 374 370 360 360 360 360 356 370 392 421 441 464 469 480 478 430 410 399 410 399 399 390
01 15 -9999 379 374 370 360 360 360 360 356 370 392 428 430 469 469 489 478 430 410 410 410 399 399 390
01 16 -9999 379 374 370 360 360 360 360 356 370 399 428 441 469 469 480 469 430 410 410 399 399 399 390
01 17 -9999 379 374 369 360 360 360 360 356 370 399 428 450 469 480 480 478 439 410 410 410 399 399 390
01 18 -9999 379 374 369 360 360 360 360 360 374 399 430 459 469 480 480 478 441 421 410 410 399 399 390
01 19 -9999 379 370 370 360 360 360 360 360 374 399 430 459 469 480 480 469 441 419 410 399 399 399 390
01 20 -9999 370 370 360 360 360 360 360 356 374 399 430 460 469 480 480 478 460 421 410 399 399 399 390
01 21 -9999 370 370 369 370 370 360 370 369 379 410 439 469 469 480 489 489 460 421 410 410 399 399 390
01 22 -9999 370 370 370 370 370 360 370 369 379 410 441 460 469 480 480 480 460 421 410 399 399 399 390
01 23 -9999 379 374 370 370 370 360 370 370 379 410 441 460 469 480 480 480 460 421 410 399 399 392 390
01 24 -9999 379 374 370 370 370 360 369 369 379 410 441 460 469 480 480 482 460 428 410 410 410 399 392
01 25 -9999 379 379 374 370 370 370 370 370 379 410 441 460 469 480 480 480 460 428 410 410 399 399 392
01 26 -9999 379 379 370 370 370 370 370 370 379 410 441 460 469 480 480 489 469 430 421 410 410 399 399
01 27 -9999 379 379 379 370 370 370 374 374 390 410 441 460 480 480 480 489 469 441 428 410 410 399 399
01 28 -9999 390 379 379 374 370 370 374 374 392 410 441 469 480 489 489 489 469 441 430 410 410 410 399
01 29 -9999 390 379 379 370 370 370 374 370 392 410 446 469 480 489 489 500 480 441 430 410 410 410 399
01 30 -9999 392 388 379 370 370 370 374 374 390 410 446 460 480 480 489 500 469 441 430 410 419 410 399
01 31 392 399 390 379 370 370 370 370 370 379 410 446 469 480 489 489 500 469 441 430 419 421 410 410
02 01 399 399 390 379 374 370 370 370 374 379 410 446 469 482 500 489 500 480 441 430 421 421 410 410
02 02 399 399 390 379 379 370 370 370 374 392 410 450 469 489 500 500 500 480 446 430 428 421 410 410
02 03 399 399 392 390 390 379 379 374 379 399 421 450 480 500 511 511 518 480 450 441 428 421 419 410
02 04 399 399 392 379 388 379 374 374 374 399 421 450 480 500 511 500 518 480 450 441 428 421 419 410
02 05 399 399 392 379 379 379 374 374 374 399 421 450 480 500 509 500 511 480 450 441 428 421 419 410
02 06 399 399 392 390 379 379 374 374 374 392 421 450 480 500 509 500 511 480 460 441 430 421 419 410
02 07 399 399 392 390 379 379 374 374 374 399 430 450 480 500 518 511 520 480 460 441 441 428 428 421
02 08 410 399 399 390 379 379 374 374 379 399 430 450 480 500 511 511 520 480 464 450 441 428 428 421
02 09 410 399 392 390 379 379 374 370 374 399 430 450 480 500 511 518 520 489 464 459 446 430 428 421
02 10 410 399 392 390 379 379 374 374 379 410 430 450 480 500 518 518 531 489 464 459 446 430 430 428
02 11 410 410 399 390 390 390 379 374 390 421 430 460 482 500 520 520 531 500 469 460 450 430 430 428
02 12 410 410 410 392 392 392 390 390 399 421 441 460 489 509 520 531 536 520 482 464 450 441 441 428
02 13 428 421 421 410 399 399 399 399 410 428 446 464 500 518 531 540 540 529 500 469 460 446 441 430
02 14 430 428 428 410 410 410 410 399 410 430 450 469 500 520 536 550 550 536 500 480 464 450 446 430
02 15 -9999 430 428 421 419 410 410 410 421 430 460 489 518 536 540 550 550 540 500 482 464 460 450 441
02 16 -9999 428 428 421 419 419 410 410 421 430 460 489 520 540 540 550 550 536 500 489 469 460 450 441
02 17 -9999 430 430 428 428 428 421 410 421 441 460 489 520 540 550 550 554 540 511 489 469 469 460 446
02 18 -9999 430 430 428 421 428 421 410 421 441 464 489 520 540 550 554 559 540 518 500 480 469 460 450
02 19 -9999 430 430 430 428 428 421 410 421 441 464 500 520 540 554 559 559 554 520 500 482 480 464 450
02 20 -9999 441 441 430 428 428 421 419 421 441 464 500 520 540 554 559 559 554 520 500 482 480 464 450
02 21 450 441 430 430 428 428 421 410 421 446 469 511 540 550 570 570 570 559 520 509 482 480 469 450
02 22 460 441 441 441 430 430 421 421 428 450 480 520 540 559 572 579 579 570 531 511 489 482 469 460
02 23 469 450 450 441 430 430 428 421 430 450 489 520 540 559 579 579 579 570 531 511 489 482 469 469
02 24 469 450 459 446 441 430 428 421 430 450 489 531 559 570 590 590 579 570 536 511 500 489 489 480
02 25 482 460 460 450 441 441 430 421 430 450 500 531 559 572 590 590 590 572 540 518 500 500 489 480
02 26 -9999 460 464 450 441 441 430 421 430 460 500 531 559 572 590 601 590 579 540 520 511 500 489 482
02 27 500 480 464 460 450 441 439 428 441 469 500 540 568 579 590 608 601 579 550 531 518 500 500 482
02 28 -9999 482 480 464 450 450 446 439 450 480 518 550 568 590 590 610 601 590 554 531 520 511 500 489
03 01 -9999 489 489 480 469 469 450 450 460 482 520 550 570 590 599 610 608 590 559 536 520 518 511 511
03 02 511 489 489 480 469 464 450 450 460 482 520 550 572 599 601 619 601 590 559 536 520 518 511 511
03 03 518 500 489 482 480 469 460 460 469 489 520 550 579 601 610 621 608 590 559 540 520 518 518 511
03 04 518 500 500 482 480 469 469 464 469 500 531 550 590 608 621 621 608 590 570 540 520 518 518 511
03 05 511 500 489 482 480 469 460 460 469 500 520 554 590 608 621 630 619 608 579 540 531 518 518 511
03 06 -9999 500 500 482 480 480 469 469 480 500 531 570 601 610 630 640 640 626 590 550 531 520 520 518
03 07 -9999 500 500 489 480 480 480 469 480 520 550 579 608 630 640 649 644 630 599 559 540 520 520 520
03 08 -9999 500 500 489 480 480 480 480 480 518 550 590 621 630 640 649 644 630 599 559 540 520 520 520
03 09 -9999 511 500 489 480 478 480 469 482 531 550 599 621 630 644 649 649 630 601 559 549 529 520 520
03 10 -9999 520 500 489 480 480 489 478 489 536 559 601 630 640 644 649 649 630 601 570 550 531 520 529
03 11 -9999 520 500 489 480 480 489 478 489 536 570 601 630 640 644 649 644 630 599 570 550 531 520 520
03 12 -9999 518 500 489 480 480 469 469 489 531 559 601 621 640 640 649 644 630 599 559 549 531 520 520
03 13 -9999 500 500 482 480 480 469 478 489 531 559 601 630 640 640 649 644 630 590 559 540 531 520 511
03 14 -9999 500 500 482 480 480 478 478 489 529 559 601 626 640 649 649 649 630 601 559 540 531 520 511
03 15 -9999 500 489 482 480 478 478 478 489 531 570 601 630 640 649 649 649 630 601 570 549 531 520 520
03 16 -9999 500 500 482 480 480 478 478 500 531 572 610 630 640 660 660 649 630 610 570 550 540 529 531
03 17 -9999 511 500 489 480 489 489 482 511 550 579 610 639 649 660 660 660 640 630 579 559 559 531 536
03 18 -9999 520 500 482 480 482 482 480 509 550 579 621 640 649 660 669 669 660 640 590 570 568 540 540
03 19 -9999 520 509 489 482 489 489 482 511 550 590 621 644 660 662 680 680 660 644 601 579 572 549 550
03 20 -9999 540 511 500 500 500 500 500 531 559 590 626 660 669 680 680 691 662 644 601 590 579 559 554
03 21 -9999 549 531 511 518 518 500 509 536 570 608 630 660 680 680 691 698 680 649 621 601 579 559 559
03 22 -9999 550 531 520 520 518 500 511 540 570 608 630 660 680 689 698 698 680 649 621 608 590 568 570
03 23 -9999 550 536 520 531 520 511 520 540 579 610 644 669 691 700 700 700 691 658 630 610 590 572 579
03 24 -9999 559 550 540 540 536 531 540 550 590 626 658 680 698 700 711 711 691 660 630 610 599 599 579
03 25 -9999 559 554 540 550 550 540 540 559 590 621 649 680 691 700 711 711 691 669 640 621 599 601 590
03 26 -9999 559 559 554 554 554 549 550 572 601 630 660 680 711 720 720 720 700 669 640 621 608 608 601
03 27 -9999 570 570 559 559 559 550 559 579 610 640 669 691 720 720 730 720 711 691 644 630 621 610 601
03 28 -9999 579 572 572 570 559 554 559 579 619 649 680 700 729 730 739 730 716 700 649 630 626 610 601
03 29 -9999 590 590 579 570 570 559 559 590 621 649 680 700 720 730 739 730 716 700 660 640 626 610 610
03 30 -9999 601 590 579 570 570 559 570 601 621 649 680 711 729 730 739 730 720 700 660 640 630 621 610
03 31 590 601 590 590 579 579 579 579 601 630 660 691 720 734 739 750 739 720 711 662 640 630 626 610
04 01 590 601 590 590 590 579 570 570 601 630 662 691 720 734 739 750 739 730 711 662 644 630 626 621
04 02 -9999 601 590 590 579 579 570 570 601 630 662 691 716 730 739 750 739 730 711 660 644 630 626 610
04 03 590 601 590 579 572 570 559 570 601 630 662 691 711 730 739 750 739 730 711 662 644 630 621 621
04 04 -9999 601 590 579 570 570 559 570 601 626 660 691 711 730 739 750 739 730 711 669 644 630 626 610
04 05 601 601 590 579 570 570 559 570 601 630 662 698 711 730 739 750 739 730 711 669 649 630 626 621
04 06 -9999 601 590 579 570 570 559 570 601 630 662 698 711 730 739 750 748 739 711 669 649 630 626 621
04 07 -9999 601 590 579 572 570 559 570 601 630 669 700 716 734 739 750 750 739 716 680 649 630 630 621
04 08 608 601 590 579 570 570 559 570 601 630 669 700 720 739 752 752 750 748 720 680 660 644 630 626
04 09 -9999 610 601 590 572 572 570 590 610 644 680 700 730 739 752 759 759 750 720 689 669 649 630 630
04 10 -9999 610 601 590 579 572 570 590 610 644 680 711 730 739 752 759 759 752 729 691 669 649 630 630
04 11 -9999 610 601 590 579 579 579 590 621 649 680 716 739 750 759 770 770 759 730 698 669 649 640 630
04 12 -9999 619 610 590 590 590 579 601 626 660 691 720 739 750 759 770 770 759 734 700 680 660 644 640
04 13 -9999 621 610 601 601 590 590 610 630 660 691 720 739 752 759 770 770 759 739 700 680 660 644 640
04 14 -9999 626 610 601 601 590 590 608 630 660 691 720 739 759 759 770 770 759 739 711 680 660 649 640
04 15 -9999 630 621 608 601 590 590 610 630 660 698 720 739 759 759 770 770 759 739 711 680 660 649 640
04 16 -9999 630 621 610 610 601 599 610 630 660 700 729 739 759 759 770 770 759 734 711 680 660 649 640
04 17 -9999 630 621 610 610 601 601 621 640 669 711 730 750 759 770 770 781 770 739 711 691 669 658 649
04 18 -9999 640 630 621 621 610 610 621 649 680 711 730 750 770 770 770 781 770 739 716 691 669 669 660
04 19 -9999 644 640 630 621 621 621 626 649 689 720 750 770 781 790 781 781 781 750 720 700 680 680 669
04 20 -9999 649 640 630 621 621 621 640 660 700 730 750 770 790 790 781 790 790 759 720 700 691 680 669
04 21 -9999 649 649 630 630 621 621 640 669 700 730 750 770 781 790 781 790 781 759 720 700 691 680 669
04 22 -9999 649 640 630 626 621 621 640 669 700 730 750 770 781 790 790 790 790 759 720 700 680 680 669
04 23 -9999 649 640 630 630 621 621 640 669 700 730 750 759 781 790 790 790 790 759 720 700 691 680 669
04 24 -9999 649 644 630 626 621 621 640 669 700 730 750 759 781 790 801 799 790 759 720 700 691 680 669
04 25 -9999 649 649 639 630 621 621 649 669 700 730 750 759 781 790 790 790 790 759 720 700 691 680 669
04 26 660 649 644 630 626 621 621 640 669 691 730 739 759 781 790 781 781 781 759 720 691 680 680 662
04 27 660 649 640 630 621 610 621 640 669 691 720 739 759 781 790 781 781 781 759 720 698 680 680 662
04 28 658 649 640 630 621 610 610 640 669 691 720 739 759 781 790 788 781 781 759 730 700 691 680 669
04 29 660 649 640 630 626 621 621 644 669 700 730 739 759 781 790 790 781 781 759 720 700 691 680 669
04 30 660 649 644 639 630 621 621 644 669 700 730 739 770 781 801 801 801 790 759 730 700 691 680 669
05 01 660 649 649 640 639 621 626 649 680 711 734 750 770 790 801 801 801 790 770 730 709 691 680 669
05 02 660 658 649 644 640 630 630 649 680 711 739 752 781 790 801 801 801 790 770 739 709 691 680 669
05 03 660 658 649 640 640 626 630 649 680 711 739 759 781 790 810 810 810 801 781 739 711 691 680 669
05 04 660 658 649 644 640 630 630 649 680 711 739 759 781 790 810 810 810 801 781 739 711 700 691 669
05 05 660 660 649 649 640 630 639 660 680 711 739 759 781 790 801 810 810 801 781 750 711 700 689 680
05 06 662 660 649 649 640 639 640 660 680 711 739 759 781 790 801 810 810 801 781 750 716 700 691 680
05 07 662 660 660 649 640 640 640 660 680 716 739 759 781 790 810 810 810 801 781 750 720 700 691 680
05 08 669 660 660 649 649 640 640 660 691 716 739 759 788 790 806 810 810 801 781 750 716 700 691 680
05 09 669 660 660 649 649 640 644 660 691 720 750 759 788 801 810 810 810 801 788 750 720 700 698 680
05 10 669 662 660 660 649 640 644 662 691 720 750 770 790 806 810 820 810 806 790 759 720 700 698 691
05 11 680 669 662 660 649 644 649 669 700 720 750 770 790 810 820 824 820 810 790 759 730 711 700 691
05 12 689 680 669 660 660 649 649 669 700 730 759 781 790 810 820 829 820 810 801 770 730 716 711 698
05 13 691 680 669 660 660 649 649 669 711 739 759 781 799 810 824 829 820 810 801 770 730 711 711 698
05 14 691 680 669 660 660 649 658 669 711 739 759 781 801 810 824 829 820 820 801 770 730 716 711 698
05 15 691 680 669 662 660 649 660 680 711 739 770 781 801 819 824 829 824 820 801 770 730 720 711 700
05 16 691 680 669 669 662 658 660 680 711 739 770 788 801 820 824 829 824 820 801 770 734 720 711 698
05 17 691 680 680 669 662 660 660 680 720 748 770 790 806 820 829 829 829 820 806 770 734 720 711 700
05 18 691 691 680 669 662 660 669 691 720 748 770 790 801 819 829 829 829 820 806 770 734 720 711 698
05 19 691 691 680 669 669 660 669 691 720 750 770 790 806 819 824 829 829 820 806 770 734 720 711 698
05 20 691 691 680 680 669 660 669 691 720 750 779 799 810 820 829 829 829 824 806 770 739 729 711 700
05 21 691 691 680 680 669 662 669 698 720 752 781 801 810 820 829 829 829 824 810 770 739 730 711 700
05 22 698 691 691 680 680 669 680 700 720 759 781 801 810 820 829 838 829 824 810 781 750 730 720 711
05 23 700 698 691 691 680 669 680 700 730 759 781 801 820 829 840 840 829 829 810 788 759 739 730 716
05 24 700 700 691 691 680 669 680 711 739 759 788 810 820 829 840 840 840 829 820 790 759 739 730 716
05 25 700 700 698 691 680 680 691 711 739 770 790 810 829 840 849 849 840 829 820 790 759 750 730 720
05 26 711 700 698 691 680 680 691 711 739 770 790 810 829 840 840 840 840 829 820 790 759 750 730 720
05 27 700 700 698 691 680 680 691 711 739 770 790 810 829 840 840 840 840 829 820 790 759 750 720 720
05 28 700 700 700 691 691 680 691 711 739 770 790 810 829 840 849 842 840 829 820 790 759 750 730 720
05 29 700 700 700 691 691 680 698 711 739 770 790 810 829 840 849 842 840 838 820 801 770 750 730 720
05 30 700 700 700 698 691 680 698 720 739 770 801 820 829 840 849 849 849 840 829 801 770 752 739 730
05 31 700 700 700 700 691 691 700 720 750 770 801 820 829 849 860 849 860 849 829 806 781 759 750 739
06 01 720 711 711 700 700 691 700 729 750 781 806 820 829 849 860 860 860 849 840 810 781 759 750 739
06 02 720 716 711 700 700 700 700 730 750 781 806 824 840 849 860 860 860 849 840 810 781 759 750 739
06 03 730 720 711 711 711 700 711 730 759 781 810 829 840 849 860 860 860 849 840 810 781 759 752 739
06 04 730 720 720 711 711 700 711 730 759 781 810 829 840 849 860 860 860 849 840 810 781 770 752 739
06 05 730 720 720 711 711 700 711 730 759 790 810 829 840 849 860 860 860 849 840 810 788 770 759 750
06 06 739 730 720 716 711 700 720 734 770 790 820 829 849 860 869 871 860 849 840 820 790 770 759 750
06 07 739 730 730 720 716 711 720 739 770 801 820 840 849 860 871 878 871 860 849 820 790 770 759 750
06 08 739 734 730 720 716 711 720 739 770 790 820 840 849 860 871 880 871 860 849 820 790 770 770 752
06 09 739 734 730 720 720 711 720 739 770 801 820 840 849 871 871 880 871 860 849 824 799 781 770 759
06 10 750 739 730 730 720 720 730 750 781 806 829 842 860 871 880 880 880 860 849 829 801 781 770 759
06 11 750 739 734 730 730 720 730 752 781 806 829 849 860 878 880 880 880 871 849 829 801 781 770 759
06 12 750 739 734 730 730 720 730 752 788 810 829 849 860 878 880 880 880 871 860 829 801 781 770 759
06 13 752 739 734 730 730 720 734 752 788 810 838 849 871 880 891 891 889 880 860 829 801 790 779 770
06 14 759 750 739 739 730 720 734 759 790 810 840 860 871 880 891 891 891 880 860 838 810 790 781 770
06 15 759 750 739 739 730 729 739 759 790 810 840 860 871 889 891 896 891 880 860 840 810 790 781 770
06 16 759 750 739 739 730 729 739 759 790 819 842 860 878 891 900 900 891 880 869 840 810 790 781 770
06 17 752 750 739 739 730 729 739 759 790 820 849 860 880 891 900 900 900 889 871 840 810 790 781 770
06 18 759 750 739 739 730 730 739 759 801 820 849 869 880 891 900 909 900 891 871 840 810 801 790 770
06 19 759 759 750 739 739 730 739 759 801 829 849 871 880 900 900 910 900 891 880 849 820 801 790 779
06 20 759 759 750 748 739 730 739 759 801 829 849 871 889 900 900 910 909 891 880 849 820 801 790 779
06 21 759 759 750 739 730 730 739 759 801 829 849 871 889 900 900 910 909 891 880 849 820 801 790 770
06 22 759 759 750 739 730 729 739 759 801 829 860 878 889 900 900 910 910 891 880 849 820 801 790 770
06 23 759 759 750 739 730 729 739 759 801 829 860 878 889 900 900 910 910 896 880 849 820 801 790 770
06 24 759 759 750 739 734 729 739 759 801 829 860 878 891 900 909 910 910 896 880 849 820 801 790 770
06 25 759 759 750 739 730 729 739 759 801 829 860 878 891 900 909 910 910 896 880 849 820 801 790 770
06 26 -9999 752 739 739 730 729 739 770 801 829 860 878 891 900 910 910 910 896 880 849 820 801 790 781
06 27 759 759 750 739 734 730 739 770 801 829 860 878 891 900 910 910 910 896 880 849 820 806 790 781
06 28 759 759 750 750 739 739 748 770 806 829 860 878 891 900 910 914 910 900 880 849 824 806 790 781
06 29 770 759 750 750 739 739 748 770 806 838 860 878 891 900 910 914 910 900 880 849 824 810 790 781
06 30 770 759 759 750 739 739 748 770 810 840 860 880 891 900 910 914 914 900 891 860 824 810 799 781
07 01 781 759 759 750 750 739 750 779 810 840 860 880 891 900 910 914 914 900 891 860 829 810 799 790
07 02 -9999 770 759 752 750 750 750 781 810 840 860 880 896 900 910 919 914 900 891 860 829 810 799 790
07 03 781 770 759 752 750 750 750 781 810 840 860 880 891 900 910 919 910 900 891 860 829 810 799 790
07 04 781 770 759 752 750 750 750 781 810 829 860 880 891 900 910 919 910 900 891 860 829 810 799 790
07 05 781 770 759 752 750 750 750 781 810 829 860 880 891 900 910 919 910 900 891 860 829 810 799 790
07 06 -9999 770 759 752 750 750 752 781 810 840 860 880 900 910 919 919 919 900 891 860 829 810 801 790
07 07 -9999 770 770 759 752 750 759 781 810 840 860 880 900 910 919 919 919 900 891 860 829 810 801 790
07 08 -9999 770 770 759 752 750 759 788 810 840 860 880 900 910 919 919 919 910 891 860 829 810 801 790
07 09 788 770 770 759 752 750 759 788 810 840 860 880 900 910 919 919 919 910 891 860 829 810 801 790
07 10 788 770 770 759 752 750 759 788 820 840 860 880 900 910 919 930 919 910 900 871 829 820 801 790
07 11 788 779 770 759 759 752 759 788 820 842 860 880 900 910 919 930 919 910 900 871 829 819 801 790
07 12 788 779 770 759 759 752 759 788 820 842 871 880 900 910 919 930 919 910 900 871 829 810 801 790
07 13 -9999 779 770 759 752 752 759 788 820 842 871 891 910 914 930 930 930 914 900 871 829 820 801 799
07 14 -9999 781 770 759 759 759 759 790 820 849 871 891 910 919 930 930 930 919 900 871 838 820 806 801
07 15 790 781 770 759 759 759 759 790 820 849 871 891 910 919 930 930 930 919 900 871 840 820 806 801
07 16 -9999 781 770 759 759 752 759 790 820 849 878 891 910 919 930 930 930 919 900 871 840 820 806 801
07 17 -9999 781 770 759 759 752 759 790 820 849 871 891 910 919 930 930 930 919 900 871 840 820 806 799
07 18 -9999 781 770 759 759 752 759 790 820 849 878 891 910 919 930 930 930 919 900 871 840 820 806 801
07 19 790 781 770 759 759 759 759 790 824 849 878 896 914 919 930 930 930 919 900 871 840 820 806 806
07 20 790 781 770 759 759 752 759 790 824 849 878 896 910 919 930 930 930 919 900 871 840 820 806 806
07 21 790 781 770 759 759 752 759 790 824 849 878 896 910 919 930 930 930 919 900 871 840 820 806 801
07 22 790 781 770 759 752 752 759 790 824 849 878 896 910 919 930 932 930 919 900 871 838 820 806 801
07 23 790 781 770 759 752 750 759 790 824 849 878 896 910 919 930 932 930 919 900 871 840 820 806 801
07 24 790 781 770 759 759 752 759 790 824 849 878 900 914 930 932 932 930 919 900 871 840 820 810 806
07 25 790 781 770 770 759 752 759 790 824 849 880 900 914 930 932 932 930 919 900 871 840 820 810 801
07 26 790 781 770 770 759 750 759 790 824 849 880 910 914 930 932 939 932 919 900 871 840 820 810 801
07 27 790 781 770 770 759 750 759 790 829 860 891 910 919 932 939 939 932 930 910 878 840 824 810 806
07 28 790 781 770 770 759 752 759 790 824 849 880 910 919 930 939 939 932 930 900 871 829 820 810 801
07 29 790 781 770 770 759 752 759 790 820 849 880 900 910 930 939 939 930 919 900 871 829 820 810 801
07 30 790 781 770 770 759 752 759 790 820 849 871 900 910 930 932 939 930 919 900 871 829 820 806 801
07 31 790 781 770 770 759 752 759 790 820 849 871 891 910 930 930 939 930 919 900 871 829 820 801 801
08 01 790 781 770 770 759 750 759 788 820 849 871 891 910 930 930 939 930 919 900 871 829 820 801 801
08 02 790 781 770 759 759 750 759 788 820 849 871 891 910 919 930 939 930 919 900 860 829 820 801 801
08 03 790 781 770 759 752 750 759 781 820 849 871 891 910 919 930 932 930 919 900 871 829 810 801 801
08 04 788 770 770 759 759 750 752 781 810 842 871 891 910 919 930 932 930 919 900 871 829 810 801 790
08 05 781 770 770 759 759 750 752 781 819 842 871 891 910 919 930 930 930 919 900 860 829 810 801 801
08 06 781 770 770 759 759 750 752 781 810 842 871 891 910 919 930 930 930 919 900 860 829 810 801 801
08 07 781 770 770 759 759 750 752 781 810 842 871 891 910 919 928 930 930 919 900 860 824 810 801 801
08 08 779 770 770 759 759 750 750 779 806 840 869 891 909 919 919 930 930 919 896 860 824 810 801 801
08 09 788 770 770 759 759 750 750 779 806 840 869 891 909 919 919 930 930 919 896 860 824 810 801 801
08 10 790 779 770 759 759 750 750 770 806 840 860 889 900 919 919 930 930 919 896 849 824 810 801 801
08 11 790 770 770 759 759 750 752 770 801 840 860 889 900 919 919 930 930 919 891 849 820 810 801 790
08 12 770 770 759 759 752 748 750 770 801 840 860 880 900 914 919 928 919 914 891 849 820 810 799 790
08 13 770 770 759 759 750 739 739 770 801 829 860 880 900 914 919 919 919 910 891 849 820 810 799 790
08 14 770 770 759 752 750 739 739 770 801 829 860 889 900 914 919 928 919 910 891 849 820 810 799 790
08 15 779 770 759 752 750 739 739 770 801 829 860 880 900 914 919 919 919 909 880 842 820 810 799 790
08 16 779 770 752 752 750 739 739 770 799 820 860 880 900 910 914 919 919 909 880 840 820 810 790 790
08 17 770 770 752 750 750 739 739 759 790 819 849 880 900 910 914 914 914 900 880 840 819 806 790 781
08 18 779 759 752 750 750 739 739 759 790 819 849 880 900 910 914 914 914 900 878 840 819 806 790 781
08 19 779 759 752 750 750 739 739 759 790 820 849 880 900 914 914 919 914 900 878 838 819 806 790 779
08 20 781 759 752 750 750 739 739 759 790 820 849 880 900 910 919 919 919 900 878 838 819 806 790 770
08 21 779 759 752 750 748 739 739 759 788 820 849 880 900 910 919 919 919 909 878 838 820 806 790 770
08 22 -9999 759 752 750 748 739 739 759 788 820 849 880 900 910 919 919 919 909 878 838 819 801 790 770
08 23 -9999 752 750 739 739 734 734 752 781 810 842 878 891 910 914 919 914 900 871 829 810 790 788 770
08 24 -9999 750 739 739 739 734 734 750 781 810 840 871 891 900 910 910 910 900 869 829 806 790 781 770
08 25 -9999 750 739 739 739 730 730 748 781 810 838 869 891 900 910 910 910 900 860 829 801 788 770 770
08 26 -9999 748 739 739 734 730 730 739 781 810 838 860 891 896 910 910 910 891 860 824 799 788 770 759
08 27 -9999 739 739 734 734 729 730 739 781 810 838 860 891 896 910 910 910 891 860 824 799 781 770 759
08 28 759 739 739 734 730 720 720 739 781 810 840 860 891 900 910 910 910 896 860 824 799 781 770 752
08 29 759 739 739 730 730 720 720 739 770 810 840 860 891 896 910 910 910 891 860 820 799 781 770 752
08 30 752 739 734 730 730 720 720 739 770 810 840 860 891 896 910 910 910 896 860 820 799 781 770 752
08 31 752 739 739 730 730 720 720 739 770 810 840 860 889 896 910 910 900 891 860 820 799 781 770 752
09 01 752 739 739 730 730 720 720 739 770 810 840 860 880 896 910 910 900 891 860 820 790 781 759 752
09 02 752 739 739 730 730 720 720 734 770 806 840 860 880 896 900 910 900 880 860 820 790 779 759 752
09 03 752 739 734 730 729 720 720 734 770 806 838 860 880 891 900 910 896 880 849 810 790 770 759 752
09 04 750 739 734 730 720 720 720 730 770 801 829 860 878 891 900 900 891 880 849 810 788 770 750 750
09 05 750 734 730 720 720 716 711 730 759 801 829 860 871 891 896 900 891 880 849 806 781 770 750 748
09 06 748 734 730 720 720 720 711 730 759 801 829 849 871 880 891 900 891 871 842 801 781 759 739 739
09 07 739 730 730 720 720 716 711 730 759 801 829 849 871 880 891 900 891 871 842 801 781 759 748 739
09 08 739 730 730 720 720 716 711 730 759 801 829 849 871 880 891 896 891 871 840 801 781 759 739 739
09 09 739 730 730 720 716 711 711 730 750 790 824 849 871 880 891 891 880 871 840 799 770 752 739 739
09 10 739 720 720 711 711 711 700 720 750 790 820 849 860 880 891 891 880 871 840 790 770 752 739 739
09 11 739 720 720 711 711 711 700 720 748 788 810 849 860 880 889 891 878 860 829 790 770 752 739 739
09 12 739 729 720 711 711 711 700 720 739 781 810 840 860 878 880 880 871 860 829 790 770 750 739 739
09 13 739 720 720 711 711 709 700 711 739 781 810 840 860 871 880 880 871 860 820 788 759 750 739 730
09 14 730 720 711 709 700 700 700 711 739 779 810 829 849 860 878 880 869 849 820 781 759 748 734 730
09 15 720 720 711 700 700 700 691 711 730 770 801 829 842 860 871 871 860 840 810 781 759 739 730 730
09 16 720 720 711 700 698 691 691 700 730 770 799 829 840 849 860 869 860 840 810 770 759 739 730 730
09 17 716 711 700 700 698 691 691 700 730 770 790 824 840 849 860 860 860 840 806 770 750 734 730 729
09 18 711 711 700 700 691 691 691 700 720 759 790 820 838 849 849 860 849 840 806 770 750 734 730 729
09 19 711 711 700 700 691 689 689 700 720 759 790 819 838 849 849 860 849 829 801 759 748 734 730 720
09 20 711 709 698 691 691 669 680 689 716 750 788 810 829 840 842 849 842 829 790 750 734 720 720 716
09 21 711 700 691 680 680 669 669 680 700 739 779 801 810 829 840 842 840 824 788 750 734 720 716 711
09 22 700 700 691 680 680 662 662 669 700 730 770 799 810 824 840 840 829 824 781 750 730 716 711 711
09 23 698 691 680 680 669 660 660 669 698 730 770 801 810 824 840 840 829 824 781 750 730 716 711 700
09 24 698 691 680 680 669 660 649 662 698 730 770 801 810 829 840 840 829 824 781 750 730 716 711 700
09 25 691 691 680 669 662 660 649 662 698 730 770 801 810 829 840 840 829 824 781 750 730 711 709 700
09 26 691 691 680 669 660 660 649 660 698 730 770 801 810 829 840 840 829 810 781 750 720 711 700 700
09 27 -9999 680 680 669 660 649 649 660 691 729 759 790 810 820 829 829 829 810 770 739 720 711 700 691
09 28 -9999 680 680 662 660 649 649 660 691 730 759 790 810 824 829 829 829 810 770 739 720 711 700 698
09 29 -9999 680 680 662 660 649 649 660 691 729 759 790 810 824 829 829 829 810 770 739 720 711 698 691
09 30 -9999 680 669 662 660 649 649 658 691 720 759 790 810 824 829 829 820 801 759 734 720 711 698 691
10 01 -9999 669 669 662 660 649 649 658 691 720 759 790 810 820 829 829 820 801 759 730 720 711 698 691
10 02 -9999 669 669 662 660 649 649 649 680 720 759 790 810 820 824 829 820 801 759 730 716 709 691 680
10 03 -9999 669 662 649 649 644 644 649 680 720 752 790 810 820 820 824 820 790 750 720 711 700 691 680
10 04 -9999 662 649 649 644 640 640 644 669 711 750 788 806 820 820 820 810 790 750 720 711 700 691 680
10 05 -9999 660 649 649 644 640 640 644 669 711 750 781 801 810 810 810 806 788 739 720 711 698 691 680
10 06 -9999 660 649 649 644 640 640 640 669 711 750 781 790 810 810 810 801 781 739 716 700 680 680 680
10 07 -9999 649 649 644 640 640 640 640 669 711 739 770 790 801 806 810 801 770 730 711 691 680 669 662
10 08 -9999 649 640 640 630 630 630 630 649 698 730 770 781 790 801 801 790 770 720 700 691 680 662 660
10 09 -9999 649 644 640 630 630 630 630 644 691 720 752 770 790 799 790 788 759 716 700 691 680 660 658
10 10 -9999 649 644 640 630 630 626 630 640 680 711 750 770 781 790 790 781 752 711 691 669 662 649 644
10 11 -9999 640 640 630 621 626 621 626 639 669 700 734 759 770 788 781 770 739 700 680 662 660 644 644
10 12 -9999 630 639 630 621 621 610 610 630 662 698 734 759 770 781 770 770 734 700 680 660 649 640 640
10 13 -9999 630 630 621 610 610 610 610 630 660 691 730 750 770 770 770 759 730 698 669 658 649 639 639
10 14 -9999 630 630 619 608 601 601 601 630 649 691 729 750 759 759 770 750 730 691 669 649 640 630 630
10 15 -9999 619 610 608 601 601 601 601 626 649 680 720 739 750 752 759 750 720 689 662 649 640 630 630
10 16 -9999 610 610 608 601 590 601 599 626 649 680 720 739 750 752 759 750 720 689 662 649 640 630 630
10 17 626 610 610 601 601 590 599 599 621 649 680 720 739 750 752 759 750 720 689 660 649 640 630 630
10 18 626 610 610 601 601 590 599 599 621 649 680 720 739 750 759 759 750 720 680 649 649 640 630 630
10 19 626 610 610 601 601 590 590 599 610 649 680 720 739 750 750 759 739 711 680 649 649 640 630 630
10 20 621 608 608 601 590 590 590 590 610 649 680 716 730 739 750 750 739 711 669 649 640 630 630 626
10 21 621 601 601 590 590 579 579 590 601 640 669 711 730 739 739 750 734 709 669 649 640 630 630 621
10 22 621 601 601 590 590 579 579 590 601 639 669 709 720 730 739 739 730 700 669 649 640 630 630 621
10 23 610 601 601 590 590 579 579 579 599 630 669 700 720 730 734 739 730 700 669 649 640 630 621 610
10 24 608 601 590 590 579 579 570 572 590 630 669 700 720 730 730 739 730 698 662 649 639 630 621 610
10 25 608 601 590 590 579 579 572 570 590 630 660 691 711 720 730 734 730 691 660 644 630 626 621 610
10 26 610 601 590 590 590 579 572 572 590 630 660 691 711 720 730 734 720 691 660 644 630 626 621 610
10 27 610 601 590 590 590 579 579 570 590 626 660 691 711 720 730 734 729 698 662 649 630 630 621 621
10 28 610 601 601 590 590 579 579 579 590 626 660 689 709 716 720 730 720 691 662 644 630 626 621 610
10 29 610 601 601 590 590 579 579 579 590 626 649 680 700 711 720 730 720 680 660 644 630 626 621 610
10 30 610 601 601 590 590 579 579 572 590 621 649 680 700 711 720 720 716 680 660 640 630 621 610 608
10 31 610 590 590 590 590 579 572 570 579 621 644 669 700 711 720 720 711 669 649 630 626 621 610 608
11 01 608 590 590 590 590 579 570 559 579 621 644 669 700 711 720 720 711 669 649 630 626 621 610 608
11 02 601 590 590 590 590 579 570 559 579 621 644 669 700 711 720 720 711 669 649 630 626 621 610 608
11 03 601 590 590 579 579 579 570 559 579 610 640 662 691 700 716 711 700 669 640 621 621 621 610 608
11 04 601 590 590 579 579 579 570 559 579 610 640 660 691 700 716 711 698 669 640 621 621 610 610 601
11 05 590 590 590 579 579 579 570 559 579 608 640 660 680 698 711 700 691 669 640 621 621 610 610 601
11 06 579 579 579 579 579 570 570 559 572 601 630 660 680 691 711 700 691 669 640 621 610 608 608 601
11 07 579 579 579 572 572 570 559 550 570 601 626 649 680 691 700 700 680 660 630 619 608 601 601 590
11 08 572 579 572 570 570 568 559 550 570 601 621 649 669 680 700 698 680 649 621 608 590 579 579 579
11 09 559 570 570 559 559 559 550 540 559 590 610 640 662 680 691 691 669 640 610 601 579 579 570 559
11 10 550 559 559 559 554 540 540 540 554 579 610 630 660 669 680 680 669 630 601 590 579 570 570 559
11 11 550 559 559 550 550 540 536 536 550 579 601 621 640 660 669 669 660 621 601 590 579 570 570 559
11 12 550 554 554 550 550 540 531 536 550 570 590 610 630 649 660 660 649 621 601 590 579 570 570 559
11 13 550 559 554 550 550 536 531 531 540 570 590 610 630 649 660 660 649 610 599 590 579 570 570 559
11 14 550 559 550 550 550 536 531 531 540 570 590 610 630 640 649 649 640 610 590 579 579 570 570 559
11 15 550 550 550 540 540 531 531 531 540 559 590 601 630 630 640 640 630 601 590 579 579 568 559 554
11 16 550 550 540 540 540 531 531 520 531 559 579 599 621 621 630 630 621 590 579 579 572 559 554 550
11 17 540 540 540 536 531 531 520 518 520 550 570 590 601 610 630 630 610 579 570 570 559 550 550 540
11 18 540 540 531 531 520 518 518 500 511 540 559 579 601 610 621 626 610 579 570 570 559 550 550 540
11 19 540 540 531 531 520 518 518 511 511 540 559 579 601 610 621 626 610 579 568 559 559 550 540 540
11 20 540 540 531 531 520 520 520 511 520 540 559 579 601 610 630 630 610 579 568 559 559 549 540 540
11 21 540 540 531 520 520 518 520 511 518 540 559 579 601 610 626 630 608 570 559 559 554 540 540 540
11 22 536 540 520 520 520 518 518 511 511 540 554 572 601 608 621 621 608 570 559 554 554 540 540 540
11 23 531 536 520 518 518 511 511 500 500 531 550 570 590 601 610 610 601 570 559 549 550 536 536 531
11 24 518 520 520 518 511 500 500 489 500 520 536 570 590 601 610 610 590 570 554 540 550 536 531 531
11 25 518 520 518 518 511 500 489 489 500 520 536 568 590 601 610 610 601 570 554 540 550 536 531 520
11 26 518 520 518 511 500 500 489 482 489 518 531 554 590 601 610 608 590 559 549 536 531 531 518 511
11 27 511 511 511 500 489 489 482 480 489 511 529 554 590 601 610 608 590 554 540 531 531 520 511 500
11 28 -9999 500 500 500 489 489 482 480 482 509 520 550 572 590 608 601 590 550 536 531 520 520 511 500
11 29 -9999 500 500 500 489 489 482 480 482 509 520 550 572 579 601 601 579 550 531 520 518 511 511 500
11 30 -9999 500 500 500 489 489 482 480 482 500 520 540 559 572 590 590 579 540 520 511 511 509 500 489
12 01 489 500 500 489 489 489 480 469 480 489 511 536 554 559 579 590 570 540 518 511 511 509 500 489
12 02 489 500 500 489 489 482 469 469 480 482 511 531 550 559 572 570 559 531 511 511 509 500 489 482
12 03 480 489 489 489 489 480 469 464 478 478 500 520 549 559 570 570 559 529 511 509 500 489 482 480
12 04 469 480 478 478 469 464 450 459 459 464 489 511 531 550 559 568 550 511 489 482 480 480 469 450
12 05 469 469 469 464 464 460 450 441 441 450 480 511 531 540 559 559 540 511 480 469 464 469 460 450
12 06 464 460 459 460 441 439 430 428 421 441 469 489 511 531 550 550 540 500 480 464 460 469 460 450
12 07 -9999 460 459 450 441 430 430 430 421 441 464 489 511 531 550 550 531 489 469 460 460 464 459 450
12 08 -9999 460 450 441 441 430 430 421 421 430 450 480 500 520 540 550 531 489 469 460 460 460 450 450
12 09 -9999 459 450 441 441 430 430 430 421 430 450 469 500 518 540 536 520 482 469 460 450 450 450 441
12 10 -9999 450 446 439 430 430 430 421 421 421 446 460 489 511 518 520 511 469 460 450 441 441 441 439
12 11 441 441 430 421 421 410 421 410 410 410 441 460 489 500 511 520 500 469 460 450 441 439 439 430
12 12 430 430 421 419 410 410 399 399 399 410 430 459 489 500 511 511 500 464 450 441 441 430 430 428
12 13 428 421 410 410 399 399 399 399 390 410 430 450 469 500 500 511 489 460 450 441 430 430 428 421
12 14 421 410 410 410 399 399 399 399 390 410 430 450 469 489 500 511 489 460 446 430 430 428 421 421
12 15 421 410 410 410 399 399 399 399 390 410 430 450 469 489 500 500 482 460 446 439 430 430 421 421
12 16 421 421 410 410 399 399 392 392 390 410 430 450 469 482 500 500 480 450 441 430 430 428 421 421
12 17 -9999 410 410 410 399 392 390 390 390 410 430 450 464 480 500 489 480 450 439 430 430 421 410 421
12 18 -9999 410 410 410 399 390 390 390 390 410 428 446 460 480 480 480 464 446 428 421 421 421 410 410
12 19 -9999 410 399 399 390 388 388 379 379 399 410 441 459 469 480 480 460 441 421 421 421 410 410 410
12 20 -9999 399 390 399 388 388 379 379 379 392 410 441 459 469 480 480 469 446 428 421 421 421 410 399
12 21 -9999 399 392 399 390 388 379 379 379 399 419 441 460 480 489 482 478 446 428 421 421 421 410 399
12 22 -9999 410 399 399 390 390 379 379 379 392 410 441 460 480 482 480 469 450 428 421 421 419 410 410
12 23 -9999 399 399 399 392 390 388 379 379 399 410 441 460 489 500 489 478 441 428 428 421 421 410 410
12 24 -9999 399 399 399 390 388 379 379 379 392 410 441 460 480 489 489 478 441 428 421 421 410 410 399
12 25 392 399 390 390 390 379 379 379 374 390 410 446 464 489 500 489 480 450 428 428 421 421 410 410
12 26 -9999 410 399 410 399 390 390 379 379 399 410 450 460 482 500 489 480 450 428 421 421 410 410 410
12 27 -9999 410 410 410 399 390 390 390 388 399 419 450 460 500 500 489 480 450 430 430 430 421 410 421
12 28 -9999 421 421 410 410 390 390 390 388 399 428 450 460 500 500 489 480 450 430 430 430 421 410 421
12 29 -9999 421 421 410 410 390 390 390 388 399 428 450 460 482 500 489 480 450 430 430 430 421 421 421
12 30 -9999 419 419 410 410 390 390 390 388 399 410 441 460 480 482 482 480 450 430 428 430 410 410 421
12 31 -9999 399 410 410 399 390 392 390 388 399 410 441 450 480 482 482 480 441 430 421 421 410 410 410
