01 01 -9999 331 331 331 331 331 331 331 320 331 320 320 320 320 331 331 331 331 331 331 331 331 331 331
01 02 -9999 331 331 331 331 331 331 320 320 320 320 320 320 320 331 331 331 331 331 331 331 331 331 331
01 03 -9999 331 331 331 331 331 331 320 320 320 320 320 320 331 331 331 331 331 331 331 331 331 331 331
01 04 -9999 331 331 331 331 331 331 320 320 320 320 320 320 320 331 331 331 331 331 320 320 320 320 320
01 05 -9999 331 320 320 320 320 320 320 320 320 320 320 320 320 320 331 331 320 331 320 320 320 320 320
01 06 -9999 320 320 320 320 320 320 320 309 309 320 309 316 320 320 331 331 331 331 320 320 320 320 320
01 07 -9999 320 320 320 320 320 320 320 309 309 320 309 316 320 320 331 331 320 331 320 320 320 320 320
01 08 -9999 320 320 320 320 320 320 320 309 309 320 309 309 320 320 331 331 320 320 320 320 320 320 320
01 09 -9999 320 320 320 320 309 320 320 309 309 320 309 316 320 320 331 331 320 320 320 320 320 320 320
01 10 -9999 313 309 318 309 309 318 311 309 309 318 309 316 320 320 331 331 320 320 320 320 320 320 320
01 11 -9999 309 309 309 309 309 309 309 309 309 318 309 316 320 320 331 331 320 320 320 320 320 320 320
01 12 -9999 309 309 309 309 309 309 309 309 309 318 309 316 320 320 320 320 320 320 309 309 309 320 309
01 13 -9999 309 309 309 309 309 309 309 309 309 316 309 309 320 320 320 322 320 320 320 309 320 320 309
01 14 -9999 309 309 309 309 309 309 311 320 320 320 309 316 320 320 331 331 320 320 320 320 320 320 309
01 15 -9999 309 309 309 309 309 309 309 309 320 320 309 309 320 320 331 320 320 320 320 309 320 320 309
01 16 300 309 309 309 309 309 309 309 309 309 316 309 309 320 320 320 320 320 320 309 309 320 320 309
01 17 -9999 309 309 309 309 309 309 309 309 309 316 309 316 320 320 331 320 320 320 320 309 320 320 309
01 18 -9999 309 320 318 313 309 309 309 309 309 316 309 316 320 320 320 320 320 320 309 309 320 320 300
01 19 -9999 309 309 309 309 309 309 309 309 309 309 302 309 320 320 320 320 320 320 309 309 320 320 300
01 20 -9999 309 309 309 309 309 309 309 309 309 309 309 309 320 320 320 320 320 320 309 309 320 320 300
01 21 -9999 309 309 309 309 309 309 309 309 309 320 309 309 320 331 331 320 320 320 320 309 320 320 300
01 22 -9999 309 309 318 313 309 320 320 320 320 320 309 320 320 331 331 320 320 320 320 320 320 320 300
01 23 -9999 309 309 320 313 309 320 320 320 320 309 309 316 320 331 331 320 320 320 320 320 320 320 300
01 24 -9999 309 309 320 309 309 320 320 311 309 309 309 309 320 331 331 320 331 320 320 320 320 320 300
01 25 -9999 309 320 320 320 309 320 320 309 309 309 309 309 320 331 320 320 331 320 320 320 320 320 300
01 26 -9999 309 320 320 320 309 320 320 320 320 320 309 320 331 331 331 331 331 320 320 320 320 320 300
01 27 -9999 311 320 320 320 315 320 320 311 309 309 309 320 331 331 331 331 331 331 320 331 320 320 309
01 28 -9999 320 320 320 320 309 320 320 320 320 309 309 320 331 340 340 331 331 331 320 320 320 320 300
01 29 -9999 320 320 320 320 320 320 320 311 320 309 320 320 331 340 340 340 338 331 320 320 320 320 320
01 30 -9999 320 320 320 320 320 320 320 320 320 320 320 331 340 340 340 340 340 331 331 331 320 320 320
01 31 -9999 331 320 320 320 320 331 331 331 320 331 331 331 340 351 351 351 351 340 338 331 331 320 320
02 01 -9999 331 320 331 320 331 331 331 331 331 331 331 331 340 351 351 351 351 340 340 331 331 331 331
02 02 -9999 331 331 331 331 331 331 331 331 331 331 331 340 340 351 351 351 351 340 340 331 331 331 331
02 03 -9999 340 331 331 331 331 331 331 331 331 331 331 340 340 351 351 351 351 351 340 340 331 331 331
02 04 -9999 340 336 331 331 331 331 331 331 331 331 340 340 340 351 351 360 351 351 340 340 331 331 331
02 05 -9999 340 331 331 331 331 331 331 331 331 331 340 340 340 351 360 360 356 351 351 340 340 331 331
02 06 -9999 340 336 331 331 336 331 331 331 331 331 331 340 340 351 360 360 360 351 340 340 340 331 331
02 07 -9999 331 331 331 331 331 331 331 331 331 331 331 340 340 351 360 360 360 351 340 340 340 331 331
02 08 -9999 331 331 331 331 331 331 331 331 331 331 331 338 340 351 360 360 356 351 340 340 340 331 331
02 09 -9999 331 331 331 331 331 331 331 331 331 331 331 338 340 351 360 360 360 351 340 340 331 329 331
02 10 -9999 331 331 331 331 331 331 331 331 331 331 331 340 340 351 360 360 360 351 340 340 340 331 331
02 11 -9999 331 331 338 331 331 331 331 331 331 331 331 340 340 351 360 360 360 351 340 340 340 331 331
02 12 -9999 331 331 331 331 331 331 331 331 331 331 331 340 340 351 360 360 360 351 340 340 340 331 331
02 13 -9999 331 331 331 331 331 331 331 331 331 331 331 338 340 351 360 360 356 351 340 340 331 329 331
02 14 -9999 331 331 331 331 331 331 331 331 320 331 331 331 340 351 360 360 356 351 340 338 331 320 320
02 15 -9999 331 331 331 320 320 320 320 320 320 320 320 331 340 351 351 360 351 351 340 331 331 320 320
02 16 -9999 331 331 331 331 331 320 320 320 320 320 320 331 340 351 351 360 351 343 338 331 320 320 320
02 17 -9999 320 324 320 320 320 320 320 320 320 320 320 331 340 351 360 360 356 351 340 331 331 320 320
02 18 320 320 320 320 320 320 320 320 320 320 320 320 331 340 351 351 360 356 351 338 331 331 320 320
02 19 -9999 320 320 320 320 320 320 320 320 320 320 320 331 340 351 351 360 356 351 331 331 331 320 320
02 20 -9999 320 320 320 320 320 320 320 320 320 320 331 331 340 351 351 360 360 351 338 331 331 320 320
02 21 320 320 320 320 320 320 320 320 320 320 320 331 331 340 351 351 360 360 351 340 331 331 331 331
02 22 320 320 320 320 320 331 320 320 320 320 324 331 340 340 351 351 360 360 351 340 331 331 331 331
02 23 320 320 320 320 320 331 320 320 320 320 331 331 340 351 351 360 360 360 356 340 338 331 331 331
02 24 -9999 320 320 320 320 331 331 320 320 320 331 334 340 351 351 360 360 360 356 340 331 331 331 320
02 25 -9999 320 320 320 320 320 320 320 320 320 331 331 331 340 351 351 360 360 351 340 331 331 331 320
02 26 -9999 320 320 320 320 320 320 320 320 320 320 331 331 340 351 351 360 360 351 338 331 331 331 331
02 27 -9999 320 320 320 320 320 320 320 320 320 324 331 338 345 351 351 360 360 356 340 331 331 331 331
02 28 -9999 320 320 320 320 320 320 320 320 324 331 331 340 351 351 351 360 360 356 340 338 331 331 331
03 01 -9999 329 331 320 320 320 331 331 331 331 331 340 340 351 360 360 360 360 360 351 340 338 338 331
03 02 -9999 329 331 320 320 320 331 331 331 331 331 340 343 351 360 360 360 360 360 351 340 338 331 331
03 03 -9999 320 320 320 320 320 331 320 331 324 331 334 340 351 360 360 360 360 360 351 340 338 331 331
03 04 -9999 320 320 320 320 320 320 320 320 320 331 331 340 351 351 360 360 360 360 351 340 331 331 331
03 05 -9999 320 320 320 309 315 320 320 320 320 320 331 340 351 351 360 360 360 360 351 340 338 331 331
03 06 -9999 320 320 320 318 315 320 320 320 309 320 331 340 351 351 351 360 360 360 351 340 331 331 331
03 07 -9999 320 320 320 309 309 320 320 320 309 320 331 340 351 351 351 360 360 360 351 340 331 331 331
03 08 -9999 320 320 320 309 309 309 311 309 309 320 331 340 351 351 351 360 360 360 351 340 331 331 331
03 09 -9999 320 320 311 309 309 309 311 309 309 320 331 340 351 354 360 360 360 360 351 340 340 331 331
03 10 -9999 320 320 320 309 309 309 309 309 309 320 331 340 351 360 360 360 360 360 351 340 338 331 331
03 11 -9999 320 320 320 309 311 309 311 309 309 320 331 340 360 360 360 369 360 360 351 340 340 331 331
03 12 -9999 320 320 320 320 320 320 311 309 309 320 331 340 360 363 370 370 370 360 356 340 340 331 331
03 13 -9999 320 320 320 320 320 318 311 309 309 320 331 351 360 370 370 370 370 360 356 340 340 331 331
03 14 -9999 320 320 320 320 320 309 311 309 309 320 340 351 360 370 370 370 370 360 356 340 340 331 331
03 15 -9999 320 320 320 309 318 309 309 309 309 320 331 351 360 370 370 370 370 360 356 340 340 331 331
03 16 -9999 320 320 320 309 309 309 309 309 309 320 331 345 360 370 370 370 370 360 351 340 340 331 331
03 17 -9999 320 320 320 309 311 309 309 309 309 320 331 351 360 370 370 370 370 360 351 340 338 331 331
03 18 -9999 320 320 320 320 318 309 309 309 316 320 331 351 360 370 370 370 370 360 351 340 340 331 331
03 19 -9999 320 320 320 320 320 309 311 318 320 331 340 351 360 370 370 370 370 360 351 340 340 331 331
03 20 -9999 331 320 320 320 320 320 311 320 320 331 340 351 370 370 370 379 370 360 356 340 340 331 331
03 21 -9999 320 320 320 320 320 320 311 318 320 331 340 351 370 370 370 379 370 360 360 351 340 331 331
03 22 338 331 320 320 320 320 320 311 318 320 331 340 351 370 370 370 379 370 370 360 351 340 331 331
03 23 -9999 331 320 320 320 320 320 318 320 320 331 340 351 370 370 370 379 370 370 360 351 340 331 331
03 24 -9999 331 320 320 320 320 309 318 320 320 331 340 351 360 370 370 370 370 370 360 351 340 331 331
03 25 -9999 329 320 320 320 320 320 320 320 320 331 340 351 360 370 370 370 370 370 360 351 340 331 331
03 26 -9999 331 320 320 320 320 320 320 320 320 331 340 360 370 370 370 379 370 370 360 351 340 331 331
03 27 331 331 320 320 320 320 320 320 320 320 331 351 360 370 370 379 379 370 370 360 351 340 340 331
03 28 331 331 320 320 320 320 313 309 313 320 331 351 360 370 370 379 379 370 370 360 351 340 340 331
03 29 -9999 320 320 320 320 320 309 309 309 320 331 351 360 370 370 379 379 370 370 360 351 340 340 331
03 30 -9999 331 320 320 320 320 320 318 318 320 338 351 360 370 379 379 379 379 370 370 360 351 340 340
03 31 -9999 331 329 320 320 320 320 320 320 320 340 351 360 370 379 379 379 379 379 370 360 351 340 340
04 01 -9999 331 331 320 320 320 320 320 320 331 340 360 370 370 379 379 379 379 379 370 360 351 340 340
04 02 -9999 331 331 324 320 320 320 320 320 331 340 360 370 379 379 390 390 390 379 370 360 351 340 340
04 03 -9999 331 331 331 320 325 331 320 320 331 340 360 370 379 390 390 390 390 379 379 360 356 351 340
04 04 -9999 331 331 331 320 329 331 320 320 331 343 360 378 379 390 390 390 399 390 379 370 360 351 340
04 05 -9999 334 331 331 331 331 331 320 322 336 351 370 379 390 399 399 399 399 392 390 370 360 351 351
04 06 -9999 338 331 331 331 331 331 327 331 340 351 370 379 399 403 410 405 410 399 390 374 360 356 351
04 07 -9999 340 340 331 331 331 331 331 331 340 356 370 390 399 410 410 410 410 399 392 379 360 356 351
04 08 -9999 340 340 331 331 331 331 331 331 340 360 378 390 399 410 421 421 410 399 399 379 360 356 351
04 09 -9999 340 340 331 331 331 331 331 331 340 360 379 390 406 421 421 421 421 410 399 379 360 360 351
04 10 -9999 340 340 333 331 331 331 331 331 340 360 379 390 410 421 421 421 421 410 399 379 370 360 351
04 11 -9999 340 340 338 333 331 331 331 331 351 360 387 399 410 421 430 430 421 421 410 390 370 360 351
04 12 -9999 340 340 340 340 331 331 331 340 351 370 390 406 421 430 430 439 430 421 410 392 379 370 356
04 13 -9999 351 340 340 340 340 340 331 340 360 370 390 410 424 430 441 441 441 430 410 399 379 370 360
04 14 -9999 351 340 340 340 340 340 338 340 360 379 399 421 430 441 441 441 441 430 421 399 379 370 360
04 15 -9999 351 351 340 340 340 340 340 351 360 379 399 421 430 441 441 441 441 430 421 399 379 370 360
04 16 -9999 351 351 340 340 340 340 340 351 360 379 405 421 439 442 450 441 441 430 421 410 379 370 360
04 17 -9999 351 351 340 340 340 340 340 351 360 390 410 423 441 450 450 450 446 441 430 410 390 370 360
04 18 -9999 351 351 340 340 340 340 340 351 370 390 410 430 441 450 450 450 450 441 430 410 390 379 360
04 19 351 360 351 351 347 342 340 340 351 370 390 410 430 442 450 460 450 450 441 441 421 390 379 370
04 20 356 360 351 351 351 343 340 340 351 379 399 421 430 450 460 460 460 460 450 441 421 399 379 370
04 21 360 360 351 351 351 351 351 340 360 379 405 430 441 450 460 469 469 460 460 441 421 399 390 370
04 22 360 360 360 351 351 351 351 351 360 379 410 441 450 469 480 480 480 469 464 460 441 421 392 379
04 23 370 360 360 354 351 351 351 351 360 390 421 441 460 469 480 489 489 482 480 464 450 421 399 379
04 24 370 365 360 360 360 351 351 356 370 399 421 450 469 480 489 489 495 489 489 469 460 430 399 379
04 25 374 370 370 360 360 360 351 360 370 399 430 459 469 489 500 500 500 500 500 480 469 441 410 390
04 26 374 370 370 360 360 360 352 360 370 399 430 460 471 489 500 511 511 500 500 489 469 441 410 390
04 27 379 370 370 360 360 360 360 360 370 399 430 460 473 489 500 511 511 511 500 489 469 441 410 392
04 28 379 370 370 360 360 360 360 360 379 410 430 464 480 495 500 511 511 511 500 500 480 450 421 399
04 29 379 379 370 370 360 360 360 360 379 410 441 469 489 500 511 520 516 518 511 500 482 460 421 399
04 30 390 379 379 370 367 360 360 370 390 419 450 469 496 500 511 520 520 520 518 500 482 460 428 410
05 01 390 379 379 370 370 370 370 370 390 421 450 469 500 500 511 520 520 520 511 500 489 460 430 410
05 02 392 379 379 370 370 370 370 379 399 421 450 469 500 511 520 522 520 520 518 500 489 464 430 410
05 03 399 390 379 379 370 370 370 379 399 430 450 480 500 511 520 531 520 520 520 511 489 469 441 421
05 04 399 390 387 379 370 370 370 379 410 430 460 489 500 520 531 540 536 531 531 518 500 480 446 421
05 05 410 399 390 379 379 379 379 390 410 441 469 489 511 531 540 540 550 540 536 520 511 480 450 430
05 06 410 399 390 379 379 379 379 390 410 441 469 500 520 531 540 550 559 559 550 531 520 500 460 430
05 07 421 410 399 390 390 379 379 390 410 446 480 500 520 540 550 559 559 559 550 540 520 500 460 441
05 08 421 410 399 390 390 390 379 390 421 450 480 511 531 540 550 559 570 570 559 550 531 511 480 450
05 09 421 410 399 399 390 390 387 399 421 450 489 511 531 550 559 559 570 570 559 550 540 518 480 450
05 10 430 421 408 399 390 390 392 399 430 460 489 511 531 550 559 559 570 570 559 550 540 520 480 450
05 11 430 421 410 399 399 399 399 410 430 469 489 520 531 550 559 570 570 570 570 559 550 520 489 460
05 12 441 421 410 410 399 399 399 410 441 469 500 520 540 550 570 579 579 579 570 559 550 531 489 460
05 13 450 430 421 410 399 399 399 421 441 469 500 520 540 550 570 579 579 579 570 559 550 531 500 469
05 14 450 430 421 410 410 399 399 421 450 480 511 531 550 559 579 579 590 590 579 570 559 540 500 469
05 15 450 441 421 412 410 405 410 421 450 480 511 531 550 559 579 590 590 590 590 570 570 540 500 480
05 16 460 441 430 421 421 410 410 430 450 489 520 540 559 570 579 590 590 590 590 579 570 540 511 489
05 17 460 450 441 430 421 421 421 430 460 489 520 540 559 570 590 601 601 601 601 590 572 550 518 489
05 18 469 450 441 430 430 421 430 441 469 500 531 550 570 590 590 601 601 601 601 590 579 550 520 500
05 19 469 460 450 441 430 430 430 441 469 511 531 550 570 590 601 610 610 610 601 590 579 559 531 500
05 20 480 460 450 450 441 430 430 450 480 511 540 559 579 590 610 610 610 610 610 590 579 559 531 500
05 21 480 469 460 450 441 441 441 460 489 520 540 559 579 601 610 610 621 621 610 601 590 570 540 511
05 22 480 469 460 450 441 441 441 460 489 520 540 570 590 610 621 621 630 630 621 610 601 570 540 518
05 23 489 480 469 460 450 446 450 466 500 531 550 570 590 610 621 630 640 640 630 621 610 579 550 520
05 24 489 480 469 460 450 450 450 469 500 531 556 579 601 621 630 640 640 644 640 630 621 590 559 531
05 25 500 486 480 469 460 450 455 469 500 540 570 579 608 621 640 640 640 649 640 640 626 601 559 531
05 26 500 489 480 469 460 450 460 480 511 540 570 590 610 630 640 649 649 649 649 644 630 610 570 536
05 27 511 500 489 480 460 460 460 480 511 540 570 601 621 630 649 649 660 660 660 649 640 621 579 540
05 28 518 500 489 480 469 469 469 489 520 550 570 601 621 640 649 660 669 669 669 660 644 621 579 550
05 29 520 511 500 489 480 469 469 489 520 550 579 601 630 640 660 660 669 669 669 660 644 621 590 554
05 30 531 511 500 489 480 480 469 489 520 550 579 601 630 640 660 669 669 669 669 660 649 626 590 559
05 31 531 511 500 489 480 480 480 500 520 559 579 601 630 640 660 669 669 669 669 660 644 626 590 559
06 01 531 511 500 489 480 480 480 500 523 559 579 601 628 640 660 664 669 669 669 660 644 621 590 559
06 02 531 513 500 498 482 480 480 500 531 559 579 601 628 640 660 669 669 669 669 660 644 626 590 559
06 03 531 520 511 500 489 480 480 502 531 559 579 601 628 640 660 664 669 669 669 660 649 630 601 559
06 04 531 520 511 500 489 480 480 502 531 559 579 601 630 640 660 660 669 669 669 660 644 630 601 559
06 05 531 520 511 500 489 480 489 511 531 559 579 601 621 640 660 660 669 669 669 649 644 626 601 559
06 06 536 520 511 500 489 489 489 511 531 559 579 601 621 640 660 660 669 669 669 649 644 630 601 570
06 07 536 520 511 500 489 489 489 511 531 559 579 601 621 631 649 660 669 669 662 649 644 630 601 570
06 08 540 523 511 500 489 489 489 511 531 559 579 601 621 640 660 660 669 669 669 660 649 630 601 570
06 09 550 531 513 511 500 489 500 511 540 559 590 610 630 640 660 669 669 680 680 669 649 630 610 579
06 10 550 531 520 511 500 500 500 520 540 570 590 610 630 640 660 669 669 680 680 669 660 640 610 579
06 11 559 540 531 520 511 500 500 520 540 570 590 613 630 646 666 671 671 680 680 669 660 640 610 579
06 12 559 540 531 520 511 500 500 520 540 570 590 621 640 649 669 669 680 680 680 669 660 640 610 579
06 13 559 540 531 520 511 500 500 520 540 570 590 621 640 649 669 669 669 680 680 669 660 640 621 579
06 14 559 540 531 520 511 500 500 520 540 570 590 621 640 658 669 669 680 680 680 669 660 640 621 579
06 15 559 540 531 520 511 500 500 520 540 570 590 621 640 660 669 680 680 680 680 680 660 649 621 579
06 16 559 540 531 520 511 511 511 520 550 570 590 621 640 660 669 680 680 680 680 680 660 649 621 590
06 17 559 540 531 520 511 511 511 531 550 570 601 621 640 660 669 680 680 691 680 680 662 649 630 590
06 18 559 550 531 531 511 511 511 531 550 570 601 621 640 660 673 680 680 691 680 680 669 649 630 590
06 19 570 550 540 531 520 511 511 531 550 579 608 621 640 660 680 680 682 691 680 680 669 649 630 590
06 20 570 550 540 531 520 511 516 531 550 579 610 630 644 660 680 680 691 691 680 680 669 649 630 590
06 21 570 550 540 531 520 511 518 531 550 579 610 630 649 669 680 680 691 691 680 680 669 649 630 601
06 22 570 550 540 531 520 514 520 531 559 586 610 630 649 669 680 680 691 691 691 680 669 660 630 601
06 23 570 550 540 531 531 520 520 531 559 581 610 630 649 669 680 691 691 691 691 680 680 660 630 601
06 24 570 559 547 540 531 520 520 540 559 590 610 630 649 669 680 691 691 698 691 691 680 660 630 601
06 25 579 559 550 540 531 531 520 540 559 590 610 630 660 669 684 691 691 700 700 691 680 660 630 601
06 26 579 559 550 540 531 531 531 540 559 590 610 640 660 669 691 700 700 700 700 698 680 669 640 601
06 27 579 561 559 540 531 531 531 550 570 590 621 640 660 675 691 700 700 700 700 698 680 669 640 601
06 28 579 570 559 545 540 531 531 550 570 601 621 640 660 680 691 703 711 711 711 700 680 669 649 610
06 29 590 570 559 550 540 531 540 550 579 601 630 649 669 682 700 711 711 716 711 711 691 669 649 621
06 30 590 579 559 550 540 540 540 554 579 606 630 649 669 682 700 711 720 716 711 711 691 680 649 621
07 01 590 572 559 550 540 540 540 558 579 608 630 649 673 691 700 711 720 720 720 711 698 680 649 621
07 02 590 579 570 550 543 540 540 559 579 610 630 649 671 689 700 711 720 720 720 711 700 680 649 621
07 03 590 579 570 558 545 540 540 559 579 610 630 649 673 691 705 711 720 730 720 716 700 680 649 621
07 04 590 579 570 559 550 540 540 559 579 610 630 649 673 691 711 711 730 730 730 720 700 680 649 621
07 05 590 579 570 559 550 549 540 559 579 610 630 649 680 691 711 712 730 730 730 720 711 680 649 621
07 06 590 579 570 559 550 550 540 559 579 610 630 649 680 691 711 711 729 720 730 720 700 680 649 621
07 07 590 579 570 559 550 549 540 559 579 610 630 660 680 691 711 711 720 720 720 720 700 680 649 621
07 08 590 579 570 559 550 550 540 559 579 610 630 649 680 691 700 711 716 720 720 711 700 680 649 610
07 09 590 579 570 559 550 550 540 559 579 601 621 649 669 682 700 711 711 720 720 711 698 680 640 610
07 10 590 579 570 559 550 550 540 559 579 601 621 649 669 680 698 711 711 716 711 700 691 680 640 610
07 11 590 579 570 559 550 545 540 559 579 601 621 649 669 680 698 709 711 711 700 700 691 669 640 610
07 12 590 579 570 559 550 540 540 559 579 601 621 649 669 680 700 711 711 716 711 700 691 680 640 610
07 13 590 579 570 559 550 540 540 558 579 601 621 649 669 680 700 711 711 716 711 700 691 680 640 610
07 14 590 579 570 559 550 540 540 558 579 601 621 649 669 680 700 711 711 716 711 700 691 680 640 610
07 15 590 579 570 559 550 545 540 559 579 601 630 649 669 680 700 711 711 720 716 711 698 680 640 610
07 16 590 579 570 559 550 550 550 559 579 601 630 649 669 680 700 711 711 720 711 700 691 669 640 610
07 17 590 579 570 559 550 550 550 559 579 601 630 649 669 682 700 711 711 720 711 700 691 669 640 610
07 18 590 579 570 559 550 550 550 559 579 601 630 649 669 680 700 702 711 711 700 700 691 669 630 610
07 19 590 579 570 559 550 550 550 559 579 601 630 649 669 680 693 700 711 711 700 698 680 662 630 610
07 20 590 579 570 559 558 550 550 559 579 601 630 649 669 680 691 700 711 711 700 691 680 662 630 610
07 21 590 579 570 559 550 550 550 559 579 601 630 649 669 680 691 700 711 711 700 698 680 662 630 610
07 22 590 579 570 559 559 550 550 559 579 601 621 649 669 680 691 700 711 711 700 691 680 662 630 610
07 23 590 579 570 559 559 550 550 559 579 601 621 649 667 678 691 698 711 711 700 691 680 660 630 610
07 24 590 579 570 559 559 550 550 559 579 601 621 649 669 680 691 700 711 711 700 698 680 662 630 610
07 25 590 579 570 559 559 550 550 559 579 601 621 649 667 680 694 700 711 711 700 700 680 660 630 610
07 26 590 579 570 559 559 550 559 559 579 601 621 649 667 678 693 700 711 711 700 698 680 660 630 610
07 27 590 579 570 559 559 550 554 559 576 601 621 649 669 671 691 700 711 711 700 691 680 660 626 601
07 28 590 579 570 559 559 550 550 559 570 601 621 640 660 671 691 698 711 711 700 691 680 660 626 608
07 29 590 579 570 559 559 550 550 559 570 601 621 640 660 671 691 691 700 700 700 680 680 660 626 601
07 30 590 574 570 559 559 550 550 559 570 590 621 640 660 669 680 691 700 700 691 680 669 649 621 601
07 31 590 570 559 559 550 550 550 550 570 590 610 640 658 669 680 691 700 700 691 680 669 649 621 601
08 01 579 570 559 559 550 550 550 550 570 590 610 631 651 669 680 691 691 700 691 680 669 649 621 590
08 02 579 570 559 559 550 550 550 550 570 590 610 630 649 669 680 691 691 700 691 680 669 649 621 601
08 03 590 570 559 559 550 550 550 550 559 590 610 630 649 669 680 682 691 691 691 680 669 649 621 601
08 04 590 570 559 559 554 550 550 550 559 586 610 622 649 660 680 680 680 691 691 680 669 644 610 590
08 05 579 570 559 559 550 550 550 550 559 579 601 621 640 660 669 680 680 691 680 680 669 640 610 590
08 06 579 570 559 559 550 550 550 550 559 579 601 621 640 660 669 680 680 691 680 680 669 640 610 590
08 07 572 570 559 559 550 550 550 550 559 579 601 621 640 660 669 680 680 680 680 680 660 640 610 590
08 08 570 570 559 559 550 550 550 550 559 579 601 621 640 653 669 669 669 680 680 669 660 640 608 590
08 09 570 570 559 559 550 550 550 550 559 579 601 621 640 653 669 669 680 680 680 669 660 640 608 590
08 10 570 570 559 559 550 550 550 550 559 579 601 621 640 649 660 669 673 680 669 669 649 640 601 579
08 11 570 565 559 550 550 550 540 550 559 579 595 621 640 649 660 660 669 680 662 669 649 630 601 579
08 12 570 559 559 550 550 550 540 550 559 570 590 610 630 644 660 660 669 669 660 660 649 621 601 579
08 13 570 559 558 550 550 550 540 543 559 570 579 610 630 640 649 660 660 660 660 649 640 610 590 579
08 14 559 559 550 550 545 540 540 540 550 570 579 610 630 640 649 657 660 660 660 649 640 610 590 570
08 15 559 559 550 541 540 540 540 540 550 570 579 610 621 640 649 649 660 660 660 649 630 610 590 570
08 16 559 559 550 540 540 540 540 540 550 559 579 601 621 640 644 649 660 660 649 649 630 610 590 570
08 17 554 550 550 540 540 540 536 540 545 559 579 601 621 640 640 649 660 660 649 644 630 610 579 570
08 18 550 550 550 540 540 540 536 540 540 550 579 601 621 630 640 649 660 660 649 640 630 610 579 570
08 19 554 550 550 540 540 540 531 536 540 550 579 601 621 630 640 649 660 660 660 644 630 608 579 559
08 20 554 550 540 540 531 531 531 531 540 550 579 601 621 640 649 660 660 660 660 649 630 608 579 559
08 21 550 550 540 540 531 531 531 531 536 550 579 601 621 640 649 660 660 660 660 649 630 608 579 559
08 22 559 550 540 540 531 531 531 520 531 550 579 601 621 640 649 660 660 660 649 649 630 601 579 559
08 23 559 550 540 540 531 531 531 520 531 550 579 601 621 640 649 649 660 660 649 640 630 601 570 559
08 24 559 550 540 531 531 531 527 520 531 550 570 601 610 630 640 649 660 660 649 640 621 590 570 559
08 25 550 550 540 531 531 531 520 520 531 550 570 590 610 630 640 649 660 660 640 630 610 590 570 559
08 26 550 550 540 531 531 531 520 520 531 550 570 590 610 630 640 649 660 649 640 630 610 590 570 559
08 27 550 540 540 531 531 529 520 520 523 540 570 590 610 621 640 649 649 649 640 630 608 579 570 559
08 28 550 540 540 531 520 520 520 520 520 540 559 590 601 621 640 649 649 644 640 621 601 579 570 554
08 29 550 540 531 531 520 520 511 520 520 540 550 585 601 621 630 640 644 640 640 621 601 579 559 550
08 30 550 540 531 527 520 520 511 513 520 538 550 579 601 621 630 640 640 640 630 621 601 570 559 550
08 31 550 540 531 527 520 520 511 513 520 532 550 579 601 610 630 640 640 640 630 621 590 570 559 550
09 01 540 531 531 520 520 520 511 511 520 531 550 570 601 610 630 630 640 630 621 610 590 570 550 540
09 02 540 529 520 520 518 511 511 511 511 531 540 570 597 610 621 630 630 630 621 610 590 559 550 540
09 03 531 520 520 520 511 511 511 500 511 520 540 559 590 601 610 621 621 626 610 601 579 554 540 531
09 04 531 520 511 516 511 511 511 500 511 520 540 559 579 601 610 621 621 621 610 601 572 550 536 531
09 05 520 514 511 511 511 511 502 500 511 513 531 558 570 599 610 613 621 610 601 590 570 540 531 520
09 06 516 511 511 511 505 500 500 500 511 511 531 550 570 590 601 610 615 610 601 590 559 540 531 520
09 07 511 511 511 509 500 500 500 500 500 511 531 550 570 590 601 610 612 610 601 590 559 540 531 520
09 08 511 511 511 500 500 500 500 500 500 511 531 550 570 590 601 610 610 608 601 579 559 540 531 520
09 09 511 511 511 500 500 500 500 500 500 511 529 550 570 586 601 601 610 608 590 579 559 536 531 520
09 10 511 511 511 500 500 500 500 500 500 511 520 550 570 579 590 601 601 601 590 579 559 536 531 520
09 11 511 511 511 500 500 500 500 500 500 511 520 540 567 579 590 601 601 601 590 579 554 531 520 518
09 12 500 511 504 500 500 500 489 489 500 504 520 540 559 579 590 601 601 601 590 572 554 531 520 511
09 13 500 500 500 500 500 493 489 489 489 500 520 536 559 579 585 590 601 590 579 570 550 531 520 511
09 14 500 500 500 500 500 489 489 489 489 500 518 531 558 570 579 590 601 590 579 570 540 520 511 511
09 15 500 500 500 500 489 489 489 486 489 500 511 531 550 570 579 579 590 590 579 559 540 520 511 500
09 16 489 500 500 495 489 489 480 480 482 489 511 531 550 570 570 579 579 579 570 559 536 520 511 500
09 17 489 500 495 489 489 480 480 480 480 489 511 520 540 559 570 579 579 579 570 550 531 511 511 500
09 18 489 489 489 489 487 480 480 480 480 489 500 520 540 559 559 570 570 570 559 550 520 511 500 500
09 19 489 489 482 480 480 480 480 480 480 480 500 520 531 550 559 559 559 559 554 540 520 511 500 489
09 20 482 489 480 480 480 480 480 469 469 480 498 516 531 543 554 559 559 559 550 540 520 500 500 489
09 21 480 486 480 480 480 473 469 469 469 480 489 511 531 540 550 559 559 559 550 531 511 500 489 489
09 22 480 480 480 480 469 469 469 469 469 480 489 511 522 534 550 554 550 550 540 531 511 500 489 482
09 23 480 480 480 469 469 469 469 469 469 469 489 500 520 531 540 550 550 550 540 520 500 489 489 480
09 24 480 480 478 469 469 469 469 460 460 469 480 489 511 531 540 550 550 550 531 520 500 489 480 480
09 25 469 469 469 469 464 464 460 460 460 468 469 489 511 531 540 540 540 540 531 511 500 482 480 469
09 26 469 469 460 460 460 460 460 460 450 460 469 489 500 520 531 540 531 531 520 511 489 480 480 469
09 27 460 460 460 460 460 450 450 450 450 457 460 480 500 511 531 536 531 531 520 500 489 480 469 469
09 28 460 460 450 450 450 450 450 446 450 450 460 480 489 511 520 531 531 520 511 500 480 469 464 460
09 29 450 450 450 450 450 441 441 441 441 450 451 469 489 500 520 520 511 511 500 489 480 464 460 450
09 30 450 450 450 448 441 441 441 441 441 441 450 469 480 500 500 511 511 500 500 480 469 460 450 450
10 01 450 441 441 441 441 441 441 441 435 441 450 460 480 489 500 511 500 500 489 469 460 460 450 450
10 02 441 441 430 441 441 441 441 430 430 441 441 460 480 489 500 500 500 500 489 469 460 450 441 441
10 03 441 430 430 430 430 430 430 430 430 430 441 450 469 489 495 500 500 500 482 469 450 450 441 441
10 04 441 430 430 430 430 430 430 430 430 430 441 450 469 480 489 489 500 489 480 464 450 450 441 441
10 05 441 430 430 430 430 430 430 430 430 430 441 450 460 480 489 489 489 482 480 460 450 450 441 441
10 06 430 430 430 430 430 430 430 430 430 430 441 450 460 480 480 489 489 480 469 460 450 441 441 441
10 07 430 430 430 430 430 421 421 421 430 428 430 441 450 469 478 480 480 480 469 450 441 441 441 430
10 08 430 430 421 421 421 421 421 410 421 421 430 441 450 460 469 469 480 469 460 450 441 430 430 430
10 09 421 421 421 421 421 421 421 410 410 410 421 430 450 460 469 469 469 469 460 450 441 430 421 421
10 10 421 421 421 421 421 421 414 410 410 410 421 430 446 450 460 469 469 469 460 441 430 430 421 421
10 11 421 410 421 421 410 410 410 399 399 399 410 421 441 450 460 469 469 464 460 441 430 421 421 421
10 12 410 410 410 410 410 399 399 399 390 390 399 414 430 444 460 460 460 460 450 430 421 410 410 399
10 13 392 399 399 399 399 399 399 390 390 390 399 410 428 441 450 450 460 460 441 430 421 399 399 399
10 14 390 399 399 392 390 390 390 390 379 390 390 399 421 441 446 450 450 441 430 421 410 399 399 392
10 15 390 390 390 390 390 390 390 381 379 388 390 399 421 430 441 450 448 441 430 421 410 399 399 392
10 16 390 390 390 390 390 390 385 379 379 379 390 399 421 430 441 441 441 430 421 410 399 399 390 390
10 17 379 390 390 390 379 379 379 379 379 379 379 399 419 421 430 441 430 430 421 410 399 390 390 390
10 18 379 379 379 379 379 379 370 370 370 370 379 390 410 421 430 430 430 421 421 399 390 390 379 379
10 19 379 379 379 379 370 370 370 370 370 370 379 390 399 410 421 430 428 421 410 399 390 390 379 379
10 20 379 379 370 370 370 370 370 370 370 370 379 390 399 410 421 421 421 421 410 390 390 379 379 379
10 21 379 370 370 370 370 370 360 370 370 370 379 379 399 410 421 421 421 410 410 390 390 379 379 379
10 22 379 370 370 370 370 370 360 370 360 360 372 379 390 399 410 410 421 410 399 390 379 379 379 370
10 23 370 370 370 370 360 360 360 360 360 360 370 370 390 399 410 410 410 410 399 390 379 370 370 370
10 24 370 370 370 370 360 360 360 360 360 360 370 370 390 399 401 410 410 410 390 379 379 370 370 370
10 25 379 370 370 370 360 360 360 360 360 360 370 370 390 399 399 410 410 410 390 379 370 370 370 370
10 26 370 370 370 360 360 360 356 351 360 360 360 370 379 397 399 399 399 399 379 374 360 360 370 370
10 27 370 360 363 360 360 360 351 351 360 360 360 370 379 390 396 399 399 392 379 370 360 360 360 360
10 28 -9999 360 360 360 360 360 351 351 358 360 360 370 379 390 392 399 399 392 379 370 360 360 360 360
10 29 -9999 360 360 360 360 360 351 351 358 360 360 360 379 390 392 399 399 390 379 370 360 360 360 360
10 30 -9999 360 360 360 356 351 351 351 351 354 360 360 379 379 390 399 399 390 374 370 360 360 360 360
10 31 -9999 360 360 360 351 351 351 351 351 351 351 360 370 379 390 399 390 390 374 370 360 356 360 360
11 01 -9999 360 360 360 351 351 356 351 351 351 360 360 370 379 390 399 390 390 374 370 360 360 360 360
11 02 -9999 360 360 360 351 351 356 358 352 354 360 360 370 379 390 390 390 390 374 370 360 360 360 360
11 03 -9999 360 360 360 360 351 356 360 356 360 360 360 370 379 390 390 390 379 374 370 360 360 360 360
11 04 -9999 360 360 360 360 356 360 360 358 360 360 360 370 379 390 390 387 379 370 370 360 360 360 360
11 05 -9999 360 360 360 360 351 356 351 351 351 360 360 360 379 379 385 379 374 370 360 360 360 360 360
11 06 -9999 360 360 360 351 351 356 351 351 351 351 351 360 370 379 379 370 370 370 360 360 356 356 356
11 07 -9999 360 358 351 351 351 351 351 351 351 351 351 360 370 379 379 370 370 370 360 356 351 356 351
11 08 -9999 358 352 351 351 351 351 351 351 351 351 351 360 370 370 379 370 370 360 360 356 351 351 351
11 09 -9999 351 351 351 351 351 351 351 351 351 351 351 360 370 370 370 370 370 360 360 356 351 351 351
11 10 -9999 351 351 351 351 351 351 351 351 351 351 351 360 370 370 370 370 370 360 356 351 351 351 351
11 11 -9999 351 351 351 351 351 351 351 351 351 351 351 351 360 370 370 367 360 351 356 351 351 351 351
11 12 -9999 351 351 351 347 351 351 343 343 351 351 351 351 360 360 370 360 360 351 356 351 351 351 351
11 13 -9999 351 351 351 340 351 351 340 343 351 351 351 351 360 360 370 360 360 351 360 351 356 351 351
11 14 -9999 351 351 351 347 351 351 351 351 351 351 351 351 360 360 370 360 360 351 360 360 360 351 351
11 15 -9999 351 351 351 351 351 351 351 351 351 351 351 351 360 360 360 360 356 351 351 351 351 351 351
11 16 -9999 351 351 351 340 351 351 351 351 351 351 342 351 360 360 360 360 351 351 351 351 351 351 340
11 17 -9999 340 351 340 340 340 340 340 340 340 340 340 351 351 351 352 351 351 351 351 351 340 340 340
11 18 -9999 340 340 340 340 340 340 338 331 338 334 340 340 351 351 351 351 351 351 351 351 340 340 331
11 19 -9999 331 340 331 331 340 340 331 331 338 334 340 340 351 351 351 351 351 351 351 351 340 340 331
11 20 -9999 331 340 331 331 340 340 338 333 338 340 340 340 343 351 351 351 351 351 351 351 340 340 331
11 21 -9999 340 340 331 331 340 340 340 340 338 340 338 340 340 351 351 351 351 351 351 351 340 340 338
11 22 -9999 340 340 331 331 340 340 338 338 331 334 338 340 340 351 351 351 351 351 351 351 340 340 340
11 23 -9999 340 340 340 340 340 340 338 338 331 334 338 340 340 340 351 351 340 340 340 340 340 340 331
11 24 -9999 340 340 331 331 340 340 338 331 331 331 331 340 340 340 342 340 340 340 340 340 340 340 331
11 25 -9999 340 331 331 331 331 338 331 331 331 331 331 340 340 340 340 340 340 331 331 340 340 338 331
11 26 -9999 331 331 331 331 331 333 331 331 331 331 331 331 340 340 340 340 338 331 331 331 331 331 331
11 27 -9999 331 331 320 331 331 331 331 331 331 320 331 331 340 340 340 340 338 331 331 331 331 331 331
11 28 -9999 331 331 331 331 331 338 331 331 331 320 331 331 331 338 340 340 331 331 331 331 331 331 331
11 29 -9999 331 331 331 331 331 331 331 331 320 320 331 331 331 340 340 340 331 331 331 331 331 331 331
11 30 -9999 331 331 320 331 331 331 331 331 320 320 331 331 331 338 340 340 331 331 331 331 331 331 331
12 01 -9999 331 331 320 331 331 331 331 331 320 320 331 331 331 340 340 340 338 331 331 331 331 331 331
12 02 -9999 331 331 331 331 331 331 331 331 320 320 331 331 340 340 340 340 340 331 331 338 340 331 331
12 03 -9999 331 331 331 331 331 331 331 331 331 331 331 340 340 340 340 340 340 331 338 340 340 338 331
12 04 -9999 331 331 331 331 340 340 338 338 331 331 331 340 340 340 340 340 340 331 331 338 340 331 331
12 05 -9999 331 331 331 331 331 331 331 331 331 331 331 331 340 340 340 340 338 331 331 331 340 331 331
12 06 -9999 331 331 331 331 331 331 331 331 331 320 331 331 331 340 340 340 338 331 331 331 340 331 331
12 07 -9999 331 331 331 331 331 331 331 331 331 331 331 331 331 340 340 340 331 331 331 331 331 331 331
12 08 -9999 331 331 331 331 331 331 331 331 331 331 331 331 331 340 340 340 338 331 331 331 331 331 331
12 09 -9999 331 331 331 331 331 331 331 331 331 331 331 331 331 340 340 340 331 331 331 331 331 331 331
12 10 -9999 331 331 331 331 331 331 331 331 331 331 331 331 331 340 340 340 340 338 338 338 331 331 331
12 11 -9999 331 331 331 331 331 331 331 331 331 331 331 340 340 340 340 340 340 340 340 340 340 331 331
12 12 -9999 331 331 331 331 340 340 340 340 340 340 340 340 340 340 340 340 340 340 340 338 340 331 331
12 13 -9999 331 331 331 331 340 340 340 331 340 340 340 340 340 340 340 340 340 340 340 338 340 331 331
12 14 -9999 331 331 331 331 340 340 340 340 340 340 340 340 340 340 340 340 340 331 331 331 340 331 331
12 15 -9999 331 331 331 331 340 340 340 340 340 340 340 340 340 340 340 340 340 340 338 331 340 338 331
12 16 -9999 331 331 331 331 340 331 331 331 331 331 340 340 340 340 340 340 340 331 331 331 331 331 331
12 17 -9999 331 331 331 331 331 331 331 331 331 331 331 331 340 340 340 331 340 331 331 331 331 331 320
12 18 -9999 331 331 331 331 331 331 331 331 331 331 331 331 331 340 331 331 331 331 331 331 331 331 320
12 19 -9999 320 331 331 331 331 331 331 331 331 331 331 331 340 340 331 331 331 331 331 331 331 331 331
12 20 -9999 331 331 331 331 331 331 331 331 331 331 331 331 340 340 340 331 340 331 331 331 331 331 331
12 21 -9999 331 331 331 331 340 331 331 331 331 331 331 331 340 340 340 331 340 338 331 331 331 331 331
12 22 -9999 331 331 331 331 340 331 331 331 331 331 331 331 340 340 340 331 338 331 331 331 331 331 331
12 23 -9999 331 331 331 331 340 331 331 331 331 331 331 331 331 331 340 331 331 331 331 331 331 331 331
12 24 -9999 331 331 331 331 331 331 331 331 331 331 331 331 340 340 340 338 340 338 331 331 331 338 331
12 25 -9999 340 331 331 331 340 331 331 331 331 331 331 331 340 340 340 338 340 338 331 331 331 338 331
12 26 -9999 340 331 331 331 340 331 331 331 331 331 331 331 340 340 340 338 338 331 331 331 331 331 331
12 27 -9999 340 331 331 331 331 331 331 331 331 331 331 331 338 331 340 338 331 331 331 331 331 331 331
12 28 -9999 331 331 331 331 331 331 331 320 320 331 331 331 331 331 340 338 331 331 331 331 331 331 331
12 29 -9999 331 331 331 331 331 331 331 320 320 331 331 331 331 331 340 331 331 331 331 331 331 331 331
12 30 -9999 331 331 331 331 331 331 331 320 320 331 331 331 331 331 331 331 331 331 320 331 331 331 331
12 31 -9999 331 331 331 331 331 331 331 320 331 331 331 331 331 331 331 331 331 331 331 331 331 331 331
