01 01 421 430 430 430 421 421 421 421 421 430 441 450 460 480 480 469 460 441 441 441 430 430 430 430
01 02 421 430 430 430 421 421 421 421 421 430 450 460 469 480 480 480 460 441 441 441 441 441 441 430
01 03 430 430 430 430 421 421 421 421 421 430 450 460 469 480 489 480 460 450 441 450 441 441 441 430
01 04 430 430 430 430 421 430 430 430 421 441 450 460 469 480 489 480 469 450 450 450 441 441 441 430
01 05 430 430 430 430 421 430 421 430 421 441 450 469 469 480 489 480 469 450 450 450 450 441 441 430
01 06 430 430 430 430 421 430 421 430 421 441 450 469 469 480 489 489 469 450 450 450 450 450 441 441
01 07 430 430 430 430 421 430 421 430 430 441 450 469 480 489 489 489 469 460 460 450 450 450 450 441
01 08 430 441 430 430 430 430 430 430 430 441 450 469 480 489 489 489 480 460 460 450 460 450 450 441
01 09 441 441 430 430 430 430 430 430 430 441 450 469 480 489 500 489 480 460 460 450 460 450 450 441
01 10 441 441 430 430 430 430 430 430 430 450 450 469 480 489 500 489 469 460 460 450 450 450 450 441
01 11 441 441 430 430 421 430 421 421 430 441 450 469 480 489 500 500 480 469 460 460 460 460 450 450
01 12 441 441 430 430 421 421 421 421 421 441 450 469 480 489 500 500 469 460 460 450 460 450 450 441
01 13 430 441 430 430 421 421 421 421 421 441 450 460 469 489 500 500 469 460 460 450 460 450 450 441
01 14 430 441 430 430 421 421 421 421 421 430 450 460 480 489 500 500 480 460 460 450 460 450 450 441
01 15 430 430 430 421 421 421 421 421 421 430 441 460 480 489 500 500 480 460 460 450 450 450 450 441
01 16 430 430 430 421 421 421 421 421 421 430 441 460 469 489 500 500 480 460 460 450 460 450 450 441
01 17 430 430 430 430 421 421 421 421 421 430 441 460 469 489 500 500 480 460 460 450 450 450 450 441
01 18 430 430 430 430 421 421 421 421 421 430 441 469 480 500 500 500 489 469 460 450 450 450 450 441
01 19 430 430 430 430 421 421 421 421 421 430 441 469 480 500 500 500 489 469 460 450 450 450 441 441
01 20 430 430 430 430 421 421 421 421 421 430 441 460 480 500 500 500 489 469 460 450 450 450 441 441
01 21 430 430 430 430 421 421 421 421 421 430 441 469 480 500 511 500 489 469 460 450 450 450 441 441
01 22 430 430 430 430 430 421 421 421 421 430 450 469 480 489 511 500 489 469 460 450 450 450 441 441
01 23 430 430 430 430 430 421 421 421 421 430 450 469 489 500 511 500 489 469 460 450 450 450 441 441
01 24 430 430 430 430 430 430 421 421 421 441 450 469 489 500 511 511 489 480 460 450 450 450 450 441
01 25 441 430 441 441 430 430 430 421 421 441 450 480 489 500 511 511 500 480 469 460 460 450 450 441
01 26 441 430 441 441 430 430 430 430 421 441 450 480 489 500 511 511 500 480 469 450 460 450 450 441
01 27 441 430 430 441 430 430 421 430 430 441 450 480 489 511 511 511 500 480 469 460 460 460 450 441
01 28 441 441 441 441 430 430 430 430 430 441 460 480 500 511 511 511 500 480 469 460 460 460 450 441
01 29 441 441 441 441 430 430 430 430 430 441 460 480 500 511 511 511 500 480 469 460 460 450 450 441
01 30 441 441 441 441 430 430 421 430 430 441 450 480 500 511 511 511 500 480 469 460 460 450 450 441
01 31 441 441 441 441 430 430 421 430 430 441 450 480 500 511 520 520 500 480 469 460 460 450 450 441
02 01 441 430 430 430 421 421 421 430 430 441 460 480 500 511 520 520 500 489 469 460 460 460 450 441
02 02 441 441 430 430 421 421 421 421 421 441 460 480 500 511 520 511 511 489 469 460 460 460 450 441
02 03 441 441 430 430 421 421 421 421 421 441 460 480 500 511 520 520 511 489 469 460 460 460 450 441
02 04 441 441 441 430 421 421 421 421 421 441 460 480 500 511 520 520 511 489 480 469 460 460 450 441
02 05 441 441 441 430 421 421 421 421 421 441 460 480 500 520 520 531 511 489 480 469 469 460 460 450
02 06 441 441 441 430 421 421 421 421 430 441 460 480 500 520 520 531 511 489 480 469 469 460 460 450
02 07 441 441 441 430 421 421 421 421 421 430 460 480 500 520 520 531 511 489 480 469 469 460 450 450
02 08 441 441 441 430 421 421 421 421 430 430 460 480 511 520 520 531 520 500 480 469 469 460 460 450
02 09 441 441 441 430 421 421 421 421 430 441 460 489 511 520 531 531 520 500 480 469 469 460 460 450
02 10 441 441 441 430 421 421 421 421 430 441 469 489 511 520 531 531 520 500 480 469 469 460 460 450
02 11 441 441 441 430 430 421 421 421 430 441 469 489 511 520 531 531 520 500 489 469 469 460 460 450
02 12 450 450 441 430 430 421 421 421 430 441 469 489 511 520 531 531 520 500 489 469 469 460 460 450
02 13 450 450 441 441 430 430 430 430 430 450 469 489 511 520 540 531 531 511 489 480 480 469 460 460
02 14 460 450 450 441 430 430 430 430 430 450 469 489 511 531 540 540 531 511 489 480 480 469 469 469
02 15 460 450 450 441 441 430 430 430 430 450 480 489 511 531 540 540 531 520 500 489 480 480 469 460
02 16 460 450 450 450 441 430 430 430 441 450 480 500 520 540 550 550 540 520 500 489 480 480 469 469
02 17 460 450 450 450 441 430 430 430 441 450 480 500 520 540 550 550 550 520 511 489 480 480 469 469
02 18 460 450 450 450 441 430 430 430 441 460 480 500 520 540 550 550 550 531 511 489 480 480 469 469
02 19 460 450 450 450 441 430 430 430 441 460 480 500 520 540 550 559 550 531 511 489 489 480 469 469
02 20 460 450 450 441 441 430 430 430 441 460 480 500 520 540 550 570 550 540 511 489 489 480 469 469
02 21 460 450 450 441 441 430 430 430 441 460 480 500 520 540 559 570 559 540 520 500 489 480 469 469
02 22 460 450 450 441 441 441 441 430 441 460 480 500 531 550 570 579 570 550 520 500 500 480 480 469
02 23 460 460 450 450 441 441 430 430 450 460 480 511 531 559 570 579 570 550 531 511 500 480 480 469
02 24 460 450 450 450 441 441 430 430 441 460 480 511 540 559 570 579 570 559 531 511 500 480 480 469
02 25 469 460 450 450 441 441 441 430 450 469 480 511 540 559 570 579 579 559 531 511 500 489 480 469
02 26 469 460 460 450 441 441 441 441 450 469 489 511 540 559 579 590 579 559 531 520 500 489 480 480
02 27 469 460 460 450 441 441 441 441 450 469 480 511 540 559 579 590 579 559 540 520 500 489 480 469
02 28 469 460 460 450 441 441 441 441 450 469 489 511 540 559 579 590 579 570 540 520 500 489 480 469
03 01 469 460 450 450 441 441 441 441 450 469 489 511 540 559 579 590 579 570 540 520 511 489 480 469
03 02 469 460 460 450 450 441 441 441 450 469 489 520 540 559 579 590 590 570 550 520 511 489 489 480
03 03 469 469 460 460 450 450 441 441 460 469 500 520 540 570 590 590 590 579 550 520 511 500 489 480
03 04 480 469 460 460 460 450 450 450 460 480 500 520 550 570 590 590 601 579 550 520 511 500 489 480
03 05 480 480 469 460 460 450 450 450 460 480 511 531 559 579 590 601 601 590 559 531 511 500 489 489
03 06 480 480 469 469 460 450 450 450 460 480 511 531 559 579 590 601 601 590 559 531 520 511 500 489
03 07 480 480 469 469 460 460 450 450 469 489 511 531 559 579 601 610 610 601 570 540 520 511 500 489
03 08 489 480 480 469 460 460 450 450 469 489 520 550 570 590 601 621 610 601 570 540 520 511 500 489
03 09 489 480 480 469 460 460 450 460 469 489 520 550 570 590 610 621 621 601 570 540 520 520 500 500
03 10 489 480 480 469 469 460 460 460 469 489 520 550 570 590 610 621 621 601 570 550 520 520 500 500
03 11 489 489 480 469 469 460 460 460 469 489 520 550 570 590 610 621 621 610 570 550 531 520 511 500
03 12 489 489 480 469 460 460 450 460 469 500 520 550 579 601 621 630 630 610 579 559 531 520 511 500
03 13 489 489 480 469 469 460 460 460 480 500 531 559 579 610 621 630 630 621 590 559 540 531 511 511
03 14 500 489 489 469 469 469 460 460 489 500 531 559 590 610 630 630 630 621 590 559 540 531 511 511
03 15 500 489 489 480 469 469 460 469 489 500 540 559 590 610 630 630 630 621 590 570 540 531 520 511
03 16 500 500 489 480 478 469 460 469 489 511 540 559 590 610 630 630 630 621 590 570 540 531 520 511
03 17 500 500 489 480 480 469 460 469 489 511 540 559 590 610 630 630 630 621 590 570 540 531 520 511
03 18 500 500 489 480 480 469 460 469 489 511 531 559 590 610 630 630 630 621 590 570 540 531 520 511
03 19 500 489 489 480 469 469 460 469 489 511 531 559 590 610 630 630 630 621 590 570 540 531 511 511
03 20 500 489 489 469 469 469 460 469 489 511 531 559 590 610 630 630 630 621 590 570 540 531 511 511
03 21 500 489 480 469 469 469 460 469 489 511 531 559 590 610 630 630 630 621 590 570 540 531 511 511
03 22 500 489 480 469 469 469 460 469 489 511 531 559 590 610 630 630 630 621 590 570 540 531 520 511
03 23 500 489 480 469 469 469 460 469 489 511 540 559 590 610 630 630 630 621 601 570 550 531 520 511
03 24 500 489 480 469 469 469 460 469 489 511 540 570 590 621 630 640 630 630 601 570 550 531 520 520
03 25 500 489 489 480 469 469 460 469 489 520 540 579 601 621 630 649 640 630 610 570 550 531 520 520
03 26 511 489 489 480 469 469 460 469 489 520 550 579 601 621 640 649 649 640 610 579 559 540 531 520
03 27 520 489 489 480 469 469 460 469 500 520 550 579 610 630 640 649 649 640 610 579 559 540 531 520
03 28 520 489 489 480 480 469 469 469 500 520 550 579 601 621 640 660 649 640 610 579 559 540 531 520
03 29 511 489 489 480 480 469 469 480 500 531 550 579 610 630 649 660 660 649 621 590 570 540 531 520
03 30 520 500 489 480 480 469 469 480 500 531 550 590 610 640 660 669 669 649 630 590 570 550 531 531
03 31 520 500 500 480 480 469 469 480 511 531 570 601 630 649 669 680 680 669 640 601 579 559 540 531
04 01 520 511 500 489 480 480 469 489 511 540 570 610 640 660 669 680 680 680 649 610 579 559 540 531
04 02 520 511 500 489 480 480 469 489 511 540 570 610 640 660 680 691 680 680 649 610 590 559 550 531
04 03 520 511 500 489 489 480 469 489 520 540 579 610 649 669 691 691 700 680 649 621 590 570 550 531
04 04 531 511 511 500 489 480 480 500 520 550 579 621 649 669 691 700 700 680 649 621 590 570 550 540
04 05 531 520 511 500 500 489 480 500 520 550 590 621 649 680 700 711 711 691 660 621 590 570 550 540
04 06 540 520 520 511 500 489 489 500 531 559 590 630 660 680 700 711 711 691 660 630 601 579 559 550
04 07 540 531 520 511 500 489 489 511 531 559 601 630 660 680 700 711 711 700 660 630 601 579 559 550
04 08 550 531 520 511 511 500 489 511 540 559 601 630 660 691 711 720 720 700 669 640 610 579 570 550
04 09 550 540 520 520 511 500 500 520 540 570 601 640 669 691 711 720 720 700 669 640 621 590 570 559
04 10 559 540 531 520 511 500 511 531 550 570 601 640 669 691 711 720 720 711 680 640 621 590 579 559
04 11 559 540 531 520 511 500 511 531 550 570 610 640 669 691 720 720 720 711 680 649 621 590 579 570
04 12 559 540 531 520 511 500 511 531 550 579 610 640 669 700 720 730 730 711 691 649 630 601 579 570
04 13 559 540 531 531 511 511 520 531 559 579 621 649 680 711 730 730 730 720 691 660 640 610 590 570
04 14 559 550 540 531 520 520 520 540 559 590 621 649 680 711 730 730 739 730 691 669 640 610 590 570
04 15 570 550 540 531 520 520 520 540 559 590 621 660 691 711 730 739 739 730 691 669 640 610 590 570
04 16 570 550 540 531 520 520 520 540 570 590 621 660 691 720 730 739 739 730 700 669 640 610 590 570
04 17 570 550 540 531 520 520 520 540 570 590 621 660 691 720 730 739 739 730 700 669 630 610 590 570
04 18 570 550 540 531 520 520 520 540 570 590 630 660 691 720 730 739 739 730 700 669 640 610 590 570
04 19 559 550 540 531 520 520 520 540 570 601 630 660 691 720 739 750 739 730 711 669 640 621 601 579
04 20 570 550 550 540 531 520 531 540 570 601 640 669 700 720 739 750 750 739 711 669 640 621 601 579
04 21 570 550 550 540 531 520 531 540 570 601 640 669 700 730 739 750 739 739 711 669 640 621 601 579
04 22 570 550 550 540 531 520 531 540 579 610 649 680 711 730 739 750 750 739 711 680 640 621 601 579
04 23 570 550 550 540 531 520 531 550 579 610 649 680 711 730 750 750 750 739 711 680 640 621 601 579
04 24 570 550 550 540 531 520 531 550 579 610 649 680 711 730 750 750 750 739 711 680 640 621 601 579
04 25 570 550 550 540 531 520 531 550 579 610 649 680 711 730 750 750 750 739 711 680 640 621 601 579
04 26 570 550 550 540 531 520 531 550 579 610 649 680 711 739 750 750 750 739 711 680 640 621 601 579
04 27 570 550 550 540 531 520 531 550 579 621 649 691 720 739 750 759 750 750 720 680 649 621 601 590
04 28 579 559 550 540 531 520 531 559 579 621 649 691 720 739 750 759 750 750 720 691 649 630 610 590
04 29 579 559 550 540 531 520 531 559 579 630 660 691 720 739 750 770 759 750 720 691 660 630 610 590
04 30 579 559 550 540 531 520 540 570 590 630 660 700 730 750 759 770 770 770 739 700 660 640 610 590
05 01 579 570 559 540 540 520 540 570 601 630 669 700 730 750 770 781 781 770 739 711 669 640 621 601
05 02 590 570 559 550 540 531 550 570 601 640 669 700 730 759 770 781 781 770 750 711 680 640 621 601
05 03 590 570 559 550 549 531 550 579 610 640 680 700 739 770 781 790 790 770 750 711 680 649 630 601
05 04 590 570 570 550 550 540 550 579 610 649 680 711 739 770 801 790 790 781 759 720 691 660 630 610
05 05 601 579 570 550 550 540 559 590 610 649 691 711 739 781 801 801 801 781 759 720 691 660 630 610
05 06 610 590 570 559 550 540 559 590 621 649 691 720 750 781 801 801 801 790 759 720 691 660 630 610
05 07 610 590 579 570 550 550 559 590 621 660 691 720 750 781 801 801 801 790 759 730 691 660 640 621
05 08 610 590 579 570 559 550 570 590 621 660 700 730 750 790 801 810 810 801 770 730 700 669 649 621
05 09 610 590 579 570 559 550 570 601 630 669 700 730 759 790 810 810 810 801 781 750 711 680 649 630
05 10 610 601 590 570 559 559 579 610 640 669 711 739 770 801 810 820 820 801 781 750 711 680 649 640
05 11 610 601 590 579 559 559 579 610 640 680 711 739 770 801 820 829 829 820 790 759 720 691 660 640
05 12 610 610 590 579 570 570 590 610 649 691 720 750 781 810 820 829 829 820 790 759 720 691 660 640
05 13 621 610 601 590 579 570 590 610 649 680 711 750 781 810 820 829 820 810 790 759 720 691 660 640
05 14 610 610 601 590 579 570 590 610 644 680 711 750 781 801 820 820 820 801 781 759 720 691 660 649
05 15 610 610 601 590 579 570 590 610 649 680 720 750 781 801 820 820 820 801 781 759 720 691 669 649
05 16 621 610 601 590 579 570 590 610 649 680 720 750 781 801 820 829 820 820 790 759 720 691 669 649
05 17 621 610 601 590 579 579 601 621 649 691 720 750 781 810 820 829 840 820 801 770 730 691 669 649
05 18 630 621 601 601 579 579 601 621 649 691 720 759 790 810 829 840 840 829 810 770 730 700 669 649
05 19 630 621 610 601 590 579 601 630 660 691 720 759 790 810 829 840 840 829 810 770 730 700 669 649
05 20 630 621 610 601 590 590 601 630 660 691 730 759 790 810 829 840 840 829 810 770 730 691 669 649
05 21 630 621 610 601 590 590 610 630 660 691 730 770 801 820 840 849 849 829 810 781 739 700 680 660
05 22 630 621 610 610 590 590 610 630 660 700 739 770 810 829 840 860 849 840 820 790 739 700 680 660
05 23 640 630 621 610 601 590 621 640 669 700 739 770 810 829 849 860 849 840 820 790 739 711 680 660
05 24 640 630 621 610 601 601 621 640 669 711 739 781 810 829 849 860 849 840 820 790 750 711 680 660
05 25 640 630 621 610 590 590 621 640 669 711 750 781 810 840 849 860 849 840 820 790 750 711 691 669
05 26 640 640 621 610 601 601 621 649 680 711 739 781 810 829 849 860 849 840 820 790 750 711 691 669
05 27 649 640 621 610 601 601 621 649 680 711 750 781 810 840 849 860 849 840 820 790 750 711 691 669
05 28 649 640 630 610 601 601 621 649 680 720 750 790 820 849 860 871 860 849 829 801 759 720 691 669
05 29 649 640 630 621 601 610 630 649 691 720 750 790 820 849 860 871 860 849 829 801 759 720 691 669
05 30 649 640 630 621 601 610 630 649 691 720 750 790 820 849 860 871 860 849 829 801 759 720 691 669
05 31 649 640 630 621 601 610 630 649 691 720 750 790 820 849 860 871 860 849 829 801 759 720 700 669
06 01 649 640 630 621 601 610 630 649 680 720 750 790 820 849 860 869 860 849 829 801 759 720 700 669
06 02 658 640 630 621 601 610 630 649 680 720 750 781 820 840 860 860 849 840 829 801 750 720 700 669
06 03 658 640 630 621 601 610 630 649 680 720 750 781 820 840 860 860 849 840 829 790 750 720 700 669
06 04 660 640 630 621 601 610 630 649 680 720 750 781 820 840 860 860 849 840 829 801 750 720 700 680
06 05 660 640 639 621 601 610 630 660 691 720 750 781 820 840 860 860 849 840 829 801 750 720 700 680
06 06 660 649 640 621 610 610 630 660 680 720 750 781 820 840 860 860 849 840 829 801 750 720 700 680
06 07 660 649 640 621 610 610 630 660 680 720 750 781 820 840 860 860 849 840 829 801 759 720 700 691
06 08 669 649 640 630 610 621 630 660 691 720 750 781 820 840 860 860 849 849 829 801 759 730 711 691
06 09 669 649 649 630 610 621 640 660 691 720 750 781 810 840 860 860 860 849 829 801 759 730 711 691
06 10 669 649 649 630 610 621 640 660 691 720 759 781 820 840 860 860 860 849 829 801 770 730 711 691
06 11 669 649 649 630 610 621 640 660 691 720 759 790 820 840 860 860 860 849 829 801 770 730 711 691
06 12 669 649 649 630 610 621 640 660 691 720 759 790 820 840 860 860 871 860 840 810 770 739 711 691
06 13 669 649 649 630 621 621 640 660 691 730 770 801 820 849 871 871 880 860 849 810 770 739 711 700
06 14 680 660 649 640 621 621 640 669 700 739 770 801 840 849 880 880 880 871 860 810 781 750 720 700
06 15 680 660 649 640 630 621 649 669 700 739 781 810 840 860 880 891 891 880 860 829 790 750 730 700
06 16 691 669 649 640 630 630 649 680 711 750 790 810 849 860 891 891 891 891 860 829 790 750 730 711
06 17 691 669 660 640 630 630 649 680 711 750 790 820 860 880 891 900 900 891 871 840 801 759 730 711
06 18 700 680 660 649 630 640 660 680 720 759 801 829 860 891 900 910 900 900 880 840 810 759 739 720
06 19 700 680 660 649 630 640 660 691 720 759 801 829 871 891 900 910 900 900 891 849 810 770 739 720
06 20 711 680 669 649 640 640 669 691 720 770 810 840 871 900 910 919 919 910 891 849 810 770 750 730
06 21 711 691 669 660 640 640 669 700 730 770 810 849 880 900 919 919 919 919 891 860 820 781 750 730
06 22 711 691 680 660 640 649 669 700 730 770 810 849 880 900 919 930 930 919 900 860 820 781 759 739
06 23 711 691 680 660 649 649 669 700 739 770 810 849 880 910 919 930 930 919 900 860 820 781 759 739
06 24 711 691 680 660 649 649 680 700 739 781 820 849 880 910 919 930 930 919 900 860 829 781 759 739
06 25 720 700 691 669 649 649 680 711 739 781 820 849 891 910 930 939 930 919 900 871 829 790 770 750
06 26 720 700 691 669 649 660 680 711 739 781 820 860 891 910 930 939 939 930 910 871 829 790 770 750
06 27 720 711 700 680 660 660 691 711 750 790 820 860 900 919 930 939 939 930 910 880 840 801 770 750
06 28 720 711 700 680 660 669 691 720 750 790 829 860 900 919 939 950 939 930 910 880 840 801 770 750
06 29 720 711 700 680 669 669 691 720 759 790 829 860 900 919 939 950 939 930 910 880 840 801 770 750
06 30 720 720 700 691 669 669 691 720 759 790 829 860 900 919 930 939 939 930 910 880 840 801 770 750
07 01 720 720 700 680 669 669 691 720 759 790 829 860 900 919 939 950 939 939 919 880 849 810 781 759
07 02 720 720 700 691 669 669 691 720 759 790 829 871 900 919 939 950 950 939 919 891 849 810 781 759
07 03 720 720 711 691 669 669 700 720 759 790 829 871 910 930 939 950 950 950 930 891 849 810 790 759
07 04 730 730 711 691 680 680 700 720 759 801 840 871 910 930 950 950 961 950 930 900 860 820 790 759
07 05 730 730 711 691 680 680 700 730 759 801 840 871 910 939 950 961 961 950 930 900 860 820 801 770
07 06 730 730 720 700 680 680 700 730 770 801 840 871 910 939 950 961 961 950 930 900 860 820 801 770
07 07 739 730 720 700 680 680 700 730 770 801 849 880 919 939 961 970 970 950 939 900 871 820 801 770
07 08 739 730 720 700 680 680 711 730 770 801 849 880 919 950 961 970 970 961 939 900 871 829 801 781
07 09 739 730 720 700 680 680 711 730 770 801 849 880 919 950 961 970 970 961 939 910 871 829 801 781
07 10 750 739 720 700 691 680 711 739 770 801 849 880 919 950 970 970 970 961 950 910 871 840 810 781
07 11 750 739 720 700 691 691 711 739 770 801 849 880 919 950 961 970 970 961 950 910 871 840 810 781
07 12 759 739 720 711 691 691 711 739 770 801 849 880 919 939 961 970 970 961 939 910 871 840 810 781
07 13 759 739 720 711 691 680 711 739 770 810 849 880 919 939 961 970 970 970 950 910 871 840 810 781
07 14 759 739 720 711 691 680 711 739 770 810 849 891 919 950 970 970 981 970 950 919 871 840 810 790
07 15 759 739 730 711 691 691 711 739 770 810 849 891 930 950 970 981 981 970 961 919 880 849 820 790
07 16 770 750 739 720 700 700 720 739 781 810 860 900 930 961 970 981 981 970 961 930 880 849 820 790
07 17 770 750 739 720 700 700 720 750 781 820 860 900 930 961 970 981 981 981 961 930 880 849 820 790
07 18 770 750 739 720 700 700 720 750 781 820 860 900 930 961 981 990 990 981 961 930 880 849 820 790
07 19 770 750 739 720 700 700 720 750 781 820 860 900 930 970 981 990 990 981 961 930 880 849 829 801
07 20 770 750 739 720 700 700 720 750 781 820 860 900 939 970 981 990 990 981 970 930 891 849 829 801
07 21 770 750 739 720 700 700 720 750 781 820 860 900 939 970 990 1000 990 990 970 939 891 849 829 801
07 22 781 759 739 720 711 700 720 750 781 820 860 900 939 970 990 1000 990 990 970 939 891 849 829 801
07 23 781 759 739 720 711 700 720 750 781 820 860 910 939 970 990 1000 990 990 970 939 891 849 829 801
07 24 781 759 739 720 711 700 720 750 781 820 860 910 939 981 990 1000 1000 990 970 939 891 849 829 810
07 25 781 759 739 730 711 700 720 750 781 820 860 910 939 981 990 1000 1000 990 970 939 891 849 829 810
07 26 781 759 739 730 711 700 720 750 781 820 871 910 950 981 990 1000 1000 990 970 939 900 860 829 810
07 27 781 759 739 720 711 700 720 750 781 820 871 910 950 981 990 1000 1000 990 970 939 900 860 829 810
07 28 781 759 739 730 711 700 720 750 781 820 871 910 950 981 990 1000 1000 990 970 939 891 860 829 810
07 29 781 759 750 730 711 711 720 750 781 820 871 910 950 981 990 1000 1000 990 970 930 891 860 829 810
07 30 781 759 750 730 711 700 720 750 781 820 860 910 939 981 990 1000 1000 990 970 930 891 849 829 810
07 31 781 759 739 720 711 700 720 750 781 820 860 910 939 981 990 1000 1000 990 970 930 891 849 829 810
08 01 770 759 739 720 711 700 720 750 781 820 860 900 939 970 990 1000 1000 990 970 930 891 849 829 801
08 02 781 759 739 720 711 700 720 750 781 820 860 900 939 970 990 1000 1000 990 970 930 891 860 829 810
08 03 781 759 739 730 711 700 720 750 770 820 860 900 939 970 990 1000 1000 990 970 930 891 849 829 801
08 04 781 759 739 720 711 700 720 750 770 820 860 900 939 970 990 1000 990 990 970 930 891 849 829 801
08 05 781 759 739 720 711 700 711 739 770 820 860 900 930 970 990 990 990 990 970 930 891 849 820 801
08 06 770 759 739 720 711 700 711 739 770 810 849 900 939 970 990 1000 1000 990 970 930 891 849 820 801
08 07 770 759 739 720 711 700 711 739 770 810 849 900 939 970 990 1000 1000 990 970 930 891 849 829 801
08 08 770 759 739 730 711 700 711 739 770 810 849 900 939 970 990 1000 1000 990 970 919 891 849 820 801
08 09 770 759 739 720 711 691 711 739 770 810 849 900 930 970 990 1000 1000 990 970 919 880 849 820 801
08 10 770 759 739 720 711 691 711 739 770 801 849 891 930 970 990 990 1000 990 970 919 880 849 820 801
08 11 770 759 739 720 711 691 700 739 759 801 849 891 930 970 990 990 1000 990 961 919 880 849 820 801
08 12 770 759 739 720 711 691 700 730 759 801 849 891 930 970 990 990 1000 990 961 919 880 849 820 801
08 13 770 759 739 720 700 691 700 730 759 801 849 891 930 970 981 990 990 990 961 919 880 849 820 790
08 14 770 759 739 720 700 691 700 730 759 801 840 891 930 961 981 990 990 990 961 910 871 849 820 790
08 15 770 750 739 720 700 691 700 730 759 801 840 891 930 961 981 990 990 981 950 910 871 840 810 790
08 16 759 750 739 720 700 691 700 720 759 801 840 889 919 950 981 981 990 981 950 910 871 840 810 790
08 17 759 750 730 711 700 680 691 720 759 790 840 880 919 950 970 981 981 981 950 910 871 840 810 781
08 18 759 739 730 711 700 680 691 720 750 790 829 880 919 950 970 981 981 981 950 900 860 829 801 781
08 19 759 739 720 711 691 680 691 720 750 790 829 880 910 950 970 970 970 970 939 891 860 829 801 781
08 20 759 739 720 711 691 680 691 720 750 790 829 871 910 939 961 970 970 970 930 891 860 829 801 770
08 21 759 730 720 700 691 680 691 720 739 790 829 871 910 939 961 970 970 961 930 891 860 829 801 770
08 22 750 730 720 700 691 680 680 711 739 790 820 871 900 930 950 961 961 950 919 880 849 820 790 770
08 23 750 730 711 691 680 669 680 700 730 781 820 860 900 930 950 961 961 950 919 880 840 810 790 770
08 24 739 720 711 691 680 669 669 700 730 770 810 860 891 930 950 961 961 939 910 871 840 810 790 759
08 25 739 720 700 691 680 669 669 700 720 759 810 849 891 919 939 961 950 939 910 871 840 810 781 759
08 26 730 720 700 691 669 660 660 691 720 759 810 849 891 919 939 950 950 939 910 871 829 801 781 750
08 27 730 720 700 680 669 660 660 680 711 750 801 849 880 919 939 950 950 939 910 871 829 801 770 750
08 28 720 720 700 680 660 649 660 680 711 750 801 840 880 910 939 950 950 930 900 860 829 801 770 750
08 29 730 711 691 680 660 649 660 680 711 750 801 840 880 910 939 950 950 930 900 860 820 801 770 750
08 30 720 711 691 669 660 649 649 680 711 750 801 840 880 910 939 950 950 930 900 860 820 790 770 739
08 31 720 711 691 669 660 649 649 680 711 750 790 829 871 910 939 950 939 930 900 849 820 790 759 739
09 01 720 700 691 669 660 649 649 680 711 750 790 829 871 900 930 939 939 930 891 849 820 790 759 739
09 02 720 700 691 669 660 649 649 669 700 739 790 829 871 900 930 939 939 919 891 849 820 790 759 730
09 03 720 700 691 669 660 649 649 669 700 739 790 820 871 900 919 939 930 919 880 849 810 781 759 730
09 04 711 691 680 669 660 649 640 669 700 739 790 820 860 891 919 930 930 919 880 840 810 781 750 730
09 05 711 691 680 669 660 640 640 660 691 730 781 820 860 891 910 930 930 910 880 840 801 781 750 720
09 06 711 691 680 669 649 640 640 660 691 730 770 810 849 891 910 919 930 910 871 840 801 770 739 720
09 07 711 691 669 660 649 640 640 660 691 730 770 810 849 880 900 919 919 910 871 829 790 770 739 720
09 08 700 691 669 660 649 640 630 660 680 720 770 810 849 880 900 919 919 910 871 829 790 759 739 720
09 09 700 691 669 660 640 630 630 649 680 720 759 801 840 880 900 919 919 900 860 820 790 759 739 720
09 10 700 680 669 660 640 630 621 649 680 711 759 801 840 871 900 919 910 900 860 820 781 759 730 711
09 11 700 680 660 649 640 630 621 649 669 711 750 790 840 871 891 910 910 891 849 810 781 750 730 700
09 12 680 669 660 649 630 621 621 640 669 700 750 790 829 860 891 900 910 891 849 810 770 739 720 700
09 13 680 669 649 640 630 621 610 630 669 700 750 781 829 860 891 900 910 891 849 801 770 739 720 691
09 14 680 669 649 640 621 610 610 630 660 691 739 781 820 849 880 900 900 891 840 801 759 730 711 691
09 15 669 660 649 630 621 610 601 621 649 691 739 770 820 849 880 891 900 880 840 801 759 730 711 691
09 16 669 660 640 630 610 601 601 621 649 691 730 770 810 849 880 891 900 880 840 790 759 730 711 691
09 17 669 660 640 621 610 601 590 621 649 680 730 770 810 849 880 891 900 880 829 790 759 730 711 691
09 18 669 660 640 621 610 601 590 621 649 680 730 770 810 840 871 891 891 871 829 790 750 730 711 680
09 19 669 660 640 621 610 601 590 610 640 680 730 759 801 840 871 880 891 871 820 781 750 730 700 680
09 20 669 649 630 621 610 590 590 610 640 680 720 759 801 840 860 880 880 860 810 781 750 720 691 680
09 21 660 649 630 621 610 590 579 610 640 669 711 750 801 829 860 871 880 849 810 781 739 720 691 680
09 22 660 649 630 621 601 590 579 610 640 669 711 750 790 829 849 871 860 849 801 770 739 711 691 669
09 23 660 640 621 610 601 590 579 601 630 660 700 750 790 820 849 860 860 840 801 759 739 711 691 669
09 24 649 640 621 610 590 590 570 601 621 660 700 750 781 820 840 860 849 829 790 759 730 700 680 660
09 25 649 630 621 601 590 579 570 590 621 660 700 739 781 810 840 849 849 829 790 750 720 691 680 660
09 26 649 630 610 601 590 579 570 590 621 649 691 730 770 810 829 849 849 820 790 739 720 691 669 649
09 27 640 621 610 601 579 570 559 590 610 649 691 730 770 810 829 840 849 820 781 739 711 680 669 649
09 28 640 621 610 590 579 570 559 579 610 649 691 730 770 801 829 840 849 820 781 739 711 680 660 649
09 29 630 621 610 590 579 570 559 579 610 649 691 720 770 801 829 840 849 820 781 739 711 680 660 649
09 30 630 621 610 590 579 570 559 579 610 640 680 720 759 801 820 840 840 820 770 730 711 680 660 649
10 01 630 621 601 590 579 570 559 579 610 640 669 711 759 801 820 829 829 810 770 730 700 680 660 640
10 02 630 610 601 590 570 570 559 570 610 630 669 711 750 790 810 829 829 801 770 720 691 669 649 640
10 03 621 610 601 579 570 559 550 570 601 630 669 711 750 781 810 820 820 801 750 711 691 669 649 630
10 04 621 601 590 579 570 559 550 570 590 621 660 700 739 781 801 820 820 790 750 711 680 669 640 630
10 05 610 601 590 579 559 550 550 559 590 621 660 700 739 770 801 810 810 781 739 700 680 660 640 621
10 06 610 590 579 570 559 550 540 559 590 610 649 691 730 770 790 810 801 781 730 691 680 660 640 621
10 07 610 590 579 570 559 550 540 559 579 601 640 680 720 750 781 801 790 759 720 680 660 649 630 610
10 08 601 590 570 559 550 550 540 550 570 601 640 680 711 739 770 770 770 739 711 669 649 640 621 610
10 09 590 579 570 559 550 540 531 540 559 601 630 669 700 730 750 759 759 730 691 660 640 621 610 590
10 10 590 570 559 559 550 540 531 540 559 590 630 660 700 730 739 750 739 720 680 649 630 610 610 590
10 11 579 570 559 550 540 540 531 540 559 590 621 660 700 711 730 739 730 711 669 640 621 601 590 590
10 12 579 570 559 550 540 531 531 531 559 579 610 649 691 700 720 730 730 691 660 630 610 601 590 579
10 13 570 559 550 550 540 531 520 531 550 579 610 640 669 700 720 730 720 691 660 630 610 601 590 579
10 14 570 559 550 550 540 531 520 520 550 570 610 640 669 700 720 720 711 680 649 630 610 601 579 579
10 15 570 559 550 540 540 531 520 520 550 570 601 640 669 691 700 711 711 680 649 621 610 590 579 570
10 16 559 559 550 540 540 531 520 520 540 559 601 630 660 680 700 711 700 669 640 610 601 579 579 559
10 17 550 550 540 540 531 520 520 520 540 559 590 621 649 669 691 700 691 660 630 601 590 579 570 559
10 18 550 550 540 531 531 520 511 511 531 559 590 621 649 669 691 700 691 660 621 601 579 570 559 559
10 19 550 550 540 531 531 520 511 511 531 559 590 621 640 669 680 691 680 649 621 590 579 570 559 550
10 20 540 540 540 531 531 520 511 511 531 559 579 610 640 660 680 691 680 649 621 590 579 559 550 550
10 21 540 540 531 520 520 511 511 511 531 550 579 610 630 660 680 691 669 640 610 590 570 559 550 540
10 22 540 531 531 520 520 511 511 511 520 550 570 601 630 649 669 680 669 630 610 579 570 559 550 540
10 23 531 531 531 520 520 511 511 511 520 550 570 601 630 649 669 669 660 630 601 570 559 550 540 531
10 24 531 520 520 511 511 511 500 500 520 550 559 590 621 640 660 669 660 621 590 570 559 550 540 531
10 25 531 520 520 511 511 500 500 500 520 540 559 590 610 640 649 660 640 610 590 559 559 550 540 531
10 26 531 520 511 511 511 500 500 500 511 540 559 579 610 630 649 660 640 610 579 559 550 540 531 531
10 27 531 520 511 511 511 500 500 500 511 540 559 579 610 630 640 649 630 610 579 559 550 540 531 520
10 28 531 520 511 511 511 500 500 500 511 540 559 579 601 630 640 649 630 601 579 559 540 540 531 520
10 29 520 520 511 511 500 500 489 489 511 531 550 579 601 621 640 640 621 590 570 550 540 531 520 520
10 30 520 511 511 500 500 500 489 489 500 531 550 570 601 610 630 640 621 590 570 550 540 531 520 520
10 31 511 511 511 500 500 489 489 489 500 520 550 570 590 610 630 621 610 579 559 550 531 531 511 511
11 01 511 511 511 500 500 489 489 489 500 520 540 570 579 610 621 621 601 579 559 531 520 520 511 511
11 02 511 511 511 500 500 489 489 489 500 520 540 559 579 601 610 610 601 570 550 531 520 520 511 511
11 03 511 511 500 500 500 489 480 480 489 511 531 554 570 590 601 601 590 559 550 520 520 511 511 511
11 04 511 500 500 500 500 489 489 489 489 511 531 550 570 590 601 601 579 559 540 520 520 511 511 511
11 05 500 500 500 500 500 489 489 480 489 511 531 550 570 590 601 601 579 559 540 520 520 511 511 511
11 06 511 511 500 500 500 489 489 489 500 520 540 550 570 590 601 590 570 559 540 520 520 520 511 511
11 07 511 511 500 500 500 489 489 489 489 511 540 550 570 590 590 590 570 550 540 520 520 511 511 511
11 08 500 500 500 500 500 489 489 480 489 511 531 550 570 579 579 579 570 550 536 520 520 511 511 511
11 09 500 500 500 500 500 489 480 480 489 511 531 540 559 579 579 579 559 550 531 520 511 511 511 500
11 10 500 500 500 489 489 480 480 480 489 500 531 540 559 570 579 579 559 540 531 520 511 511 511 500
11 11 500 500 500 489 489 480 480 480 489 500 520 531 550 570 570 570 554 531 520 518 511 511 500 500
11 12 489 489 489 489 489 480 480 480 489 500 511 531 550 559 570 570 550 531 520 511 511 500 500 500
11 13 489 489 489 489 480 480 480 480 489 500 511 531 550 559 570 559 550 531 520 511 511 500 500 500
11 14 489 489 489 489 480 480 480 480 480 489 511 531 550 559 559 559 550 531 511 511 500 500 500 500
11 15 489 489 489 489 480 469 469 469 480 489 511 531 540 559 559 559 540 520 511 511 500 489 500 489
11 16 489 480 489 480 469 469 469 469 480 489 500 520 540 550 559 559 540 520 511 500 500 489 500 489
11 17 489 480 489 480 469 469 469 469 480 489 500 520 540 540 550 550 540 520 511 500 500 489 500 489
11 18 489 480 489 480 480 469 469 469 480 489 500 520 531 540 550 540 520 511 500 500 500 489 500 489
11 19 480 480 480 480 469 469 469 469 469 480 500 520 531 531 540 531 520 500 500 489 489 480 489 480
11 20 480 469 480 469 469 469 469 460 469 480 500 511 531 531 531 531 511 500 489 480 480 480 480 480
11 21 469 469 469 460 460 460 460 460 469 480 500 511 520 520 531 520 511 489 489 480 469 469 480 469
11 22 469 460 469 460 460 460 460 450 460 469 489 500 520 520 520 520 500 489 489 480 469 469 469 469
11 23 469 460 469 460 460 460 460 450 460 469 480 500 511 520 520 520 500 489 480 480 469 469 469 460
11 24 460 460 460 460 460 460 460 450 460 469 489 500 511 511 520 511 500 489 480 469 469 469 469 460
11 25 460 460 460 450 450 460 450 450 450 469 480 489 500 511 520 511 489 480 469 469 460 460 460 460
11 26 460 460 450 450 450 460 450 450 450 469 480 489 500 511 511 500 489 480 469 469 460 460 460 460
11 27 460 460 460 450 450 460 450 450 450 460 480 489 500 500 511 500 480 469 469 469 460 460 460 450
11 28 460 460 450 450 450 450 450 450 441 460 469 489 500 500 500 489 480 469 469 460 450 450 450 450
11 29 450 450 450 441 450 450 450 441 441 450 469 480 489 500 500 489 480 469 469 460 450 450 450 450
11 30 450 441 441 441 441 441 441 441 441 450 469 480 489 489 500 489 480 469 460 450 450 450 450 441
12 01 450 441 441 441 441 441 441 441 441 450 469 480 489 489 500 489 480 469 460 450 450 450 450 441
12 02 441 441 441 441 430 441 430 430 441 450 460 480 480 489 489 489 480 469 460 450 450 450 450 441
12 03 441 441 441 441 430 441 430 430 430 450 450 469 480 489 489 489 469 469 460 450 450 441 441 441
12 04 441 441 441 441 430 430 421 430 430 441 450 469 480 489 489 489 469 460 460 450 450 441 450 441
12 05 441 441 441 441 441 430 430 430 430 450 460 469 489 489 489 489 480 469 460 450 450 450 450 441
12 06 450 441 441 441 441 441 430 430 441 450 460 469 489 489 500 489 480 469 460 450 450 450 450 441
12 07 441 441 441 441 441 430 430 430 430 450 460 469 489 489 489 489 469 460 460 450 450 441 450 441
12 08 441 441 441 441 441 430 430 430 430 441 460 469 480 489 489 489 469 460 460 450 450 441 450 441
12 09 441 441 441 441 441 430 430 430 430 441 450 469 480 489 489 489 469 460 460 450 450 441 441 441
12 10 441 441 441 441 441 430 430 430 430 441 450 460 480 489 489 489 469 460 460 450 450 441 450 441
12 11 441 441 441 441 441 430 430 430 430 430 450 460 480 489 489 480 469 460 450 450 441 441 441 441
12 12 441 430 430 430 430 421 421 421 430 430 450 460 469 480 489 469 460 450 450 450 441 441 441 430
12 13 430 430 430 430 430 421 421 421 421 430 450 460 469 480 480 469 460 450 450 441 441 430 441 430
12 14 430 430 430 430 421 421 421 421 421 430 441 450 469 469 480 469 460 450 450 441 441 430 430 430
12 15 430 430 430 430 421 421 421 421 421 430 441 450 469 469 480 469 460 450 450 441 441 430 430 430
12 16 430 430 430 430 421 421 421 421 421 430 441 450 469 469 469 469 460 441 441 441 430 430 430 430
12 17 421 430 430 430 421 421 421 421 421 421 441 450 460 469 469 469 450 441 441 430 430 430 430 421
12 18 421 430 421 421 421 421 421 410 410 421 430 441 460 460 469 460 450 441 430 430 430 430 430 421
12 19 421 430 421 421 421 421 421 421 410 421 430 441 450 460 460 460 441 441 430 430 421 421 421 421
12 20 410 421 410 421 421 410 410 410 410 421 421 441 450 460 460 450 441 430 430 430 421 421 421 421
12 21 410 421 421 421 421 410 410 410 410 421 421 441 450 450 450 450 441 430 421 421 421 421 421 421
12 22 410 410 410 410 410 410 410 399 399 410 421 441 450 450 450 450 441 430 421 421 421 421 410 410
12 23 399 410 399 410 410 399 399 399 399 410 421 430 450 450 450 450 441 430 421 421 421 410 410 410
12 24 390 399 399 410 399 399 399 399 399 410 421 430 450 450 450 441 441 421 421 421 421 410 410 410
12 25 390 399 399 410 399 399 399 399 399 399 421 430 441 450 450 441 441 430 410 421 421 410 410 410
12 26 390 410 399 410 399 399 399 399 399 410 421 430 450 450 460 450 441 430 421 421 421 410 410 410
12 27 390 410 410 421 399 410 399 410 399 410 421 441 450 450 460 450 441 430 421 421 421 421 421 410
12 28 399 421 410 421 421 410 410 410 410 421 430 441 450 460 460 460 441 430 430 421 421 421 421 421
12 29 410 421 421 421 421 421 410 421 410 421 441 441 450 460 469 469 450 441 430 430 430 430 421 430
12 30 410 430 421 421 421 421 421 421 410 421 441 450 460 469 469 469 450 441 430 430 430 430 421 428
12 31 410 430 421 430 421 421 421 421 421 421 441 450 460 469 469 469 450 441 441 441 430 430 430 430
