01 01 -117 -112 -121 -121 -130 -130 -130 -137 -130 -130 -112 -94 -89 -76 -69 -69 -76 -90 -98 -101 -117 -117 -128 -128
01 02 -130 -135 -130 -130 -139 -139 -141 -139 -139 -139 -121 -98 -90 -76 -71 -69 -76 -92 -103 -108 -117 -117 -130 -130
01 03 -130 -139 -139 -139 -141 -141 -141 -141 -141 -141 -121 -98 -89 -76 -71 -69 -76 -92 -103 -108 -117 -117 -130 -130
01 04 -130 -139 -139 -139 -141 -148 -148 -141 -141 -141 -121 -101 -90 -76 -76 -71 -76 -92 -103 -112 -117 -117 -130 -134
01 05 -139 -139 -139 -139 -148 -148 -148 -148 -150 -148 -130 -112 -94 -89 -76 -76 -78 -94 -110 -119 -128 -134 -139 -141
01 06 -148 -146 -148 -148 -148 -159 -148 -148 -152 -148 -130 -112 -98 -89 -76 -76 -80 -98 -112 -128 -130 -143 -139 -148
01 07 -148 -148 -148 -159 -161 -159 -152 -155 -155 -153 -135 -117 -98 -94 -89 -78 -89 -98 -112 -130 -130 -148 -144 -148
01 08 -155 -152 -159 -159 -166 -164 -164 -159 -159 -159 -139 -117 -101 -94 -89 -83 -89 -101 -117 -130 -132 -148 -148 -148
01 09 -155 -148 -159 -159 -166 -164 -166 -161 -159 -157 -135 -117 -101 -98 -89 -83 -90 -101 -117 -130 -130 -148 -148 -148
01 10 -155 -148 -159 -162 -166 -166 -164 -159 -166 -159 -135 -117 -101 -94 -89 -83 -90 -101 -117 -130 -130 -148 -148 -148
01 11 -148 -148 -159 -162 -166 -166 -166 -166 -177 -161 -139 -117 -105 -98 -90 -90 -90 -101 -126 -130 -143 -148 -148 -148
01 12 -157 -152 -161 -166 -168 -168 -166 -168 -179 -166 -139 -121 -108 -98 -94 -90 -90 -101 -126 -130 -148 -148 -148 -148
01 13 -155 -152 -159 -166 -168 -168 -166 -166 -179 -166 -139 -119 -108 -98 -89 -83 -89 -98 -117 -130 -132 -148 -148 -148
01 14 -148 -148 -148 -159 -161 -166 -166 -159 -166 -159 -135 -117 -101 -94 -87 -78 -83 -94 -112 -119 -130 -144 -144 -144
01 15 -148 -130 -148 -152 -152 -159 -159 -159 -166 -157 -130 -117 -98 -87 -76 -78 -81 -94 -112 -117 -130 -134 -139 -143
01 16 -148 -139 -148 -159 -155 -159 -159 -159 -166 -157 -130 -112 -98 -78 -76 -76 -78 -94 -103 -112 -126 -130 -130 -135
01 17 -134 -130 -141 -148 -148 -159 -159 -152 -159 -150 -130 -112 -94 -76 -76 -76 -76 -90 -101 -112 -121 -128 -128 -130
01 18 -130 -130 -139 -143 -148 -159 -159 -152 -159 -152 -130 -112 -94 -76 -74 -71 -76 -90 -101 -112 -126 -130 -130 -135
01 19 -134 -130 -144 -148 -148 -159 -159 -159 -166 -159 -130 -112 -94 -76 -71 -69 -76 -89 -101 -112 -123 -130 -130 -139
01 20 -139 -139 -148 -148 -148 -159 -166 -159 -166 -155 -130 -110 -90 -76 -69 -69 -69 -80 -98 -110 -112 -128 -128 -130
01 21 -134 -130 -141 -148 -148 -159 -161 -159 -166 -152 -130 -103 -89 -76 -69 -62 -62 -78 -94 -101 -112 -117 -128 -130
01 22 -130 -130 -139 -143 -148 -155 -159 -159 -166 -155 -130 -108 -89 -72 -62 -58 -58 -78 -94 -101 -112 -117 -128 -130
01 23 -130 -130 -139 -143 -148 -159 -161 -161 -166 -161 -130 -110 -90 -76 -69 -62 -69 -80 -94 -101 -112 -117 -128 -130
01 24 -130 -130 -139 -148 -148 -159 -161 -161 -166 -161 -130 -110 -90 -76 -69 -69 -69 -80 -98 -108 -112 -119 -128 -130
01 25 -130 -130 -141 -148 -148 -159 -161 -166 -166 -159 -139 -112 -94 -76 -76 -69 -69 -80 -98 -110 -117 -130 -130 -139
01 26 -139 -139 -141 -148 -148 -159 -161 -166 -166 -159 -132 -110 -89 -76 -69 -58 -58 -78 -96 -108 -119 -130 -139 -148
01 27 -141 -143 -148 -148 -152 -161 -166 -166 -168 -161 -139 -110 -89 -72 -69 -58 -58 -76 -96 -101 -119 -130 -130 -139
01 28 -141 -144 -148 -148 -152 -161 -166 -168 -168 -161 -132 -110 -89 -72 -69 -58 -58 -76 -96 -108 -119 -130 -139 -148
01 29 -148 -148 -148 -148 -153 -166 -168 -168 -171 -162 -139 -112 -90 -76 -69 -58 -58 -76 -98 -110 -128 -130 -139 -148
01 30 -148 -148 -148 -153 -159 -166 -168 -168 -175 -162 -139 -117 -90 -76 -62 -58 -58 -76 -98 -110 -128 -135 -143 -148
01 31 -148 -148 -148 -152 -159 -166 -168 -175 -179 -161 -139 -117 -90 -76 -69 -58 -58 -76 -98 -110 -128 -135 -139 -148
02 01 -148 -148 -148 -148 -153 -161 -166 -171 -175 -161 -139 -110 -90 -72 -69 -58 -58 -76 -98 -108 -126 -135 -139 -143
02 02 -148 -148 -144 -148 -152 -159 -166 -168 -175 -159 -139 -110 -90 -72 -69 -58 -58 -76 -98 -105 -119 -132 -137 -139
02 03 -141 -148 -148 -155 -159 -168 -168 -171 -179 -159 -130 -112 -94 -76 -69 -60 -60 -78 -96 -103 -119 -139 -139 -139
02 04 -148 -148 -148 -155 -159 -161 -166 -168 -179 -159 -130 -110 -90 -76 -69 -58 -58 -69 -89 -98 -117 -137 -130 -139
02 05 -144 -148 -148 -148 -159 -161 -166 -168 -179 -159 -130 -108 -89 -69 -58 -58 -58 -69 -78 -98 -117 -135 -130 -139
02 06 -144 -148 -148 -155 -153 -159 -161 -168 -168 -157 -128 -98 -78 -58 -51 -49 -49 -58 -76 -94 -110 -128 -125 -130
02 07 -130 -139 -139 -141 -148 -148 -152 -152 -159 -148 -117 -94 -71 -58 -49 -40 -49 -58 -72 -89 -98 -117 -114 -130
02 08 -128 -130 -139 -139 -148 -148 -152 -152 -159 -148 -112 -89 -69 -49 -38 -38 -31 -40 -63 -76 -98 -112 -112 -121
02 09 -119 -128 -130 -139 -148 -148 -152 -152 -159 -139 -108 -78 -60 -42 -38 -27 -20 -27 -58 -76 -94 -108 -103 -117
02 10 -112 -128 -128 -139 -143 -148 -150 -152 -157 -139 -105 -72 -49 -38 -31 -22 -18 -27 -49 -69 -89 -98 -98 -108
02 11 -108 -110 -117 -128 -130 -139 -148 -139 -148 -125 -90 -69 -40 -35 -20 -18 -15 -18 -40 -62 -78 -89 -96 -103
02 12 -99 -108 -110 -112 -121 -130 -141 -130 -141 -112 -89 -58 -40 -26 -18 -8 -8 -18 -38 -58 -76 -78 -94 -98
02 13 -98 -98 -108 -110 -114 -128 -141 -128 -139 -110 -78 -58 -33 -20 -8 -8 -6 -8 -36 -56 -74 -78 -94 -98
02 14 -98 -98 -98 -108 -112 -121 -130 -121 -130 -108 -76 -49 -31 -18 -8 -4 -4 -8 -31 -51 -69 -76 -89 -94
02 15 -94 -94 -98 -108 -112 -117 -130 -117 -125 -101 -69 -40 -27 -8 -4 1 1 -4 -27 -51 -69 -76 -81 -89
02 16 -92 -90 -98 -108 -110 -117 -125 -112 -121 -94 -58 -40 -22 -4 1 9 12 0 -22 -49 -62 -76 -78 -89
02 17 -90 -90 -94 -108 -112 -121 -130 -117 -121 -94 -58 -33 -11 1 14 14 19 12 -20 -40 -58 -62 -76 -76
02 18 -78 -80 -89 -98 -98 -110 -112 -108 -112 -76 -44 -22 0 14 28 32 28 16 -4 -22 -40 -40 -58 -58
02 19 -69 -76 -76 -90 -94 -94 -98 -94 -101 -71 -38 -11 5 19 32 39 32 19 -4 -11 -40 -40 -58 -58
02 20 -69 -69 -76 -90 -85 -90 -94 -94 -98 -62 -31 -11 12 28 32 39 37 25 7 -11 -27 -40 -56 -58
02 21 -69 -71 -76 -90 -81 -90 -90 -90 -94 -58 -31 -11 12 28 32 39 39 28 9 -8 -27 -40 -51 -58
02 22 -71 -69 -76 -78 -81 -90 -90 -89 -81 -56 -22 -8 14 32 39 39 39 28 9 -4 -18 -29 -40 -40
02 23 -58 -58 -58 -67 -76 -76 -76 -78 -76 -40 -18 -2 19 32 39 39 39 28 19 0 -11 -20 -35 -38
02 24 -49 -58 -58 -58 -76 -76 -76 -78 -74 -40 -11 9 30 32 50 52 50 39 21 5 -8 -11 -22 -27
02 25 -40 -49 -49 -51 -62 -69 -76 -76 -62 -38 -8 14 32 50 52 52 57 50 32 9 -8 -11 -20 -22
02 26 -38 -40 -40 -51 -62 -69 -76 -76 -67 -38 -4 18 32 50 63 52 61 50 32 9 -4 -11 -18 -22
02 27 -27 -40 -40 -51 -60 -58 -71 -76 -58 -31 0 19 39 50 68 55 61 50 32 12 -4 -8 -18 -22
02 28 -31 -40 -40 -51 -62 -62 -76 -76 -58 -27 0 19 39 52 68 59 61 50 32 12 -4 -8 -18 -20
03 01 -31 -40 -40 -51 -62 -62 -76 -76 -62 -27 0 19 32 50 63 59 59 50 32 9 -4 -11 -20 -20
03 02 -31 -40 -40 -51 -62 -58 -76 -76 -58 -22 1 21 41 59 68 68 63 50 32 12 -4 -8 -18 -18
03 03 -27 -40 -40 -51 -60 -58 -71 -71 -58 -22 1 21 41 52 68 70 61 50 32 12 -4 -8 -18 -18
03 04 -22 -38 -40 -49 -51 -58 -58 -58 -58 -22 12 32 46 63 70 72 68 59 39 21 0 -4 -11 -18
03 05 -22 -27 -38 -40 -40 -49 -49 -58 -49 -22 14 34 50 63 77 72 70 68 50 32 0 0 -8 -11
03 06 -22 -27 -31 -40 -40 -40 -49 -58 -40 -18 14 50 63 70 86 86 86 72 61 32 28 9 0 -4
03 07 -18 -26 -27 -31 -40 -40 -40 -40 -40 -11 21 50 72 72 86 91 90 82 70 52 32 12 9 -4
03 08 -11 -22 -22 -31 -38 -38 -40 -40 -40 -8 21 50 72 82 91 102 91 86 72 57 32 14 14 1
03 09 -8 -20 -18 -22 -22 -22 -31 -40 -24 -4 28 52 75 90 102 104 102 91 82 63 41 21 14 12
03 10 1 -4 -4 -8 -8 -20 -22 -29 -20 1 41 63 86 91 104 104 111 102 90 68 52 32 21 14
03 11 12 9 -4 -4 -4 -18 -22 -22 -8 14 46 68 90 102 115 122 122 104 91 72 52 39 32 21
03 12 14 12 1 -4 -4 -8 -9 -22 -4 21 50 79 91 104 122 122 122 111 104 82 55 50 32 32
03 13 28 14 14 9 -4 -4 0 -8 14 50 68 86 104 115 122 127 122 122 111 86 68 54 50 39
03 14 32 32 21 14 14 14 12 12 32 63 82 91 122 129 140 140 140 135 122 102 82 68 68 52
03 15 39 41 32 21 21 30 21 21 48 70 104 111 129 140 153 158 154 142 140 122 99 86 72 63
03 16 52 50 50 32 32 32 32 39 52 82 109 122 140 153 158 169 172 162 158 131 122 104 86 90
03 17 86 79 68 68 52 52 50 63 68 86 111 140 158 158 169 176 176 176 158 140 122 122 104 104
03 18 91 86 72 68 63 63 63 64 72 102 122 140 158 176 176 180 181 180 169 158 140 122 118 104
03 19 104 86 86 86 68 68 68 68 86 104 131 158 169 176 189 194 194 194 189 162 142 131 122 122
03 20 104 102 91 86 86 72 68 68 86 122 145 158 176 192 198 212 212 201 194 176 151 140 129 122
03 21 109 104 102 86 86 82 72 72 86 122 153 160 180 194 208 212 212 212 194 176 158 142 140 129
03 22 122 111 104 99 99 86 86 79 91 124 156 172 192 198 212 214 221 221 212 187 176 158 153 140
03 23 140 122 109 102 104 109 91 86 111 140 162 176 199 207 212 221 230 230 212 194 180 169 158 153
03 24 142 140 131 131 131 122 122 109 129 153 176 194 208 212 228 230 230 230 221 201 192 172 162 160
03 25 153 149 140 140 131 131 122 122 140 158 189 201 212 230 232 239 246 243 223 212 196 176 172 162
03 26 158 153 142 145 140 140 129 126 149 163 192 212 230 244 252 262 259 250 239 212 201 181 176 169
03 27 158 158 149 153 142 140 131 131 158 172 199 221 232 250 262 266 262 250 243 221 208 192 180 176
03 28 160 162 158 158 149 142 140 140 160 180 201 221 239 252 266 270 266 259 248 223 212 194 181 176
03 29 171 172 160 160 158 149 140 142 162 192 212 230 243 252 266 271 266 262 248 223 212 201 192 189
03 30 176 176 162 162 158 153 140 149 176 194 212 230 248 259 266 271 266 262 248 223 212 201 192 189
03 31 176 176 162 162 158 154 142 153 181 201 221 232 250 262 271 279 270 266 250 230 219 212 201 194
04 01 181 178 176 172 162 172 158 158 190 208 230 243 257 266 275 282 271 270 252 239 221 219 212 199
04 02 194 189 181 181 169 176 172 167 194 212 230 248 262 270 280 284 279 271 262 248 239 221 212 201
04 03 201 194 194 192 176 180 180 180 198 221 243 259 279 282 284 284 282 282 266 250 248 232 219 201
04 04 208 199 201 194 181 189 181 189 208 230 248 262 284 289 293 298 298 291 282 262 250 243 230 219
04 05 219 214 212 201 192 194 189 192 219 232 248 266 284 291 302 302 302 298 286 270 252 248 243 230
04 06 221 230 212 212 199 199 194 208 230 239 259 271 289 302 302 302 311 302 291 282 262 252 248 239
04 07 232 230 219 212 201 199 194 212 239 243 262 282 302 302 311 309 311 302 302 282 266 257 248 243
04 08 232 230 221 212 201 201 201 212 246 248 266 284 302 302 311 311 311 302 302 284 266 259 250 243
04 09 232 230 221 212 212 208 201 221 248 250 271 284 302 302 311 311 311 302 302 284 270 262 250 243
04 10 232 230 221 212 212 208 208 228 248 262 282 291 311 309 320 320 327 320 309 293 282 266 252 248
04 11 232 230 230 221 212 212 208 230 250 270 291 302 320 320 338 338 340 331 320 302 284 279 262 252
04 12 243 232 230 230 212 212 212 243 262 284 302 315 331 338 340 351 351 340 338 320 302 284 279 266
04 13 250 248 239 232 230 221 212 248 271 291 302 320 338 340 351 356 360 351 340 331 302 291 284 270
04 14 262 252 243 243 232 230 230 252 284 302 311 329 340 356 356 360 360 356 356 338 311 298 284 279
04 15 266 252 246 243 232 232 232 266 284 302 320 331 351 369 360 369 374 360 358 340 320 309 291 282
04 16 270 262 252 248 243 239 243 271 291 311 320 338 356 374 370 379 379 378 370 349 329 320 291 284
04 17 275 266 252 250 252 248 248 282 302 320 338 347 358 374 388 379 390 388 374 356 338 320 302 289
04 18 282 271 266 252 252 248 248 282 302 320 340 356 360 374 390 390 392 392 388 370 340 320 309 291
04 19 284 279 266 262 262 252 257 284 311 331 349 369 374 385 392 405 410 392 390 374 349 331 320 302
04 20 289 282 271 266 262 252 259 291 320 338 356 370 379 390 392 410 410 392 392 379 349 331 320 302
04 21 291 282 279 266 266 259 262 291 320 338 356 370 379 392 399 410 410 399 392 379 351 338 320 309
04 22 298 284 282 270 266 266 266 298 320 340 356 374 379 392 399 410 410 399 399 387 356 338 320 311
04 23 302 291 284 279 279 266 270 302 320 340 358 379 388 399 410 410 410 410 399 390 360 340 325 320
04 24 302 298 284 284 279 279 280 302 338 349 370 388 392 410 410 419 421 419 410 392 360 351 331 320
04 25 309 302 289 284 284 282 282 320 340 356 374 390 392 410 410 421 421 419 410 392 370 349 336 320
04 26 309 302 291 289 284 282 284 320 340 358 374 392 410 419 421 428 428 428 410 392 374 351 338 320
04 27 309 302 298 289 284 282 284 320 340 360 379 392 410 421 428 428 428 428 421 392 374 351 340 329
04 28 320 309 302 298 291 282 289 329 356 370 388 399 419 426 428 428 428 428 410 399 379 356 340 331
04 29 320 309 302 302 291 284 291 331 356 370 390 399 421 428 430 430 430 428 428 410 379 360 343 338
04 30 320 311 302 302 291 289 302 331 356 370 390 410 421 428 430 430 430 428 428 410 385 369 349 338
05 01 329 320 302 302 291 289 302 338 356 370 390 410 419 428 430 430 430 428 428 410 390 370 351 340
05 02 331 320 309 302 291 289 302 338 360 374 392 410 419 428 430 430 430 428 428 410 392 374 351 340
05 03 331 320 311 302 291 289 302 338 360 379 392 410 421 430 430 430 441 441 430 410 399 374 356 340
05 04 331 320 320 302 302 298 309 340 367 385 399 410 421 430 439 446 446 446 441 428 399 379 360 343
05 05 338 320 320 311 302 302 309 343 370 390 406 421 430 441 446 450 460 450 446 441 410 390 369 351
05 06 340 331 320 320 309 302 311 349 374 392 410 428 441 446 450 459 464 460 446 441 410 392 369 351
05 07 340 331 320 320 311 302 318 351 374 392 410 428 441 446 459 459 468 464 455 446 410 392 370 356
05 08 340 331 320 320 320 309 320 351 376 399 412 428 446 450 460 460 469 469 460 450 415 392 370 356
05 09 349 338 329 322 320 311 320 356 381 401 419 428 446 460 464 464 478 478 460 450 421 399 379 360
05 10 356 340 331 331 320 320 336 370 390 410 428 433 450 460 464 464 478 478 464 453 428 399 379 360
05 11 356 351 340 338 329 320 338 374 390 410 428 439 450 464 464 464 478 478 464 453 428 399 383 365
05 12 360 356 340 338 329 320 338 374 392 410 428 441 459 464 469 480 482 482 464 460 430 410 387 370
05 13 360 356 347 340 334 320 345 374 392 410 430 446 464 469 480 482 489 482 469 464 430 410 390 374
05 14 361 356 347 338 331 320 345 379 392 421 441 450 469 480 482 482 500 500 482 464 441 410 392 374
05 15 369 356 351 340 338 320 351 379 399 428 446 460 477 482 482 500 500 500 482 469 446 428 410 392
05 16 374 363 356 349 340 329 356 392 412 430 446 464 482 482 489 500 500 500 487 482 446 428 410 394
05 17 388 374 361 351 351 338 356 392 428 446 464 466 489 500 500 504 500 509 500 489 464 439 419 403
05 18 392 379 370 356 356 340 360 399 428 446 464 482 500 500 518 518 513 518 511 500 464 441 423 410
05 19 392 379 374 356 356 349 360 410 439 460 473 489 500 511 520 520 520 520 518 500 478 446 430 410
05 20 399 388 374 369 360 351 370 410 442 464 482 500 500 511 520 531 531 529 520 511 489 464 441 421
05 21 410 392 379 370 360 351 374 428 450 469 500 518 518 529 540 540 540 536 522 520 500 469 450 428
05 22 410 399 388 374 370 356 379 428 455 478 500 518 531 531 540 550 550 549 536 520 500 480 453 430
05 23 419 410 390 379 374 360 390 430 464 480 500 518 536 540 550 554 552 554 549 531 500 482 459 430
05 24 421 410 392 388 379 369 399 446 469 489 502 520 540 550 554 559 559 559 549 536 511 482 460 439
05 25 428 410 403 392 383 374 399 446 469 489 509 520 540 550 554 559 559 559 550 540 518 489 464 441
05 26 428 419 410 392 390 388 410 446 469 491 511 520 549 554 559 570 565 565 554 545 520 500 469 441
05 27 428 421 410 392 390 390 410 450 478 500 518 531 552 554 559 572 572 572 561 550 531 500 478 450
05 28 430 428 410 399 392 392 421 460 482 500 520 536 554 554 570 572 572 572 570 550 536 500 482 460
05 29 441 430 419 410 396 396 428 464 489 511 522 536 554 554 572 572 579 572 570 550 536 502 489 464
05 30 441 430 419 410 399 399 428 468 489 518 529 540 554 567 572 590 590 572 572 554 536 518 489 469
05 31 446 430 421 410 399 399 428 469 500 518 536 550 554 567 572 590 590 576 572 554 540 518 500 471
06 01 446 432 421 410 399 399 430 480 500 520 536 554 559 572 579 590 590 579 579 568 540 518 500 473
06 02 450 439 421 417 410 401 439 480 500 520 536 554 570 576 579 590 594 590 590 572 550 520 500 482
06 03 459 441 428 421 410 410 441 482 504 529 540 554 572 590 590 601 601 590 590 572 550 520 500 486
06 04 460 455 446 430 423 421 450 482 511 531 540 559 572 590 590 601 601 590 590 572 550 520 500 489
06 05 464 460 446 430 428 421 459 482 511 531 540 554 572 590 590 601 601 590 590 572 554 520 500 489
06 06 469 464 450 441 430 428 460 493 511 531 540 559 572 590 590 601 601 590 590 579 556 520 500 489
06 07 469 464 450 441 430 421 460 500 518 536 545 561 579 590 590 608 608 595 590 579 558 523 500 489
06 08 475 464 450 439 430 428 460 500 518 536 550 568 579 590 590 606 601 592 590 579 558 525 500 489
06 09 480 469 450 441 430 428 460 500 531 550 554 570 581 594 601 608 608 601 590 583 558 531 504 500
06 10 482 469 457 446 433 437 464 511 536 554 559 572 590 599 608 610 610 610 601 590 568 532 518 500
06 11 489 471 460 450 446 446 469 516 540 554 559 579 590 601 608 610 610 610 608 590 570 540 518 500
06 12 491 480 464 460 450 450 480 518 541 559 572 590 599 608 608 621 610 610 608 590 572 545 520 511
06 13 500 480 469 464 460 460 480 520 550 559 572 590 603 608 610 621 621 610 610 590 572 550 520 513
06 14 500 482 471 464 460 460 480 520 550 568 579 599 608 608 610 621 621 610 610 590 572 550 523 513
06 15 500 482 471 464 460 460 486 525 550 570 579 601 608 619 619 626 621 621 610 599 579 554 531 518
06 16 500 484 480 469 464 464 489 531 554 572 579 608 608 621 621 626 626 626 617 601 579 559 531 520
06 17 509 489 480 478 469 468 500 531 554 572 590 608 608 626 626 637 630 630 621 608 590 559 536 520
06 18 511 500 480 480 480 469 500 536 559 572 590 608 610 626 626 640 639 630 626 608 590 568 536 520
06 19 511 500 482 480 480 469 500 536 559 579 590 608 617 630 626 644 644 644 626 608 590 570 540 520
06 20 511 500 486 482 482 471 500 536 559 572 590 608 613 626 626 639 630 630 621 608 590 559 540 520
06 21 511 500 489 482 482 480 511 536 559 572 590 608 610 630 630 637 630 630 621 610 590 568 536 520
06 22 516 507 496 489 489 482 511 540 559 579 590 608 621 630 631 640 644 639 624 610 599 568 540 531
06 23 518 509 500 489 493 482 518 549 559 579 590 610 621 630 639 644 644 644 630 619 601 572 549 536
06 24 520 511 500 500 500 489 518 550 563 590 608 610 626 640 640 644 649 644 639 621 601 579 554 540
06 25 527 518 502 500 500 489 520 550 561 590 608 621 626 642 644 644 649 644 640 626 608 579 558 540
06 26 529 520 518 500 500 500 520 554 570 590 608 621 630 644 644 646 649 644 644 626 610 590 559 540
06 27 529 520 518 511 500 500 529 554 570 590 608 621 630 644 649 646 649 649 644 630 610 590 559 549
06 28 536 520 518 511 500 500 520 554 570 590 608 621 626 642 644 646 649 649 644 630 610 590 559 549
06 29 536 520 518 511 509 500 520 554 570 590 608 624 630 644 649 649 649 658 648 639 619 590 565 549
06 30 536 531 520 518 511 509 531 554 572 590 608 621 630 644 649 646 649 649 644 630 619 590 568 549
07 01 536 534 529 518 518 511 531 559 572 590 608 626 630 644 658 649 662 649 644 639 619 590 568 550
07 02 536 536 529 518 518 514 536 559 579 590 608 626 640 644 660 660 662 649 649 644 621 590 570 550
07 03 536 536 529 518 518 514 536 563 579 595 610 626 644 649 660 660 662 660 660 644 626 590 570 550
07 04 536 536 529 518 518 514 536 568 590 601 619 626 644 660 662 662 662 662 660 649 626 599 572 554
07 05 536 536 529 518 518 514 536 568 590 601 619 630 649 660 662 662 669 662 662 658 630 601 572 554
07 06 536 536 529 518 518 516 536 570 590 608 626 640 658 662 669 680 680 669 669 660 640 601 572 559
07 07 541 540 531 520 520 518 540 572 597 610 630 644 662 669 680 680 680 680 669 662 640 604 579 568
07 08 550 540 531 522 520 518 540 572 599 612 635 649 662 669 680 680 680 680 669 662 640 601 579 568
07 09 550 540 531 520 520 518 543 576 601 621 640 649 662 669 680 680 680 678 669 662 640 604 579 565
07 10 550 540 531 523 520 518 540 574 601 621 640 649 662 669 680 680 685 680 669 662 640 604 579 565
07 11 550 547 536 525 520 518 540 572 601 621 640 649 662 669 680 680 685 680 669 662 640 608 579 568
07 12 552 549 536 531 520 518 540 574 601 621 640 649 662 669 680 680 691 682 669 662 640 608 586 570
07 13 554 549 536 531 520 518 540 579 601 621 640 649 662 680 680 691 698 689 680 669 644 608 586 570
07 14 554 549 536 531 520 518 540 579 601 624 640 655 669 680 682 691 698 691 684 669 644 608 590 570
07 15 554 554 536 531 520 518 540 579 608 626 648 660 676 680 689 696 698 691 684 671 644 608 590 570
07 16 554 550 536 531 520 518 540 579 608 630 649 667 680 680 698 698 698 698 691 680 644 608 590 572
07 17 554 550 536 531 520 518 540 590 610 633 649 669 680 684 698 700 700 698 691 680 644 610 590 570
07 18 554 540 536 529 520 518 540 590 610 639 658 669 680 689 698 700 700 700 691 680 649 610 590 572
07 19 554 550 536 531 520 520 540 590 619 640 660 680 680 691 698 711 705 700 698 680 649 621 599 577
07 20 559 554 540 536 520 520 540 590 621 644 660 680 680 693 700 711 709 700 698 680 658 621 601 579
07 21 563 554 540 536 520 520 540 590 621 646 662 680 680 691 700 711 709 700 698 680 657 621 601 577
07 22 559 554 540 536 520 520 536 590 619 644 662 680 680 693 698 711 709 700 698 680 649 621 595 572
07 23 559 554 540 536 520 520 536 590 619 644 662 680 680 691 698 711 709 700 698 680 649 619 594 572
07 24 554 554 536 536 520 520 536 586 619 644 662 680 687 698 700 716 711 700 698 680 649 621 590 572
07 25 554 550 536 531 520 520 536 586 621 644 669 680 691 698 698 711 711 700 698 680 649 621 590 572
07 26 554 549 536 536 520 520 536 581 621 644 669 680 689 698 700 714 709 700 698 680 649 621 590 572
07 27 554 549 536 531 520 520 536 579 621 644 669 680 691 700 700 711 709 700 698 680 649 610 590 570
07 28 554 549 536 531 520 518 531 579 619 644 669 680 691 698 700 711 709 700 698 680 649 610 590 570
07 29 554 549 536 531 518 513 529 579 610 644 669 680 691 698 700 711 712 700 698 675 648 610 590 570
07 30 554 545 532 531 518 511 525 577 610 640 669 680 691 698 700 711 716 712 698 680 649 621 590 570
07 31 559 549 536 531 520 513 529 572 610 640 669 680 691 698 700 711 716 716 698 680 649 621 590 570
08 01 559 549 536 529 520 507 522 572 608 640 667 680 691 698 700 709 716 714 698 680 649 621 590 570
08 02 559 549 536 531 520 505 520 570 608 640 660 678 691 698 700 707 711 700 696 669 644 610 590 570
08 03 559 545 532 522 511 500 518 570 608 630 649 669 680 698 698 700 700 700 691 667 639 608 586 568
08 04 554 540 531 520 500 500 509 565 601 630 649 669 680 694 696 698 698 700 689 667 630 601 579 568
08 05 554 540 529 518 500 500 500 559 599 626 644 662 669 689 691 691 691 698 680 662 626 599 572 556
08 06 549 536 520 511 500 489 500 554 590 626 644 660 669 680 691 691 691 691 680 662 626 590 572 556
08 07 549 536 520 514 500 489 500 554 590 626 644 662 669 689 698 696 691 698 680 662 630 590 572 554
08 08 540 531 520 511 500 500 500 554 590 626 644 660 669 689 696 691 691 698 680 662 626 590 570 554
08 09 540 531 520 511 500 489 500 554 590 621 640 660 669 680 691 691 691 691 680 662 624 590 570 550
08 10 540 531 518 500 500 482 500 549 590 619 637 651 669 680 680 685 691 689 669 660 621 590 568 550
08 11 536 520 511 500 489 482 500 536 579 610 630 649 662 669 680 680 680 680 669 649 610 579 559 550
08 12 534 518 500 500 482 482 482 536 579 608 630 644 662 669 680 680 680 680 662 644 608 579 554 549
08 13 531 518 500 500 482 482 482 536 579 608 626 644 662 669 680 678 680 680 660 644 608 579 554 549
08 14 531 518 500 500 486 482 482 536 572 608 626 644 662 669 680 678 680 671 660 640 608 579 554 540
08 15 531 518 500 500 482 482 482 531 572 601 626 640 649 662 680 669 676 669 655 633 601 572 554 536
08 16 529 511 500 489 482 482 482 531 570 601 621 637 649 660 676 669 676 669 658 633 601 572 554 536
08 17 520 511 500 489 482 482 482 531 570 601 626 640 649 664 680 669 680 669 660 640 601 572 554 536
08 18 520 511 500 489 486 482 482 531 572 601 626 640 658 669 680 669 680 669 658 635 601 572 554 536
08 19 529 511 500 489 486 482 482 531 572 606 626 640 662 669 680 669 675 662 655 633 601 572 554 536
08 20 520 511 500 489 482 482 480 529 570 601 626 640 657 671 680 669 680 662 649 630 601 572 554 536
08 21 520 511 500 489 486 482 482 525 570 597 621 639 649 664 676 669 673 662 644 630 590 565 550 531
08 22 520 509 500 489 482 480 480 518 559 590 617 630 644 662 669 664 669 662 644 622 581 559 540 531
08 23 518 509 500 489 482 480 480 518 554 590 610 630 640 657 662 662 666 660 644 621 579 552 536 531
08 24 518 500 500 487 482 480 468 511 550 590 608 630 640 653 662 662 664 660 644 621 579 554 536 531
08 25 516 507 500 487 482 469 464 500 543 585 601 626 640 649 660 660 662 653 640 619 579 550 536 531
08 26 514 500 500 486 482 469 464 500 540 579 601 621 626 649 660 649 660 649 639 610 572 550 536 527
08 27 509 500 500 482 477 464 464 500 540 572 590 619 621 640 649 649 649 648 630 610 572 550 531 518
08 28 502 500 489 480 469 462 460 500 536 570 590 610 621 640 644 649 644 639 628 608 570 549 529 511
08 29 500 496 480 480 466 460 460 495 536 559 590 610 619 630 639 644 640 630 626 604 567 536 520 500
08 30 500 480 469 464 459 450 450 487 536 559 590 610 619 630 635 640 639 630 621 601 559 531 518 500
08 31 489 473 469 460 450 450 446 482 531 559 579 601 610 626 630 630 630 626 610 590 550 522 511 500
09 01 482 469 464 450 446 446 439 469 520 554 572 590 601 619 626 621 626 621 608 579 549 520 509 489
09 02 482 464 450 446 441 435 432 464 518 550 570 590 601 610 621 621 621 610 601 572 541 520 500 482
09 03 480 460 450 446 433 430 430 460 513 549 568 579 601 608 617 615 621 610 601 572 540 518 500 478
09 04 469 459 446 444 430 430 428 450 511 540 559 579 590 608 610 610 610 608 597 570 536 511 496 473
09 05 464 450 446 441 430 430 428 450 500 536 554 572 590 601 608 608 601 599 590 559 531 502 482 469
09 06 459 450 441 439 428 428 421 446 496 523 550 570 579 594 601 601 594 590 579 554 525 500 480 464
09 07 455 446 430 428 421 421 415 441 489 520 540 559 574 590 590 590 590 590 574 540 518 500 469 460
09 08 446 439 428 421 417 410 410 430 480 518 536 554 572 572 579 590 590 579 570 538 511 489 464 457
09 09 441 430 428 419 410 410 406 428 480 511 534 550 570 572 579 579 579 579 568 536 511 489 464 450
09 10 439 430 421 410 410 410 397 421 471 511 531 550 561 570 579 579 579 572 554 531 500 482 464 450
09 11 439 428 421 410 410 399 392 419 469 502 529 540 550 559 570 570 572 559 550 520 500 480 460 446
09 12 432 428 419 410 408 399 390 410 469 500 518 531 540 554 559 559 554 550 540 511 480 462 450 437
09 13 428 410 410 399 392 390 388 399 460 495 511 520 536 550 550 554 550 545 536 509 480 451 441 428
09 14 421 410 410 392 390 388 379 392 450 487 509 520 531 538 540 549 541 540 527 500 477 450 441 428
09 15 421 410 399 390 390 388 374 390 446 480 500 518 520 522 531 536 531 531 518 489 469 446 437 419
09 16 410 399 390 379 374 369 369 379 439 469 489 502 518 520 522 531 520 518 511 482 466 441 430 410
09 17 410 399 381 374 369 360 369 379 430 464 482 500 514 518 520 529 518 518 502 480 460 432 428 410
09 18 399 392 379 374 361 360 360 374 428 460 480 496 500 514 518 520 518 511 500 469 450 428 417 410
09 19 399 390 374 370 360 356 356 370 421 450 480 489 500 511 511 520 518 511 500 464 450 421 410 410
09 20 394 390 374 370 360 356 356 370 421 450 469 482 498 504 502 511 511 500 489 455 435 419 410 392
09 21 388 374 370 360 356 356 351 360 410 446 469 480 489 500 500 507 511 500 482 450 430 410 392 390
09 22 379 374 360 360 356 356 351 356 399 441 464 480 489 500 500 502 502 500 482 450 428 410 392 390
09 23 379 370 360 360 356 351 351 356 399 430 460 478 489 489 500 500 500 500 480 446 421 401 390 379
09 24 374 369 356 351 354 349 343 356 390 428 450 469 480 482 489 489 489 487 469 439 410 392 379 374
09 25 370 356 349 340 340 338 331 340 379 421 441 460 469 480 489 489 489 482 464 430 410 390 379 370
09 26 367 351 340 340 338 331 320 338 379 421 441 460 469 480 482 486 482 475 460 428 399 390 374 356
09 27 356 340 338 338 331 329 320 331 374 410 441 460 469 480 482 482 480 469 460 428 399 379 374 356
09 28 356 340 338 338 331 320 320 331 370 410 441 450 464 469 482 480 469 464 446 421 392 374 370 356
09 29 351 338 338 329 331 320 320 320 365 401 430 441 459 464 475 469 464 460 441 410 390 370 356 351
09 30 338 331 320 320 320 320 320 320 356 399 421 439 450 460 469 469 464 460 435 399 379 363 351 349
10 01 338 329 320 320 320 311 320 320 351 392 421 432 448 459 460 464 464 450 430 399 374 360 347 340
10 02 331 320 320 309 311 309 302 302 340 390 410 430 446 450 460 464 460 450 430 392 374 351 340 338
10 03 320 320 320 302 302 302 302 302 340 379 410 430 446 450 460 462 460 446 428 390 370 351 340 338
10 04 320 320 320 309 302 302 302 302 338 374 410 428 441 446 450 450 450 441 421 383 360 340 338 329
10 05 320 311 309 302 302 302 302 302 338 370 399 421 430 441 446 446 441 430 410 379 356 338 331 320
10 06 320 309 302 302 302 302 302 288 331 370 392 410 428 430 430 441 435 421 399 374 356 338 327 320
10 07 302 302 302 293 298 302 291 286 320 370 390 410 421 428 428 439 428 419 392 360 356 331 320 307
10 08 302 302 302 291 291 289 284 282 320 356 390 399 410 419 428 430 428 410 388 360 351 331 320 306
10 09 302 302 302 286 284 284 284 282 320 356 381 392 410 410 421 428 428 410 388 360 349 331 320 302
10 10 302 302 302 291 291 291 284 284 320 356 378 390 399 410 410 421 419 405 379 356 351 331 320 302
10 11 302 302 300 291 291 291 284 284 320 351 370 374 392 399 410 410 410 392 379 356 340 324 320 302
10 12 302 302 295 284 291 291 284 284 318 340 360 374 390 392 399 410 408 392 372 351 338 320 311 302
10 13 302 291 291 284 284 289 284 282 311 340 356 370 379 392 397 405 399 390 369 340 331 320 309 302
10 14 295 284 284 282 282 275 271 271 302 331 351 360 374 383 390 397 392 379 360 338 324 320 302 298
10 15 291 284 284 282 279 275 271 271 302 327 345 360 370 379 390 392 383 379 356 331 320 320 302 291
10 16 289 282 284 282 271 271 271 270 291 320 340 356 365 370 374 379 376 370 351 331 320 309 302 291
10 17 289 284 284 282 275 271 271 270 291 320 338 351 360 369 370 374 374 370 349 324 320 302 302 289
10 18 284 282 282 271 271 266 266 266 284 311 331 340 351 360 370 370 370 358 340 320 311 302 302 284
10 19 282 279 279 271 270 266 266 262 284 302 329 340 354 360 370 370 370 356 340 320 311 302 302 289
10 20 282 279 279 271 266 266 266 262 284 302 320 338 340 356 360 370 360 356 338 320 311 302 291 284
10 21 282 271 271 266 266 262 259 259 280 302 320 338 340 352 360 365 360 351 331 320 302 291 284 284
10 22 271 266 266 262 262 259 252 252 268 297 320 333 340 343 356 356 351 342 329 311 293 289 282 282
10 23 266 262 259 252 259 252 248 246 259 289 309 320 338 338 351 351 340 338 320 302 284 284 279 270
10 24 262 252 252 250 250 248 243 232 252 284 302 320 329 338 338 338 338 320 302 291 279 284 266 259
10 25 255 248 248 243 243 241 232 230 246 280 302 311 320 320 331 338 331 320 298 279 264 266 253 252
10 26 248 243 243 239 232 232 228 226 232 270 284 302 311 320 320 320 320 291 284 271 259 261 248 244
10 27 243 232 232 230 221 230 212 212 230 252 282 284 291 302 302 302 302 284 271 261 248 248 243 234
10 28 239 230 230 226 217 212 208 212 221 248 266 282 284 291 293 302 289 282 262 248 243 243 230 228
10 29 230 221 219 216 212 203 199 201 212 243 262 266 279 282 284 284 284 271 262 248 243 230 230 221
10 30 216 212 212 212 201 194 194 194 201 230 248 266 271 271 284 284 282 271 248 239 230 225 221 212
10 31 212 201 201 208 192 194 194 192 194 230 248 262 266 271 284 282 271 266 248 230 225 217 212 208
11 01 201 194 192 180 181 181 189 178 192 212 232 248 266 266 275 273 266 266 239 223 212 212 201 194
11 02 192 192 181 172 172 180 176 176 189 212 230 243 252 266 270 266 266 252 230 212 208 199 194 189
11 03 180 181 172 169 160 162 158 162 162 194 212 230 248 248 248 252 248 230 221 210 194 194 180 172
11 04 172 158 162 158 153 153 149 149 158 181 201 219 237 234 248 248 243 230 208 194 192 176 172 162
11 05 162 153 158 153 142 142 142 140 142 162 196 212 230 230 239 241 230 212 194 192 181 172 158 158
11 06 153 142 142 140 140 140 131 131 140 160 194 212 216 230 232 230 230 212 192 183 176 172 158 153
11 07 153 142 140 129 138 131 129 129 131 160 189 212 212 221 230 230 221 212 181 178 176 169 158 153
11 08 153 140 140 127 131 131 129 122 131 153 176 194 212 212 221 221 212 190 176 176 162 158 153 142
11 09 142 140 140 122 131 122 122 122 129 142 172 194 212 212 212 221 212 190 176 172 162 158 153 142
11 10 142 140 131 122 131 122 122 122 122 142 160 192 199 212 201 212 201 181 162 162 153 142 131 140
11 11 131 133 122 122 129 122 111 111 111 140 158 176 192 194 194 212 194 181 162 158 153 140 131 131
11 12 122 131 131 122 129 122 109 111 104 129 142 162 181 192 194 208 194 180 158 153 140 131 124 131
11 13 122 129 122 111 111 111 104 102 100 117 140 153 176 176 192 194 192 176 158 153 140 131 124 131
11 14 122 122 122 111 111 104 104 102 99 109 131 153 172 176 181 192 181 172 153 142 140 129 122 122
11 15 122 122 118 104 104 102 102 99 91 104 122 142 158 172 176 176 172 158 142 131 131 122 122 109
11 16 104 122 104 102 102 91 91 90 82 102 122 131 142 158 162 158 158 140 122 111 111 104 104 91
11 17 90 91 86 73 72 79 72 75 68 86 104 122 140 153 158 154 142 140 122 104 109 102 102 86
11 18 86 86 70 68 68 64 63 68 63 82 102 122 140 140 142 142 140 129 122 104 104 102 102 82
11 19 82 77 68 63 52 63 52 52 52 72 102 104 129 131 140 140 140 122 109 91 102 91 86 68
11 20 68 68 52 52 50 50 50 50 50 68 86 102 122 122 131 129 129 118 104 91 102 86 82 68
11 21 63 52 50 50 50 50 50 41 50 68 86 102 122 122 129 122 122 111 102 86 91 79 70 63
11 22 63 52 50 50 50 41 50 32 32 50 72 91 104 118 122 122 111 102 91 72 86 68 64 63
11 23 55 50 50 43 41 32 41 32 28 45 68 86 104 118 118 118 111 99 82 68 79 68 63 52
11 24 52 50 50 43 41 32 39 27 21 32 52 82 99 104 109 111 109 90 72 59 61 54 50 52
11 25 41 39 39 32 32 21 21 12 14 32 52 72 90 91 102 104 102 79 70 52 45 41 32 41
11 26 32 32 27 28 21 19 14 1 12 21 41 68 82 91 102 102 99 79 68 52 43 32 32 39
11 27 32 32 21 27 21 18 12 -4 1 12 39 63 72 86 99 100 90 70 59 50 39 32 32 32
11 28 21 16 19 14 14 12 9 -8 -13 -4 32 50 70 82 86 86 79 63 41 32 32 21 19 25
11 29 12 12 14 12 12 9 1 -8 -17 -4 28 50 68 79 82 82 68 52 32 30 32 14 12 14
11 30 -4 1 1 3 3 -6 -8 -13 -18 -8 18 37 59 72 79 79 64 50 32 19 19 1 9 0
12 01 -8 1 1 -4 -4 -18 -18 -22 -27 -13 14 32 50 68 73 72 63 50 32 14 14 -4 3 0
12 02 -8 1 -4 -4 -8 -22 -18 -27 -29 -13 14 28 48 63 72 70 50 41 28 14 1 -8 -4 -8
12 03 -9 -4 -9 -9 -22 -22 -27 -27 -35 -13 10 21 41 50 59 59 41 23 14 -4 -8 -18 -18 -18
12 04 -22 -18 -22 -31 -38 -49 -38 -40 -40 -26 0 14 32 41 41 48 34 14 1 -13 -20 -22 -29 -27
12 05 -27 -22 -27 -38 -38 -49 -40 -42 -49 -38 -8 1 27 32 32 32 32 -4 -22 -22 -38 -27 -38 -40
12 06 -49 -38 -40 -49 -51 -58 -51 -58 -58 -40 -18 0 14 19 30 27 14 -4 -27 -33 -40 -40 -47 -45
12 07 -53 -40 -40 -49 -58 -58 -58 -58 -69 -49 -26 -9 9 16 28 19 3 -17 -31 -38 -40 -42 -49 -49
12 08 -58 -58 -58 -58 -62 -60 -69 -69 -76 -67 -38 -24 -4 9 14 12 0 -18 -31 -40 -49 -49 -58 -56
12 09 -58 -58 -69 -76 -69 -72 -78 -78 -78 -69 -49 -27 -6 -4 12 0 -4 -22 -38 -40 -53 -58 -58 -58
12 10 -60 -69 -74 -78 -78 -78 -81 -81 -89 -76 -58 -31 -11 -8 0 -4 -8 -27 -40 -49 -58 -58 -60 -69
12 11 -69 -72 -78 -78 -85 -89 -89 -98 -101 -89 -69 -38 -27 -18 -8 -18 -20 -40 -49 -58 -62 -69 -71 -76
12 12 -76 -78 -85 -83 -92 -94 -98 -98 -108 -90 -72 -49 -27 -24 -18 -20 -22 -44 -58 -65 -69 -76 -78 -78
12 13 -78 -90 -94 -90 -98 -98 -107 -108 -108 -96 -78 -58 -40 -38 -26 -22 -35 -49 -69 -69 -76 -78 -89 -94
12 14 -90 -94 -94 -98 -108 -107 -108 -108 -112 -101 -89 -58 -49 -38 -38 -38 -40 -58 -78 -76 -81 -94 -94 -101
12 15 -103 -98 -110 -112 -112 -117 -121 -121 -117 -112 -94 -65 -49 -40 -40 -38 -49 -69 -87 -78 -94 -94 -101 -107
12 16 -108 -105 -112 -112 -112 -123 -123 -130 -128 -116 -98 -76 -54 -49 -40 -38 -49 -69 -89 -78 -94 -99 -108 -108
12 17 -108 -108 -112 -117 -117 -128 -130 -130 -128 -117 -99 -76 -58 -49 -40 -38 -49 -69 -89 -89 -94 -94 -103 -107
12 18 -108 -108 -112 -112 -117 -128 -130 -130 -128 -121 -99 -76 -58 -49 -40 -38 -49 -71 -89 -89 -94 -99 -108 -108
12 19 -108 -108 -112 -112 -117 -128 -130 -130 -128 -121 -112 -89 -58 -49 -49 -40 -49 -71 -89 -89 -94 -99 -103 -107
12 20 -108 -112 -112 -112 -112 -128 -130 -130 -128 -121 -112 -78 -58 -49 -42 -40 -49 -69 -87 -89 -94 -98 -98 -105
12 21 -108 -112 -112 -112 -112 -121 -121 -128 -123 -117 -99 -78 -58 -49 -49 -40 -54 -71 -89 -94 -101 -108 -103 -108
12 22 -108 -112 -112 -112 -112 -121 -121 -128 -128 -128 -99 -78 -58 -54 -49 -44 -56 -76 -89 -94 -101 -108 -103 -108
12 23 -108 -112 -112 -112 -112 -117 -121 -117 -128 -128 -98 -78 -58 -58 -49 -49 -56 -76 -89 -98 -105 -108 -105 -108
12 24 -108 -108 -112 -112 -112 -121 -117 -128 -128 -128 -112 -78 -58 -58 -58 -51 -58 -76 -89 -98 -107 -112 -108 -112
12 25 -112 -112 -112 -112 -112 -128 -128 -128 -128 -130 -112 -89 -69 -58 -58 -58 -58 -78 -94 -98 -107 -112 -112 -116
12 26 -116 -112 -112 -112 -117 -126 -117 -117 -128 -130 -112 -89 -71 -67 -58 -58 -54 -76 -90 -94 -101 -112 -110 -116
12 27 -116 -112 -112 -112 -117 -126 -117 -117 -128 -130 -108 -89 -76 -67 -58 -58 -58 -78 -90 -94 -101 -101 -110 -110
12 28 -112 -112 -112 -112 -117 -126 -117 -128 -128 -130 -108 -89 -78 -71 -58 -58 -58 -78 -94 -98 -105 -108 -112 -117
12 29 -117 -112 -121 -121 -130 -130 -130 -141 -139 -130 -110 -89 -78 -76 -60 -58 -58 -78 -90 -94 -101 -108 -112 -117
12 30 -117 -112 -112 -121 -130 -130 -130 -141 -139 -135 -110 -90 -89 -76 -58 -58 -69 -89 -94 -94 -98 -108 -110 -117
12 31 -117 -112 -121 -121 -130 -130 -130 -137 -130 -130 -112 -94 -89 -76 -62 -69 -69 -89 -90 -98 -101 -108 -110 -117
