01 01 300 289 280 270 270 270 270 261 270 331 390 421 441 460 469 480 480 480 450 390 360 340 320 309
01 02 300 289 280 270 270 270 270 261 270 331 390 421 450 460 480 489 489 480 450 399 360 340 331 309
01 03 300 300 289 280 280 270 270 270 270 331 390 421 441 460 480 489 489 480 460 399 370 351 331 320
01 04 300 300 289 280 280 270 270 270 270 331 390 421 441 460 469 489 489 480 450 399 370 340 331 309
01 05 300 289 280 280 270 270 270 261 261 320 390 421 430 450 469 480 480 469 450 399 370 340 331 309
01 06 300 289 280 280 270 270 261 261 261 320 379 410 430 450 469 480 480 469 450 399 360 340 320 309
01 07 289 289 280 270 270 261 261 261 250 320 379 410 430 450 469 480 480 469 450 399 370 351 331 309
01 08 300 289 280 280 270 270 270 261 261 331 379 410 441 460 469 480 489 480 450 399 370 351 331 309
01 09 300 289 280 280 270 270 270 261 261 331 379 410 430 450 469 480 480 480 450 399 370 351 331 309
01 10 300 289 280 280 270 270 261 261 261 320 379 399 430 450 469 480 480 480 450 399 370 351 331 309
01 11 300 289 280 280 270 270 270 261 261 320 379 399 430 460 469 480 489 480 460 399 370 351 331 309
01 12 300 289 280 280 270 270 270 261 261 331 379 399 430 460 469 480 489 480 460 410 370 351 331 309
01 13 300 289 280 289 280 270 270 270 261 331 379 399 430 450 469 480 480 469 460 410 379 351 331 320
01 14 300 300 289 289 280 280 270 261 261 331 370 399 430 450 469 480 480 469 450 410 370 351 331 320
01 15 300 289 280 289 280 270 270 261 261 331 379 399 430 450 469 480 480 480 460 410 370 351 331 320
01 16 300 289 280 289 280 270 270 261 261 331 379 399 430 450 469 480 480 480 460 410 370 351 331 320
01 17 300 289 280 289 280 280 270 261 261 331 379 399 430 450 469 480 489 480 460 410 370 351 331 320
01 18 300 289 280 289 280 270 270 261 261 331 379 410 430 460 469 480 489 489 460 421 370 351 331 320
01 19 300 300 289 289 280 280 270 261 261 331 379 410 430 460 469 480 489 489 460 421 370 351 331 320
01 20 300 300 289 289 280 280 270 270 270 331 379 410 441 460 480 489 500 489 460 421 370 351 331 309
01 21 300 289 289 289 280 280 270 270 270 331 379 410 441 460 480 489 500 489 469 421 370 351 331 309
01 22 300 300 289 289 280 280 280 270 270 331 379 410 441 460 480 489 500 489 469 421 370 351 331 320
01 23 300 300 289 289 280 280 280 270 270 340 379 410 441 460 469 480 500 489 469 421 370 351 331 320
01 24 300 300 289 289 280 280 280 270 270 340 379 421 441 460 480 489 500 500 469 421 379 351 340 331
01 25 300 300 289 289 280 280 280 270 270 340 390 430 450 469 489 500 500 500 480 430 379 351 340 331
01 26 300 300 289 300 289 280 280 280 280 340 390 430 450 469 489 500 511 500 480 430 379 360 340 331
01 27 300 300 289 300 289 280 280 280 280 351 390 430 450 469 489 500 511 500 480 430 390 360 340 331
01 28 300 300 289 300 289 280 280 280 280 351 399 441 469 480 500 511 511 500 489 441 390 360 340 331
01 29 300 300 289 300 289 289 280 280 284 351 410 441 469 480 500 511 511 500 489 441 390 360 351 331
01 30 309 309 300 300 289 289 280 280 289 351 410 441 460 480 500 500 511 500 489 441 399 370 340 331
01 31 309 300 300 300 289 289 280 280 289 360 410 450 460 480 500 500 511 500 489 450 399 379 351 334
02 01 309 309 300 300 289 289 280 280 289 360 410 450 469 480 500 511 511 511 500 450 399 379 351 340
02 02 309 309 300 300 289 289 289 280 289 370 410 450 469 480 500 511 511 511 500 450 399 379 351 334
02 03 309 309 300 300 289 289 280 280 289 370 410 450 469 489 511 511 520 511 500 450 421 379 360 340
02 04 320 320 309 320 300 300 289 289 289 370 421 450 469 489 511 520 520 520 500 460 421 379 360 351
02 05 331 331 311 320 300 300 289 289 289 370 421 450 469 489 511 511 518 511 500 460 421 379 360 351
02 06 340 331 320 320 300 300 300 280 289 370 410 441 460 480 500 511 511 511 500 450 410 379 360 340
02 07 331 320 309 309 300 289 289 280 289 370 410 441 469 480 500 511 511 511 500 450 410 379 360 351
02 08 331 320 309 309 300 289 289 280 289 370 421 450 469 480 500 511 511 511 500 450 410 379 360 351
02 09 331 320 309 309 300 289 280 280 289 370 410 441 469 480 500 500 511 511 489 450 410 379 360 340
02 10 320 309 300 300 289 280 280 270 289 370 410 441 469 480 500 511 511 511 500 450 410 379 360 340
02 11 320 309 300 300 289 280 280 270 280 370 421 441 469 489 500 511 518 520 500 450 410 379 360 340
02 12 331 309 300 300 289 280 280 270 289 370 421 450 469 489 511 511 520 520 500 460 410 379 360 351
02 13 340 320 309 309 289 280 280 280 289 370 421 450 480 489 511 520 531 520 500 460 421 379 360 351
02 14 351 331 309 309 300 289 280 280 300 370 430 460 480 500 520 520 531 531 511 469 421 390 370 360
02 15 351 331 320 320 309 300 300 280 300 379 430 460 489 511 520 531 536 531 511 469 421 390 370 360
02 16 351 331 320 320 309 300 300 289 309 379 441 469 500 511 531 531 540 531 511 480 430 399 370 360
02 17 360 340 331 320 309 300 300 300 320 379 441 480 500 511 531 531 536 531 520 480 430 410 379 370
02 18 360 340 331 320 309 309 309 309 320 390 441 480 500 511 531 531 531 531 520 489 430 410 379 370
02 19 360 340 331 320 309 309 300 309 320 390 450 480 500 511 531 540 540 540 531 489 441 410 379 370
02 20 370 351 331 331 320 309 309 309 331 399 460 489 500 520 540 540 540 540 531 489 441 421 390 370
02 21 370 351 331 331 320 320 320 309 331 410 469 489 511 531 540 550 550 550 540 500 460 421 390 379
02 22 370 351 340 340 331 320 320 320 340 421 469 489 500 531 540 540 550 540 531 500 460 421 399 379
02 23 370 351 340 340 331 320 320 320 340 421 469 489 500 531 540 550 550 550 531 500 460 421 399 379
02 24 379 360 351 340 331 331 331 320 351 430 469 489 511 531 550 550 550 550 540 500 469 430 399 390
02 25 390 360 360 340 340 340 331 331 351 430 469 489 511 540 550 550 559 559 540 500 460 430 399 390
02 26 390 360 360 340 340 331 331 320 351 441 480 500 520 540 550 570 570 559 550 500 469 430 410 390
02 27 399 360 360 340 340 340 331 320 351 441 489 500 531 540 550 570 570 559 550 511 469 441 410 390
02 28 399 360 360 340 340 340 331 320 351 441 489 500 531 540 550 570 570 559 550 511 469 430 410 390
03 01 390 370 360 351 340 340 331 320 351 441 480 500 520 540 550 559 559 559 540 500 460 430 410 379
03 02 390 360 360 340 340 340 331 320 351 441 469 489 520 540 550 559 559 550 540 500 460 430 410 390
03 03 390 360 351 340 331 340 331 320 351 441 469 500 520 531 550 550 559 550 540 500 460 430 410 390
03 04 390 370 360 351 340 340 331 320 360 441 469 489 511 531 550 550 559 550 540 500 460 441 410 399
03 05 390 370 360 351 351 340 331 320 360 441 469 489 520 531 550 550 559 550 540 500 460 441 410 399
03 06 390 370 370 351 351 340 331 320 360 441 480 500 520 540 550 559 570 559 550 511 469 441 410 399
03 07 390 370 360 351 340 340 331 320 360 450 489 500 531 540 559 570 570 570 550 511 469 450 421 399
03 08 390 370 370 351 351 331 331 320 360 450 489 500 531 540 559 579 579 570 559 520 469 450 421 399
03 09 390 379 370 360 351 340 331 331 370 450 500 520 531 550 570 579 579 579 570 520 480 450 421 410
03 10 390 379 370 360 351 340 331 331 370 460 500 520 540 559 570 579 579 579 570 531 489 450 430 410
03 11 390 379 370 360 351 340 331 331 370 460 500 520 540 559 579 579 590 590 570 540 489 460 430 410
03 12 390 379 370 360 351 351 331 331 370 469 500 531 550 559 579 579 590 590 579 550 489 460 430 421
03 13 390 390 379 370 351 351 340 331 379 469 500 531 550 559 579 579 590 590 570 540 489 469 441 421
03 14 390 390 379 370 360 351 340 331 390 469 500 520 540 559 570 579 590 579 570 540 489 469 441 421
03 15 390 390 379 370 360 351 340 340 390 469 500 520 540 559 579 579 590 590 579 540 489 469 441 421
03 16 390 390 379 370 360 351 340 340 390 469 500 520 550 570 579 590 601 590 579 550 489 469 441 421
03 17 390 399 379 370 360 351 340 340 399 480 500 531 550 570 579 601 601 601 590 550 500 469 441 421
03 18 399 399 379 370 360 351 340 340 399 480 511 540 559 579 590 601 610 601 590 559 511 480 450 430
03 19 399 399 390 370 360 360 340 351 410 489 520 540 570 590 601 601 610 601 601 570 511 480 460 441
03 20 399 410 390 370 370 370 351 351 421 500 520 550 570 590 601 610 610 610 601 570 520 480 460 441
03 21 421 410 390 379 370 370 360 351 430 500 531 550 570 590 601 610 621 610 601 570 520 489 469 450
03 22 430 421 399 390 390 379 370 370 441 500 531 550 570 590 610 619 621 610 601 570 531 489 469 450
03 23 441 421 410 399 399 379 370 370 450 500 531 559 579 590 610 621 621 621 610 577 531 489 469 460
03 24 441 421 410 399 399 390 370 370 450 500 531 559 570 590 610 621 621 621 610 570 531 489 469 460
03 25 441 421 421 399 399 390 379 379 450 500 540 559 579 601 621 630 621 621 610 579 531 489 469 450
03 26 441 421 410 399 390 379 370 370 450 500 540 559 590 601 621 630 630 630 621 590 531 489 469 450
03 27 430 421 410 399 390 379 370 370 450 511 550 570 590 621 630 630 630 630 621 590 531 489 469 450
03 28 430 421 410 399 390 390 370 379 460 520 550 579 601 621 630 630 640 630 630 590 540 500 469 460
03 29 441 430 421 410 399 390 379 379 469 520 550 579 601 621 640 640 640 640 630 601 540 500 469 469
03 30 441 430 421 410 399 390 379 379 469 540 559 590 610 630 640 649 649 649 630 610 550 511 489 469
03 31 450 430 421 421 410 399 390 390 469 540 559 590 610 630 640 649 649 649 630 610 550 511 480 469
04 01 450 430 421 410 399 392 390 390 480 540 570 590 610 640 649 649 649 649 640 610 550 511 489 469
04 02 450 441 430 421 410 399 390 399 480 540 570 601 621 640 649 649 649 649 640 610 550 511 489 469
04 03 450 441 430 421 410 399 390 399 480 540 570 590 621 640 649 649 649 649 640 610 550 511 489 469
04 04 450 450 430 421 410 399 390 399 480 540 570 601 621 640 649 649 649 649 640 610 550 511 489 469
04 05 450 450 441 421 410 399 390 399 480 540 570 601 621 640 649 649 649 649 640 610 550 511 489 469
04 06 441 441 430 421 399 390 390 399 480 550 579 610 630 640 660 649 649 649 640 610 550 511 489 469
04 07 450 441 430 421 399 390 390 399 489 550 579 610 621 640 649 660 649 649 640 610 559 511 489 469
04 08 450 441 430 421 410 390 390 399 489 559 590 610 630 640 660 660 660 649 640 610 559 520 489 480
04 09 450 450 441 421 410 399 390 399 500 559 590 621 630 640 660 660 669 649 649 621 559 520 500 480
04 10 460 450 441 430 421 410 399 410 500 570 590 621 640 649 660 669 669 669 649 621 570 531 500 489
04 11 469 460 450 430 421 410 399 410 511 570 601 630 640 649 660 669 669 669 649 621 570 531 511 489
04 12 469 460 450 441 421 421 399 421 511 570 601 630 640 649 660 669 680 669 649 621 570 531 511 489
04 13 480 460 450 441 430 421 410 421 511 570 601 630 649 660 669 680 680 669 660 630 570 531 511 489
04 14 480 460 450 441 430 421 421 430 520 579 610 630 649 669 680 680 680 680 669 640 579 540 511 500
04 15 489 469 460 441 441 430 421 441 531 579 621 640 660 669 680 680 691 680 669 640 579 550 520 500
04 16 489 469 469 450 441 430 421 441 531 579 621 640 660 680 691 691 691 691 680 649 579 550 531 511
04 17 489 480 469 450 441 430 421 441 531 579 621 649 660 680 691 700 700 691 680 649 590 550 531 511
04 18 489 480 469 450 441 430 430 441 531 590 630 649 669 680 700 700 700 691 680 660 601 559 531 511
04 19 489 480 469 450 441 430 430 450 540 601 630 660 669 691 700 700 700 700 691 660 610 559 540 511
04 20 500 480 469 450 441 430 430 460 550 601 630 660 669 691 700 711 711 700 691 669 610 570 540 511
04 21 500 489 480 460 450 441 430 460 550 601 640 660 680 691 700 711 711 711 691 669 610 570 540 520
04 22 500 489 480 460 450 441 430 460 550 610 640 669 680 700 711 711 720 711 700 669 621 570 540 520
04 23 500 489 480 460 450 441 430 460 559 610 649 669 691 700 711 720 720 711 700 669 621 570 550 531
04 24 500 500 480 460 460 441 430 469 570 621 649 680 691 711 720 730 730 720 700 680 630 579 550 531
04 25 500 500 489 480 460 450 441 480 570 630 660 680 700 711 730 730 730 720 700 691 630 590 559 540
04 26 511 511 500 480 469 450 450 489 579 630 660 691 700 720 730 730 739 730 711 691 640 590 559 540
04 27 520 511 500 489 480 469 460 500 579 630 660 691 711 730 730 739 739 730 711 691 640 590 570 540
04 28 520 520 500 489 480 469 469 500 579 640 669 691 711 730 730 739 739 730 720 700 649 601 570 540
04 29 520 520 511 489 480 469 469 511 590 640 669 691 711 730 730 739 739 730 720 700 649 601 570 550
04 30 531 520 511 500 480 469 469 511 590 640 669 691 711 730 730 739 739 730 720 700 649 601 579 550
05 01 531 520 511 500 480 480 469 511 601 649 680 700 720 730 739 739 739 739 730 711 649 601 579 559
05 02 531 520 511 500 489 480 480 520 610 649 691 711 720 734 739 750 750 739 730 711 660 610 579 559
05 03 531 531 520 500 489 489 480 531 610 660 691 711 730 739 750 750 750 750 730 711 660 621 590 570
05 04 540 531 520 511 489 489 480 531 621 660 691 711 730 750 750 750 759 750 734 711 660 621 590 570
05 05 550 531 520 511 500 489 489 531 621 660 691 711 730 750 750 750 759 750 730 711 669 621 590 570
05 06 550 540 520 520 511 500 500 540 621 660 700 720 739 750 759 750 759 750 730 711 669 630 601 570
05 07 559 540 531 531 511 500 500 550 630 669 700 730 739 750 759 759 759 750 739 720 669 630 601 570
05 08 559 550 540 531 520 511 511 559 630 669 700 730 739 759 759 770 759 759 739 720 680 640 610 579
05 09 570 559 550 540 520 511 511 559 630 669 711 730 750 759 770 770 759 759 750 730 680 640 610 590
05 10 570 559 550 540 531 520 511 559 640 669 711 730 750 759 770 770 770 759 750 730 691 649 610 590
05 11 579 570 559 540 540 520 520 570 640 669 711 730 750 770 770 770 770 759 750 730 691 649 621 590
05 12 579 570 559 550 540 520 520 570 640 680 711 730 750 759 759 770 770 759 750 730 691 649 621 601
05 13 579 570 559 550 540 531 531 570 649 680 711 730 750 759 759 759 759 750 750 730 691 660 621 601
05 14 579 570 559 550 550 531 531 579 649 691 711 730 750 770 770 770 759 759 739 730 691 660 630 610
05 15 579 579 570 559 550 540 531 579 649 691 720 730 752 770 770 770 770 759 750 730 700 660 630 610
05 16 590 579 570 559 550 540 531 590 660 698 720 730 759 770 770 770 770 759 750 730 700 660 630 610
05 17 590 579 570 559 550 540 540 590 660 700 720 739 759 770 781 770 770 759 750 739 700 660 640 621
05 18 590 579 570 559 550 550 540 590 660 700 720 739 759 770 781 770 770 759 750 739 700 669 640 621
05 19 601 579 570 570 559 550 540 590 669 711 730 750 770 781 781 770 770 759 750 739 700 669 649 630
05 20 610 601 590 579 559 559 550 601 669 711 730 759 770 781 790 770 770 759 750 739 711 680 649 630
05 21 621 601 590 579 570 559 559 601 680 711 734 759 770 781 781 770 770 759 750 739 711 680 660 640
05 22 621 610 601 590 579 570 570 610 680 711 739 759 770 781 781 770 759 759 750 739 711 691 660 640
05 23 621 610 601 590 579 570 559 610 680 711 739 759 781 781 781 759 759 759 750 739 711 691 660 640
05 24 621 610 601 590 579 570 559 610 691 720 739 759 781 790 781 770 770 759 752 739 711 691 660 640
05 25 621 610 601 590 579 570 570 621 691 720 739 759 781 781 781 770 759 759 759 739 711 691 660 649
05 26 621 610 601 590 579 570 570 621 691 720 739 770 781 781 781 770 759 759 752 739 720 691 669 649
05 27 630 621 610 601 590 579 570 621 691 720 750 770 788 781 781 770 770 759 759 750 720 700 680 660
05 28 630 630 621 610 601 590 590 630 700 730 759 770 790 790 781 770 770 759 759 750 720 700 680 660
05 29 640 640 630 610 601 601 590 640 700 739 759 781 790 790 781 770 770 759 759 750 730 711 691 669
05 30 649 649 640 630 621 601 601 640 700 739 770 781 790 790 781 770 770 759 759 750 730 711 691 680
05 31 649 649 640 630 621 601 601 649 700 739 770 781 790 781 781 770 759 759 752 750 730 711 691 680
06 01 660 660 640 630 621 610 610 649 700 739 759 781 790 781 781 770 770 750 750 750 730 711 700 680
06 02 669 660 649 640 630 621 610 660 711 739 770 781 790 781 781 770 770 759 759 750 730 711 700 691
06 03 669 669 660 649 640 630 621 660 711 739 770 781 790 781 781 770 770 759 759 750 730 711 700 691
06 04 680 669 660 649 640 630 630 669 711 739 770 781 790 781 781 770 770 759 759 750 730 711 700 691
06 05 680 669 660 660 640 630 640 669 711 750 770 781 790 781 781 770 770 759 752 750 730 720 711 700
06 06 680 669 669 660 649 640 640 680 711 750 770 781 790 781 781 770 770 759 759 750 730 720 711 691
06 07 680 669 669 660 649 640 640 680 720 750 770 781 790 781 781 770 770 759 759 750 730 720 711 700
06 08 680 669 669 660 649 649 640 680 720 750 770 781 790 781 781 770 759 759 759 750 730 720 700 700
06 09 680 669 669 660 649 649 640 691 720 759 770 781 790 781 781 770 759 759 759 750 730 720 711 700
06 10 680 680 669 669 649 649 649 691 730 759 770 781 790 788 781 770 770 759 759 750 730 720 711 700
06 11 691 680 669 669 660 649 649 691 730 759 770 781 790 790 781 770 770 759 759 750 730 720 711 700
06 12 691 680 669 669 660 649 649 691 730 759 770 781 790 790 781 770 759 759 759 750 739 720 711 700
06 13 691 680 680 669 660 649 649 700 730 759 770 781 790 790 781 770 759 759 759 750 739 720 711 700
06 14 691 680 680 669 660 649 649 700 730 759 781 790 790 790 781 770 770 759 770 759 739 730 720 700
06 15 691 691 680 669 669 649 660 700 730 759 781 790 790 790 781 770 770 759 759 759 739 730 720 711
06 16 691 691 680 680 669 660 660 700 739 759 781 790 790 801 781 770 759 759 759 759 739 730 720 711
06 17 700 691 691 680 669 660 660 700 739 759 781 790 790 790 781 770 759 759 759 759 739 730 720 711
06 18 700 691 680 680 680 669 669 700 739 759 781 790 790 790 781 770 759 759 759 759 739 730 720 711
06 19 700 691 691 680 680 669 669 700 739 759 781 790 790 790 770 770 759 759 759 759 739 730 720 711
06 20 700 691 691 680 680 669 669 700 739 759 781 790 790 790 770 759 759 759 759 759 739 730 720 711
06 21 700 700 691 691 680 669 669 700 739 759 781 801 790 790 770 770 759 759 759 759 739 730 720 711
06 22 700 700 691 691 680 680 669 711 739 770 781 801 790 790 770 770 759 759 759 759 739 730 720 711
06 23 700 700 691 691 680 680 669 711 739 770 781 801 790 781 770 770 759 759 759 759 739 730 720 716
06 24 711 700 700 691 691 680 680 711 739 759 781 790 790 781 770 770 759 759 759 759 739 730 720 720
06 25 711 700 700 691 691 680 680 711 739 759 781 790 790 781 770 770 759 759 759 759 739 730 720 720
06 26 711 700 700 691 691 680 680 711 739 759 781 790 790 781 770 770 759 759 759 759 739 730 720 720
06 27 711 700 700 691 691 680 680 711 739 770 781 790 790 781 770 770 759 759 759 759 739 730 720 720
06 28 711 700 700 691 691 691 680 711 739 770 790 801 790 781 770 770 759 759 759 759 739 730 730 720
06 29 711 711 700 691 691 691 691 711 750 770 790 801 781 781 770 770 759 759 759 759 739 730 730 720
06 30 711 711 700 700 691 691 691 711 750 770 790 801 790 781 770 770 759 759 770 759 750 730 730 720
07 01 711 711 700 700 691 691 691 711 750 770 790 801 790 781 770 770 759 759 759 759 750 739 730 720
07 02 711 711 700 700 691 691 691 711 750 781 801 810 801 781 770 770 759 759 759 759 750 739 730 720
07 03 711 711 711 700 691 691 691 711 750 770 801 810 801 781 770 770 759 770 759 759 750 739 730 720
07 04 720 711 711 700 691 691 691 711 750 781 801 810 801 781 770 770 759 759 770 759 750 739 730 720
07 05 720 711 711 700 691 691 691 711 750 781 801 810 801 790 781 770 759 770 770 759 750 739 730 730
07 06 720 711 711 700 700 691 691 720 750 781 801 810 801 790 781 770 759 770 770 759 750 739 730 730
07 07 720 711 711 700 700 691 691 720 750 781 801 810 806 790 781 770 770 770 770 759 750 739 730 730
07 08 720 711 711 700 700 691 691 720 750 781 801 810 810 801 781 770 770 770 770 759 750 739 730 730
07 09 720 711 711 700 700 691 691 720 750 781 810 820 810 801 788 781 770 770 770 759 750 739 730 730
07 10 720 720 711 700 700 691 691 720 750 790 810 820 820 801 790 770 770 770 770 759 750 739 730 730
07 11 720 720 711 700 700 691 691 720 750 790 810 820 820 801 790 781 770 770 770 759 750 739 730 730
07 12 720 720 711 711 700 700 691 720 750 790 810 820 820 801 788 781 770 770 770 759 759 739 730 730
07 13 720 720 711 711 700 700 691 720 750 790 810 820 820 810 790 781 770 770 770 759 759 739 730 730
07 14 720 720 711 711 700 700 691 720 752 790 810 824 829 810 790 781 770 770 770 770 759 750 739 730
07 15 720 720 711 711 700 700 691 720 750 790 810 829 840 810 790 781 770 770 770 759 759 739 739 730
07 16 720 720 711 711 700 700 700 720 750 790 810 824 820 810 781 781 770 770 770 759 750 739 739 730
07 17 730 720 711 711 711 700 700 720 759 781 810 820 820 801 781 781 759 770 770 759 750 739 739 730
07 18 730 720 711 711 711 700 700 720 759 781 810 820 820 801 781 770 759 770 770 759 750 739 739 730
07 19 730 720 711 711 711 700 700 720 759 781 810 820 810 801 781 770 759 770 770 759 750 739 739 730
07 20 730 720 720 711 711 700 700 720 757 781 810 810 810 801 781 770 759 770 770 759 750 739 739 730
07 21 730 720 720 711 711 700 700 720 750 781 810 810 810 801 781 781 770 770 770 759 750 750 739 730
07 22 730 720 720 711 711 700 700 720 759 781 810 820 810 790 781 781 759 770 770 759 750 739 739 730
07 23 730 720 720 711 711 700 700 720 759 781 810 810 801 790 781 770 759 759 770 759 750 739 739 730
07 24 730 720 720 711 711 700 700 720 750 781 810 810 801 781 781 770 759 770 770 759 750 739 739 730
07 25 730 720 720 711 711 700 700 720 750 781 801 801 790 781 770 770 759 770 770 759 750 739 739 730
07 26 730 720 720 711 711 700 700 720 750 781 801 810 790 781 770 770 759 759 770 759 750 739 739 730
07 27 730 720 720 711 711 700 700 720 750 781 801 810 790 781 770 770 759 759 770 759 750 739 739 730
07 28 730 720 720 711 711 700 700 720 750 781 801 810 790 781 770 770 759 759 770 759 750 739 739 730
07 29 730 720 720 711 711 700 700 720 750 781 801 810 790 781 770 770 759 759 770 759 750 739 739 730
07 30 730 720 720 711 711 700 700 720 750 781 801 810 790 781 770 770 759 759 770 759 750 739 739 730
07 31 730 720 720 711 711 700 700 720 750 781 801 810 790 781 781 770 759 759 770 759 750 739 739 730
08 01 730 720 720 711 711 700 700 720 750 781 801 810 801 781 781 781 759 770 770 759 750 739 739 730
08 02 730 720 720 711 711 700 700 720 750 781 790 810 801 781 781 781 770 770 770 759 750 739 739 730
08 03 730 720 720 711 711 700 700 720 750 781 801 810 801 781 781 781 770 770 770 759 750 739 739 730
08 04 730 720 720 711 711 700 700 720 750 781 801 810 801 781 781 770 759 770 770 759 750 739 739 730
08 05 730 720 720 711 711 700 700 720 750 770 790 810 790 781 781 770 759 770 770 759 750 739 739 730
08 06 730 720 720 711 711 700 700 711 750 770 790 810 790 781 781 770 759 770 770 759 750 739 739 730
08 07 730 720 716 711 711 700 700 711 750 770 790 801 790 781 781 770 759 770 770 759 750 739 739 730
08 08 730 720 720 711 711 700 700 711 739 770 781 801 790 781 781 770 759 770 770 759 750 750 739 730
08 09 730 720 720 711 711 700 700 711 739 770 790 810 790 781 781 770 759 770 770 759 750 750 739 730
08 10 720 720 720 711 711 700 700 711 739 770 790 810 801 781 781 781 770 770 770 759 759 750 739 730
08 11 720 720 720 711 711 700 700 711 739 770 790 810 820 790 788 781 770 770 770 759 759 750 739 730
08 12 720 720 720 711 711 700 700 711 739 770 790 810 810 790 790 781 770 770 770 759 750 750 739 730
08 13 720 720 720 711 700 700 700 711 739 770 790 810 810 801 790 781 770 770 781 759 750 750 739 730
08 14 720 720 720 711 700 700 700 711 739 770 790 810 801 790 790 781 781 781 781 759 750 739 739 730
08 15 720 720 716 711 700 700 700 711 739 759 790 810 810 790 790 781 781 781 781 759 750 739 739 730
08 16 720 720 711 711 700 700 700 711 739 759 790 810 810 801 790 781 781 781 781 759 750 739 739 730
08 17 720 720 711 711 700 700 700 711 739 759 790 801 801 801 790 781 781 770 781 759 750 739 739 730
08 18 720 720 711 711 700 700 691 711 739 759 790 801 801 801 790 781 781 770 781 759 750 739 739 730
08 19 720 720 711 711 700 700 691 711 739 759 790 810 801 801 790 781 781 781 781 759 750 750 739 730
08 20 720 720 711 711 700 700 700 711 739 759 790 810 810 801 790 781 781 781 781 759 750 739 739 730
08 21 720 720 711 700 700 700 691 700 739 770 790 810 820 810 790 790 790 781 781 759 750 739 739 730
08 22 720 720 711 700 700 700 691 700 739 770 790 820 820 810 810 801 801 790 781 759 750 739 730 730
08 23 720 720 711 700 700 700 691 700 739 770 790 820 820 820 810 801 790 781 781 759 750 739 730 730
08 24 720 720 711 700 700 700 691 700 739 770 790 820 820 810 801 790 790 770 770 759 750 739 730 730
08 25 720 711 711 700 700 691 691 700 739 759 790 810 810 810 801 790 781 770 770 759 750 739 730 730
08 26 720 711 711 700 691 691 691 700 739 759 788 801 801 801 801 790 781 770 770 759 750 739 730 730
08 27 720 711 711 700 691 691 691 700 739 759 781 801 801 801 801 790 781 770 770 759 750 739 730 730
08 28 720 711 711 700 691 691 691 700 739 759 781 790 801 801 801 790 781 770 759 750 750 739 730 730
08 29 720 711 711 700 691 691 691 700 730 759 781 790 801 801 801 790 781 770 759 750 750 739 730 730
08 30 720 711 711 700 691 691 691 691 730 759 781 790 801 801 790 790 781 770 759 750 750 739 730 730
08 31 720 711 711 700 691 691 691 691 730 752 781 781 801 801 790 790 770 770 759 750 750 739 730 730
09 01 720 711 700 700 691 691 680 691 730 750 770 781 801 801 790 790 770 770 759 750 739 739 730 720
09 02 711 711 700 691 691 680 680 691 730 750 770 781 801 801 790 790 770 770 759 750 739 739 730 720
09 03 711 711 700 691 691 680 680 691 730 750 770 781 801 801 790 790 770 770 759 750 739 730 730 720
09 04 711 700 700 691 680 680 680 680 730 750 770 781 790 801 790 790 770 770 759 750 739 730 730 720
09 05 711 700 700 691 680 680 669 680 720 750 770 781 801 801 790 790 770 770 759 750 739 730 730 720
09 06 711 700 700 691 680 680 669 680 720 750 770 781 790 801 790 790 770 770 759 750 739 730 730 720
09 07 711 700 700 691 680 680 669 680 720 750 770 781 790 801 790 790 770 770 759 750 739 730 720 720
09 08 711 700 691 680 680 669 669 669 720 750 770 781 790 801 790 790 770 770 770 750 739 730 720 720
09 09 711 700 691 680 680 669 660 669 720 739 759 781 790 801 801 790 781 781 770 750 739 730 720 711
09 10 700 700 691 680 669 669 660 669 711 739 759 781 790 801 801 790 781 770 759 750 739 730 720 711
09 11 700 700 691 680 669 660 660 660 711 739 759 781 790 801 790 790 781 770 759 750 739 720 720 700
09 12 691 691 680 669 669 660 649 660 711 739 759 781 790 801 801 790 781 770 770 759 739 720 711 700
09 13 691 691 680 669 660 660 649 660 700 730 759 781 790 790 801 801 781 770 770 750 730 720 711 700
09 14 691 680 680 669 660 649 649 649 700 730 750 770 790 790 801 801 781 770 770 750 730 720 711 700
09 15 691 680 669 660 660 649 649 649 700 730 750 770 781 790 801 801 781 770 759 750 730 720 700 691
09 16 680 680 669 660 660 649 640 649 691 730 750 770 781 790 790 790 781 770 759 750 730 711 700 691
09 17 669 669 660 649 640 640 640 640 691 720 739 759 781 781 790 790 781 770 759 739 720 700 691 669
09 18 649 649 649 640 630 630 630 630 669 711 739 759 781 781 790 790 781 770 759 739 720 691 680 660
09 19 640 640 630 630 621 610 610 621 660 711 730 750 770 781 790 790 770 770 759 730 700 680 669 649
09 20 630 621 621 621 610 601 601 601 649 700 730 750 759 770 790 790 770 770 759 730 691 680 660 649
09 21 621 621 610 610 601 590 579 590 640 691 720 750 759 770 781 781 770 759 759 730 691 669 660 640
09 22 621 621 610 601 601 579 579 579 640 691 720 739 759 770 781 781 770 759 759 720 680 660 640 630
09 23 610 610 590 590 590 570 570 570 630 680 711 739 759 770 781 781 770 759 750 720 680 649 630 621
09 24 601 590 579 579 579 570 559 559 621 680 711 730 750 759 770 770 759 759 750 700 669 640 621 610
09 25 601 579 570 570 570 559 559 550 621 669 711 730 750 759 770 770 759 759 750 700 660 640 610 601
09 26 590 570 559 559 550 550 550 540 621 669 711 730 750 759 770 770 759 759 750 700 660 630 610 601
09 27 579 570 559 559 550 540 540 540 621 669 700 720 750 759 770 770 759 759 739 691 649 630 601 590
09 28 579 570 559 559 550 540 540 540 610 660 700 720 739 759 759 759 759 759 739 691 649 621 601 590
09 29 579 570 559 559 550 540 540 531 610 660 691 720 739 750 759 759 759 750 730 691 649 621 601 590
09 30 579 559 559 550 540 531 531 531 610 649 691 711 730 739 750 759 750 750 730 680 640 621 601 590
10 01 579 559 559 550 540 531 531 520 610 649 680 711 730 739 750 750 750 739 730 680 640 621 601 579
10 02 579 559 550 550 540 531 531 520 601 649 680 711 730 739 750 750 750 739 730 680 640 621 601 579
10 03 579 559 550 540 540 531 520 520 601 640 680 711 730 739 750 750 750 739 720 680 640 610 590 579
10 04 570 550 550 540 540 520 520 511 579 640 680 711 720 739 750 750 750 739 720 669 630 610 590 570
10 05 570 550 540 540 531 520 511 511 579 630 669 700 720 730 750 739 739 730 711 669 630 601 579 570
10 06 559 540 540 531 520 511 511 511 570 630 669 700 711 730 750 739 739 730 711 660 621 601 570 570
10 07 550 531 531 520 511 500 500 500 570 630 660 700 711 730 739 739 739 730 711 649 621 590 559 559
10 08 540 531 531 520 511 500 500 489 559 621 660 691 711 720 739 739 730 730 700 649 610 579 559 550
10 09 531 520 520 511 500 500 489 480 550 621 660 691 711 720 730 730 730 720 700 640 610 579 550 540
10 10 531 520 511 500 489 489 480 480 540 621 660 691 700 720 720 730 730 720 691 630 590 570 550 540
10 11 520 511 511 489 489 489 473 469 540 621 649 680 700 711 720 730 730 720 691 630 579 559 540 531
10 12 511 511 500 489 480 480 469 460 531 610 649 669 691 711 720 730 720 720 680 621 570 550 531 520
10 13 500 500 489 480 469 469 460 450 531 601 640 669 691 711 720 730 720 711 680 610 570 540 520 511
10 14 489 489 489 480 469 460 460 441 520 601 640 669 691 711 720 730 720 711 680 610 559 531 520 511
10 15 480 489 469 469 460 460 450 441 520 601 640 669 700 711 720 730 720 720 669 610 559 531 511 511
10 16 480 480 469 469 460 450 450 430 511 601 640 669 700 700 711 720 720 711 669 601 559 531 511 500
10 17 480 480 469 469 450 450 441 430 511 590 640 660 691 700 711 711 711 700 669 601 559 531 511 500
10 18 480 469 460 460 450 441 441 430 511 590 630 660 680 691 711 711 711 700 660 590 550 520 511 489
10 19 469 469 460 450 441 430 430 421 500 590 621 649 680 691 700 700 711 700 660 590 550 520 500 480
10 20 469 469 450 441 430 421 421 421 500 579 621 649 669 691 700 700 711 691 660 579 540 511 489 480
10 21 469 460 450 441 430 421 421 421 489 570 621 640 660 680 700 691 700 691 649 579 540 511 489 480
10 22 469 460 450 441 430 421 410 410 480 570 610 640 660 669 691 691 691 680 649 579 531 511 489 480
10 23 460 460 441 430 430 421 410 410 480 559 610 640 660 680 691 691 691 680 649 570 531 500 480 469
10 24 460 450 430 430 421 421 410 410 480 559 610 640 660 669 691 680 691 680 649 570 531 500 480 469
10 25 460 450 430 430 421 410 410 410 480 559 610 640 660 669 691 680 691 680 649 570 531 500 480 469
10 26 460 450 430 430 421 410 410 410 469 559 610 630 649 660 680 680 680 669 640 570 531 500 480 469
10 27 460 450 430 430 421 410 410 410 469 559 601 630 649 660 669 680 680 660 630 559 531 500 480 469
10 28 460 450 430 430 421 410 410 410 469 550 601 621 640 660 669 669 669 660 621 559 531 500 480 469
10 29 460 450 430 430 421 410 399 399 460 550 590 621 640 649 660 660 660 649 615 559 520 489 480 469
10 30 460 441 430 421 410 410 399 399 460 531 579 610 630 640 649 660 649 640 610 550 511 480 460 450
10 31 441 430 421 410 399 399 390 390 441 520 570 601 621 640 649 660 649 640 601 540 500 469 460 450
11 01 441 421 410 410 399 390 390 379 441 520 570 601 621 630 640 649 649 630 590 531 500 469 450 441
11 02 430 421 410 410 399 390 379 379 430 511 559 590 610 621 640 649 640 630 590 531 489 469 450 441
11 03 430 421 410 410 390 390 379 379 430 511 550 590 610 621 640 640 640 630 590 520 489 469 450 441
11 04 430 410 399 390 390 379 379 379 421 500 540 579 601 621 630 640 640 621 579 520 480 460 441 430
11 05 421 410 399 390 379 379 370 370 421 500 540 579 601 610 621 640 630 621 579 511 480 460 441 430
11 06 421 410 399 390 379 370 370 370 410 500 540 559 590 610 621 640 630 621 570 511 469 450 441 421
11 07 410 399 390 379 379 370 370 360 410 489 531 559 590 601 621 630 630 621 570 500 469 441 441 421
11 08 399 399 390 379 370 370 370 360 399 489 531 559 590 601 621 630 630 621 570 500 464 441 441 421
11 09 399 399 390 379 370 370 370 360 399 480 531 559 579 601 621 630 621 610 559 500 460 441 430 421
11 10 399 390 379 379 370 370 360 360 399 469 520 550 570 601 610 621 621 610 559 500 450 430 421 399
11 11 390 379 379 370 360 360 360 351 390 469 520 550 570 601 610 621 621 610 559 500 450 430 410 399
11 12 390 379 370 370 360 360 351 351 390 469 520 550 570 601 610 621 621 601 559 500 450 430 410 399
11 13 390 379 379 370 360 360 351 351 390 469 520 550 570 601 610 621 621 601 559 500 450 430 421 410
11 14 390 379 379 370 360 360 360 351 390 469 511 540 570 590 601 610 610 601 550 489 450 430 410 399
11 15 390 379 370 370 360 351 351 351 379 460 511 540 559 590 601 610 608 590 540 489 450 430 410 399
11 16 390 379 370 360 360 351 340 340 370 460 511 531 559 579 601 601 601 579 540 480 441 421 410 399
11 17 390 379 370 360 360 351 340 340 370 460 500 531 559 579 601 601 601 579 540 480 441 421 410 399
11 18 390 370 370 360 351 351 340 340 370 460 500 531 559 579 590 601 601 579 531 480 441 421 410 390
11 19 379 370 360 351 351 351 340 331 369 450 500 531 559 579 590 601 601 579 531 480 441 421 410 390
11 20 379 370 360 360 351 351 340 340 370 450 500 531 559 579 601 601 601 579 531 480 450 421 410 399
11 21 390 370 370 360 360 351 340 340 369 450 500 531 559 570 590 601 590 579 531 480 441 421 410 390
11 22 390 379 370 360 360 351 340 340 360 441 489 520 550 570 590 601 590 579 520 480 441 421 410 390
11 23 379 370 360 351 351 340 340 340 360 441 489 520 550 570 590 601 590 579 511 469 441 421 399 379
11 24 370 370 360 351 351 340 340 331 360 430 489 520 550 570 590 601 590 579 511 469 430 410 390 379
11 25 370 360 360 351 351 340 340 331 351 430 489 520 550 570 590 590 590 579 511 460 430 399 379 379
11 26 360 360 351 340 340 340 331 320 340 430 480 520 540 570 579 590 590 570 511 450 430 399 379 370
11 27 360 351 351 340 340 340 331 320 340 421 480 511 540 559 579 590 590 570 500 450 421 399 379 370
11 28 360 351 340 331 331 331 320 320 340 421 469 511 540 550 570 579 579 559 500 441 410 390 370 360
11 29 351 340 340 331 320 320 309 300 331 410 469 511 531 550 570 570 570 559 500 441 410 379 370 360
11 30 340 331 331 320 320 309 309 300 320 410 469 500 520 550 559 570 570 550 500 441 399 379 360 360
12 01 340 331 331 320 320 309 309 300 320 410 460 489 520 540 559 570 559 550 500 430 399 379 360 351
12 02 340 331 320 320 309 309 309 300 309 410 460 489 520 540 559 570 559 550 489 430 399 379 360 351
12 03 340 331 320 320 309 309 309 300 309 399 460 489 520 540 550 559 559 540 489 430 399 370 360 351
12 04 340 331 320 320 309 300 309 300 309 399 450 489 511 531 540 550 550 540 489 430 399 370 360 351
12 05 340 320 320 309 300 300 300 300 309 399 450 480 511 520 540 540 540 531 480 421 390 370 351 340
12 06 340 320 320 309 300 300 300 300 300 399 450 480 500 520 531 540 540 520 480 421 390 370 351 340
12 07 331 320 309 309 300 300 300 300 300 390 441 469 489 511 531 540 531 520 480 421 390 370 351 340
12 08 331 320 309 309 300 300 300 289 300 390 441 469 489 511 520 531 531 520 469 421 390 370 351 340
12 09 331 320 309 309 300 300 300 289 300 379 441 460 480 500 520 531 531 511 469 421 390 370 351 340
12 10 331 320 309 309 300 300 300 289 300 379 430 450 469 500 511 520 520 511 469 410 379 370 351 340
12 11 320 309 309 300 300 300 289 289 300 370 430 450 469 489 511 520 511 500 469 410 379 370 351 331
12 12 320 309 309 300 300 300 289 289 300 370 421 450 460 489 500 511 511 500 460 410 379 360 351 331
12 13 320 309 300 300 289 289 289 289 300 370 421 441 460 480 500 500 500 500 460 410 379 360 351 331
12 14 320 309 300 300 289 289 289 289 289 360 410 441 460 480 500 511 500 500 460 410 379 360 351 331
12 15 320 309 300 300 289 289 289 289 289 360 410 441 460 480 489 500 500 489 460 410 379 360 351 331
12 16 320 309 300 300 289 289 289 289 289 351 410 441 460 480 489 500 500 489 460 410 379 360 351 331
12 17 320 309 300 300 289 289 289 289 289 351 399 441 450 469 480 489 489 480 441 399 370 360 340 331
12 18 309 309 300 300 289 289 289 289 289 351 399 430 450 469 469 480 480 469 441 399 370 351 331 320
12 19 309 300 300 289 289 289 280 280 280 340 390 421 441 460 469 480 480 469 430 399 360 340 331 309
12 20 289 300 289 280 280 280 280 270 280 340 390 421 441 460 469 480 480 469 430 399 360 340 331 309
12 21 289 289 289 280 280 280 280 270 270 331 390 421 441 460 469 480 480 469 441 399 360 340 331 309
12 22 300 300 289 280 280 280 280 270 280 331 390 421 441 460 469 489 489 469 441 399 360 340 331 320
12 23 300 300 289 289 280 280 280 270 280 331 390 421 441 460 469 489 480 469 430 399 360 340 331 320
12 24 300 300 289 280 280 280 270 270 270 331 390 421 441 460 469 480 480 469 430 399 360 340 320 320
12 25 300 300 289 280 280 280 270 270 270 331 390 421 450 460 469 480 480 469 430 399 360 340 320 320
12 26 300 300 289 280 289 280 280 270 270 331 390 421 450 460 469 480 480 469 430 399 360 340 320 309
12 27 300 300 289 280 280 280 270 270 270 331 390 421 441 460 469 480 480 469 430 399 360 340 320 320
12 28 300 300 289 280 280 280 270 270 270 331 390 421 450 460 469 480 480 469 441 399 370 340 331 320
12 29 309 300 289 289 280 280 270 270 270 331 390 421 441 460 460 480 480 469 430 390 360 340 320 309
12 30 300 300 289 280 280 280 270 270 270 331 390 421 441 460 469 480 480 469 450 390 360 340 320 309
12 31 300 300 289 280 280 270 270 270 270 331 390 421 441 460 469 480 480 469 450 390 360 340 320 309
