01 01 160 160 160 151 151 129 140 129 151 171 190 210 219 230 241 241 241 219 210 199 199 180 180 171
01 02 171 160 160 151 151 151 140 140 151 180 190 210 219 230 241 241 241 219 210 199 199 180 176 171
01 03 171 160 160 151 151 129 140 129 140 160 180 199 219 230 230 241 241 219 210 199 190 180 171 160
01 04 160 160 151 151 140 129 129 129 129 160 180 190 219 219 230 230 230 219 199 190 180 171 171 160
01 05 160 151 140 140 140 129 129 120 129 151 171 190 210 219 219 230 219 199 199 190 180 171 171 160
01 06 160 151 140 140 140 129 129 120 129 151 171 190 210 210 219 230 219 199 190 190 180 171 171 160
01 07 160 151 140 140 140 129 129 120 129 151 171 190 210 219 230 230 219 199 190 180 176 171 160 160
01 08 151 140 140 140 140 129 129 120 129 151 171 190 210 210 219 230 219 199 190 180 171 171 160 160
01 09 151 140 140 140 140 129 120 109 129 140 171 180 199 210 219 230 210 199 190 180 171 160 151 140
01 10 140 140 140 140 140 129 120 109 129 140 171 190 199 210 219 219 210 199 180 171 171 160 151 140
01 11 140 129 129 129 129 120 109 109 120 140 171 180 199 199 210 210 210 199 180 171 171 160 151 140
01 12 140 129 120 129 120 120 109 100 120 140 160 171 190 199 210 210 199 190 180 171 160 160 151 140
01 13 140 129 129 129 129 120 109 109 120 140 160 171 190 190 199 199 199 180 171 160 160 151 151 140
01 14 129 120 120 120 109 109 109 100 120 140 160 171 190 190 199 199 199 180 171 151 160 151 140 140
01 15 129 120 120 109 109 109 109 100 120 140 160 171 199 199 210 210 199 180 171 160 160 151 151 140
01 16 129 120 120 120 120 120 109 109 120 140 160 190 199 199 210 210 199 180 171 160 160 151 151 140
01 17 129 120 120 120 120 120 109 109 120 140 160 171 199 199 210 210 199 190 171 171 171 151 151 140
01 18 140 129 129 129 129 129 129 120 129 151 171 190 199 210 210 210 199 190 180 180 171 160 151 151
01 19 140 129 129 129 129 129 120 109 120 151 171 190 199 210 219 210 199 199 180 180 171 151 151 140
01 20 140 120 120 120 120 120 109 109 120 151 171 190 199 210 219 219 210 199 190 180 171 160 151 140
01 21 140 120 120 120 120 120 109 100 120 151 171 180 199 210 219 219 210 199 190 180 171 160 151 151
01 22 140 129 129 129 129 120 120 109 120 151 171 190 199 210 219 219 219 210 190 180 171 171 151 151
01 23 140 151 140 129 129 129 129 129 129 151 171 190 210 210 219 219 219 210 190 180 171 171 151 151
01 24 140 151 129 120 129 120 129 120 129 151 180 190 210 210 219 219 219 210 190 180 180 171 160 151
01 25 140 140 129 120 129 120 129 120 129 160 180 190 210 219 219 219 219 210 199 190 180 171 160 160
01 26 151 151 140 129 129 129 129 129 129 160 180 199 210 219 219 219 219 210 199 190 180 171 160 160
01 27 151 151 140 129 140 129 129 129 151 171 180 199 219 219 219 230 230 210 199 190 180 180 160 160
01 28 160 151 140 140 140 140 129 129 151 171 190 199 219 230 230 241 230 219 199 190 180 180 171 160
01 29 160 151 140 140 140 140 129 129 140 171 190 199 219 219 230 230 230 219 199 190 180 180 171 160
01 30 151 151 140 129 129 129 129 120 129 160 180 190 210 219 219 230 230 210 199 190 180 171 160 160
01 31 151 151 140 129 129 120 120 120 129 160 171 190 210 219 219 230 230 210 199 190 180 171 160 151
02 01 151 140 129 129 129 120 109 120 129 160 180 190 210 219 219 230 230 219 199 190 180 171 160 151
02 02 151 140 129 129 129 120 109 109 129 160 180 199 210 219 219 230 230 219 210 190 180 171 160 160
02 03 151 151 129 129 129 129 120 120 140 171 190 199 219 219 230 241 230 230 210 210 190 180 171 160
02 04 160 151 140 140 140 140 129 129 140 171 190 199 219 230 230 241 230 230 199 199 180 180 160 160
02 05 160 151 140 140 140 140 129 129 140 171 190 199 219 230 230 230 230 230 199 199 180 180 171 160
02 06 160 151 140 140 140 140 129 129 140 171 190 199 210 219 219 230 230 219 199 199 180 180 171 160
02 07 160 151 140 140 140 140 129 129 140 171 190 199 219 230 230 241 230 230 210 210 199 180 180 171
02 08 160 160 151 140 140 140 129 129 151 171 190 199 210 230 230 241 230 230 210 210 199 180 180 171
02 09 171 160 151 151 140 140 129 129 151 171 190 199 210 230 230 241 241 230 210 210 199 180 190 171
02 10 171 160 151 160 151 151 140 140 160 180 190 210 219 230 241 250 241 241 219 219 210 190 190 180
02 11 171 171 160 160 151 151 151 140 160 180 199 210 230 230 241 261 250 241 219 219 210 190 190 180
02 12 180 171 160 160 151 151 151 140 171 180 199 219 241 241 241 261 250 241 230 219 210 199 199 190
02 13 180 171 180 171 171 160 160 151 171 190 210 230 250 250 261 270 261 241 241 219 219 210 199 199
02 14 199 190 190 180 180 180 171 171 180 199 230 241 250 261 270 270 270 261 241 230 219 210 210 199
02 15 199 199 190 190 190 190 180 180 199 219 230 250 261 270 270 270 279 270 261 241 230 219 219 210
02 16 199 199 199 199 190 190 190 190 210 230 230 250 261 270 280 289 280 270 270 241 241 230 230 219
02 17 210 210 199 208 199 199 190 190 210 230 241 261 270 280 280 289 280 280 270 259 250 241 241 230
02 18 219 219 210 210 210 199 199 199 210 230 250 261 270 280 289 289 289 289 270 261 250 241 241 241
02 19 230 219 219 210 210 208 199 199 219 241 250 261 270 280 289 298 289 289 280 270 261 261 250 241
02 20 230 230 219 219 210 210 210 210 230 241 250 270 280 289 300 300 300 289 280 280 270 270 261 250
02 21 241 241 230 219 219 219 219 210 230 250 270 280 289 300 309 300 300 300 289 280 280 270 261 261
02 22 250 241 230 219 219 219 219 219 239 250 270 280 289 300 309 300 300 300 289 280 280 270 261 261
02 23 250 241 230 219 219 219 219 219 241 261 270 289 300 309 309 320 320 309 289 289 280 270 270 261
02 24 250 250 241 230 230 219 219 219 241 270 280 289 300 309 320 320 320 309 300 289 280 280 270 261
02 25 261 250 241 230 230 230 219 219 241 270 280 300 309 320 320 320 320 320 300 289 289 280 270 270
02 26 261 250 250 241 241 230 219 230 261 280 300 300 309 320 320 331 331 320 309 300 289 289 280 270
02 27 261 261 250 250 241 230 230 241 261 280 300 309 309 320 331 331 331 320 309 300 289 289 280 270
02 28 261 261 250 250 250 241 230 241 261 280 300 300 309 320 331 331 331 320 309 300 289 289 280 270
03 01 261 250 250 250 241 230 230 241 261 280 289 300 309 320 320 320 320 320 309 300 289 280 270 270
03 02 261 250 250 250 241 230 230 241 261 280 289 300 309 320 320 320 320 320 300 289 289 280 270 270
03 03 261 250 250 250 241 230 230 241 261 280 289 300 309 320 320 320 320 320 300 289 289 280 270 270
03 04 261 250 250 250 241 230 219 241 261 280 300 309 320 331 331 331 331 320 309 300 289 289 270 270
03 05 261 261 250 250 241 241 230 241 261 280 300 309 320 331 331 331 331 320 309 300 289 289 280 270
03 06 270 261 261 250 241 241 241 241 270 289 309 320 331 340 340 340 331 331 331 309 300 289 280 270
03 07 270 261 261 250 241 241 241 241 270 289 309 320 331 340 340 340 340 331 331 320 300 300 280 280
03 08 270 270 261 261 250 250 241 250 280 300 309 320 340 340 340 340 340 331 331 320 300 300 289 280
03 09 270 270 270 261 250 250 241 250 280 309 309 320 340 340 351 340 340 340 331 320 309 300 289 280
03 10 280 270 270 261 250 250 241 250 289 309 309 320 340 340 351 351 351 340 331 320 309 300 289 289
03 11 280 270 270 261 250 250 250 250 289 309 320 331 340 351 351 360 351 351 340 331 320 309 300 289
03 12 280 270 270 261 261 250 250 261 289 309 320 331 340 351 351 360 351 351 340 331 320 309 300 289
03 13 280 270 270 261 261 250 250 261 289 309 320 331 340 351 351 360 351 340 340 320 309 309 300 289
03 14 280 270 270 261 261 250 250 261 289 309 320 331 340 351 351 360 351 351 340 320 309 300 300 289
03 15 280 270 270 261 261 250 250 261 300 320 331 340 351 351 360 360 360 351 340 331 320 309 300 289
03 16 280 280 270 270 261 261 261 270 300 320 340 340 351 360 370 370 370 360 351 340 331 309 300 300
03 17 289 280 280 280 270 270 261 280 309 331 340 351 360 370 379 390 379 379 360 351 331 320 309 300
03 18 300 289 280 280 270 270 270 280 309 331 351 360 370 379 390 390 390 379 370 351 340 331 320 309
03 19 300 300 289 289 280 280 280 289 320 340 351 360 379 390 399 390 390 390 370 360 340 331 320 309
03 20 309 300 289 289 289 280 280 300 320 340 360 370 390 399 399 399 399 390 379 370 351 340 331 320
03 21 309 309 300 289 289 280 280 300 331 351 360 379 390 399 410 410 410 399 390 370 351 340 331 320
03 22 320 309 300 289 289 289 289 309 331 351 370 390 399 410 421 410 410 410 390 379 360 351 331 331
03 23 320 309 309 300 289 289 289 309 331 360 370 390 399 410 421 410 421 410 399 379 360 351 340 331
03 24 320 309 309 300 300 289 289 309 340 360 379 390 410 421 421 410 421 410 399 379 360 351 340 331
03 25 320 309 309 309 300 300 289 320 340 370 390 410 410 421 421 421 421 421 399 379 370 351 340 331
03 26 320 320 309 309 309 300 300 320 351 370 390 410 421 421 421 421 421 421 399 379 370 351 340 331
03 27 320 309 309 309 300 300 300 331 360 379 399 410 421 421 421 421 430 421 410 390 370 360 340 331
03 28 320 309 309 309 300 300 300 331 360 390 399 410 421 421 430 430 430 421 410 390 379 360 351 340
03 29 320 320 309 309 309 300 300 331 370 390 410 421 430 430 441 441 430 430 421 399 379 370 351 340
03 30 340 331 320 320 309 300 309 331 370 399 410 421 430 441 441 441 441 430 421 410 390 370 351 351
03 31 340 331 320 320 309 309 309 331 379 399 410 421 430 441 441 441 441 441 430 410 390 370 351 351
04 01 340 331 320 320 320 309 309 340 379 399 410 430 430 441 450 450 450 441 430 410 390 379 360 351
04 02 340 331 320 320 320 309 309 340 370 399 410 421 430 441 450 450 450 441 430 421 399 379 360 351
04 03 340 331 320 320 320 309 309 340 379 399 421 430 430 450 450 460 460 450 441 421 399 379 370 360
04 04 351 331 331 320 320 320 320 351 379 410 421 430 441 450 450 460 460 450 441 421 399 390 370 360
04 05 351 340 331 331 320 320 320 351 390 410 421 430 441 450 460 460 460 450 441 421 399 390 370 360
04 06 351 340 331 331 331 320 320 351 390 410 421 430 450 450 460 460 460 450 441 421 399 390 379 360
04 07 351 340 331 331 331 331 331 360 390 410 430 441 460 460 460 469 469 460 450 421 399 390 379 370
04 08 360 351 340 340 331 331 331 360 390 410 430 441 460 460 469 469 469 460 450 421 410 390 390 370
04 09 360 360 351 340 331 331 331 370 390 410 430 441 460 460 469 469 469 460 450 430 410 390 390 370
04 10 370 360 351 340 340 331 331 370 399 410 430 441 460 460 469 469 469 460 450 430 410 399 390 370
04 11 370 360 351 340 340 331 340 370 399 421 430 450 460 460 469 469 469 469 460 430 410 399 390 379
04 12 370 360 351 351 340 331 340 370 399 421 441 460 469 469 480 480 480 469 469 441 421 410 399 390
04 13 370 370 360 351 351 340 340 379 410 430 450 469 469 469 480 480 480 480 469 450 430 410 399 390
04 14 370 370 360 360 351 340 340 390 421 450 469 469 480 480 489 489 500 489 480 460 441 421 410 390
04 15 390 370 370 360 351 340 351 399 430 460 469 480 489 500 500 500 500 489 489 460 450 430 421 399
04 16 390 379 370 370 360 351 360 410 441 460 469 489 489 500 511 511 511 500 489 469 460 441 430 421
04 17 399 390 379 370 370 360 360 410 450 460 489 489 511 511 511 520 511 511 500 480 469 450 430 421
04 18 410 390 390 379 370 360 370 421 450 469 489 500 511 520 520 520 520 511 500 480 469 450 441 430
04 19 410 399 390 379 379 370 379 430 460 469 489 500 511 520 520 520 520 511 500 480 469 450 441 430
04 20 421 399 390 379 379 370 379 430 460 480 489 500 511 520 531 531 531 520 511 489 469 460 441 430
04 21 421 410 399 390 390 379 379 441 469 489 500 511 511 520 531 540 531 531 520 489 480 460 441 430
04 22 421 410 399 390 390 379 379 450 480 489 500 511 520 531 540 540 540 531 531 500 480 469 450 430
04 23 430 410 399 390 390 379 390 450 480 500 500 520 531 540 540 540 540 540 531 511 489 469 450 441
04 24 430 410 399 399 390 379 399 450 489 500 511 520 531 540 540 550 550 540 531 511 489 469 450 441
04 25 430 421 410 399 399 390 410 460 489 500 520 531 540 550 550 559 559 550 540 520 500 480 460 450
04 26 441 421 410 410 399 390 410 469 489 511 520 540 540 559 559 559 559 559 540 520 500 480 460 450
04 27 441 430 421 410 410 390 410 469 500 520 531 540 550 559 559 559 559 559 550 531 500 480 469 460
04 28 441 430 421 421 410 399 421 469 500 520 531 540 550 559 559 559 559 559 550 531 511 489 469 460
04 29 441 441 430 421 421 410 430 469 500 520 531 550 550 559 570 570 570 570 559 531 511 489 469 460
04 30 450 441 430 421 421 410 430 469 500 520 540 550 559 570 570 570 570 570 559 540 511 500 480 460
05 01 450 441 430 430 421 410 441 480 500 520 540 550 570 570 579 570 579 579 559 540 520 500 480 460
05 02 450 441 430 430 421 421 441 480 511 531 540 559 570 579 579 579 579 579 570 540 520 500 480 469
05 03 460 450 441 430 430 421 441 489 520 531 550 559 570 579 579 579 579 579 570 550 520 500 480 469
05 04 469 460 441 441 430 421 450 500 520 531 559 559 570 579 579 579 579 579 570 550 531 500 480 469
05 05 469 460 441 441 430 428 450 500 520 540 559 570 579 590 590 590 590 590 579 550 531 511 489 480
05 06 469 460 450 450 441 430 460 500 531 550 559 570 579 590 590 590 590 590 579 550 531 511 500 480
05 07 469 469 450 450 441 441 460 500 531 550 570 579 590 590 590 601 590 590 579 559 531 511 500 480
05 08 469 469 450 450 441 441 460 500 531 559 570 579 590 590 590 601 590 590 579 559 531 511 500 480
05 09 469 469 450 450 441 441 469 511 531 559 570 590 601 601 601 610 601 601 579 559 531 520 500 489
05 10 480 469 460 450 441 441 469 511 540 559 579 590 601 610 601 610 601 601 590 570 540 520 500 489
05 11 480 480 469 460 450 450 469 511 540 570 579 601 610 610 610 621 610 601 590 570 540 531 511 500
05 12 489 480 469 460 450 450 480 520 540 570 590 601 610 610 610 621 621 610 590 570 550 531 511 500
05 13 489 482 480 460 460 450 480 520 540 570 579 601 610 610 610 621 621 610 590 570 550 531 511 500
05 14 489 480 469 460 460 450 480 520 550 570 590 601 610 621 610 621 621 610 590 579 550 531 511 500
05 15 489 480 469 469 460 460 489 531 550 570 590 601 610 621 621 630 621 621 601 579 550 531 520 511
05 16 500 489 480 469 469 460 500 531 550 579 590 601 621 630 630 630 630 621 610 579 559 540 520 511
05 17 500 489 480 469 469 460 500 531 559 579 601 601 621 630 630 640 630 621 610 579 559 540 531 511
05 18 500 489 480 469 469 460 500 531 559 579 601 601 621 630 630 640 630 621 610 579 559 540 531 511
05 19 500 489 480 480 469 460 500 540 559 579 601 610 621 630 640 640 640 630 621 590 570 540 531 511
05 20 500 489 480 469 469 469 500 540 570 579 610 621 630 630 649 640 640 640 621 590 570 550 531 520
05 21 500 500 489 480 480 469 511 540 570 601 610 630 630 640 649 649 649 640 621 601 570 550 531 520
05 22 511 500 500 489 480 480 511 540 579 601 621 630 640 640 649 649 649 640 621 601 579 559 540 531
05 23 520 511 500 489 489 480 511 550 579 601 621 630 640 649 649 660 660 649 640 601 579 559 540 531
05 24 520 511 500 500 489 489 511 550 579 610 621 640 649 649 660 660 660 649 640 610 590 570 550 531
05 25 520 520 500 500 489 489 520 559 590 610 621 640 649 660 669 669 660 660 649 621 590 570 550 531
05 26 531 520 511 500 489 489 520 559 590 610 630 640 649 660 669 669 669 660 649 621 590 579 559 540
05 27 540 520 511 511 500 489 531 570 601 610 630 649 660 660 669 669 669 660 649 630 601 579 559 550
05 28 540 531 520 511 500 500 531 579 601 621 640 649 660 660 669 680 669 669 660 630 601 590 570 550
05 29 540 531 520 511 511 500 540 579 601 630 640 649 660 660 680 680 680 669 660 630 610 590 570 550
05 30 540 540 531 520 511 511 540 579 610 630 640 660 660 669 680 680 680 669 660 640 610 590 570 559
05 31 550 540 531 520 511 511 540 590 610 630 640 660 669 669 680 680 680 669 660 640 610 601 579 559
06 01 550 540 531 531 520 511 550 590 610 630 649 660 669 669 680 680 680 680 669 649 621 601 590 559
06 02 550 550 540 531 520 511 550 590 621 640 649 660 669 680 680 691 680 680 669 649 621 610 590 570
06 03 559 550 540 531 531 531 559 601 621 640 649 660 669 680 691 691 691 680 669 649 630 610 590 579
06 04 570 559 550 540 531 531 570 610 630 640 649 669 680 691 691 700 691 691 669 649 630 621 601 579
06 05 579 559 559 550 540 540 570 610 630 649 660 680 680 691 691 700 700 691 691 660 630 621 601 590
06 06 579 570 559 559 550 550 570 610 640 649 669 680 680 700 700 711 711 700 691 660 640 621 610 601
06 07 590 570 559 559 550 550 579 621 649 660 669 680 691 700 711 720 711 700 691 669 649 621 610 601
06 08 590 579 570 559 559 559 579 621 649 669 669 691 700 711 711 720 720 711 700 680 649 630 621 601
06 09 590 579 570 570 570 559 590 621 649 669 680 691 700 711 711 720 720 711 700 680 649 630 621 601
06 10 590 590 579 570 559 559 590 630 660 669 691 700 711 720 720 730 720 720 700 680 649 630 621 610
06 11 590 590 579 570 559 559 590 640 660 680 691 700 720 720 730 730 730 720 711 691 660 640 630 610
06 12 601 590 579 570 570 559 601 640 660 680 700 711 720 730 730 730 730 730 720 691 669 640 640 621
06 13 601 590 579 579 570 570 610 649 669 691 700 711 720 730 730 739 730 730 720 700 680 649 640 621
06 14 610 601 590 590 579 579 621 649 680 691 711 720 730 730 739 739 739 730 720 700 680 660 640 630
06 15 610 601 601 590 579 579 621 660 680 698 711 720 730 734 739 739 739 730 720 711 680 660 640 630
06 16 610 610 601 590 579 579 621 660 680 700 711 720 730 739 750 739 739 739 730 711 680 660 649 630
06 17 621 610 601 590 590 590 621 660 680 700 711 720 730 739 750 739 739 739 730 711 680 660 649 630
06 18 621 610 601 590 590 590 621 660 691 711 720 730 739 739 750 750 739 739 730 711 680 660 649 640
06 19 621 610 601 601 590 590 621 660 691 711 720 730 739 750 750 750 750 739 730 711 691 660 649 640
06 20 621 610 601 590 590 590 621 669 691 720 730 730 739 750 759 759 759 750 730 720 691 669 649 640
06 21 621 610 601 590 590 590 621 669 691 720 730 739 739 759 759 770 759 750 739 720 691 669 649 640
06 22 630 610 610 601 590 590 621 669 691 720 730 739 739 759 759 770 759 750 739 720 691 669 660 640
06 23 630 621 610 601 590 590 621 669 691 720 730 739 750 759 770 770 759 750 739 720 691 669 660 640
06 24 630 621 610 601 590 590 621 669 700 720 739 750 759 759 770 770 770 759 739 720 691 669 660 640
06 25 630 621 610 601 590 590 630 669 700 720 739 750 759 770 770 770 770 759 739 720 691 669 660 649
06 26 630 621 610 610 601 601 640 669 700 720 739 750 759 770 770 770 770 759 739 730 700 680 660 649
06 27 640 630 621 610 601 601 640 669 700 720 739 750 759 770 770 770 770 759 750 730 700 680 660 649
06 28 640 630 621 610 601 601 640 680 700 730 739 750 759 770 770 770 770 759 750 730 700 680 660 649
06 29 640 630 621 610 601 601 640 680 700 730 739 759 770 770 781 770 770 759 750 730 700 680 669 649
06 30 640 630 621 610 601 601 640 680 711 730 739 759 770 781 781 781 770 759 750 730 700 680 669 649
07 01 640 630 621 621 601 601 640 680 711 730 750 759 770 781 781 781 781 770 759 730 700 691 669 649
07 02 640 630 621 621 601 601 640 680 711 730 750 759 770 781 781 781 781 770 759 730 700 691 669 660
07 03 640 630 621 621 610 610 640 680 711 730 750 759 770 781 781 781 770 770 759 730 700 691 669 660
07 04 640 630 621 621 610 610 640 680 711 730 750 759 770 781 781 781 781 770 759 739 711 691 669 660
07 05 649 630 621 621 610 610 640 680 711 730 750 759 770 781 781 770 770 759 759 730 711 691 680 660
07 06 649 640 630 621 610 610 640 680 711 730 750 759 770 781 781 770 770 770 759 730 711 691 680 660
07 07 649 640 630 621 610 610 640 680 711 730 750 759 770 781 781 770 770 770 750 730 711 691 680 660
07 08 649 630 630 621 610 610 640 680 711 730 750 759 770 781 781 770 770 770 759 730 711 691 680 669
07 09 649 640 630 621 621 621 640 680 711 739 750 759 770 781 790 781 770 770 759 739 711 691 680 669
07 10 649 640 630 630 621 621 649 691 720 739 750 759 770 788 790 790 781 770 759 739 720 691 680 669
07 11 660 640 630 630 621 621 649 691 720 739 750 770 781 781 790 781 781 770 759 739 720 691 680 669
07 12 660 640 640 630 621 621 649 691 720 739 750 770 781 790 790 790 781 770 759 739 720 698 680 669
07 13 660 640 640 630 621 621 640 691 720 739 759 770 781 790 790 790 781 770 759 739 720 700 680 669
07 14 660 649 640 630 630 621 649 691 720 739 759 770 781 790 790 790 781 770 759 739 720 700 680 669
07 15 660 649 640 630 630 630 649 691 720 739 750 770 781 790 790 781 770 770 759 739 711 698 680 669
07 16 660 649 640 630 630 630 640 691 720 739 750 770 781 781 790 781 770 770 759 739 711 691 680 669
07 17 660 649 640 630 621 621 640 691 711 739 750 770 781 781 790 781 770 770 750 739 711 691 680 660
07 18 649 640 640 630 621 621 640 680 711 739 750 770 781 781 790 781 770 770 750 739 711 691 680 660
07 19 649 640 640 630 621 621 640 680 711 739 750 770 781 790 790 781 770 770 759 739 711 691 680 669
07 20 660 640 640 630 621 621 640 680 711 739 750 770 781 790 790 781 781 770 759 739 711 691 680 669
07 21 649 640 640 630 621 621 640 680 711 739 750 770 781 790 790 781 781 770 759 739 711 691 680 660
07 22 649 640 640 630 621 621 640 680 711 739 750 770 781 790 790 781 781 770 759 739 711 691 680 660
07 23 649 640 640 630 621 621 640 680 711 739 750 770 781 781 781 781 781 770 759 730 711 691 680 660
07 24 649 640 640 630 621 621 640 680 711 730 750 759 781 781 781 781 770 770 750 730 700 691 680 660
07 25 649 640 630 626 621 621 640 680 711 730 750 759 781 781 781 781 770 770 759 730 700 691 669 660
07 26 649 640 630 621 621 621 630 680 711 730 750 759 781 781 790 781 781 770 759 730 700 691 669 660
07 27 649 640 630 621 621 610 630 680 711 730 750 759 781 781 790 781 781 770 759 730 700 691 669 660
07 28 649 640 630 621 621 610 630 680 711 730 750 770 781 781 790 790 781 770 759 730 700 691 669 660
07 29 649 640 630 626 621 610 630 680 711 730 750 759 781 781 790 781 781 770 759 730 700 691 669 660
07 30 649 640 630 621 621 610 630 669 711 730 750 759 781 781 790 781 781 770 759 730 700 691 669 660
07 31 644 640 630 621 621 610 630 669 700 730 750 759 781 781 790 781 781 770 752 730 700 680 669 649
08 01 640 630 630 621 610 610 621 669 700 730 750 759 781 781 781 781 781 770 752 730 700 680 669 649
08 02 640 630 630 621 610 610 621 669 700 730 750 759 781 781 781 781 781 770 752 730 700 680 669 649
08 03 640 630 630 621 610 610 621 660 700 730 750 759 781 781 790 781 781 770 752 730 700 680 660 649
08 04 640 630 630 621 610 601 621 660 700 730 750 759 781 781 790 781 781 770 759 730 700 680 660 649
08 05 640 630 621 610 601 601 610 660 700 730 750 759 770 781 781 781 781 770 759 720 691 669 660 649
08 06 640 630 621 610 601 601 610 660 700 730 750 759 770 781 790 781 781 770 759 720 691 669 660 649
08 07 640 621 621 610 601 590 610 649 691 730 750 759 770 781 790 781 781 770 759 720 691 669 649 640
08 08 630 621 621 610 601 590 610 649 691 730 739 759 781 781 781 781 781 770 750 720 691 669 649 640
08 09 630 621 610 610 601 590 601 649 691 730 739 759 781 781 781 770 770 770 750 711 691 660 649 640
08 10 630 621 610 601 590 590 601 649 691 720 739 759 770 781 781 770 770 770 750 711 680 660 649 640
08 11 630 621 610 601 590 590 601 640 691 720 739 759 770 770 781 770 770 770 750 711 691 660 649 640
08 12 630 621 610 601 590 590 601 640 691 711 739 750 770 770 781 770 770 759 750 711 680 660 649 640
08 13 630 621 610 601 590 590 601 640 691 711 739 750 770 770 781 770 770 759 750 711 680 660 649 640
08 14 630 621 610 601 590 590 601 640 691 711 739 750 770 770 781 770 770 770 750 711 680 660 649 640
08 15 630 621 610 601 590 590 601 640 691 720 739 750 770 770 781 770 770 770 750 711 680 660 649 640
08 16 630 621 610 601 601 590 601 640 691 711 739 750 759 770 781 770 770 759 750 711 680 660 649 640
08 17 630 621 610 601 601 590 601 640 691 711 730 750 759 770 781 770 770 759 750 711 680 660 649 640
08 18 630 621 610 601 601 590 601 640 680 711 730 750 759 770 770 770 770 759 750 711 680 660 649 640
08 19 630 621 610 601 601 590 601 640 680 711 730 750 759 770 781 770 770 759 750 711 680 660 649 640
08 20 630 621 610 601 601 590 601 640 680 711 730 750 770 770 781 770 770 759 750 711 680 660 649 640
08 21 630 621 610 601 601 590 601 640 680 711 730 750 759 770 770 770 770 759 739 700 680 660 649 640
08 22 630 621 610 601 601 590 601 640 680 711 730 750 759 770 770 770 770 759 739 700 680 660 649 640
08 23 630 621 610 601 601 590 601 640 680 700 730 750 759 770 770 770 770 759 739 700 680 660 649 640
08 24 630 621 610 601 601 590 601 640 680 700 730 739 759 759 770 770 770 759 739 691 669 660 649 630
08 25 621 610 601 601 590 579 590 640 669 700 730 739 750 759 759 770 759 759 730 691 669 660 640 630
08 26 621 610 601 590 590 579 590 640 669 700 720 739 750 759 759 759 759 750 730 691 669 649 640 626
08 27 610 610 601 590 590 579 590 630 660 700 720 739 750 750 759 759 759 750 730 691 660 649 630 621
08 28 610 601 590 579 579 579 579 630 660 691 720 739 750 750 750 759 759 750 730 680 649 640 630 621
08 29 610 601 590 579 579 570 579 621 660 691 711 730 739 750 750 750 750 739 720 669 649 630 626 610
08 30 601 590 579 579 570 559 570 610 660 691 711 730 739 750 750 750 750 739 720 669 649 630 621 610
08 31 601 590 579 579 570 559 570 610 649 691 711 730 739 750 750 750 750 739 716 669 649 630 621 610
09 01 601 590 579 572 570 559 570 610 649 691 711 730 739 750 750 750 739 739 711 669 649 630 621 610
09 02 601 590 579 570 559 559 559 610 649 680 711 720 734 739 750 750 739 730 700 660 640 626 610 601
09 03 590 579 570 570 559 559 559 610 649 680 700 720 730 739 750 750 739 730 700 660 640 621 610 601
09 04 579 570 570 559 554 554 550 601 640 680 700 720 730 739 750 750 739 730 700 660 640 621 601 590
09 05 579 570 570 559 550 550 550 601 640 680 700 720 730 739 750 750 739 730 700 660 630 621 601 590
09 06 579 570 559 559 550 540 540 601 640 669 700 720 730 739 750 750 739 730 691 649 630 610 601 590
09 07 579 570 559 559 550 540 540 590 640 669 700 711 730 739 739 739 739 720 691 649 630 610 601 579
09 08 570 570 559 559 540 540 540 579 630 669 691 711 720 730 739 739 730 720 680 640 621 601 590 579
09 09 570 559 550 550 540 531 531 579 621 660 680 700 711 720 730 730 720 711 680 640 610 601 579 570
09 10 559 559 550 540 531 531 531 570 621 649 680 700 711 720 720 720 720 711 669 630 610 590 579 570
09 11 559 550 540 531 531 520 520 559 610 649 669 691 700 711 720 720 720 711 669 621 601 579 570 559
09 12 550 550 540 531 520 520 511 559 610 640 669 691 700 711 720 720 711 700 660 610 601 579 570 559
09 13 550 540 540 531 520 511 511 559 608 640 669 691 700 711 711 711 711 691 660 610 590 570 559 550
09 14 550 540 531 520 520 511 500 550 601 630 649 680 691 691 700 700 700 680 649 610 590 559 550 540
09 15 540 531 520 520 511 500 500 550 601 630 649 669 680 691 691 700 691 680 640 601 579 559 550 540
09 16 531 520 520 511 511 500 489 540 590 621 640 660 669 680 691 691 680 669 630 601 570 550 540 531
09 17 520 511 500 500 489 480 480 531 579 610 630 649 660 669 669 669 669 649 610 579 559 550 531 520
09 18 511 511 500 489 480 480 480 520 559 601 630 640 660 660 669 660 660 640 610 579 550 540 520 520
09 19 511 500 489 489 480 469 469 520 550 590 621 630 649 660 649 649 649 630 601 570 550 531 520 511
09 20 511 500 489 480 469 469 469 511 550 590 610 630 640 640 649 649 640 630 601 559 540 520 511 511
09 21 500 489 480 480 469 469 460 500 540 579 610 630 630 640 649 640 640 630 590 559 531 520 511 500
09 22 489 489 480 469 469 460 460 489 540 570 601 621 630 640 640 640 640 621 579 550 531 511 511 500
09 23 489 480 469 469 460 450 450 489 531 570 601 610 630 630 640 640 640 621 579 550 531 511 500 489
09 24 480 480 460 460 460 450 441 480 531 570 601 610 621 630 640 640 640 621 579 550 531 511 500 489
09 25 480 469 460 460 450 441 441 480 531 570 601 610 621 630 630 640 630 610 570 540 511 500 489 480
09 26 469 460 460 450 450 441 430 480 520 559 579 610 621 621 630 640 630 610 559 531 511 489 480 469
09 27 469 460 450 450 441 430 430 469 520 559 579 601 621 621 630 630 621 601 559 531 511 489 480 469
09 28 460 460 450 441 430 421 421 460 511 550 579 601 610 621 621 630 621 601 559 531 500 489 469 469
09 29 450 450 441 430 430 421 421 450 511 540 570 601 610 610 621 621 621 601 559 520 500 489 469 460
09 30 450 441 430 421 421 410 410 450 511 540 570 590 601 610 621 621 610 590 550 511 489 469 460 460
10 01 441 441 430 421 421 410 410 450 500 540 570 590 601 610 621 610 610 590 550 511 489 469 460 460
10 02 441 441 430 421 421 410 410 450 500 540 570 590 601 601 610 610 601 590 540 511 489 469 460 450
10 03 441 441 430 421 421 410 410 450 500 531 559 579 601 601 610 610 601 579 540 500 480 469 460 450
10 04 441 430 430 421 410 399 399 441 489 531 559 579 590 601 610 601 601 570 531 500 480 469 450 441
10 05 430 421 421 410 399 399 390 430 480 531 559 579 590 601 601 601 601 570 520 500 480 460 450 441
10 06 430 421 421 410 399 390 390 421 480 520 550 570 590 590 590 601 590 570 520 489 469 460 441 441
10 07 430 421 410 399 390 379 379 421 469 520 550 570 579 579 590 590 590 559 520 480 469 450 441 430
10 08 421 410 410 399 390 379 379 410 469 511 540 559 579 579 590 590 590 559 511 480 460 450 441 430
10 09 421 410 399 390 390 379 370 410 469 511 540 559 570 579 590 590 579 550 511 480 460 450 430 421
10 10 410 410 399 390 379 379 370 410 469 511 540 550 570 570 579 579 559 550 500 480 460 450 430 421
10 11 410 399 399 390 379 370 370 399 469 500 531 550 559 559 570 570 559 540 500 469 450 441 430 421
10 12 410 399 390 379 370 370 370 399 460 489 520 540 550 559 559 559 550 531 489 469 450 430 421 421
10 13 399 390 390 379 370 370 360 399 450 489 511 531 540 550 559 550 550 531 489 460 450 430 421 410
10 14 399 390 390 370 370 360 360 390 450 480 511 531 540 550 550 550 550 520 489 460 441 430 410 399
10 15 390 390 379 370 370 360 360 390 450 480 500 531 531 540 550 550 550 520 480 460 441 430 410 399
10 16 399 390 379 370 370 360 360 379 441 480 500 520 531 540 540 540 540 520 480 460 441 421 399 399
10 17 390 390 379 370 360 360 351 379 441 480 500 511 520 540 540 540 531 511 480 450 430 421 399 399
10 18 390 379 379 370 360 351 351 379 430 469 500 520 520 540 540 540 531 511 480 450 430 421 399 399
10 19 390 379 379 370 360 351 351 370 430 469 500 511 520 531 540 540 531 511 480 441 430 410 399 399
10 20 390 379 370 360 360 351 351 370 430 469 489 511 520 531 531 540 531 511 469 441 421 410 399 390
10 21 379 379 370 360 351 351 340 360 430 469 480 500 511 520 531 531 520 500 469 441 421 410 399 390
10 22 379 370 360 351 351 351 340 360 421 460 480 500 511 520 531 531 520 500 469 441 421 410 390 390
10 23 379 370 360 351 351 351 340 351 421 460 480 500 511 520 531 520 511 500 469 441 421 399 390 390
10 24 379 370 360 351 351 351 340 351 421 450 480 489 511 520 520 520 511 489 460 441 421 399 390 379
10 25 379 370 360 351 351 340 340 351 410 450 480 489 500 511 520 520 500 489 460 430 410 399 379 379
10 26 370 360 356 340 340 340 331 351 399 450 469 489 489 500 511 500 500 480 450 430 399 399 379 379
10 27 360 351 351 340 340 331 331 351 399 441 469 480 489 489 489 500 489 469 441 421 390 390 370 370
10 28 351 351 340 340 331 331 331 340 390 430 460 480 480 480 489 480 480 460 430 410 390 379 360 351
10 29 351 340 340 331 331 331 331 340 390 421 450 469 469 480 480 469 460 441 430 410 379 370 360 351
10 30 351 340 331 331 320 320 320 331 379 410 441 460 469 469 469 469 460 441 421 399 379 360 351 351
10 31 340 331 331 320 320 320 320 331 370 410 430 450 460 460 469 469 460 430 410 390 379 360 351 351
11 01 340 331 331 320 320 320 320 331 370 399 430 441 460 460 469 460 450 430 410 390 370 360 351 351
11 02 340 331 331 320 320 320 309 331 370 399 430 441 460 460 460 460 450 430 410 379 370 360 351 340
11 03 331 320 320 320 320 309 309 320 351 390 421 441 450 460 460 450 441 421 399 379 370 360 351 340
11 04 331 320 320 320 309 309 300 309 351 390 410 430 441 450 450 450 441 421 390 379 360 351 340 340
11 05 331 320 320 320 309 300 300 309 340 379 399 410 421 421 441 441 430 410 390 374 360 351 340 331
11 06 331 320 320 320 309 300 300 300 340 370 390 399 410 421 421 430 421 410 379 370 351 340 340 331
11 07 320 309 309 309 300 300 300 300 340 370 390 399 410 410 410 410 410 399 379 360 351 340 331 331
11 08 320 309 309 300 300 300 300 300 331 360 390 390 410 410 410 410 410 390 379 360 351 340 331 331
11 09 320 309 309 300 300 289 289 300 331 360 379 390 399 410 399 399 399 390 379 351 340 331 320 320
11 10 320 309 309 300 289 289 289 289 331 351 370 390 399 399 399 399 399 390 370 351 340 331 320 320
11 11 320 309 309 300 300 289 289 289 331 351 370 390 399 399 399 399 399 379 370 351 340 331 320 320
11 12 320 309 300 300 289 289 289 289 320 351 370 390 399 399 399 399 399 390 370 351 340 331 320 320
11 13 320 309 309 300 300 289 289 289 320 351 370 379 390 399 399 399 390 379 370 340 331 320 320 320
11 14 320 309 300 300 289 289 289 289 320 351 370 379 379 390 399 399 390 370 360 340 331 320 320 309
11 15 309 300 300 289 289 280 280 280 309 340 360 370 379 390 399 399 390 370 351 340 320 309 309 300
11 16 300 289 289 280 280 270 270 270 309 340 360 370 379 390 399 399 390 370 351 340 320 309 309 300
11 17 300 289 280 280 270 270 270 270 309 331 360 370 379 379 399 399 390 360 340 331 320 309 300 300
11 18 289 289 280 280 270 270 270 270 309 331 351 370 379 379 390 390 379 360 340 320 309 309 300 289
11 19 289 289 280 280 270 270 270 270 300 331 351 370 379 379 390 390 379 360 340 331 309 309 300 289
11 20 289 289 280 280 270 270 270 261 300 331 351 370 379 379 390 390 379 360 331 320 309 309 300 289
11 21 289 289 280 280 270 270 270 266 300 331 351 370 379 379 390 390 370 360 331 320 309 309 300 289
11 22 289 289 280 280 270 270 270 266 300 320 351 370 379 379 390 390 370 351 331 320 309 300 300 289
11 23 289 280 280 270 270 270 270 261 300 331 351 370 379 379 390 379 370 351 331 320 309 300 289 280
11 24 280 270 270 270 270 270 270 261 289 320 340 360 370 379 379 370 370 351 331 309 300 300 289 280
11 25 280 270 270 270 270 266 270 261 289 320 340 360 370 379 379 370 370 351 331 309 300 300 289 280
11 26 280 270 270 270 270 261 261 261 289 320 340 351 360 370 370 360 351 340 320 309 300 289 280 280
11 27 280 270 270 261 261 261 261 250 280 309 331 340 351 351 360 360 351 331 320 300 289 289 280 270
11 28 270 261 261 261 250 250 250 241 280 300 320 340 340 340 351 351 340 320 309 300 289 280 270 261
11 29 261 250 250 250 250 241 241 241 270 300 309 320 331 340 340 340 331 320 300 289 280 270 270 261
11 30 261 250 250 250 250 241 241 241 270 289 300 309 331 331 331 331 331 309 300 289 280 270 270 261
12 01 261 250 241 241 241 241 241 241 261 289 300 309 320 320 331 331 331 309 300 289 280 270 261 261
12 02 250 250 241 241 241 230 241 230 250 280 300 309 320 320 331 331 320 309 300 280 270 266 261 250
12 03 250 250 241 241 230 230 230 230 250 280 300 309 320 320 320 331 320 309 289 280 270 261 250 248
12 04 250 241 241 230 230 230 230 230 250 270 289 300 309 320 320 320 320 300 289 280 270 261 250 241
12 05 241 241 230 230 230 230 219 219 241 266 280 289 300 309 320 309 309 300 280 270 270 261 250 241
12 06 241 230 219 219 219 219 219 219 230 250 270 280 289 300 309 309 300 289 280 270 270 250 250 241
12 07 241 230 219 219 219 219 219 210 219 250 261 270 289 300 300 300 300 289 270 270 261 250 241 230
12 08 230 219 219 219 210 219 210 210 219 241 250 270 280 289 300 300 289 280 270 270 250 241 230 230
12 09 230 219 210 210 210 210 210 210 219 241 250 261 280 289 289 300 289 280 270 261 250 241 230 230
12 10 219 219 210 210 210 199 210 210 219 230 241 261 270 280 289 289 289 270 270 250 241 241 230 230
12 11 219 210 210 210 199 199 199 199 210 230 241 261 270 280 280 280 280 270 261 250 241 230 219 219
12 12 210 210 199 199 190 190 190 180 199 219 230 250 261 270 270 280 270 261 250 241 230 219 219 210
12 13 210 199 199 190 180 171 180 171 190 210 230 241 250 261 270 270 270 261 250 241 230 219 219 210
12 14 210 199 199 190 180 171 171 171 180 210 219 241 250 261 261 270 261 250 241 230 219 212 210 199
12 15 199 199 190 180 171 171 171 171 171 199 210 230 241 250 250 261 250 241 230 219 210 210 199 199
12 16 199 199 190 171 171 160 160 160 160 190 199 210 230 241 230 241 230 219 210 199 199 199 199 190
12 17 190 190 180 171 171 160 151 151 160 180 199 210 210 219 219 219 210 210 199 190 190 190 180 180
12 18 180 171 160 160 160 151 140 140 160 171 190 199 199 210 219 219 210 199 190 190 190 180 180 171
12 19 171 160 160 160 151 151 140 129 151 171 190 199 199 210 219 219 199 190 190 190 190 180 180 171
12 20 171 160 151 151 151 140 140 129 140 160 190 199 199 210 219 219 210 199 190 190 190 180 180 171
12 21 171 160 160 151 151 140 140 129 140 160 190 199 210 210 219 219 210 210 199 190 190 180 180 171
12 22 171 160 160 151 151 140 140 140 151 171 190 199 210 219 219 219 210 210 199 190 190 180 171 160
12 23 160 160 151 140 140 129 140 129 140 160 190 199 199 210 219 219 210 199 199 190 190 180 171 160
12 24 160 151 151 140 140 129 129 129 140 151 180 199 199 210 210 210 210 199 180 180 180 180 171 160
12 25 160 151 151 140 140 129 129 129 140 160 180 199 199 210 219 219 210 199 190 190 190 180 171 160
12 26 160 151 151 140 140 129 140 129 140 160 180 190 199 210 219 219 210 199 199 190 190 180 171 160
12 27 160 151 151 140 140 129 140 129 140 171 190 199 210 219 219 230 230 219 199 199 190 180 176 171
12 28 160 160 151 151 140 129 140 140 140 171 190 199 210 219 219 230 219 210 199 190 190 180 171 160
12 29 160 151 151 140 140 129 140 129 140 171 190 199 219 219 219 230 230 219 199 199 190 180 171 160
12 30 160 151 151 140 140 129 140 129 140 171 190 199 219 230 230 241 241 219 210 199 190 180 176 171
12 31 171 160 160 151 151 140 140 140 151 180 190 199 219 230 230 230 241 219 210 199 190 180 171 160
