01 01 340 338 331 320 320 309 309 302 340 370 399 421 441 450 460 450 450 430 410 399 379 374 360 351
01 02 340 338 338 320 320 309 309 302 340 370 410 430 450 460 460 460 460 430 410 399 390 374 360 356
01 03 340 340 338 331 320 320 309 309 340 370 399 430 450 459 460 460 460 441 410 399 390 374 360 351
01 04 338 338 320 320 309 309 302 302 331 360 399 421 441 450 460 459 450 430 410 392 379 374 356 351
01 05 338 331 320 320 309 309 302 302 331 360 390 421 430 446 450 450 446 428 399 390 379 370 351 351
01 06 331 320 320 320 302 302 300 300 320 360 390 421 430 441 450 450 446 428 399 390 379 360 351 351
01 07 338 320 320 320 309 302 300 300 320 360 390 421 430 446 450 450 446 428 399 390 379 370 356 351
01 08 338 331 320 331 309 309 302 300 320 360 390 421 430 450 460 460 460 430 410 392 379 370 356 351
01 09 340 331 320 320 309 302 300 300 320 360 390 410 430 446 459 459 460 428 410 392 379 370 356 351
01 10 338 331 320 320 302 300 300 300 320 360 390 410 430 441 450 459 460 430 399 392 379 370 356 351
01 11 338 331 320 320 309 300 300 300 320 360 390 410 430 446 460 460 460 441 410 399 379 370 360 351
01 12 340 338 331 320 309 309 300 300 320 360 390 410 430 450 460 460 460 441 399 392 379 370 360 351
01 13 340 338 331 320 309 302 300 300 320 360 390 410 430 446 450 460 460 430 410 392 379 370 356 351
01 14 338 331 320 320 309 302 300 300 320 356 379 410 428 441 450 450 450 428 399 390 374 360 351 340
01 15 331 331 320 320 309 300 289 289 320 356 390 410 428 441 450 450 450 430 399 390 374 360 351 351
01 16 331 331 320 320 309 300 289 300 320 356 390 410 428 441 450 460 460 430 399 390 374 360 351 351
01 17 340 331 320 320 309 302 300 300 320 356 390 410 430 446 450 460 460 441 410 390 379 369 356 351
01 18 340 338 331 320 309 302 300 300 320 356 390 410 430 450 460 460 460 446 410 392 379 370 370 356
01 19 351 340 331 331 309 309 300 300 331 360 390 410 430 450 460 464 460 450 421 399 379 370 360 351
01 20 351 340 331 320 309 309 300 300 331 360 390 421 441 450 464 469 464 450 421 399 390 370 360 351
01 21 351 340 331 329 309 309 300 300 331 360 390 421 441 450 464 469 469 450 421 410 390 370 370 360
01 22 351 340 331 329 309 309 300 300 331 360 390 421 430 450 464 469 469 450 421 410 390 374 370 360
01 23 351 340 338 331 309 309 302 302 331 360 392 421 430 450 464 464 464 450 421 410 390 374 370 360
01 24 351 351 338 331 320 320 309 309 331 360 392 421 441 460 469 469 469 450 430 410 399 379 370 360
01 25 356 351 351 338 331 320 320 309 340 379 399 428 441 464 469 469 469 450 430 410 399 390 379 370
01 26 360 351 351 340 338 320 320 309 351 379 410 430 446 464 469 480 478 460 430 419 399 390 374 370
01 27 360 351 351 340 338 320 320 309 351 379 410 430 450 469 469 480 480 460 441 421 399 392 379 370
01 28 360 356 351 340 340 331 320 320 356 379 410 441 460 469 480 480 480 464 446 421 410 399 379 370
01 29 370 360 351 351 340 331 331 320 360 390 421 441 460 469 480 482 480 464 450 428 410 399 390 374
01 30 370 360 356 351 340 338 331 331 360 390 421 441 460 469 469 480 480 464 446 428 410 399 390 379
01 31 370 360 356 351 340 338 331 331 360 390 421 441 460 469 469 480 480 464 441 428 410 399 390 379
02 01 370 370 360 360 351 340 338 331 360 390 421 441 460 469 480 480 480 464 446 430 410 410 392 379
02 02 374 370 360 360 351 340 338 338 370 392 421 441 460 469 480 480 480 469 446 430 410 399 390 379
02 03 370 370 360 360 351 340 340 340 360 392 421 450 460 480 480 482 482 480 450 430 410 410 399 379
02 04 379 370 360 360 351 351 340 340 370 392 421 450 464 480 480 482 482 480 446 430 410 410 399 379
02 05 379 370 360 360 351 351 340 340 360 392 421 446 460 469 480 482 482 469 446 428 410 399 392 379
02 06 374 370 360 360 351 340 338 338 360 390 421 441 459 469 480 480 480 469 441 428 399 399 390 379
02 07 370 370 360 356 351 340 338 331 360 390 421 441 459 469 480 482 482 469 441 428 410 399 390 379
02 08 370 370 360 356 351 340 338 338 360 390 421 441 459 469 480 480 480 464 441 428 410 399 390 379
02 09 370 360 356 356 340 338 338 331 360 390 410 430 450 464 469 469 480 464 441 421 399 399 390 379
02 10 360 360 356 351 340 338 331 331 360 390 421 441 450 469 480 480 480 464 441 428 410 399 392 379
02 11 370 360 360 356 340 340 338 338 370 392 421 450 460 480 489 482 482 469 446 428 410 399 392 379
02 12 370 360 360 356 351 340 340 338 370 399 421 450 460 480 500 482 482 469 450 430 421 410 392 379
02 13 374 360 360 356 356 340 340 340 370 399 430 460 469 482 500 500 489 480 460 430 428 410 399 392
02 14 379 374 370 360 360 351 340 340 374 399 430 460 480 500 511 511 511 500 469 441 430 410 399 392
02 15 390 374 370 360 360 351 351 340 379 410 441 464 482 511 518 518 511 500 469 450 441 428 410 399
02 16 390 379 374 370 360 360 351 351 390 421 446 469 489 511 518 518 511 500 469 460 446 428 421 399
02 17 390 379 374 370 360 360 356 356 392 421 446 469 500 511 518 518 511 500 480 460 446 430 421 410
02 18 392 379 379 374 360 360 360 360 399 421 450 469 500 518 520 518 511 500 480 464 450 430 428 410
02 19 399 390 379 379 370 370 360 370 399 428 459 480 500 520 520 520 518 500 482 469 460 441 428 421
02 20 410 399 390 390 379 374 370 370 399 428 460 482 511 520 531 531 531 518 482 469 460 441 430 421
02 21 421 410 399 390 390 379 374 379 410 430 469 500 511 531 536 536 531 518 489 480 464 450 430 430
02 22 428 410 399 392 390 379 379 390 421 441 469 489 511 531 531 531 531 518 489 469 464 450 439 430
02 23 428 410 399 392 390 379 379 390 421 441 469 500 518 531 531 531 531 518 500 480 469 450 441 441
02 24 428 421 399 392 390 390 379 390 421 450 480 500 518 536 536 540 531 520 500 480 469 460 446 441
02 25 428 421 410 399 392 390 379 390 428 450 480 500 518 536 540 540 531 520 500 482 469 460 446 441
02 26 430 421 410 399 392 390 388 392 430 460 482 511 531 536 550 550 550 536 500 489 469 460 450 446
02 27 430 421 410 399 392 390 390 399 441 460 482 511 531 536 550 550 550 536 500 489 469 460 450 441
02 28 430 421 410 399 392 392 390 399 441 460 482 511 531 536 540 550 540 531 500 482 469 460 450 441
03 01 430 421 410 399 392 390 379 392 428 446 480 500 520 536 540 550 536 531 500 482 464 460 446 441
03 02 428 410 399 399 392 390 379 392 428 446 480 500 520 536 540 540 540 531 500 482 464 460 446 441
03 03 430 421 399 399 392 390 379 392 428 446 480 500 518 531 540 540 536 531 500 482 464 450 441 441
03 04 428 410 399 392 390 379 379 392 421 446 480 500 518 531 540 540 536 529 500 482 464 450 441 430
03 05 428 410 399 392 390 379 379 392 421 446 480 500 518 531 540 540 536 520 500 480 464 450 441 430
03 06 421 410 392 392 390 379 379 392 428 450 480 500 518 531 536 540 540 529 500 482 469 460 446 441
03 07 430 410 399 392 390 390 379 399 441 460 482 511 531 536 550 550 540 531 500 489 469 460 450 441
03 08 430 410 399 392 390 390 379 399 430 460 489 518 531 540 550 550 550 531 511 489 469 460 450 441
03 09 430 421 399 399 390 390 379 410 441 469 500 520 540 550 554 559 550 536 511 500 480 460 450 441
03 10 441 421 410 399 392 390 388 410 446 469 511 520 540 550 559 559 550 540 520 500 480 469 450 441
03 11 441 421 410 399 392 390 390 421 450 482 511 531 554 554 570 570 570 554 531 511 489 469 464 450
03 12 441 430 421 410 399 392 390 421 460 489 518 540 559 559 570 570 570 554 536 518 500 480 469 460
03 13 450 430 428 421 410 399 392 421 460 489 511 531 554 559 570 570 570 554 531 511 500 480 469 450
03 14 446 430 421 410 410 399 399 421 460 489 511 531 550 559 559 570 559 550 531 511 489 480 469 459
03 15 446 430 430 421 410 399 399 421 460 489 511 531 540 559 570 570 559 550 536 511 500 480 469 460
03 16 450 430 430 421 410 399 399 430 460 489 511 531 550 559 570 570 570 559 540 511 500 480 469 460
03 17 450 430 430 421 410 410 399 430 464 489 518 531 550 559 570 570 570 559 540 520 500 489 469 460
03 18 450 430 430 421 421 410 410 441 469 500 520 540 559 570 572 579 572 559 540 520 511 500 482 469
03 19 469 450 441 430 430 428 421 450 480 511 531 550 570 579 579 590 579 570 550 531 518 509 489 478
03 20 469 460 441 441 430 430 428 450 482 511 536 550 572 590 599 601 590 572 550 536 520 511 500 480
03 21 478 460 446 441 441 441 428 450 489 518 536 554 572 590 601 601 590 579 550 536 520 511 500 489
03 22 480 464 459 446 441 441 430 460 489 520 540 559 579 590 601 608 599 579 559 540 529 511 500 489
03 23 480 464 460 450 446 441 441 460 500 520 540 570 579 590 601 610 601 579 559 540 529 518 500 489
03 24 480 469 460 450 446 441 441 460 500 520 540 559 579 590 601 610 601 579 554 536 520 511 500 489
03 25 480 469 460 450 446 441 441 464 500 520 540 570 579 601 608 610 601 590 559 540 531 511 500 489
03 26 480 469 460 450 446 441 441 469 500 520 550 570 590 601 608 610 601 590 568 550 531 511 500 489
03 27 480 469 460 450 446 441 441 469 500 520 550 570 590 601 608 610 601 590 570 550 531 518 500 489
03 28 480 469 464 450 450 446 441 469 500 531 550 570 590 608 610 621 610 601 570 550 536 529 511 500
03 29 489 480 469 460 450 446 441 480 511 540 559 579 601 610 621 626 621 610 579 550 540 531 518 500
03 30 500 480 469 460 460 450 450 489 511 540 559 579 601 621 630 630 626 610 590 559 550 536 520 500
03 31 500 480 469 469 460 450 450 489 518 540 559 590 608 626 630 639 626 621 601 559 550 540 520 511
04 01 500 480 480 469 460 450 450 489 520 550 570 599 610 630 640 640 630 621 601 572 559 540 529 511
04 02 500 480 480 469 460 460 450 489 520 550 570 601 619 630 640 640 630 621 601 570 554 540 529 511
04 03 500 480 480 469 460 460 450 489 520 550 570 601 619 630 644 640 630 621 601 570 559 540 531 511
04 04 500 482 480 480 469 460 460 500 531 550 570 599 610 630 640 640 630 621 601 572 559 540 531 511
04 05 500 480 480 480 464 460 460 500 531 554 579 599 619 630 640 640 630 621 601 579 559 540 531 518
04 06 509 489 482 480 469 460 460 500 531 559 590 601 621 640 644 644 630 626 601 579 559 540 531 520
04 07 511 489 489 480 469 460 469 500 531 559 590 608 626 640 644 644 630 626 608 579 559 550 531 520
04 08 511 489 489 480 469 464 469 509 536 559 590 610 626 640 649 649 640 630 610 579 570 550 536 531
04 09 518 500 489 480 469 464 469 511 540 559 590 610 630 640 644 649 640 630 610 590 570 554 540 531
04 10 520 500 489 489 469 469 469 511 540 572 601 621 630 644 649 649 644 630 610 590 570 554 540 536
04 11 520 500 500 489 480 469 478 518 550 579 608 621 630 649 649 649 649 640 621 590 572 559 549 536
04 12 520 500 500 489 480 469 478 518 550 579 608 626 640 649 660 649 649 640 621 590 579 559 549 540
04 13 520 509 500 489 480 478 480 520 554 590 610 630 640 649 660 660 649 640 626 601 579 568 550 540
04 14 531 511 500 489 489 480 480 531 559 601 621 640 649 660 669 662 660 649 630 608 590 570 554 540
04 15 531 520 511 500 489 489 489 531 568 601 630 640 660 669 680 669 669 649 630 610 590 572 559 550
04 16 531 520 511 500 489 500 500 536 570 601 630 644 660 680 680 669 669 660 640 610 599 579 559 550
04 17 536 531 520 511 500 489 500 540 570 610 630 649 660 680 680 669 669 660 640 610 601 579 570 550
04 18 536 531 520 511 500 500 511 550 579 610 639 660 669 680 680 680 680 669 644 621 601 590 579 559
04 19 540 540 531 520 500 500 511 554 601 621 640 660 669 680 691 680 680 669 649 621 601 590 579 559
04 20 540 540 531 520 511 511 518 559 601 626 644 660 680 691 691 691 680 680 649 621 608 590 579 559
04 21 540 540 531 520 511 511 520 559 601 630 649 662 680 691 698 691 691 680 649 621 610 590 579 570
04 22 550 540 536 520 518 518 531 570 601 630 649 669 680 698 700 698 691 680 658 630 610 599 579 570
04 23 554 550 540 531 520 520 531 570 610 640 660 669 680 691 698 698 691 680 660 630 610 601 590 572
04 24 570 554 550 540 536 531 536 579 610 640 660 680 691 700 700 700 691 680 660 640 621 610 590 579
04 25 570 559 550 540 540 531 540 590 621 640 669 680 691 700 700 700 698 680 669 644 626 610 601 579
04 26 572 559 554 550 540 531 550 590 626 649 669 680 691 700 709 700 700 691 669 644 626 610 601 590
04 27 579 559 559 550 540 536 550 590 626 649 669 691 691 700 711 711 700 691 680 649 630 619 608 590
04 28 579 570 559 550 550 536 550 601 630 658 680 691 698 700 711 711 700 691 680 649 630 621 608 590
04 29 579 570 559 554 550 540 550 601 630 660 680 691 700 700 711 711 700 691 680 649 640 621 610 590
04 30 579 570 559 559 550 540 550 601 630 662 680 700 700 711 716 711 700 691 680 658 640 621 610 601
05 01 590 570 570 559 550 540 559 601 630 662 691 700 711 711 720 716 711 698 680 660 640 626 621 601
05 02 590 579 570 559 550 550 559 610 640 669 691 700 716 716 720 720 716 700 689 660 644 630 621 601
05 03 601 579 572 559 554 550 570 621 644 680 691 711 716 716 720 730 720 711 691 669 649 630 621 608
05 04 601 590 572 570 559 554 572 621 649 680 698 711 720 720 730 730 720 711 691 669 649 630 626 610
05 05 601 590 579 570 559 559 579 626 649 680 698 711 720 720 730 730 720 711 698 669 660 640 630 610
05 06 601 590 579 579 570 559 579 630 662 680 700 711 720 730 730 730 730 716 700 680 660 640 630 621
05 07 610 590 590 579 570 570 590 630 662 680 700 716 730 734 734 734 730 720 711 680 662 644 630 621
05 08 610 601 590 579 579 570 590 640 669 691 711 720 734 739 739 739 734 720 711 680 669 649 640 621
05 09 610 601 601 579 579 572 590 640 669 698 716 720 739 739 739 739 734 730 711 680 669 649 640 621
05 10 610 608 601 590 590 579 601 640 669 698 716 720 739 739 739 739 734 730 711 691 669 660 640 630
05 11 621 610 601 590 590 590 601 644 669 700 720 730 750 750 750 739 739 730 716 698 680 660 644 630
05 12 621 610 601 599 590 590 608 644 669 700 720 730 750 750 750 750 739 730 716 698 680 660 649 630
05 13 621 610 608 601 601 590 608 644 669 700 720 734 739 750 750 750 739 730 716 698 680 660 649 640
05 14 626 621 610 601 601 590 610 644 680 700 720 734 739 750 750 750 739 730 716 700 680 662 649 640
05 15 626 610 610 601 601 590 610 649 680 700 720 734 750 750 750 750 739 730 716 700 680 669 649 640
05 16 630 621 610 601 601 590 610 649 680 700 720 739 750 750 752 750 739 734 720 700 691 669 660 644
05 17 630 626 610 608 601 601 610 649 691 711 730 739 750 750 752 750 750 734 720 700 691 669 660 644
05 18 630 630 621 610 608 601 610 660 691 711 730 739 752 759 759 752 750 739 720 700 691 680 662 649
05 19 640 630 626 621 610 601 621 660 698 720 730 750 752 759 759 759 750 739 730 711 698 680 662 660
05 20 644 640 630 621 610 610 630 662 698 730 739 752 759 770 770 759 752 750 730 711 698 680 669 660
05 21 644 640 630 626 621 610 630 669 700 730 739 759 759 770 770 759 759 750 734 711 700 691 669 662
05 22 649 644 630 626 621 610 640 669 700 730 739 752 759 770 770 759 759 750 734 716 700 691 680 662
05 23 649 644 630 626 621 610 640 680 700 730 739 752 759 770 770 759 752 750 730 716 700 698 680 669
05 24 649 644 640 626 626 621 640 680 711 730 739 752 759 770 770 770 759 752 734 720 700 698 680 680
05 25 660 649 640 630 630 621 640 680 711 730 750 752 770 770 770 770 759 752 734 720 700 700 691 680
05 26 669 649 649 640 630 621 649 691 711 730 750 759 770 781 770 770 759 759 739 720 711 700 691 680
05 27 669 660 649 640 630 630 660 698 716 734 750 770 770 781 781 770 759 759 739 730 711 700 698 680
05 28 680 662 660 644 640 640 662 700 720 739 759 770 781 781 781 781 770 759 750 730 716 711 700 691
05 29 680 669 660 660 644 644 669 700 730 750 759 770 788 788 781 781 770 759 750 734 716 711 700 691
05 30 680 680 669 660 660 649 669 711 734 750 770 770 790 790 788 781 770 770 752 734 730 716 711 700
05 31 691 680 680 660 660 660 680 711 734 752 770 770 790 790 788 788 770 770 752 739 730 716 711 700
06 01 691 680 680 669 662 660 680 711 734 750 770 770 790 788 788 781 770 770 759 739 730 720 711 700
06 02 698 691 680 680 669 660 680 711 734 752 770 781 790 790 788 790 781 770 759 739 730 720 711 700
06 03 700 698 691 680 669 669 680 716 734 752 770 781 790 790 788 790 781 770 759 739 730 720 711 711
06 04 700 698 691 680 680 669 691 716 734 752 770 770 790 790 790 790 781 770 759 750 734 720 716 711
06 05 700 700 691 691 680 669 698 716 739 752 770 770 790 799 790 790 781 770 759 748 734 730 720 711
06 06 700 700 691 691 680 680 698 716 739 759 770 781 790 801 790 790 781 781 759 750 734 730 720 711
06 07 700 700 691 691 680 680 698 720 750 759 770 781 790 801 790 790 788 781 759 750 739 730 729 716
06 08 711 700 691 691 680 680 700 720 750 759 781 788 790 801 801 790 790 781 770 750 739 734 730 720
06 09 716 700 700 698 691 680 700 730 752 770 781 790 790 801 801 801 790 781 770 752 739 734 730 720
06 10 716 700 700 700 691 680 700 730 752 770 781 790 790 801 801 799 790 781 770 752 739 739 730 720
06 11 720 711 700 700 698 691 700 730 752 770 781 790 790 799 801 790 790 781 770 752 739 739 730 720
06 12 720 711 700 700 698 691 700 730 750 770 781 790 790 790 801 799 788 781 770 752 739 739 730 720
06 13 720 711 700 700 698 691 711 730 752 759 781 790 790 801 801 801 790 781 770 752 750 739 730 720
06 14 720 711 709 700 700 691 711 730 752 770 781 790 790 790 801 801 790 781 770 759 750 739 730 730
06 15 720 711 711 709 700 698 711 730 759 770 781 790 790 790 801 801 790 781 770 759 750 739 730 730
06 16 720 711 711 711 700 700 720 734 759 770 781 790 790 790 801 801 790 781 770 759 750 739 730 730
06 17 720 711 711 711 700 700 720 739 759 770 781 790 788 790 801 801 790 781 770 759 750 739 730 730
06 18 720 711 711 711 700 700 720 739 759 770 781 788 790 790 801 801 790 781 770 759 750 739 730 730
06 19 729 720 711 711 700 700 720 739 759 770 781 790 788 790 801 801 790 781 770 759 750 739 734 730
06 20 730 720 711 711 700 700 720 739 759 770 781 781 788 788 790 799 790 781 770 759 750 739 739 730
06 21 730 720 716 711 711 711 720 739 759 770 781 781 788 788 801 790 788 781 770 759 750 739 739 739
06 22 730 720 720 711 711 711 720 739 759 770 781 781 781 790 801 799 790 781 770 759 750 750 739 739
06 23 730 720 720 711 711 711 720 750 759 770 781 781 781 781 790 790 790 781 770 759 750 750 739 739
06 24 730 720 720 716 711 711 720 748 759 770 781 781 788 781 799 790 781 781 770 759 750 750 739 739
06 25 730 730 720 716 711 711 720 750 759 770 781 788 790 781 790 790 781 781 781 759 750 750 739 739
06 26 730 730 720 716 711 711 720 750 759 770 781 781 790 788 790 790 781 781 770 759 750 750 739 739
06 27 730 730 720 720 716 711 730 750 759 770 781 788 790 788 790 790 781 781 770 759 750 750 739 739
06 28 730 730 730 720 720 720 730 750 770 770 781 781 790 781 788 790 781 781 770 759 750 750 739 739
06 29 730 730 730 720 720 720 730 752 770 781 781 781 788 781 788 788 781 781 770 759 750 750 739 739
06 30 730 730 730 720 720 720 730 752 770 781 781 781 790 788 788 788 781 781 770 759 750 750 739 739
07 01 730 730 730 720 720 720 734 752 770 781 790 781 790 788 788 788 781 788 781 759 750 750 739 739
07 02 734 730 730 720 720 720 734 759 770 788 790 788 790 790 790 788 781 788 781 759 750 750 739 739
07 03 734 730 730 729 720 720 734 759 770 790 790 788 801 788 790 788 781 781 770 759 750 750 739 739
07 04 734 734 730 730 720 720 739 759 781 790 790 790 801 790 790 790 788 790 781 759 752 750 748 739
07 05 734 734 730 730 729 720 739 759 781 801 790 790 801 790 790 788 788 788 770 759 750 750 748 739
07 06 739 734 730 730 729 730 739 759 781 801 801 790 801 790 790 788 788 788 770 759 752 750 739 739
07 07 734 730 730 730 729 729 739 759 781 801 801 801 801 790 790 788 788 781 770 752 752 750 748 739
07 08 739 734 730 730 730 730 739 759 781 801 806 801 801 801 790 790 788 781 770 752 750 750 739 739
07 09 739 734 730 730 730 730 739 759 781 801 806 801 806 801 790 788 788 781 770 759 752 750 739 739
07 10 739 734 730 730 730 730 739 759 781 801 810 806 806 801 790 781 788 781 770 759 752 750 739 739
07 11 739 734 730 730 730 730 739 759 781 801 810 806 806 801 790 781 781 781 770 759 759 750 748 739
07 12 739 734 730 730 730 730 739 759 781 801 806 801 806 801 801 781 781 781 770 759 752 750 750 739
07 13 739 734 730 730 730 730 739 759 781 801 810 810 806 806 806 781 781 781 770 759 759 752 750 739
07 14 739 734 730 730 730 730 739 759 781 801 810 810 806 806 806 788 781 781 770 759 759 752 750 739
07 15 739 739 734 730 730 730 739 759 788 801 810 810 806 806 810 790 781 781 770 759 759 752 750 739
07 16 739 739 734 730 730 730 739 759 788 801 810 810 801 801 801 781 781 770 770 759 759 750 750 739
07 17 739 739 739 730 730 730 739 759 781 790 806 801 801 801 801 781 781 770 770 759 759 750 750 739
07 18 739 739 739 730 730 730 739 759 781 790 806 801 801 801 801 781 781 770 770 759 759 750 750 739
07 19 739 739 739 730 730 730 739 759 781 790 801 801 790 801 801 781 781 770 759 759 759 750 750 739
07 20 739 739 739 730 730 730 739 759 781 788 801 790 790 801 801 781 781 770 770 759 759 752 750 748
07 21 739 739 739 730 730 730 739 759 781 790 801 790 790 801 801 781 781 781 770 759 759 752 750 748
07 22 739 739 739 730 730 730 739 759 788 790 801 801 790 801 801 781 781 781 770 759 759 752 750 748
07 23 739 739 739 730 730 730 739 759 781 790 801 790 790 790 790 781 781 781 770 759 759 752 750 750
07 24 739 739 739 730 730 730 739 759 770 788 790 788 788 790 788 781 781 781 770 759 759 752 750 750
07 25 739 739 739 730 730 730 739 759 770 788 790 781 781 781 788 781 770 770 770 759 759 752 750 748
07 26 739 739 739 730 730 730 739 759 770 781 788 781 781 781 781 781 770 770 759 759 752 750 750 739
07 27 739 739 739 730 730 730 734 752 770 781 788 781 781 781 781 781 770 770 759 759 752 750 750 748
07 28 739 739 739 730 730 730 734 752 770 781 788 781 781 781 781 781 770 770 759 759 759 750 750 739
07 29 739 739 739 730 730 730 739 752 770 781 781 781 781 781 781 781 770 770 759 759 759 750 750 750
07 30 739 739 739 730 730 730 739 752 770 770 781 781 781 781 781 781 770 770 759 759 759 750 750 750
07 31 739 739 734 730 730 730 734 750 770 770 781 781 781 781 781 788 781 770 770 759 759 752 750 750
08 01 739 739 734 730 730 730 734 750 770 781 781 781 781 770 781 788 781 770 770 759 759 752 750 750
08 02 739 739 734 730 730 730 730 752 770 781 781 781 770 781 781 781 781 770 770 759 759 752 750 750
08 03 739 739 734 730 730 730 730 750 770 781 781 788 781 781 781 781 781 770 770 759 759 750 750 748
08 04 739 739 734 730 730 720 730 750 770 781 781 788 781 781 781 781 781 770 770 759 752 750 750 739
08 05 739 739 734 730 730 720 730 750 770 781 781 788 781 781 770 781 781 770 770 759 752 750 750 739
08 06 739 739 730 730 730 720 730 750 770 781 781 788 781 781 770 781 781 770 770 759 752 750 750 739
08 07 739 739 730 730 720 720 730 750 770 781 781 781 781 781 781 781 781 770 770 759 752 750 750 739
08 08 739 739 730 730 720 720 730 750 770 781 781 790 788 781 790 788 781 770 770 759 759 750 750 739
08 09 739 739 730 730 720 720 730 750 770 781 781 790 790 790 790 788 788 781 770 759 759 750 750 750
08 10 739 734 730 730 720 720 720 750 770 781 788 790 790 790 790 788 790 781 770 759 759 752 750 750
08 11 739 739 730 730 720 720 720 750 770 781 788 790 790 801 790 788 788 781 770 759 759 752 750 750
08 12 739 739 730 730 720 720 720 750 770 781 788 790 801 801 790 788 788 781 770 759 759 750 750 739
08 13 739 734 730 720 720 716 720 750 770 781 790 790 801 801 790 788 788 781 770 759 759 752 750 739
08 14 739 734 730 720 720 716 720 750 770 788 790 801 801 801 790 781 788 781 770 759 759 750 750 739
08 15 739 730 730 720 720 716 720 750 770 788 790 801 801 801 790 781 788 781 770 759 759 750 750 739
08 16 739 730 730 720 720 711 720 750 770 788 790 801 801 801 790 781 788 781 770 759 759 750 750 739
08 17 739 730 730 720 720 711 720 750 770 788 790 801 806 806 801 788 788 781 770 759 759 750 750 739
08 18 739 730 730 720 720 711 720 750 770 788 790 806 806 806 801 788 790 781 770 759 759 750 750 739
08 19 739 730 730 720 720 711 720 750 770 788 790 810 820 806 806 790 790 788 770 759 759 750 750 739
08 20 739 730 730 720 720 711 720 750 770 788 801 820 820 806 806 790 790 788 770 759 759 752 750 739
08 21 739 730 730 720 720 720 720 750 770 788 801 820 820 810 806 790 790 788 770 759 759 752 750 739
08 22 739 730 730 720 720 720 720 750 770 788 801 820 820 810 806 790 790 788 770 759 759 752 750 739
08 23 739 730 730 720 720 720 720 739 770 788 801 820 820 810 806 790 790 781 770 759 752 750 750 739
08 24 739 730 730 720 720 716 720 739 759 788 801 810 820 810 801 788 790 781 770 759 752 750 739 739
08 25 739 730 730 720 720 716 720 739 759 781 790 806 810 810 801 790 790 781 770 759 752 750 739 739
08 26 734 730 730 720 720 716 720 739 759 770 790 801 810 810 801 790 788 781 770 759 752 750 739 739
08 27 739 730 730 720 720 716 720 739 759 770 790 801 810 810 801 790 790 781 770 759 752 750 739 739
08 28 739 730 730 720 720 716 720 734 752 770 790 801 810 810 801 790 790 781 770 759 752 750 739 739
08 29 739 730 730 720 720 716 720 734 750 770 790 801 810 810 801 790 790 781 770 759 750 750 739 739
08 30 734 730 729 720 716 711 711 730 750 770 788 801 810 806 801 790 790 781 770 759 750 739 739 734
08 31 734 730 720 720 711 711 711 730 748 759 781 790 806 806 790 790 790 781 770 759 750 739 739 734
09 01 730 730 720 720 711 711 711 730 739 759 781 790 801 801 788 788 788 781 770 752 750 739 734 734
09 02 730 720 720 716 711 711 711 729 739 759 781 790 801 801 788 781 788 770 759 752 750 739 734 734
09 03 730 720 720 716 711 711 709 729 739 759 781 790 801 801 788 781 781 770 759 750 739 739 734 730
09 04 730 720 720 711 711 709 700 720 739 759 770 790 801 801 788 781 781 770 759 750 739 739 734 730
09 05 720 720 716 711 711 700 700 720 739 759 770 788 801 801 781 781 781 770 759 750 739 739 734 730
09 06 729 720 716 711 711 700 700 720 739 759 770 788 801 801 788 781 781 770 759 750 739 739 734 730
09 07 720 720 716 711 711 700 700 720 739 752 770 790 801 801 788 790 788 770 759 752 739 739 734 730
09 08 720 720 716 711 711 700 700 720 739 752 770 790 801 801 790 790 788 770 759 750 739 739 734 730
09 09 720 716 711 709 700 700 698 720 739 750 770 790 790 801 790 790 788 770 759 750 739 734 730 730
09 10 720 711 700 700 698 691 691 711 730 750 770 788 790 801 790 790 788 770 759 750 739 730 730 720
09 11 716 711 700 698 691 691 680 711 730 750 759 781 788 801 790 790 788 779 759 750 739 730 720 720
09 12 716 700 700 691 691 680 680 700 730 750 759 781 788 801 790 790 790 781 759 750 739 730 720 716
09 13 711 700 698 691 680 680 680 700 720 739 759 770 788 801 790 801 790 781 759 750 739 730 720 716
09 14 711 700 698 691 680 669 669 691 720 739 759 770 781 801 790 790 788 779 759 750 739 730 720 711
09 15 711 700 691 691 680 669 669 691 720 739 759 770 781 790 790 790 781 770 759 739 730 730 720 711
09 16 700 698 691 680 669 662 660 691 716 739 759 770 781 790 790 790 781 770 752 739 730 720 711 700
09 17 700 691 680 680 662 660 660 680 711 734 752 770 781 788 790 790 781 770 750 739 720 711 700 691
09 18 691 680 662 660 660 649 649 669 700 730 750 770 770 781 781 781 779 759 748 734 716 700 691 680
09 19 669 660 649 649 644 640 630 660 691 720 739 759 770 770 781 781 770 759 734 720 711 691 680 669
09 20 649 644 640 630 626 619 610 649 680 716 739 759 770 770 781 781 770 759 730 711 700 680 662 649
09 21 644 630 630 626 621 608 608 640 680 711 739 752 770 770 781 781 770 759 720 711 691 669 660 649
09 22 630 626 626 621 610 601 601 630 669 700 730 750 759 759 770 770 770 752 720 700 691 669 660 644
09 23 630 621 621 610 601 601 601 626 669 700 720 739 752 759 770 770 770 750 720 698 680 660 649 640
09 24 621 610 610 608 601 590 590 621 660 700 720 739 750 759 770 770 759 750 716 691 669 660 640 630
09 25 621 610 608 601 590 590 590 621 660 691 720 739 750 759 770 759 759 739 711 680 669 649 640 621
09 26 621 610 601 601 590 590 579 610 649 680 716 734 750 759 759 759 750 739 700 680 660 649 640 621
09 27 610 608 601 601 590 579 579 610 649 680 711 730 748 752 759 759 750 739 700 669 660 649 630 621
09 28 610 601 601 590 590 579 572 610 644 680 711 730 739 750 752 759 750 739 700 669 649 644 630 621
09 29 610 601 601 590 579 579 570 610 640 680 700 720 739 750 750 752 750 730 698 662 644 640 626 610
09 30 610 601 590 579 579 572 559 608 640 669 700 720 734 750 750 750 739 730 691 660 640 630 621 610
10 01 610 601 590 579 579 570 559 601 640 669 700 711 730 739 750 750 739 720 691 660 640 630 621 610
10 02 601 601 590 579 579 570 559 601 630 662 691 711 730 739 739 739 734 716 691 660 640 630 621 610
10 03 601 601 590 579 579 570 559 601 630 669 700 711 730 739 739 739 730 716 680 660 640 630 621 610
10 04 601 599 590 572 579 570 559 601 630 669 691 711 730 739 739 739 730 711 680 660 640 630 621 610
10 05 601 590 579 570 572 559 559 590 626 660 691 700 720 730 739 739 730 711 680 649 640 630 610 608
10 06 601 590 579 570 570 554 550 590 621 660 680 700 720 730 734 730 730 711 669 644 630 621 608 601
10 07 590 572 570 570 559 550 550 579 621 649 669 691 711 730 730 730 720 700 669 640 626 610 601 590
10 08 579 570 570 559 554 550 540 572 610 649 669 691 711 720 730 730 720 700 660 630 621 608 590 579
10 09 579 570 559 559 550 540 536 570 610 640 669 691 711 720 730 730 711 700 660 630 621 601 590 579
10 10 570 559 554 550 540 531 531 559 601 640 662 680 700 716 720 720 711 691 649 626 610 601 579 570
10 11 570 559 550 540 540 531 520 559 601 640 660 680 700 711 720 720 711 691 640 621 608 590 579 570
10 12 570 559 550 540 536 520 518 550 590 630 660 680 700 711 720 716 711 680 640 621 601 590 579 559
10 13 554 559 540 531 520 518 511 540 590 626 649 669 700 711 716 711 700 680 630 610 590 579 570 559
10 14 550 550 540 531 520 511 500 536 590 621 649 669 700 711 716 711 700 680 630 610 590 579 570 559
10 15 550 550 536 531 520 511 500 531 579 621 649 669 698 700 711 711 700 669 621 601 590 572 570 554
10 16 550 540 531 520 520 500 500 531 579 621 649 669 680 698 700 700 691 660 621 601 579 570 559 550
10 17 540 531 520 520 500 500 500 520 572 610 640 660 680 691 698 698 680 658 621 601 579 570 559 540
10 18 540 531 520 518 500 500 489 520 570 608 630 649 669 680 680 691 669 640 610 590 570 559 550 540
10 19 536 520 518 511 500 500 489 520 559 601 626 649 662 680 680 680 669 640 608 590 568 554 540 540
10 20 531 520 511 500 500 489 482 518 554 590 621 644 649 662 669 669 660 630 601 572 559 540 536 531
10 21 520 511 511 500 489 482 480 511 550 590 621 640 649 662 662 662 660 630 599 570 554 540 531 531
10 22 518 511 500 500 489 480 469 500 550 579 621 640 649 662 662 662 649 630 590 559 550 536 531 520
10 23 518 511 500 489 489 480 469 500 550 579 610 630 649 662 662 660 649 630 579 559 550 531 531 520
10 24 518 511 500 489 489 480 469 500 550 579 610 630 649 662 662 660 649 626 579 559 540 531 531 511
10 25 511 500 500 489 489 480 469 500 550 579 610 630 644 660 662 660 649 626 579 559 540 531 520 511
10 26 511 500 500 489 482 480 469 500 550 579 608 626 630 649 660 658 644 626 579 554 540 520 518 500
10 27 511 500 500 482 482 480 469 500 540 572 601 626 630 649 649 644 640 621 579 554 536 520 518 500
10 28 500 500 489 482 480 469 464 500 540 570 601 621 630 644 649 640 630 610 572 554 536 520 518 500
10 29 500 489 482 480 469 464 460 489 536 559 590 610 626 640 644 639 626 608 570 540 531 518 511 500
10 30 489 489 480 469 464 460 459 480 520 550 579 601 621 630 640 630 626 590 554 540 531 511 500 489
10 31 482 469 469 460 450 441 441 464 511 540 570 590 610 626 630 626 621 579 550 536 520 511 500 489
11 01 480 469 464 460 446 441 430 460 511 536 570 590 610 621 626 626 621 579 550 536 518 500 489 482
11 02 480 464 464 460 446 441 430 450 500 536 570 590 610 621 626 626 621 572 550 536 518 500 489 482
11 03 480 464 464 446 446 441 430 450 500 520 554 590 608 610 626 626 610 572 540 531 518 500 489 480
11 04 469 464 460 446 446 441 430 446 489 520 554 590 601 610 621 621 610 572 536 531 511 500 489 480
11 05 469 464 450 446 446 430 428 446 482 520 554 579 601 610 621 621 610 570 536 520 509 500 482 469
11 06 464 460 450 441 441 428 421 441 482 518 550 572 590 608 610 610 608 570 536 518 500 482 480 464
11 07 460 450 446 441 430 421 421 430 480 511 550 572 590 608 610 610 608 559 531 511 500 480 469 460
11 08 450 446 441 430 428 419 410 430 480 509 540 570 590 608 608 610 601 554 529 511 489 480 469 460
11 09 450 446 441 430 428 410 410 428 469 509 536 559 579 601 608 608 579 550 520 500 489 469 469 460
11 10 446 441 441 428 410 410 392 428 464 500 531 554 572 590 601 601 579 549 520 500 482 469 460 450
11 11 446 439 430 421 410 410 392 421 464 500 529 554 572 590 601 601 572 540 520 500 482 469 460 450
11 12 446 441 430 421 410 410 392 421 464 500 520 550 572 590 599 599 572 540 518 500 480 469 460 450
11 13 446 441 430 421 410 410 392 421 464 500 520 550 572 590 601 601 572 540 518 500 482 469 460 450
11 14 446 441 430 421 410 410 392 410 460 489 520 550 559 579 590 590 570 536 511 500 480 464 460 450
11 15 441 430 430 421 410 399 392 410 460 489 520 550 559 579 590 590 570 531 500 489 480 460 450 441
11 16 430 428 421 421 410 399 390 410 450 489 520 540 559 579 590 590 570 531 500 489 469 460 450 441
11 17 430 428 421 421 399 399 390 399 450 482 518 536 554 572 590 579 570 531 500 482 469 460 450 441
11 18 430 421 421 410 399 392 390 399 446 480 511 531 550 570 579 579 559 529 500 482 469 459 446 441
11 19 428 421 421 410 399 392 388 399 441 480 511 531 550 572 579 579 570 531 500 482 464 459 446 441
11 20 428 421 410 410 399 392 388 399 441 480 511 531 550 570 579 572 559 520 500 480 464 450 446 430
11 21 428 421 410 410 399 392 388 392 441 480 511 531 550 570 570 572 559 518 489 469 460 450 441 430
11 22 428 421 410 399 392 390 379 390 441 480 500 531 540 559 570 570 554 518 489 469 460 450 441 430
11 23 421 421 410 399 392 390 379 379 430 480 500 531 540 559 570 570 554 518 489 469 460 446 441 430
11 24 421 421 410 399 392 390 379 379 430 469 500 531 540 559 570 570 554 518 489 469 460 446 441 430
11 25 421 419 410 399 392 390 379 379 430 469 500 531 540 559 570 570 554 518 489 464 459 446 439 428
11 26 421 410 399 392 390 390 379 379 430 469 500 531 540 559 570 570 550 511 482 464 459 446 439 428
11 27 421 410 399 390 390 379 379 379 430 469 500 520 540 559 570 570 550 511 480 460 450 441 428 421
11 28 410 410 399 390 390 379 370 374 421 460 489 518 536 550 559 550 550 500 480 460 441 430 421 410
11 29 399 392 390 390 379 370 369 370 421 450 482 511 531 550 559 550 540 500 469 450 441 430 421 410
11 30 399 392 390 388 379 370 360 360 410 446 480 511 520 540 540 540 540 489 464 450 430 430 410 410
12 01 399 390 390 379 370 370 360 360 410 441 480 500 520 540 540 540 531 489 460 446 430 430 410 399
12 02 392 390 379 379 370 370 356 360 410 441 469 500 520 540 540 540 531 489 460 441 430 421 410 399
12 03 392 390 379 379 370 370 360 360 410 441 469 500 511 531 536 536 520 482 450 441 430 421 410 399
12 04 392 379 379 379 370 360 356 360 399 430 464 482 511 520 531 531 518 480 450 441 430 410 399 399
12 05 390 379 379 374 370 360 360 360 399 430 460 480 500 518 520 520 511 469 446 430 428 410 399 392
12 06 390 379 374 374 360 360 356 356 392 428 450 469 500 511 518 518 500 469 446 430 428 410 399 392
12 07 390 379 374 374 360 360 356 356 390 421 450 469 489 509 518 511 500 464 441 430 421 410 399 390
12 08 379 374 370 370 360 356 356 356 390 421 446 464 489 500 518 511 500 464 441 428 421 410 399 390
12 09 379 370 370 360 356 356 340 351 390 410 441 464 482 489 511 511 500 460 441 421 410 399 399 379
12 10 374 369 360 356 351 351 340 340 379 410 430 460 480 482 500 500 489 459 430 421 410 399 390 379
12 11 374 360 360 356 351 351 340 340 374 399 430 450 469 482 500 489 489 450 430 421 410 399 390 379
12 12 374 360 360 351 351 340 338 338 374 399 430 450 469 482 489 482 482 450 430 421 410 392 390 374
12 13 370 356 356 351 340 340 331 331 370 399 421 446 460 469 482 482 480 450 428 421 410 392 379 374
12 14 370 356 356 351 340 340 338 331 370 399 428 450 460 480 489 489 480 450 421 421 399 390 379 379
12 15 370 356 356 351 340 340 338 338 370 399 421 446 460 469 480 480 469 450 421 410 399 390 379 374
12 16 370 356 356 351 340 331 331 331 370 399 421 441 450 460 469 464 460 441 421 410 392 390 374 370
12 17 370 351 351 340 340 331 331 320 370 392 410 430 441 450 460 460 450 430 410 399 390 379 370 370
12 18 360 351 340 338 331 331 320 309 351 390 399 421 430 446 450 450 446 421 399 399 379 374 360 360
12 19 351 340 340 331 320 320 309 309 349 379 399 421 430 441 450 450 446 421 392 390 379 370 360 351
12 20 351 340 338 331 320 320 309 309 340 374 399 421 430 450 460 460 450 430 399 399 379 370 360 351
12 21 351 340 340 331 320 320 309 309 349 379 399 428 430 450 460 460 450 430 399 399 388 374 360 356
12 22 351 340 340 331 331 320 309 309 340 379 399 430 441 460 460 460 460 441 410 399 390 379 360 360
12 23 351 340 340 331 331 320 320 309 340 379 399 421 430 459 460 460 450 441 410 399 390 379 360 360
12 24 351 340 340 331 320 320 309 309 340 374 399 421 430 450 460 450 450 430 399 399 390 379 360 360
12 25 351 340 340 331 331 320 320 309 340 379 399 421 430 450 460 450 450 430 399 399 390 379 369 360
12 26 351 351 340 331 331 320 320 309 340 374 399 421 430 450 460 450 450 430 399 392 390 374 360 351
12 27 351 340 340 331 320 331 320 309 340 370 399 410 430 441 450 450 446 428 399 390 379 374 360 351
12 28 351 340 338 320 320 320 309 309 340 369 399 419 430 441 450 450 441 428 399 390 379 370 360 351
12 29 340 338 331 320 309 309 300 300 338 360 390 410 430 441 450 450 441 421 392 379 379 360 356 351
12 30 340 338 331 320 320 309 302 300 340 360 399 419 430 441 450 450 446 428 399 390 379 370 360 351
12 31 340 340 331 320 320 309 302 302 340 370 399 421 430 450 460 450 450 430 399 392 379 370 360 351
