01 01 109 104 100 100 100 90 90 81 86 100 109 140 160 180 190 199 199 190 180 160 140 129 129 120
01 02 120 109 109 100 100 100 90 81 81 100 109 140 160 180 190 199 199 190 180 160 140 129 129 120
01 03 109 100 100 100 90 90 81 81 81 90 109 140 160 180 190 199 199 190 171 151 140 129 120 120
01 04 109 100 100 90 90 90 81 70 81 90 109 140 160 171 190 199 190 190 171 151 140 129 120 120
01 05 100 100 100 90 90 81 70 70 61 90 100 140 160 171 190 190 190 180 160 140 129 129 120 109
01 06 100 100 90 90 81 81 70 70 61 90 100 140 151 160 180 180 190 180 160 140 129 129 120 109
01 07 100 100 90 90 81 81 70 70 61 90 100 140 151 160 180 180 180 171 151 140 129 129 120 109
01 08 100 100 90 90 81 81 81 70 61 90 100 129 151 160 171 180 180 171 151 140 129 120 109 109
01 09 100 90 90 90 70 70 70 61 61 81 100 120 140 160 171 180 180 171 151 140 129 120 120 109
01 10 90 90 90 90 70 70 61 61 61 81 100 120 140 160 171 180 180 171 151 140 129 120 120 109
01 11 90 100 90 90 81 70 70 61 61 81 90 120 140 160 171 180 180 171 151 140 129 120 120 109
01 12 90 100 100 90 81 70 70 61 61 81 90 120 140 160 160 180 180 171 151 140 129 120 120 109
01 13 90 90 90 90 70 70 61 50 61 70 90 120 140 160 160 180 180 171 151 140 129 120 120 109
01 14 90 90 90 90 81 70 70 61 61 81 100 129 151 171 180 190 190 180 160 151 129 120 120 120
01 15 100 109 109 100 90 81 81 81 81 90 120 140 160 180 190 194 190 180 171 160 140 129 120 120
01 16 120 120 109 100 90 81 81 81 81 90 120 140 160 180 180 190 190 180 171 160 140 129 120 120
01 17 109 109 109 100 90 81 81 81 81 90 129 140 160 180 190 199 199 190 171 160 151 129 120 120
01 18 120 120 109 100 90 90 90 90 90 100 129 140 160 180 190 199 199 190 171 160 140 129 120 120
01 19 120 120 109 100 90 90 90 90 90 109 129 140 160 180 190 194 190 180 171 158 140 129 120 120
01 20 120 120 109 100 90 86 90 90 90 100 120 140 160 180 190 199 190 180 171 158 140 129 129 120
01 21 120 120 109 100 90 90 90 90 90 109 129 151 171 180 190 210 199 190 171 160 151 129 129 129
01 22 129 120 109 100 90 90 90 90 90 109 129 151 171 180 190 210 199 199 180 160 151 140 129 129
01 23 129 120 109 100 90 90 90 90 90 109 129 151 171 190 190 210 210 199 180 160 151 140 129 129
01 24 120 120 109 100 100 90 90 90 90 109 129 160 171 190 199 210 210 199 180 160 151 140 140 129
01 25 129 120 109 100 100 100 100 100 100 120 140 160 180 190 199 210 210 199 180 160 151 151 140 129
01 26 129 120 109 100 100 100 100 100 100 120 129 158 171 190 190 210 210 199 180 160 151 140 140 129
01 27 129 120 109 109 100 100 90 90 100 109 129 151 171 190 190 210 210 199 180 160 151 151 140 129
01 28 129 120 120 109 100 90 90 90 90 109 129 151 171 180 190 210 210 199 180 160 151 140 129 129
01 29 129 120 120 109 100 90 90 90 90 100 120 140 160 180 190 199 199 190 171 160 140 129 129 120
01 30 120 109 109 100 100 81 90 81 81 100 120 140 160 171 190 199 199 190 171 158 140 129 120 109
01 31 109 109 100 100 90 81 81 81 81 90 109 140 160 180 190 199 199 190 171 158 140 129 120 109
02 01 109 100 100 100 90 81 81 81 81 90 109 140 160 171 190 190 194 180 171 151 140 129 120 109
02 02 109 100 100 100 90 81 70 70 70 90 109 140 160 171 190 190 190 180 171 151 140 129 120 109
02 03 100 100 100 100 90 81 70 61 70 90 109 140 160 171 190 190 199 190 171 160 140 120 120 109
02 04 100 100 100 100 90 81 70 61 70 90 109 140 160 171 190 190 199 190 171 151 140 120 120 109
02 05 100 90 90 90 81 81 70 61 70 90 109 140 160 180 190 190 199 190 180 151 140 129 120 109
02 06 100 90 90 90 90 81 61 50 70 90 109 140 160 180 199 210 210 199 180 160 140 129 120 109
02 07 100 100 100 100 90 81 70 61 70 90 120 151 171 190 199 210 210 199 180 160 151 129 129 109
02 08 109 100 100 109 100 81 70 61 70 90 120 151 171 190 199 210 210 199 190 171 151 129 129 109
02 09 109 100 100 109 100 81 70 61 70 100 120 151 180 199 210 219 210 210 190 180 160 151 140 109
02 10 109 109 109 109 109 90 90 70 81 109 129 160 190 199 219 219 219 210 199 180 171 160 140 129
02 11 129 120 120 109 109 100 100 90 90 109 151 160 190 210 219 219 219 219 199 190 180 160 151 140
02 12 140 140 129 120 120 109 109 100 100 129 160 190 199 219 219 230 230 219 210 199 190 180 171 160
02 13 140 140 129 129 120 120 109 109 109 140 160 190 210 219 230 230 230 219 219 199 190 190 180 171
02 14 160 151 140 140 129 129 129 120 120 151 171 190 210 230 230 241 241 230 219 210 199 190 190 171
02 15 171 171 151 151 151 140 140 129 140 160 180 199 219 230 230 241 241 230 219 210 199 190 190 180
02 16 171 171 151 160 151 151 140 140 140 160 180 199 219 230 241 250 250 250 230 219 210 199 190 180
02 17 171 171 160 160 151 151 140 140 140 171 190 210 230 241 250 261 261 261 241 230 210 199 190 180
02 18 180 171 171 171 160 160 151 140 151 171 199 219 230 250 261 261 270 261 241 230 219 210 199 190
02 19 180 180 171 171 171 160 160 151 151 171 199 230 241 250 261 270 270 270 250 241 219 210 199 199
02 20 190 180 180 180 171 171 160 160 171 190 210 230 250 261 270 280 280 270 261 250 230 219 210 199
02 21 190 190 190 190 180 171 171 160 171 190 210 230 241 261 270 280 280 270 261 241 230 219 199 199
02 22 190 180 180 180 171 171 160 160 171 190 210 230 250 261 280 280 280 280 270 250 230 219 210 210
02 23 199 199 190 190 180 180 171 160 171 199 219 241 250 270 280 284 289 289 280 270 250 250 230 219
02 24 219 210 190 190 180 180 180 171 190 210 230 241 261 280 289 300 300 289 289 270 250 250 241 219
02 25 219 210 199 199 190 190 180 180 199 210 241 261 270 280 289 300 300 289 289 270 270 250 241 230
02 26 219 219 199 199 199 190 190 190 199 219 241 261 261 280 289 300 300 289 289 270 270 250 241 230
02 27 219 219 199 199 199 190 190 180 199 219 241 261 261 280 289 300 300 289 289 280 270 250 241 230
02 28 219 210 199 199 199 190 190 180 194 210 230 241 261 280 289 300 300 289 289 280 270 250 241 230
03 01 219 210 199 190 190 180 180 171 190 199 230 241 261 270 280 300 289 289 280 270 250 250 241 219
03 02 219 199 199 190 190 180 180 171 190 199 230 241 261 280 289 300 300 289 289 270 261 250 241 219
03 03 219 210 199 190 190 180 180 180 190 210 230 261 270 300 300 309 300 300 289 280 270 250 241 230
03 04 219 219 199 190 190 180 180 180 190 210 241 261 280 300 309 309 309 309 289 280 270 250 241 230
03 05 219 219 210 199 190 190 190 180 190 210 241 261 289 300 309 320 320 320 300 289 270 261 250 250
03 06 230 219 210 199 199 190 190 190 199 230 250 270 289 309 320 331 331 320 309 289 270 261 250 250
03 07 241 230 230 219 199 210 190 190 219 241 261 280 300 320 331 340 331 331 320 289 280 261 261 250
03 08 241 230 230 219 210 210 190 199 219 241 261 289 309 320 340 351 340 331 320 300 289 280 270 261
03 09 250 241 230 219 219 210 199 199 219 250 270 289 309 331 340 351 351 340 331 309 289 280 270 270
03 10 261 250 241 219 219 219 210 210 230 250 280 300 320 340 351 351 351 340 331 309 300 289 280 270
03 11 261 250 241 241 230 219 210 210 230 250 280 309 320 340 351 360 360 351 331 320 309 300 289 280
03 12 270 261 250 241 241 230 219 210 241 270 289 309 320 340 351 360 360 351 340 320 309 300 289 280
03 13 280 261 250 241 241 230 219 210 241 270 289 309 320 340 351 360 360 351 340 320 309 309 289 289
03 14 280 270 250 250 241 230 219 230 250 280 300 320 340 340 351 360 360 351 340 331 320 309 300 289
03 15 280 270 261 250 250 241 230 241 261 289 309 320 340 351 360 370 370 360 351 338 320 309 300 300
03 16 289 280 280 261 250 250 241 241 270 289 320 331 351 351 360 379 370 370 360 340 331 320 309 300
03 17 289 289 280 270 261 261 250 250 280 309 331 331 351 360 379 379 379 379 360 351 331 320 309 309
03 18 289 289 280 270 261 261 250 250 289 309 331 340 351 370 379 379 390 379 370 351 331 320 309 309
03 19 300 289 280 280 270 261 261 261 289 309 331 340 360 379 390 390 390 390 379 360 340 331 320 309
03 20 300 289 289 280 270 270 261 270 300 320 340 351 370 379 390 399 390 390 379 360 340 331 320 309
03 21 300 300 289 280 270 270 261 270 300 320 340 360 379 390 390 399 399 399 379 370 351 340 320 309
03 22 309 300 289 280 280 280 270 280 309 320 351 360 379 390 399 399 399 399 379 370 351 340 320 320
03 23 309 300 289 280 280 280 270 280 309 331 351 370 379 390 399 399 410 410 390 379 351 340 331 320
03 24 309 309 300 289 280 280 270 280 309 331 351 370 379 390 399 399 410 410 390 379 360 340 331 320
03 25 309 309 300 289 289 280 270 280 309 331 360 370 390 390 399 410 410 410 399 379 360 340 331 320
03 26 320 309 300 289 289 280 280 280 309 340 360 379 390 399 421 430 421 421 410 390 360 351 331 320
03 27 320 309 300 289 280 280 270 280 309 340 370 390 390 410 421 430 430 430 410 390 370 360 340 331
03 28 320 309 300 300 289 280 280 289 309 351 370 390 399 410 430 430 430 430 421 390 379 360 351 331
03 29 320 309 300 300 289 289 280 289 320 351 370 390 399 410 430 430 430 430 421 390 379 360 351 331
03 30 320 309 300 300 289 289 280 289 320 351 370 390 399 421 430 430 441 430 421 399 379 360 351 331
03 31 320 309 300 300 289 289 280 289 320 351 379 390 399 410 430 430 430 430 421 399 379 360 351 331
04 01 320 320 300 300 289 289 280 289 320 351 379 390 399 410 430 430 430 430 430 399 379 360 351 331
04 02 320 320 300 300 289 289 289 289 320 351 379 390 410 421 430 430 441 430 430 399 379 360 351 340
04 03 331 320 309 300 300 289 289 300 331 351 379 390 410 421 430 430 441 430 430 399 379 360 351 340
04 04 331 320 309 309 300 300 289 300 331 351 379 390 410 421 430 430 441 430 430 399 379 360 351 340
04 05 340 320 309 309 300 300 289 309 331 351 379 399 410 430 430 441 441 430 430 399 379 370 360 351
04 06 340 331 309 309 300 300 289 309 331 360 390 410 410 430 430 441 441 441 430 410 390 370 360 351
04 07 340 331 320 309 309 302 289 309 340 370 390 410 421 430 430 441 441 441 430 410 390 370 360 351
04 08 340 331 331 309 309 309 300 309 340 370 399 410 421 430 441 441 450 441 430 410 390 370 360 351
04 09 340 331 331 320 320 309 300 320 351 370 399 410 421 430 441 441 450 441 430 421 399 379 360 360
04 10 351 340 331 331 320 309 300 320 351 370 399 410 421 441 441 450 450 450 441 421 399 379 370 360
04 11 360 340 340 331 320 320 309 320 360 379 399 421 421 441 441 450 450 450 441 421 399 379 370 370
04 12 360 351 340 331 331 320 320 331 370 390 410 421 430 441 450 460 460 460 441 430 410 399 390 370
04 13 370 360 351 340 331 331 320 340 379 399 421 430 450 450 469 469 469 460 450 441 421 399 390 370
04 14 370 360 351 340 340 340 331 340 379 410 421 441 450 469 480 480 480 469 460 441 421 410 399 379
04 15 370 360 360 351 340 340 331 351 390 421 441 450 460 469 480 480 480 480 469 450 430 421 399 390
04 16 379 370 360 351 351 351 340 360 390 421 441 460 469 480 489 500 500 489 480 469 450 430 410 399
04 17 390 379 370 370 360 351 351 370 399 441 450 460 480 489 500 500 500 500 489 480 460 441 421 399
04 18 390 379 370 370 360 351 351 370 410 441 450 469 489 500 500 500 511 500 500 480 469 441 421 410
04 19 399 390 379 370 370 360 351 379 410 441 469 480 500 500 511 511 520 511 500 489 469 441 430 410
04 20 399 390 379 379 370 360 351 379 421 450 480 489 500 520 518 520 520 511 511 500 469 450 441 421
04 21 410 399 390 379 370 370 360 390 430 460 480 489 511 520 520 520 520 520 511 500 469 460 450 430
04 22 410 399 390 390 379 370 360 390 430 460 480 500 511 520 520 520 520 520 511 500 469 460 450 430
04 23 421 399 390 390 379 370 360 399 441 460 480 500 511 520 520 531 531 520 520 500 480 460 450 430
04 24 421 399 390 390 379 370 370 410 441 469 480 500 511 520 531 531 531 531 520 500 480 469 450 430
04 25 421 410 399 390 390 379 370 410 450 469 489 511 520 531 531 531 531 531 520 500 489 469 450 430
04 26 421 410 399 399 390 379 370 410 450 469 500 511 520 531 531 531 531 531 520 500 489 469 460 441
04 27 430 421 410 399 390 379 379 421 450 469 500 511 520 531 531 531 540 531 520 511 489 469 460 441
04 28 430 421 410 399 390 379 379 421 450 480 500 511 520 531 540 540 540 540 531 511 500 469 460 441
04 29 430 421 410 399 390 390 379 421 460 480 500 511 531 540 540 550 550 550 531 520 500 480 460 450
04 30 441 421 410 410 399 390 379 430 460 489 500 520 531 550 550 550 550 550 531 520 500 480 460 450
05 01 441 430 421 410 399 390 390 430 469 489 511 520 531 550 550 559 550 550 540 520 500 480 469 450
05 02 441 441 421 421 410 399 399 441 469 500 511 520 540 550 550 550 550 550 540 520 500 480 469 450
05 03 441 441 421 421 410 399 399 441 469 500 511 520 540 550 550 559 554 550 540 531 500 489 469 450
05 04 441 441 421 421 410 399 399 441 480 500 520 531 540 559 559 570 559 559 540 531 511 489 469 460
05 05 450 441 430 430 421 410 410 450 489 511 520 540 550 559 559 572 570 559 550 531 511 500 480 469
05 06 450 450 441 430 430 421 430 460 489 511 531 540 559 559 570 579 579 570 559 540 520 500 480 469
05 07 460 450 441 441 430 430 430 460 500 520 531 550 559 570 579 590 590 579 570 550 531 500 489 480
05 08 469 460 450 441 430 430 430 460 500 531 540 559 570 579 579 590 590 590 579 559 531 511 500 480
05 09 469 460 450 450 430 430 430 469 511 531 550 559 570 579 590 601 601 590 579 570 540 520 500 489
05 10 469 469 460 460 441 441 441 480 511 531 550 570 579 590 590 601 601 601 590 570 550 531 511 500
05 11 480 480 469 460 450 441 450 489 518 540 550 570 579 590 601 601 601 601 601 579 550 531 520 500
05 12 489 480 469 460 450 450 450 489 520 540 550 570 579 601 601 601 610 601 601 579 550 531 511 500
05 13 480 480 469 460 450 450 450 489 520 540 550 570 579 601 601 610 610 610 601 590 559 531 520 500
05 14 489 480 469 469 460 450 460 500 520 540 559 579 590 601 610 610 621 610 610 590 559 540 531 511
05 15 500 489 480 469 469 460 469 500 531 550 570 579 590 601 610 621 621 621 610 590 559 540 531 511
05 16 500 489 480 469 469 460 469 500 531 550 570 579 590 601 610 610 621 621 610 590 559 540 531 511
05 17 500 489 480 469 469 460 469 500 531 550 570 579 590 608 610 621 621 621 610 590 559 540 531 511
05 18 500 500 489 480 480 469 480 511 540 559 570 579 601 610 621 630 630 621 610 601 559 550 531 520
05 19 511 500 489 489 480 480 480 511 540 559 579 590 601 621 621 630 630 621 610 601 570 550 540 520
05 20 511 500 489 489 489 480 489 511 550 570 579 590 601 621 621 630 630 621 610 601 570 550 540 520
05 21 511 511 500 500 489 480 489 520 550 570 579 590 601 621 621 621 630 621 610 601 572 559 540 531
05 22 520 511 500 500 489 489 489 520 550 579 579 601 601 621 630 630 630 630 621 610 579 559 550 540
05 23 520 520 511 500 489 489 500 531 550 579 590 601 610 621 630 630 630 630 630 610 579 559 550 540
05 24 531 520 511 500 500 489 500 531 550 579 590 601 610 630 640 640 640 630 630 610 579 559 550 540
05 25 531 520 511 500 500 489 500 531 559 579 601 610 630 640 640 640 640 630 630 621 590 570 559 550
05 26 531 520 511 511 500 500 511 531 570 579 601 621 630 640 640 640 640 640 640 621 590 579 559 550
05 27 540 531 511 511 500 500 511 540 570 579 601 621 630 640 640 640 640 640 640 630 601 579 570 550
05 28 540 531 520 511 511 500 511 540 570 590 601 621 630 649 649 649 640 649 649 630 610 590 570 559
05 29 540 531 520 520 511 500 511 540 570 590 610 630 640 649 649 649 640 649 649 630 610 590 579 570
05 30 550 540 531 520 511 500 511 550 579 601 621 630 640 649 649 649 649 649 649 630 610 590 579 570
05 31 550 540 531 520 520 500 511 550 579 601 621 630 640 649 660 660 649 649 649 640 610 601 579 570
06 01 559 540 531 520 520 500 514 559 579 610 621 640 649 660 660 660 660 649 649 640 621 601 579 570
06 02 559 540 540 520 520 511 520 559 590 610 621 640 649 660 669 660 660 660 660 649 621 610 590 579
06 03 559 550 540 531 520 511 520 559 590 621 630 640 649 660 669 669 660 669 660 649 630 610 590 579
06 04 570 550 540 531 531 520 531 570 601 621 630 640 660 660 669 669 680 669 669 660 630 610 590 579
06 05 570 559 550 531 531 520 531 570 601 621 640 649 660 669 680 680 680 680 669 660 640 621 601 590
06 06 570 559 550 540 531 531 540 579 601 621 640 649 660 680 680 691 691 691 680 669 640 621 610 590
06 07 579 559 550 540 540 531 540 579 610 630 640 660 669 680 680 691 691 691 691 669 649 630 610 590
06 08 579 570 559 559 550 540 550 590 610 640 649 660 669 680 691 700 700 700 691 680 649 630 610 601
06 09 579 570 559 559 559 550 559 590 621 640 649 660 669 691 700 700 700 700 691 680 660 630 621 601
06 10 590 579 559 559 559 550 559 590 621 640 660 669 680 691 700 711 711 711 700 691 660 630 621 601
06 11 590 579 570 570 559 550 559 601 630 649 662 680 691 700 711 711 720 711 700 691 669 640 630 610
06 12 601 590 579 570 559 559 559 601 630 660 669 680 691 700 711 720 720 720 711 700 669 649 630 610
06 13 610 590 579 579 570 559 570 610 640 660 680 691 700 711 720 720 720 720 711 700 669 649 630 621
06 14 610 601 590 579 570 559 579 610 640 662 680 700 711 716 730 730 730 720 711 700 669 649 640 621
06 15 610 601 590 585 579 570 579 621 640 669 680 700 711 720 730 730 730 720 711 700 669 649 640 621
06 16 610 610 601 590 579 570 579 621 649 669 680 700 711 720 730 730 730 720 711 700 680 649 640 630
06 17 621 610 601 590 590 579 590 621 649 680 691 700 711 720 739 734 739 730 720 700 680 660 640 630
06 18 621 610 601 601 590 579 592 630 660 680 691 700 720 730 739 739 750 739 720 700 680 660 649 630
06 19 621 610 601 601 590 579 590 630 660 680 700 711 730 739 739 750 750 739 730 711 680 660 649 630
06 20 621 610 610 601 590 586 601 630 660 680 700 720 730 739 739 750 750 739 730 711 689 660 649 640
06 21 630 621 610 610 601 590 601 630 660 691 711 720 730 739 750 750 750 739 730 711 691 660 649 640
06 22 621 621 610 601 590 590 601 630 660 691 711 730 739 739 750 759 759 739 730 716 691 669 649 640
06 23 630 621 621 610 601 601 601 630 660 691 711 730 739 739 750 759 750 739 730 716 691 669 649 640
06 24 630 621 621 610 601 601 601 640 669 691 711 730 739 739 750 759 750 739 730 711 691 669 660 649
06 25 640 630 621 610 601 601 610 640 669 691 711 730 739 750 750 750 750 739 730 711 700 669 660 649
06 26 640 630 621 610 601 601 610 640 669 691 711 730 739 750 752 759 759 750 730 720 700 680 660 649
06 27 640 630 630 621 610 601 610 640 669 691 711 730 750 750 759 759 759 750 730 720 700 680 660 660
06 28 649 640 630 621 610 610 610 644 669 691 720 730 750 750 759 770 770 759 730 730 700 680 660 660
06 29 649 640 630 621 610 610 610 649 669 691 720 730 750 750 759 759 770 759 730 730 700 680 669 660
06 30 649 640 630 621 610 610 610 649 680 698 720 730 750 750 759 770 770 759 739 730 711 691 669 660
07 01 649 640 630 630 621 610 621 649 680 700 720 730 750 750 759 770 781 770 750 730 711 691 669 660
07 02 649 640 630 630 621 610 621 649 680 700 720 730 750 752 770 770 781 770 750 739 711 691 669 660
07 03 649 640 630 630 621 610 621 660 680 700 720 730 750 759 770 770 781 770 750 739 711 691 680 660
07 04 649 640 640 630 621 610 630 660 680 700 720 730 750 759 770 770 770 770 759 739 720 691 680 669
07 05 660 649 640 630 621 621 630 660 691 700 720 739 750 759 770 770 770 770 759 739 720 700 680 669
07 06 660 649 640 630 630 621 630 660 691 711 730 739 750 759 770 770 770 770 759 739 720 700 691 669
07 07 660 649 640 630 630 621 630 660 691 711 730 739 750 770 770 781 770 770 770 739 720 700 691 669
07 08 660 649 640 640 630 626 630 669 691 711 730 739 759 770 781 781 781 781 770 750 730 711 691 680
07 09 669 660 649 640 630 630 630 669 700 711 730 750 759 770 781 781 790 790 770 750 730 711 691 680
07 10 669 660 649 640 640 630 640 669 700 711 730 750 759 781 790 790 790 790 781 759 730 711 691 680
07 11 669 660 649 640 630 630 640 669 700 720 739 750 759 781 790 790 790 790 781 759 730 711 691 680
07 12 669 660 649 640 640 630 640 669 700 720 739 750 770 781 790 801 790 801 781 770 730 711 691 680
07 13 669 660 649 649 640 630 640 669 700 720 739 759 770 781 790 801 790 790 781 770 730 711 691 680
07 14 669 660 649 649 640 630 640 669 700 720 739 750 770 781 790 790 790 790 781 759 730 711 691 669
07 15 669 660 649 640 640 630 640 669 700 720 739 750 770 781 790 790 790 790 781 759 730 711 691 669
07 16 669 660 649 640 630 630 630 669 691 720 730 750 759 781 790 790 790 790 781 759 720 711 691 669
07 17 660 649 640 640 630 630 630 660 691 720 730 750 759 781 790 790 790 790 781 759 720 700 691 669
07 18 660 649 640 630 630 630 630 660 691 720 730 750 759 781 790 790 790 790 781 759 720 700 680 669
07 19 660 649 640 630 630 621 630 660 691 711 730 750 759 781 790 790 790 790 781 750 720 691 680 660
07 20 660 649 640 630 630 621 621 660 691 711 730 750 759 781 790 790 801 790 781 759 720 691 680 660
07 21 660 649 640 630 630 621 630 660 691 711 730 750 759 770 781 790 790 790 781 750 711 691 680 660
07 22 660 649 640 630 630 621 621 649 691 711 730 750 759 770 781 790 781 781 781 750 711 691 680 660
07 23 649 640 640 630 621 621 621 649 691 711 730 750 759 770 781 781 781 781 770 750 711 691 680 660
07 24 649 640 630 630 621 621 621 649 691 711 730 750 759 770 781 781 781 781 770 750 711 691 669 660
07 25 649 640 630 621 621 610 610 649 691 711 730 739 759 770 781 781 781 781 770 739 711 691 669 649
07 26 640 630 630 621 610 610 610 649 691 711 720 739 759 770 781 781 781 781 770 739 711 691 669 649
07 27 640 630 630 621 610 610 610 649 680 711 720 739 750 770 770 781 770 770 759 739 711 680 669 649
07 28 640 630 630 621 610 610 610 649 680 711 720 739 750 770 781 781 770 770 759 739 711 680 669 649
07 29 649 630 630 621 610 610 610 649 680 711 720 739 750 770 770 781 770 770 759 739 711 680 669 649
07 30 640 630 630 621 610 601 610 649 680 700 720 739 739 759 770 770 770 770 759 730 700 680 669 649
07 31 640 630 630 621 610 601 610 649 669 700 720 739 739 759 770 770 770 770 759 730 700 680 669 649
08 01 640 630 630 621 610 601 601 640 669 700 720 739 750 770 770 770 770 770 759 730 700 680 669 649
08 02 640 630 630 621 610 601 601 640 669 700 720 739 750 770 770 770 770 770 759 730 700 680 669 649
08 03 640 630 630 621 610 601 601 640 669 700 720 730 750 770 770 770 770 770 759 730 700 680 669 649
08 04 640 630 621 610 610 601 601 640 669 700 711 730 739 759 770 770 770 770 759 730 700 680 660 649
08 05 640 630 621 610 601 601 601 630 669 691 711 730 739 759 770 770 770 759 750 730 700 680 660 649
08 06 640 630 621 610 601 590 601 630 669 691 711 730 739 750 770 770 770 759 750 730 700 669 660 640
08 07 630 630 621 610 601 590 590 630 660 691 700 720 739 750 759 759 770 759 750 720 691 669 649 640
08 08 630 621 610 610 601 590 590 630 660 691 700 720 739 750 759 759 759 759 750 720 691 669 649 640
08 09 630 621 610 610 601 590 590 630 660 691 711 720 739 750 759 759 770 759 750 720 691 669 649 640
08 10 630 621 610 610 601 601 590 630 660 691 700 720 730 750 759 759 759 759 750 720 691 669 649 640
08 11 630 621 610 610 601 590 590 621 660 691 700 720 739 750 759 759 759 759 750 720 691 669 649 640
08 12 630 621 610 610 601 590 590 621 660 680 700 720 730 750 759 759 759 750 739 711 691 669 649 630
08 13 630 621 610 601 590 590 590 621 660 680 700 720 734 750 759 759 759 750 739 711 680 660 640 630
08 14 630 610 610 601 590 590 579 621 649 680 700 720 739 750 759 759 759 750 739 711 680 660 649 640
08 15 630 621 610 601 590 590 579 621 649 680 700 720 739 750 759 759 759 750 739 711 691 660 649 640
08 16 630 621 610 601 590 590 579 621 649 680 700 720 739 750 750 750 750 750 730 711 680 660 640 630
08 17 630 621 610 601 590 590 579 621 649 680 700 720 739 750 759 750 750 750 739 711 680 660 640 630
08 18 621 610 601 601 590 579 579 621 649 680 700 720 739 750 759 759 759 750 739 711 680 660 640 630
08 19 621 621 610 601 590 579 579 621 649 680 700 720 739 750 759 759 759 750 739 711 680 660 640 630
08 20 630 621 610 601 590 590 579 621 649 680 700 720 739 750 750 759 759 739 730 711 680 660 640 630
08 21 630 621 610 601 590 579 579 610 649 680 700 720 739 750 750 759 759 750 730 711 680 649 640 630
08 22 621 621 610 601 590 579 579 610 649 680 700 720 739 750 759 759 759 750 730 711 680 649 640 630
08 23 621 621 610 601 590 579 579 610 649 680 700 720 739 750 759 759 759 739 730 700 680 649 640 630
08 24 621 621 610 601 590 579 579 610 649 680 700 711 730 739 750 750 750 739 730 700 669 649 640 630
08 25 621 610 601 590 590 579 579 601 640 680 700 711 730 739 750 739 739 739 730 700 669 649 640 630
08 26 621 610 601 590 579 579 572 601 640 669 691 711 730 730 750 739 739 730 720 691 660 640 630 621
08 27 621 601 601 590 579 579 570 590 630 669 691 711 730 730 739 739 739 734 720 691 660 640 630 621
08 28 610 601 590 579 570 570 559 590 630 669 691 711 720 730 739 739 739 730 720 691 649 630 630 610
08 29 601 601 590 579 570 570 550 590 630 669 691 711 720 730 739 739 739 730 720 680 649 630 621 610
08 30 601 590 579 579 570 559 550 590 630 660 691 700 711 730 739 730 739 730 720 680 640 630 621 608
08 31 601 579 579 570 559 559 550 579 621 660 680 700 711 730 739 730 730 730 711 669 640 630 610 601
09 01 590 579 579 559 559 550 550 579 621 660 669 691 711 720 730 730 730 720 711 669 640 621 610 601
09 02 590 579 570 559 550 540 540 570 610 649 669 691 700 720 720 720 720 720 711 669 640 610 610 590
09 03 579 572 559 559 550 540 531 559 610 649 669 691 700 720 720 720 720 720 700 660 630 610 601 590
09 04 579 570 559 550 540 540 531 559 610 640 660 680 700 711 720 720 720 720 700 660 630 610 601 590
09 05 579 570 559 550 540 540 531 559 601 630 660 680 700 711 720 720 720 711 700 660 630 610 601 590
09 06 579 559 550 550 540 531 520 550 590 630 649 680 691 711 711 711 720 711 691 649 621 590 590 579
09 07 570 559 550 540 540 531 520 550 590 630 649 669 680 700 711 711 711 700 680 649 621 590 579 570
09 08 559 550 540 540 531 520 520 540 579 610 640 660 680 691 700 711 700 698 680 630 610 579 570 559
09 09 550 540 531 531 520 511 511 531 570 601 630 649 669 680 691 700 691 691 660 630 601 579 570 550
09 10 550 540 531 531 520 511 500 531 570 601 630 649 669 669 680 691 691 680 660 621 601 579 570 550
09 11 540 531 531 520 520 511 500 531 559 601 621 640 649 669 680 691 680 680 649 610 590 572 559 550
09 12 536 520 520 511 511 500 489 520 559 590 621 640 640 660 669 669 669 660 640 610 590 570 550 540
09 13 531 520 511 511 500 500 489 511 550 590 610 621 630 644 649 660 649 649 630 601 579 559 540 531
09 14 520 520 511 500 500 489 480 500 550 579 608 610 630 640 649 649 649 640 630 590 570 550 540 531
09 15 520 511 500 500 489 489 480 500 540 570 601 610 621 630 640 640 649 640 621 590 559 540 531 520
09 16 511 500 489 480 480 480 469 489 531 559 590 601 610 621 630 640 640 630 610 579 559 540 520 511
09 17 500 500 489 480 480 469 469 480 520 550 579 601 610 621 621 630 630 621 610 570 550 531 511 511
09 18 500 480 480 469 469 464 460 469 511 550 570 590 601 610 621 630 621 621 601 559 540 520 511 500
09 19 489 480 469 469 460 460 450 460 500 550 559 579 601 610 610 621 621 621 590 550 531 520 500 489
09 20 489 480 469 460 460 450 441 450 489 540 559 579 601 610 610 621 610 610 590 550 531 511 500 489
09 21 480 469 460 460 450 441 441 450 480 531 559 579 590 610 610 621 610 610 590 550 520 500 489 480
09 22 469 469 450 441 441 430 430 430 480 531 559 579 601 610 610 621 610 610 590 540 520 500 489 480
09 23 469 460 450 441 441 430 421 430 480 531 559 579 601 610 610 621 610 610 590 540 511 500 489 480
09 24 460 460 441 441 430 421 421 421 469 520 559 579 590 610 610 610 610 610 590 540 511 500 480 469
09 25 460 450 441 430 430 421 410 421 469 511 540 570 590 601 610 610 610 610 579 531 511 489 480 469
09 26 460 450 430 430 421 421 410 421 469 511 540 559 590 601 601 610 610 601 579 531 500 489 480 460
09 27 450 441 430 421 421 410 410 421 469 511 540 559 579 590 590 601 601 601 570 520 500 489 480 460
09 28 450 441 430 421 421 410 410 410 469 511 540 559 579 590 590 601 601 590 570 520 500 489 480 460
09 29 450 441 430 421 421 410 410 410 469 511 540 559 570 579 590 590 601 590 570 520 500 480 469 450
09 30 441 430 421 421 410 399 399 410 460 500 531 559 570 579 590 590 601 579 559 520 500 480 469 450
10 01 441 430 421 410 410 399 390 399 450 500 531 550 570 579 590 590 601 579 559 520 500 480 469 450
10 02 441 430 421 410 410 399 390 399 450 489 520 550 559 570 579 579 590 570 550 520 489 480 460 450
10 03 441 430 421 410 399 399 390 399 450 480 511 540 559 570 570 570 570 570 550 511 480 469 460 441
10 04 430 421 421 410 399 390 390 390 441 480 511 540 559 559 570 570 559 559 540 500 480 469 450 430
10 05 421 421 410 410 399 390 379 390 430 480 511 531 550 559 570 570 559 550 531 489 469 460 450 430
10 06 421 410 410 399 390 379 379 379 430 469 511 531 550 550 559 559 559 550 531 480 460 450 430 421
10 07 421 410 399 390 390 379 379 379 430 469 500 531 540 550 559 559 559 550 520 480 460 450 441 430
10 08 410 410 399 390 390 370 370 379 430 469 500 531 540 550 550 559 550 550 520 480 460 450 430 421
10 09 410 399 399 390 379 370 370 370 421 469 489 511 531 540 550 550 550 550 511 480 450 441 430 421
10 10 410 399 392 390 379 370 370 370 410 460 480 511 531 540 550 550 550 540 511 469 450 441 430 421
10 11 410 399 390 379 370 370 360 370 410 450 480 500 520 531 540 550 540 531 500 469 441 430 421 410
10 12 399 399 390 379 370 360 360 370 399 441 480 500 511 520 540 540 540 531 500 460 441 430 410 410
10 13 399 390 379 370 360 360 351 351 399 430 469 489 511 520 531 531 531 520 489 460 441 421 410 399
10 14 399 390 379 370 360 360 351 351 390 430 469 489 511 520 520 531 531 520 489 450 430 421 410 399
10 15 399 390 379 370 360 351 351 351 390 430 469 489 511 511 511 511 511 511 480 450 430 421 410 399
10 16 390 390 379 360 360 351 340 340 390 421 460 475 500 511 511 511 511 500 480 450 421 410 399 390
10 17 390 379 370 360 351 351 340 340 379 421 460 480 500 511 511 511 511 500 469 450 421 410 399 390
10 18 390 379 370 360 351 351 340 340 379 421 460 480 500 500 511 511 511 500 480 441 421 410 399 390
10 19 379 379 360 356 351 340 340 340 379 421 460 480 500 500 511 511 511 500 480 441 421 410 390 390
10 20 379 370 360 351 340 340 331 331 370 410 450 469 496 500 511 511 511 500 469 441 421 410 390 379
10 21 379 370 360 351 340 331 331 331 360 410 450 469 489 500 511 511 511 500 469 441 421 410 390 379
10 22 370 370 360 351 340 331 331 331 360 410 450 469 489 500 500 511 500 489 460 441 421 410 390 379
10 23 370 360 356 351 340 331 320 331 360 399 441 460 480 489 489 489 489 480 460 441 410 399 379 379
10 24 370 360 351 340 331 331 320 320 351 399 430 450 469 480 489 480 480 469 450 430 399 399 379 379
10 25 360 360 351 340 331 320 320 320 340 390 421 450 460 469 469 469 469 460 450 421 399 390 379 370
10 26 360 351 340 340 320 320 309 309 340 390 421 441 450 460 469 469 460 450 441 421 390 379 370 360
10 27 351 340 340 331 320 320 309 309 331 379 410 430 450 460 460 460 460 450 430 410 390 379 360 360
10 28 351 340 340 331 320 309 300 302 331 379 399 421 430 441 450 450 441 441 421 399 390 370 360 351
10 29 351 340 340 331 320 309 300 300 331 370 390 410 430 430 441 441 441 430 410 399 379 370 360 351
10 30 340 331 320 320 309 300 300 300 320 370 390 410 421 430 441 441 430 421 410 390 379 360 351 340
10 31 340 331 320 309 309 300 300 300 320 360 390 410 421 430 430 430 430 421 399 379 370 360 351 340
11 01 331 320 320 309 300 300 289 289 309 351 379 399 410 421 430 430 421 410 390 379 370 360 340 340
11 02 331 320 309 309 300 289 289 280 309 351 370 390 399 421 421 430 421 410 390 370 351 351 340 331
11 03 320 309 309 300 300 289 289 280 300 340 370 390 390 410 421 421 410 399 379 360 351 340 331 320
11 04 320 309 309 300 300 289 280 280 300 331 351 370 379 390 399 399 390 390 370 351 340 331 331 320
11 05 309 300 300 300 289 289 280 280 300 320 340 360 370 379 379 390 390 370 360 351 340 331 320 320
11 06 309 300 300 289 289 280 280 280 289 320 340 351 370 379 379 379 379 370 351 340 340 320 320 309
11 07 300 300 300 289 289 280 280 270 289 320 331 351 360 370 379 379 370 360 351 340 331 320 320 309
11 08 300 289 289 289 280 280 280 270 289 320 331 351 360 370 379 379 370 360 351 340 331 320 309 300
11 09 300 289 289 289 280 280 270 270 280 309 331 340 360 360 370 370 370 360 351 340 320 309 300 300
11 10 289 289 289 280 270 270 270 270 280 309 331 340 360 360 370 370 370 360 351 340 320 320 309 300
11 11 289 289 289 280 270 270 270 270 280 309 331 351 360 370 370 370 370 360 351 340 320 320 309 300
11 12 300 289 289 289 280 270 270 270 280 309 331 351 360 360 370 370 370 360 351 340 320 320 309 300
11 13 300 289 289 280 270 270 261 261 270 300 331 351 360 360 370 370 370 360 351 340 320 309 300 300
11 14 289 289 280 280 270 270 261 261 270 300 331 351 360 360 370 370 370 360 340 331 320 309 300 300
11 15 289 289 280 280 270 270 261 261 270 300 320 340 360 360 370 360 370 360 340 320 320 309 300 300
11 16 289 280 280 270 270 261 261 261 261 289 320 331 351 360 360 360 360 351 331 320 309 300 300 289
11 17 289 270 270 270 261 250 250 250 261 289 309 331 340 351 360 360 351 340 331 309 300 300 289 280
11 18 270 261 261 250 250 250 241 230 250 280 309 320 331 351 360 360 351 340 331 309 300 300 289 280
11 19 270 261 261 250 250 250 241 241 250 280 300 320 331 351 360 360 351 340 320 309 300 300 280 270
11 20 250 261 250 241 241 241 230 230 230 280 300 309 331 340 351 351 351 340 320 309 300 289 280 270
11 21 250 250 250 241 230 230 219 219 230 270 300 309 331 340 351 351 340 331 309 300 289 280 270 261
11 22 250 250 241 230 230 230 219 219 230 270 289 309 320 340 340 351 340 331 309 300 289 280 270 261
11 23 250 241 241 230 230 219 219 210 219 270 289 300 320 331 340 340 331 331 309 289 280 270 261 250
11 24 241 241 230 230 219 210 210 210 219 261 280 300 309 331 340 340 331 331 309 289 280 270 261 252
11 25 250 241 230 230 219 219 210 210 219 261 280 300 309 331 331 331 331 320 300 289 280 270 261 250
11 26 241 230 230 219 219 210 199 199 210 250 280 289 300 309 320 320 320 300 289 280 270 261 250 241
11 27 241 230 219 219 210 199 199 190 199 241 270 289 300 309 309 320 320 300 289 280 270 261 250 241
11 28 230 219 219 210 199 199 190 190 199 241 261 280 289 309 309 320 309 300 280 270 261 250 241 230
11 29 219 219 219 210 199 199 190 190 190 219 250 280 289 300 309 309 309 300 280 270 261 250 241 230
11 30 219 210 210 199 190 190 190 180 190 219 250 270 280 300 309 309 300 289 280 270 261 250 230 219
12 01 219 210 199 199 190 190 180 180 190 219 250 270 280 300 309 309 300 289 280 270 250 250 230 219
12 02 219 210 199 190 190 190 180 180 180 210 241 261 280 289 300 300 300 289 280 261 250 241 230 219
12 03 210 199 199 190 180 180 180 171 180 210 230 261 270 289 289 300 300 280 270 250 241 230 219 210
12 04 210 199 190 180 180 171 171 171 171 199 219 241 261 270 280 289 289 270 261 250 230 219 210 210
12 05 199 190 180 180 171 160 160 160 171 190 210 230 250 270 280 280 280 270 250 241 230 219 210 199
12 06 199 190 180 171 160 160 160 160 171 190 210 230 250 261 270 280 270 261 241 241 230 219 210 199
12 07 199 190 180 171 160 160 151 160 160 180 199 219 241 261 270 270 270 261 241 230 230 210 199 190
12 08 199 190 180 171 160 151 151 151 160 180 199 219 241 250 261 261 261 250 230 219 219 210 199 190
12 09 190 180 171 171 151 151 151 151 151 180 190 210 230 250 261 261 250 241 230 210 199 199 190 190
12 10 180 171 160 151 151 140 140 140 140 160 190 210 230 241 241 241 241 230 210 199 190 190 180 180
12 11 171 160 160 151 140 140 140 129 140 160 180 199 210 219 230 230 230 210 199 199 190 171 180 171
12 12 160 140 151 140 140 129 129 120 120 140 171 190 199 210 210 210 219 210 199 190 180 171 171 160
12 13 151 140 140 120 129 129 120 109 109 129 160 180 190 199 210 210 210 199 190 171 171 151 151 140
12 14 129 129 109 109 109 109 109 100 90 120 151 171 190 190 199 199 199 180 171 160 151 129 129 120
12 15 120 109 100 100 100 90 90 90 81 100 120 151 171 180 180 180 190 180 151 151 140 129 120 109
12 16 109 100 90 90 90 81 81 81 70 100 109 140 160 171 180 180 180 171 151 140 129 120 109 100
12 17 100 90 81 81 90 70 70 70 70 90 109 140 151 171 171 180 180 171 151 140 120 109 109 100
12 18 100 90 81 81 81 70 70 61 61 90 109 129 151 160 171 171 171 171 140 129 120 109 109 100
12 19 100 90 81 81 81 70 70 70 70 90 109 129 151 160 171 180 180 171 151 140 129 120 109 100
12 20 100 90 81 81 90 70 81 81 70 90 109 129 151 160 171 180 180 171 151 140 129 120 109 100
12 21 100 90 90 81 90 81 81 81 70 90 109 129 151 160 171 180 180 171 151 140 129 120 109 109
12 22 100 90 90 81 90 81 81 70 61 90 109 129 151 160 171 180 180 171 151 140 129 120 109 109
12 23 100 90 90 81 90 81 81 70 61 90 109 129 151 160 171 180 180 180 151 140 129 120 120 109
12 24 100 90 90 81 90 81 70 70 61 81 109 129 151 171 180 180 180 180 151 140 129 129 120 109
12 25 100 90 90 81 90 81 81 70 61 90 109 140 151 171 180 180 180 180 151 140 129 129 120 109
12 26 100 90 90 81 90 81 70 70 61 90 109 140 151 171 180 180 190 180 160 140 129 129 120 109
12 27 100 90 90 81 90 81 81 70 61 90 120 140 160 171 180 190 190 180 160 140 129 129 120 109
12 28 100 90 90 81 90 81 81 70 70 90 120 140 160 171 180 190 190 180 171 151 129 129 120 109
12 29 100 100 90 90 90 90 81 81 81 100 120 151 160 180 190 199 190 180 171 151 140 129 129 120
12 30 109 100 100 100 90 90 81 81 81 100 120 151 171 180 190 199 199 190 171 151 140 129 129 120
12 31 109 104 100 90 90 90 81 81 81 90 109 140 160 180 190 199 190 190 171 151 140 129 129 120
