01 01 370 379 370 369 360 360 351 351 351 379 399 419 430 441 450 459 459 450 441 430 421 412 399 390
01 02 -9999 379 370 369 369 360 351 351 360 390 410 421 430 441 450 460 459 450 441 430 421 421 399 399
01 03 -9999 379 370 370 370 360 356 356 360 390 410 421 430 441 450 459 459 450 441 430 419 410 399 399
01 04 -9999 379 370 370 370 360 351 351 356 379 399 421 430 441 450 450 450 450 441 430 419 410 399 390
01 05 -9999 379 370 369 360 360 351 351 351 370 399 419 421 439 446 450 450 450 441 421 410 399 392 390
01 06 -9999 379 370 360 360 351 351 351 351 370 390 410 421 439 441 450 450 446 430 419 410 399 390 388
01 07 -9999 370 369 360 360 351 351 351 351 370 390 410 421 430 441 450 450 441 430 410 399 399 390 379
01 08 -9999 370 370 360 360 356 351 351 356 370 392 410 421 430 441 450 450 446 430 419 399 399 390 388
01 09 -9999 370 370 360 360 351 351 351 351 370 390 410 421 430 441 450 450 441 430 421 399 399 390 379
01 10 -9999 370 369 360 356 351 340 340 351 370 390 410 421 430 441 450 450 446 430 421 410 399 392 390
01 11 -9999 379 370 360 360 356 351 351 351 370 399 410 421 430 441 446 446 441 430 421 410 399 392 390
01 12 -9999 379 370 360 356 356 351 351 351 370 392 410 421 428 430 441 446 441 428 410 410 399 392 390
01 13 -9999 379 370 360 356 356 351 351 351 370 390 399 410 421 430 446 441 441 428 410 410 399 392 379
01 14 -9999 374 360 360 351 351 340 340 351 370 390 399 410 421 430 439 441 441 421 410 410 399 392 379
01 15 -9999 370 360 360 351 351 340 340 351 370 392 399 421 430 441 450 450 441 430 410 410 399 392 379
01 16 -9999 379 360 360 351 351 340 340 351 388 399 410 421 441 450 450 450 450 430 421 410 410 399 390
01 17 -9999 379 370 360 356 356 351 351 351 390 399 410 430 441 450 450 450 450 430 421 421 410 399 399
01 18 -9999 379 370 360 360 360 351 351 351 390 399 419 430 441 450 450 459 450 441 421 421 421 410 399
01 19 -9999 379 374 369 360 360 356 360 360 390 399 421 430 450 450 460 460 450 441 430 421 421 410 410
01 20 -9999 388 379 370 370 369 360 360 360 390 410 428 441 450 460 469 469 460 441 430 430 421 410 410
01 21 399 390 379 374 370 370 360 360 369 390 410 428 441 450 460 469 469 460 441 430 430 430 410 410
01 22 399 390 379 379 370 370 360 360 370 399 410 430 441 450 460 469 478 469 450 441 430 430 421 410
01 23 399 390 388 379 370 370 360 360 369 390 410 430 446 459 460 469 478 460 450 441 430 430 421 410
01 24 399 390 388 379 370 370 369 360 369 390 410 430 446 459 469 469 469 460 459 441 441 430 419 410
01 25 399 390 388 379 379 370 370 360 379 399 421 430 450 460 469 469 469 460 459 450 441 430 421 410
01 26 399 390 388 379 374 370 370 360 374 399 421 441 450 469 469 480 480 469 460 450 441 430 421 410
01 27 399 390 390 379 379 370 369 360 379 399 428 441 460 480 480 489 480 480 460 450 450 430 421 410
01 28 399 390 390 379 379 370 370 360 379 399 430 450 460 480 480 489 480 480 460 460 450 439 428 410
01 29 399 390 390 379 379 379 370 369 379 399 430 441 450 469 480 489 480 480 460 460 450 430 421 410
01 30 410 399 399 379 379 379 370 369 379 399 428 441 450 469 480 469 480 480 460 450 441 430 419 410
01 31 410 399 399 379 379 374 370 369 379 410 428 441 450 464 469 469 469 469 460 450 441 430 421 410
02 01 410 399 399 379 379 374 370 360 379 399 421 441 450 469 469 469 469 469 460 450 441 430 421 410
02 02 410 399 399 379 379 379 370 369 379 410 428 441 450 469 469 480 469 469 460 450 441 430 421 410
02 03 399 390 390 379 379 370 370 360 379 399 421 430 441 460 469 469 469 469 460 441 439 421 410 410
02 04 390 390 390 379 379 370 370 360 379 390 421 428 441 441 460 460 460 450 441 441 428 421 410 399
02 05 390 390 390 379 379 370 360 360 374 390 410 421 439 441 450 460 460 450 441 441 421 421 410 399
02 06 390 390 390 379 379 370 360 360 374 390 410 421 439 441 450 460 460 450 441 441 430 421 410 410
02 07 390 390 390 379 379 370 360 360 379 390 421 421 439 441 450 460 460 460 441 441 430 421 419 399
02 08 390 390 390 379 379 370 360 360 379 390 421 421 441 450 460 460 469 469 460 441 430 430 421 410
02 09 390 390 390 379 379 370 360 360 374 390 421 430 441 450 469 469 469 480 464 441 439 430 421 410
02 10 399 399 390 379 379 370 360 360 379 410 421 430 441 460 469 480 480 480 469 450 446 430 430 421
02 11 410 399 390 379 379 370 370 370 379 410 428 441 441 469 480 482 480 480 469 460 450 441 430 421
02 12 410 399 399 390 388 379 370 370 379 410 430 441 450 469 480 489 489 482 480 464 450 441 430 421
02 13 410 399 399 390 390 379 374 374 388 410 441 446 460 480 489 500 500 489 482 469 450 450 441 430
02 14 421 410 399 390 390 379 379 379 392 430 441 459 469 489 500 500 509 500 489 480 464 459 446 439
02 15 430 421 421 410 399 399 390 388 399 430 446 464 469 489 511 511 511 511 500 482 469 460 450 441
02 16 441 428 428 410 410 399 390 390 410 441 459 469 480 500 511 518 518 511 500 489 469 460 450 441
02 17 439 421 421 410 399 392 390 390 410 441 460 469 480 500 520 520 520 520 511 489 469 464 450 446
02 18 450 428 428 410 410 399 390 399 419 450 464 480 489 511 520 531 531 520 511 489 480 469 460 450
02 19 450 430 430 419 421 410 399 399 421 450 469 482 500 518 520 531 540 531 520 500 489 480 469 459
02 20 459 441 430 421 421 410 410 399 421 450 469 489 511 520 529 540 540 531 520 511 489 480 469 460
02 21 460 446 430 421 421 410 410 399 430 460 480 500 511 520 531 540 549 531 531 511 500 482 480 469
02 22 460 450 430 428 421 421 410 410 430 460 480 500 511 520 531 540 549 531 531 518 500 489 480 469
02 23 460 450 439 430 428 421 410 410 430 460 480 500 511 520 531 540 540 531 531 518 500 489 480 469
02 24 460 450 441 439 430 421 410 410 430 460 480 500 511 520 531 540 540 531 531 518 500 489 480 469
02 25 460 450 441 441 439 428 421 421 441 469 480 509 520 520 531 540 550 531 531 511 500 489 480 469
02 26 464 450 441 441 439 428 421 421 441 469 489 511 529 529 536 540 550 531 531 520 500 489 480 469
02 27 469 450 441 441 439 428 421 419 441 469 489 511 529 529 531 540 550 531 531 520 500 489 480 469
02 28 460 450 441 441 430 428 421 419 441 469 489 511 529 529 536 540 550 531 531 511 500 489 480 469
03 01 459 450 439 430 428 419 410 410 430 460 480 500 520 520 531 540 549 531 531 509 500 489 480 469
03 02 450 450 430 421 421 410 410 410 430 460 480 500 511 520 531 540 540 531 520 500 489 480 480 469
03 03 450 450 430 430 421 410 410 410 430 460 480 500 518 520 531 540 549 531 531 509 500 480 480 469
03 04 450 450 430 428 421 410 410 410 430 460 480 500 511 529 531 540 550 540 531 511 500 489 480 469
03 05 450 450 430 428 421 410 410 410 430 460 480 500 511 529 531 540 550 540 531 511 500 489 480 469
03 06 -9999 450 430 430 421 410 410 410 441 469 489 500 520 540 550 540 550 540 540 511 500 489 480 469
03 07 -9999 450 439 430 421 419 410 410 441 469 489 509 529 540 559 559 550 550 549 520 509 500 480 478
03 08 -9999 450 441 430 428 421 421 410 446 478 500 511 531 540 559 559 559 550 550 529 511 500 489 480
03 09 -9999 459 441 439 430 430 421 421 450 480 500 518 531 549 559 559 570 568 559 531 518 500 489 480
03 10 -9999 459 450 441 439 430 430 430 450 489 500 520 536 554 568 572 572 570 559 536 518 500 489 480
03 11 -9999 469 450 441 441 439 430 430 450 489 509 531 540 570 570 579 579 572 570 540 520 500 500 480
03 12 -9999 469 450 441 450 441 430 430 460 500 520 540 550 572 572 579 590 579 570 540 520 509 500 482
03 13 -9999 469 460 450 450 441 430 430 460 500 518 540 559 572 572 579 590 579 570 549 529 509 500 482
03 14 -9999 469 460 450 450 441 439 441 460 500 520 540 559 579 572 579 590 579 570 550 531 511 500 489
03 15 -9999 469 469 450 450 441 441 441 478 500 531 550 559 579 579 579 590 590 570 554 531 511 511 500
03 16 -9999 480 469 460 450 450 441 446 480 500 536 550 570 579 579 579 590 590 572 559 540 520 518 500
03 17 -9999 480 480 469 460 450 450 450 480 511 540 550 570 579 579 590 590 590 579 559 540 520 520 511
03 18 -9999 489 480 469 460 460 450 450 489 518 540 559 572 590 601 601 601 599 579 559 550 531 520 518
03 19 -9999 489 480 469 469 460 450 460 500 520 540 570 590 590 601 608 601 601 590 570 554 540 531 520
03 20 -9999 489 489 480 469 460 460 460 500 520 540 568 590 590 601 610 601 601 590 570 559 540 531 520
03 21 -9999 489 489 480 469 469 460 460 500 520 549 570 590 590 601 610 601 601 590 570 559 550 531 520
03 22 500 500 489 480 469 469 464 469 500 520 550 570 590 599 608 610 610 608 601 570 559 550 531 520
03 23 509 500 489 480 469 469 464 469 500 520 549 570 590 601 610 610 610 610 601 579 559 550 531 520
03 24 500 500 489 480 469 469 460 469 500 529 550 570 599 610 619 626 621 619 601 579 559 550 531 520
03 25 500 500 489 480 469 469 460 464 500 531 550 570 601 610 621 630 626 630 610 579 559 550 540 520
03 26 500 500 489 480 469 469 460 469 500 531 550 570 601 610 621 630 630 630 619 590 559 550 540 520
03 27 509 500 489 480 469 469 464 469 500 531 559 579 601 619 630 639 630 630 621 590 559 550 540 529
03 28 511 500 489 489 480 480 469 478 511 549 570 590 610 621 630 640 630 639 621 590 568 554 540 531
03 29 520 511 500 489 489 489 478 480 520 550 570 590 619 621 630 640 639 630 621 590 570 559 549 531
03 30 520 520 511 500 489 489 480 489 520 550 570 590 610 621 630 640 639 639 621 601 570 559 550 540
03 31 520 520 511 500 489 489 480 489 520 550 570 590 610 621 630 640 639 639 621 599 570 559 550 540
04 01 529 520 511 500 500 489 480 489 520 550 579 599 619 621 630 640 639 639 621 601 579 568 550 540
04 02 520 520 511 500 500 489 480 489 520 550 579 599 610 621 630 640 639 639 621 601 570 559 550 540
04 03 520 520 511 500 500 489 480 489 520 550 579 601 619 619 630 640 639 639 621 601 579 559 550 540
04 04 520 520 511 500 500 489 480 489 529 559 579 601 619 621 630 640 640 639 621 601 579 559 550 540
04 05 520 520 511 500 500 489 480 500 531 559 590 601 621 626 640 640 644 640 621 601 579 559 550 540
04 06 520 520 511 500 500 489 480 500 540 559 590 610 621 630 640 640 649 640 630 610 590 570 559 540
04 07 520 520 520 500 500 489 489 500 540 570 599 619 621 630 640 649 658 649 639 610 590 570 559 540
04 08 520 520 520 500 500 489 489 500 540 570 599 621 626 630 640 649 658 658 639 610 590 572 559 549
04 09 531 531 520 500 500 489 489 500 540 570 601 619 621 630 640 649 658 649 639 610 590 579 568 550
04 10 531 531 520 500 500 489 489 509 550 579 601 621 621 630 640 649 658 649 640 610 590 579 568 550
04 11 540 531 520 511 500 500 489 511 550 579 601 621 630 640 649 649 658 649 640 619 590 579 570 550
04 12 -9999 531 520 511 511 500 500 511 554 590 610 621 630 640 649 649 660 660 640 621 601 579 570 550
04 13 -9999 531 529 511 511 511 500 520 559 590 610 630 640 649 658 660 662 660 649 621 601 579 572 554
04 14 -9999 540 531 520 520 511 511 531 570 601 621 640 649 669 669 669 669 662 649 630 610 590 579 559
04 15 550 549 531 531 520 518 520 536 570 601 621 649 660 669 680 680 680 669 660 640 610 601 590 568
04 16 -9999 550 549 540 531 520 520 540 572 610 630 649 662 669 680 680 680 680 660 640 621 601 590 570
04 17 -9999 550 550 540 540 531 531 550 579 610 640 649 669 680 689 689 689 680 669 649 626 608 599 579
04 18 -9999 554 550 540 540 531 531 550 590 621 644 660 680 689 691 691 691 680 669 649 640 610 601 579
04 19 568 559 554 550 540 536 536 550 601 630 649 662 680 691 700 691 691 691 680 649 640 621 608 590
04 20 572 568 559 550 550 540 540 559 610 630 660 669 680 691 700 700 691 691 680 658 640 626 608 590
04 21 579 572 568 554 550 540 540 570 610 640 660 680 691 700 709 700 700 700 680 660 649 630 610 590
04 22 579 579 570 559 554 550 549 572 619 640 662 680 700 709 711 711 700 700 689 669 649 630 619 608
04 23 590 579 572 559 559 559 554 590 626 644 669 680 700 711 711 711 700 700 689 669 649 640 621 610
04 24 590 590 579 570 568 570 568 590 630 649 669 689 700 711 711 720 711 700 691 680 658 640 626 610
04 25 590 590 579 572 570 570 570 601 630 649 669 691 700 711 711 720 720 700 700 680 660 640 626 610
04 26 590 590 579 572 572 570 570 601 630 649 669 691 711 716 720 720 720 720 700 689 662 649 630 621
04 27 601 590 590 579 579 572 570 608 630 658 669 700 711 720 729 730 730 720 700 689 669 649 640 621
04 28 601 601 590 579 579 579 579 608 640 660 680 700 711 720 730 730 730 720 709 691 669 649 640 630
04 29 610 601 590 579 579 579 579 610 640 660 680 700 716 729 730 730 730 720 709 691 669 658 640 630
04 30 610 601 590 599 590 579 590 610 640 669 680 700 720 730 730 730 739 720 711 691 669 658 640 630
05 01 610 610 601 601 601 590 590 610 649 669 680 711 720 730 730 730 730 720 711 691 669 660 649 630
05 02 626 610 601 601 601 590 590 621 649 680 700 720 720 730 739 739 739 730 711 691 669 660 649 640
05 03 630 621 610 608 601 601 599 621 660 680 700 720 730 730 739 748 739 730 716 698 680 660 649 640
05 04 630 621 621 610 601 601 601 621 660 680 700 720 730 734 739 748 739 730 720 700 680 669 649 644
05 05 630 630 621 610 608 601 601 626 660 680 700 720 730 739 739 750 748 739 720 700 680 669 660 649
05 06 -9999 630 630 621 610 608 608 630 660 680 700 720 730 734 748 750 748 739 720 700 680 669 660 649
05 07 640 639 630 621 610 610 608 630 660 691 711 720 739 739 748 750 750 739 720 700 680 669 660 649
05 08 640 640 630 621 610 610 610 639 669 691 711 730 739 739 750 759 750 739 720 700 689 669 660 658
05 09 640 640 630 626 610 610 610 640 669 691 711 730 739 739 759 759 750 739 730 711 691 680 662 660
05 10 649 640 639 630 619 610 610 640 669 700 716 730 739 748 759 759 750 739 730 711 691 680 669 660
05 11 -9999 640 640 630 621 610 610 649 680 700 720 730 739 748 759 759 750 739 730 711 691 680 669 660
05 12 649 644 640 630 621 610 621 649 680 700 720 730 739 748 759 759 750 750 730 711 691 680 669 662
05 13 649 649 640 630 626 621 626 649 680 700 720 730 739 750 759 759 750 750 730 711 691 680 669 669
05 14 649 649 640 639 630 621 630 649 689 700 720 730 748 750 759 759 750 750 730 711 700 689 669 669
05 15 658 649 640 639 630 626 630 649 680 711 720 739 750 750 759 759 750 750 739 720 700 691 680 669
05 16 658 649 640 639 639 630 630 660 691 711 720 739 750 759 770 759 752 750 739 720 700 691 680 669
05 17 660 658 644 640 640 630 639 660 691 711 730 739 750 759 770 759 759 759 739 729 709 700 680 680
05 18 662 660 649 644 640 630 639 669 691 720 739 750 759 770 770 770 759 770 750 730 711 700 689 680
05 19 669 660 649 649 644 630 640 669 700 720 748 752 770 770 781 781 770 770 750 730 720 700 691 680
05 20 669 662 658 649 649 639 640 669 700 720 750 759 770 770 779 781 770 770 750 734 720 700 691 680
05 21 669 669 658 649 649 644 649 669 700 729 750 759 770 770 779 781 770 770 752 739 720 709 691 680
05 22 669 669 660 658 649 649 649 669 700 729 750 750 770 770 770 770 770 770 750 734 720 709 691 680
05 23 669 669 660 660 649 649 649 669 709 730 750 752 770 770 770 770 770 770 750 734 720 709 691 689
05 24 669 669 660 660 649 649 649 680 711 730 750 752 770 770 770 770 770 770 750 739 720 709 691 691
05 25 680 669 660 660 649 649 649 680 711 730 750 759 770 779 781 781 781 770 759 739 720 711 700 691
05 26 680 669 669 662 660 660 660 691 711 730 750 759 781 781 781 788 790 781 759 750 730 711 700 698
05 27 680 680 669 669 669 660 669 691 720 739 759 770 781 790 781 788 781 781 759 750 730 720 709 700
05 28 680 680 680 680 669 669 669 698 720 748 759 770 790 790 790 790 781 781 759 750 730 720 711 709
05 29 698 691 680 680 680 669 680 700 720 750 770 770 790 790 790 790 790 781 759 759 739 730 720 711
05 30 700 700 691 691 680 680 689 700 730 752 779 781 790 790 788 790 790 781 759 759 739 730 720 716
05 31 700 700 700 691 689 680 691 700 730 759 781 781 790 801 790 799 790 781 770 759 739 730 720 720
06 01 700 700 700 691 691 680 691 711 730 759 781 781 788 790 790 790 790 790 770 759 750 739 720 720
06 02 709 700 700 691 691 689 691 711 734 759 788 781 788 790 788 790 790 781 770 759 750 739 730 720
06 03 709 700 700 691 691 689 691 711 739 759 781 781 788 790 781 790 790 790 770 770 750 739 730 720
06 04 -9999 711 700 698 698 691 691 716 739 759 788 781 788 790 781 781 790 781 770 770 750 739 730 729
06 05 711 711 700 700 700 691 691 716 739 759 788 781 788 790 781 790 790 790 770 770 750 739 730 730
06 06 711 711 709 700 700 691 700 720 748 770 790 790 801 799 790 790 790 790 770 770 752 739 739 730
06 07 -9999 720 711 709 700 698 700 720 750 770 790 790 801 801 790 799 801 801 781 779 759 748 739 730
06 08 -9999 720 711 711 700 700 700 730 750 770 790 790 810 801 790 801 801 801 790 781 759 748 739 730
06 09 -9999 720 720 711 700 700 700 730 750 770 790 801 810 801 790 799 790 801 790 781 759 750 739 739
06 10 -9999 730 720 711 711 709 709 730 750 770 790 801 810 801 790 790 790 801 790 781 759 750 739 730
06 11 -9999 730 720 716 711 711 711 739 759 770 790 799 801 801 790 790 801 801 790 781 759 750 739 739
06 12 -9999 730 720 720 711 711 711 739 759 779 790 799 801 790 790 790 799 801 790 781 759 750 739 739
06 13 -9999 730 720 720 711 711 711 739 759 781 790 790 801 801 790 790 799 799 790 781 759 750 739 739
06 14 -9999 730 720 720 711 711 711 739 759 781 799 799 801 801 790 799 801 799 790 781 759 750 739 739
06 15 -9999 730 729 720 720 711 720 739 770 781 801 801 801 799 790 799 801 799 790 781 759 750 739 739
06 16 -9999 730 730 720 720 720 720 739 770 781 801 801 810 801 788 790 799 790 790 781 759 750 739 739
06 17 -9999 730 730 720 720 720 720 739 770 781 801 801 810 801 788 790 790 799 790 781 759 759 750 739
06 18 -9999 730 730 720 720 720 720 739 770 781 801 801 810 790 781 790 790 790 790 781 759 759 750 739
06 19 -9999 730 730 720 720 720 720 748 770 781 801 799 801 790 781 790 790 790 790 781 770 759 750 739
06 20 -9999 739 730 730 729 720 720 748 770 781 799 801 810 799 781 790 790 790 790 781 770 759 750 750
06 21 -9999 739 730 730 730 720 729 750 770 781 801 801 801 790 781 790 790 790 790 781 770 759 752 750
06 22 739 739 730 730 730 729 730 750 770 781 799 801 801 790 781 790 790 790 790 781 770 759 759 750
06 23 739 739 739 730 730 730 730 750 770 781 801 801 799 790 781 790 788 790 790 781 770 770 759 750
06 24 739 739 739 739 730 730 730 750 770 790 801 799 790 790 781 790 790 790 790 781 770 770 759 750
06 25 739 739 739 739 739 730 739 750 770 790 801 801 799 790 788 790 790 790 790 781 770 770 759 750
06 26 739 748 739 739 739 739 739 750 770 790 801 801 799 790 790 790 790 790 790 781 770 770 759 750
06 27 748 750 739 739 739 739 739 759 779 799 801 801 790 790 790 790 790 790 790 781 770 770 759 752
06 28 750 750 739 739 739 739 739 759 779 790 801 801 799 790 790 790 790 790 790 781 770 770 759 759
06 29 750 750 748 739 739 739 739 759 770 790 801 801 790 790 790 790 790 790 790 790 770 770 759 759
06 30 750 750 750 739 739 739 739 759 779 790 790 801 790 790 790 790 790 801 790 790 770 770 759 759
07 01 750 750 750 739 739 739 739 759 781 790 790 801 788 790 790 790 790 801 790 790 779 770 759 759
07 02 750 750 750 739 739 739 739 759 781 790 801 801 790 790 801 801 790 801 790 790 779 770 759 759
07 03 750 750 750 739 739 739 739 759 781 799 801 806 801 790 801 801 799 801 790 790 779 770 770 759
07 04 750 750 750 739 739 739 739 759 781 801 810 810 801 801 810 801 801 806 801 790 781 770 770 759
07 05 750 750 750 739 739 739 739 770 781 801 810 810 801 801 801 801 801 801 801 790 781 770 770 759
07 06 750 750 750 748 739 739 739 770 781 801 810 810 801 810 801 801 799 810 801 790 781 779 770 759
07 07 750 750 750 748 739 739 739 770 790 801 810 810 810 801 801 801 799 810 801 790 781 770 770 759
07 08 750 750 750 748 739 739 739 770 788 801 810 810 810 810 801 801 801 810 801 790 781 770 770 759
07 09 750 752 750 748 739 739 739 759 788 801 810 810 810 810 801 801 801 810 810 790 781 779 770 759
07 10 752 759 750 748 739 739 739 770 790 801 810 810 810 810 801 801 801 810 810 801 781 781 770 759
07 11 759 759 750 750 739 739 739 770 790 801 810 810 810 810 801 801 801 810 810 801 781 781 770 759
07 12 -9999 759 750 750 739 739 739 770 790 801 810 810 820 810 801 801 801 810 810 801 781 781 770 759
07 13 -9999 752 750 750 748 739 739 770 790 801 820 810 820 810 801 801 806 810 810 801 781 781 770 770
07 14 -9999 752 750 750 739 739 739 770 790 810 820 820 820 810 801 810 810 819 820 801 790 781 770 770
07 15 -9999 752 750 750 739 739 739 770 790 810 820 820 829 810 801 810 806 810 820 801 790 781 770 770
07 16 -9999 752 750 748 739 739 739 770 790 810 820 820 829 810 801 810 810 810 810 801 781 781 770 759
07 17 -9999 752 750 750 739 739 739 759 790 820 829 829 829 810 801 819 810 810 810 801 788 781 770 759
07 18 759 750 750 750 739 739 739 759 790 820 829 829 829 810 801 819 801 810 810 801 781 781 770 759
07 19 -9999 750 750 750 739 739 739 759 790 810 820 820 820 806 801 810 801 801 810 799 781 781 770 759
07 20 -9999 750 750 750 739 739 739 759 790 810 820 820 820 801 801 810 801 801 810 790 781 779 770 759
07 21 -9999 750 750 750 739 739 739 759 790 810 820 820 820 806 806 810 801 806 810 799 781 781 770 770
07 22 -9999 750 750 750 739 739 739 759 790 810 829 829 820 810 810 819 810 810 810 801 781 781 770 770
07 23 -9999 752 750 750 748 739 739 759 790 810 829 829 829 810 810 820 810 810 810 801 788 781 770 770
07 24 -9999 752 750 750 748 739 739 759 790 819 829 840 829 820 810 820 810 810 810 801 788 781 770 770
07 25 -9999 750 750 750 748 739 739 759 790 810 829 838 829 820 810 820 810 810 810 801 788 781 770 770
07 26 759 750 750 750 739 739 739 759 790 819 829 840 840 829 820 824 810 806 810 801 790 781 770 770
07 27 759 759 750 750 739 739 739 759 790 819 829 840 840 829 824 829 820 810 810 801 790 781 770 770
07 28 759 759 750 750 739 739 739 759 790 820 829 840 849 829 829 838 820 810 810 801 781 781 770 770
07 29 759 759 750 750 739 739 739 759 790 820 829 840 849 840 829 829 819 810 810 799 781 781 770 770
07 30 759 759 750 750 739 739 739 759 790 820 829 840 849 829 829 824 820 810 820 801 790 781 770 770
07 31 759 759 750 750 748 739 739 759 790 820 829 840 849 829 829 824 820 810 820 801 790 781 770 770
08 01 759 759 750 750 748 739 739 759 790 819 829 840 840 829 824 824 820 810 820 801 788 781 770 770
08 02 759 759 750 750 739 739 739 759 790 819 829 840 829 819 820 820 820 820 820 801 788 781 770 770
08 03 759 759 750 750 739 739 739 759 790 820 829 840 840 824 829 829 820 824 820 801 790 781 770 770
08 04 759 759 750 750 739 739 739 759 790 820 829 840 849 829 829 829 820 824 820 801 781 779 770 770
08 05 759 759 750 750 739 739 739 759 790 820 829 838 840 829 829 829 820 824 820 801 781 779 770 759
08 06 750 750 750 750 739 739 739 759 788 819 829 829 840 820 829 820 820 820 820 801 781 770 770 759
08 07 750 750 750 750 739 739 739 759 781 819 829 829 829 820 829 820 820 820 819 801 781 770 770 759
08 08 750 750 750 748 739 739 739 759 781 810 820 820 829 820 824 820 820 810 810 801 781 770 770 759
08 09 750 750 750 748 739 739 739 759 781 810 820 820 829 819 820 820 820 820 810 801 781 770 770 759
08 10 750 750 750 748 739 739 739 752 781 806 820 820 829 820 819 820 820 810 810 799 781 770 770 759
08 11 750 750 750 748 739 739 739 752 781 810 820 820 829 810 810 810 810 810 810 799 781 770 770 759
08 12 750 750 750 748 739 739 739 752 781 801 820 820 829 810 810 810 810 810 810 799 781 770 770 759
08 13 750 750 750 748 739 739 739 750 779 801 820 829 829 810 810 820 819 820 810 799 781 770 770 759
08 14 750 750 750 748 739 739 739 750 779 801 820 829 829 810 810 820 810 810 810 790 781 770 770 759
08 15 750 750 750 748 739 739 739 750 770 801 819 829 829 810 810 810 810 810 806 790 781 770 759 759
08 16 750 750 750 739 739 739 739 750 779 801 819 829 829 820 810 810 810 810 806 790 779 770 759 759
08 17 750 750 750 748 739 739 739 750 770 801 820 829 829 820 819 810 810 810 806 790 779 770 759 759
08 18 -9999 750 750 748 739 739 739 750 770 801 820 829 829 820 819 810 810 810 806 790 781 770 770 759
08 19 -9999 750 750 748 739 739 739 750 770 801 820 838 829 820 819 810 820 810 810 790 781 779 770 759
08 20 -9999 750 750 750 739 739 739 752 781 801 824 840 829 820 810 810 810 820 810 790 781 779 770 759
08 21 -9999 750 750 750 748 739 739 752 781 801 824 838 829 820 810 810 810 810 810 790 781 770 770 759
08 22 -9999 750 750 750 748 739 739 752 781 806 829 840 829 820 810 810 810 810 806 790 779 770 770 759
08 23 -9999 750 750 748 748 739 739 752 781 806 829 840 829 820 810 810 810 810 806 790 779 770 770 759
08 24 -9999 750 750 748 739 739 739 752 770 801 820 829 829 819 806 801 801 810 801 790 770 770 759 759
08 25 -9999 750 750 748 739 739 739 750 770 790 820 829 824 810 806 801 801 810 801 781 770 770 759 759
08 26 -9999 750 750 748 739 739 739 750 770 790 810 820 819 810 801 801 801 810 801 781 770 770 759 759
08 27 -9999 750 750 748 739 739 739 750 770 790 801 810 810 801 801 801 801 801 790 781 770 770 759 759
08 28 -9999 750 748 739 739 739 739 750 770 788 801 810 810 790 801 801 801 801 790 781 770 770 759 752
08 29 -9999 750 739 739 739 734 734 750 759 781 799 810 810 790 801 801 801 801 790 781 770 770 759 752
08 30 -9999 750 739 739 739 734 730 739 759 781 799 806 810 790 801 801 801 801 790 781 770 759 759 750
08 31 -9999 748 739 739 739 730 730 739 759 781 801 806 810 790 801 801 801 790 790 781 770 759 750 750
09 01 -9999 739 739 734 734 730 730 734 759 781 790 801 810 790 801 801 801 790 790 781 770 759 750 750
09 02 -9999 739 734 734 730 730 720 734 752 770 790 790 801 790 790 790 790 790 790 770 759 759 750 750
09 03 739 739 730 730 730 729 720 730 750 770 781 790 790 788 790 790 790 790 781 770 759 759 750 750
09 04 739 739 730 730 730 720 720 730 750 770 781 790 790 788 790 790 790 790 781 770 759 759 750 750
09 05 739 739 730 730 729 720 720 730 750 770 781 790 790 781 790 790 790 790 781 770 759 759 750 750
09 06 739 734 730 730 729 720 720 730 750 770 781 790 790 788 790 790 790 790 781 770 759 759 750 750
09 07 739 739 730 730 729 720 720 730 750 770 781 788 790 781 790 790 790 790 781 770 759 759 750 748
09 08 739 734 730 730 720 720 720 730 750 770 781 788 790 781 790 790 790 790 781 770 759 759 750 739
09 09 739 730 730 729 720 716 716 720 739 770 781 781 781 781 790 790 790 790 781 770 759 750 739 739
09 10 730 730 720 720 711 711 711 720 739 759 770 781 790 781 790 790 790 790 781 759 759 750 739 739
09 11 729 729 720 711 711 700 700 711 739 759 770 781 790 788 790 790 790 790 781 759 752 750 739 730
09 12 -9999 720 711 711 700 700 691 700 734 750 770 781 781 781 790 790 790 790 781 759 750 750 739 730
09 13 -9999 720 711 700 700 691 691 700 729 750 770 781 781 781 790 790 790 790 781 759 750 739 739 720
09 14 -9999 711 700 691 691 691 691 691 720 750 770 781 781 781 790 790 790 788 779 759 750 739 730 720
09 15 -9999 700 698 691 680 680 680 691 720 739 759 770 770 781 788 790 788 781 770 752 748 739 720 711
09 16 -9999 700 691 691 680 669 669 680 711 730 759 770 770 770 781 781 781 781 759 750 739 730 720 711
09 17 -9999 691 680 680 669 660 660 669 700 720 750 759 770 770 781 781 781 770 759 739 730 720 700 700
09 18 -9999 680 669 660 649 649 649 658 691 711 739 750 759 770 781 779 781 770 752 730 720 711 700 680
09 19 -9999 669 660 649 640 640 630 640 680 711 730 750 759 770 781 779 781 770 750 730 720 711 691 680
09 20 -9999 649 644 640 630 630 630 639 680 700 730 748 759 770 781 781 781 770 750 729 711 700 689 669
09 21 -9999 644 639 630 630 621 621 621 669 700 729 739 759 770 781 779 779 770 750 720 700 691 680 669
09 22 -9999 640 630 630 621 619 610 621 660 700 729 739 750 759 781 770 781 759 750 720 700 691 669 660
09 23 649 640 630 630 621 610 610 619 649 691 720 734 750 759 770 770 770 759 739 716 700 680 669 649
09 24 639 640 621 621 610 610 601 610 649 691 720 734 750 759 770 770 770 759 739 711 691 669 662 649
09 25 630 630 621 610 610 601 599 610 640 689 720 730 748 759 770 770 770 759 739 711 691 669 660 649
09 26 630 630 621 610 601 601 599 610 640 680 720 730 748 752 770 770 770 759 739 711 691 669 660 649
09 27 630 630 619 610 601 601 590 610 640 680 716 730 748 759 770 770 770 759 739 711 691 669 660 649
09 28 626 626 619 610 601 601 590 601 640 680 716 730 739 752 770 770 770 759 734 711 680 669 660 649
09 29 621 621 610 610 601 599 590 601 640 680 711 730 739 750 770 770 759 759 730 700 680 669 658 640
09 30 621 619 610 601 599 590 590 601 639 680 711 730 739 750 759 770 759 750 730 700 680 660 649 640
10 01 621 619 610 601 599 590 590 599 630 680 709 729 739 750 759 759 752 750 730 700 680 660 644 639
10 02 621 619 608 601 590 590 590 590 630 669 700 720 734 748 752 752 750 750 720 691 669 658 640 630
10 03 610 610 601 590 590 590 579 590 630 669 698 716 730 739 750 750 750 739 720 691 669 649 640 630
10 04 610 610 601 590 590 590 579 590 630 660 691 711 720 730 739 748 739 730 716 680 660 649 639 626
10 05 610 608 601 590 590 590 579 590 621 660 680 700 720 730 739 739 739 730 700 680 658 644 630 621
10 06 601 601 601 590 590 579 579 590 621 649 680 700 711 720 730 730 730 720 698 669 649 640 626 619
10 07 601 599 590 590 579 579 570 579 610 649 669 698 711 720 730 729 730 720 691 669 649 639 621 610
10 08 590 590 590 579 579 570 570 579 610 649 669 698 709 720 730 729 730 720 691 662 649 639 621 610
10 09 590 590 590 579 570 568 559 579 610 649 669 691 709 720 730 729 730 711 691 662 644 630 621 610
10 10 590 590 579 572 570 559 559 579 610 640 669 689 709 716 720 720 729 711 691 660 644 630 621 610
10 11 590 590 579 570 570 559 559 572 610 640 662 680 700 711 720 720 720 711 680 649 640 626 610 601
10 12 -9999 579 579 570 559 554 559 568 608 630 660 680 698 709 711 716 711 698 680 649 639 621 610 601
10 13 579 579 570 568 559 550 554 559 601 630 649 680 698 700 711 716 711 698 680 649 630 621 610 590
10 14 -9999 579 570 559 554 550 550 554 599 630 649 669 691 700 711 711 711 691 669 644 630 621 608 590
10 15 -9999 570 559 559 550 549 550 550 590 621 649 662 680 691 700 700 698 691 669 640 630 610 601 579
10 16 -9999 570 559 550 550 540 540 550 579 619 640 649 669 680 691 698 691 680 660 630 621 601 579 570
10 17 570 559 550 550 540 531 531 540 570 610 640 649 669 680 691 698 691 680 660 630 619 601 579 570
10 18 570 559 550 540 540 531 531 536 570 610 640 660 669 680 698 698 691 680 660 630 610 601 579 570
10 19 568 559 540 540 536 531 531 531 570 610 630 649 669 680 691 691 691 680 649 626 601 590 572 559
10 20 554 540 540 531 531 529 520 529 559 601 630 640 660 669 689 691 680 680 649 621 601 579 570 559
10 21 550 540 531 531 531 520 520 520 559 601 626 640 660 669 689 691 680 680 640 610 590 579 570 559
10 22 550 540 531 531 529 520 518 520 559 601 630 640 660 669 680 689 680 680 640 610 590 579 568 550
10 23 550 540 531 520 520 520 511 520 559 601 626 640 658 660 669 680 669 669 639 610 590 579 568 550
10 24 550 531 531 520 520 518 511 511 550 590 621 640 649 660 669 669 669 660 630 610 590 579 559 550
10 25 549 531 520 520 520 511 511 511 550 590 610 630 644 658 669 669 660 658 630 610 590 570 559 550
10 26 540 531 520 520 520 511 509 511 550 590 610 630 640 649 662 660 660 640 626 601 579 570 550 540
10 27 540 520 520 511 511 500 500 500 540 579 601 610 630 640 660 660 649 640 621 590 579 559 550 540
10 28 531 520 518 509 500 500 489 500 540 570 590 610 630 640 649 644 644 630 608 590 570 559 549 536
10 29 531 520 511 500 500 489 489 489 531 559 579 601 621 630 640 640 640 626 601 579 559 550 540 531
10 30 520 518 500 500 500 489 489 489 529 559 579 601 621 630 640 640 640 621 590 579 559 550 540 531
10 31 520 511 500 489 489 489 482 482 520 559 579 601 619 621 630 630 630 610 590 572 559 550 536 529
11 01 511 509 500 489 489 489 482 482 520 559 572 590 610 619 630 630 630 610 590 570 554 540 536 520
11 02 511 500 500 489 489 489 480 480 520 550 570 590 601 610 610 610 621 601 579 570 550 536 531 520
11 03 511 500 500 489 489 482 480 478 511 549 570 579 590 601 610 610 621 601 579 570 550 536 529 518
11 04 511 500 500 489 482 480 469 469 500 536 570 579 590 601 601 610 610 599 579 568 540 536 520 518
11 05 509 500 500 482 482 469 464 469 500 531 559 572 590 599 601 610 610 599 572 559 540 536 520 518
11 06 500 500 489 482 480 469 464 464 500 531 554 570 579 590 590 601 610 590 570 559 540 531 520 511
11 07 500 500 489 482 480 469 464 460 489 531 554 568 579 590 590 590 601 590 570 554 540 531 520 511
11 08 500 489 489 480 480 469 464 460 489 531 550 559 579 590 590 590 599 590 570 554 540 531 518 511
11 09 500 489 489 480 469 469 460 460 489 529 540 559 572 590 590 590 590 579 570 550 536 520 511 500
11 10 500 489 480 469 469 460 450 450 489 520 540 554 570 579 590 590 590 579 559 540 531 520 500 500
11 11 489 489 480 469 469 460 450 450 489 520 540 554 570 579 579 590 590 572 559 540 531 520 500 500
11 12 500 489 480 469 469 460 450 450 489 520 540 554 570 590 590 590 590 579 559 540 531 520 511 500
11 13 489 482 480 469 469 460 450 450 482 520 540 559 570 590 590 590 590 579 559 540 531 518 500 489
11 14 489 480 469 469 460 450 450 441 480 511 536 550 570 590 590 590 590 579 559 540 520 511 489 489
11 15 482 469 469 460 459 450 446 441 469 511 536 550 570 579 590 590 590 579 550 540 511 511 489 489
11 16 -9999 469 460 450 450 441 441 441 469 500 531 550 570 579 590 590 579 572 550 531 511 509 489 482
11 17 -9999 469 460 450 450 441 441 441 469 500 529 550 559 572 579 590 579 570 549 531 511 500 489 480
11 18 480 469 460 450 450 441 441 441 469 489 511 540 559 570 579 590 579 568 540 520 509 489 480 480
11 19 469 460 460 450 450 441 430 439 460 489 511 540 550 570 579 579 579 559 540 520 500 489 480 480
11 20 469 460 450 450 441 430 430 430 450 482 500 520 550 559 568 570 570 550 529 509 500 480 478 469
11 21 460 450 450 441 430 430 421 430 450 480 500 520 540 550 559 570 559 550 520 500 489 480 469 460
11 22 450 441 441 430 421 421 421 421 441 480 500 520 540 550 559 568 559 550 520 500 489 480 469 460
11 23 441 441 430 430 421 421 421 421 441 480 500 520 536 540 550 559 559 540 520 500 489 478 469 459
11 24 441 439 430 430 421 421 419 421 441 478 489 511 531 540 550 559 550 540 520 500 489 478 460 450
11 25 439 430 430 421 419 410 410 410 430 469 489 511 529 540 540 559 550 531 520 500 489 469 460 450
11 26 430 430 421 421 410 410 410 410 430 469 489 511 520 531 540 550 549 531 511 500 489 469 460 441
11 27 430 430 421 410 399 399 399 410 430 469 489 500 520 520 531 540 540 531 511 500 480 469 460 441
11 28 430 430 421 410 399 399 399 399 421 460 482 500 520 520 531 540 531 520 509 489 480 469 450 441
11 29 430 428 421 399 399 399 399 392 410 460 480 500 511 520 531 531 531 520 500 489 480 460 450 441
11 30 430 421 419 399 399 399 399 390 410 460 480 500 511 520 531 531 531 520 500 489 469 460 450 439
12 01 428 421 410 399 399 390 379 390 410 450 469 489 509 514 529 531 520 520 489 489 469 450 450 430
12 02 428 421 410 399 399 390 379 390 410 450 469 489 500 511 520 520 520 500 489 480 464 450 450 430
12 03 430 421 410 399 399 390 379 390 410 450 469 489 500 511 520 518 518 500 489 480 460 450 450 430
12 04 428 419 410 399 399 390 390 390 399 441 464 482 489 511 511 511 511 500 482 469 460 450 441 430
12 05 421 410 410 399 390 390 379 390 399 430 460 480 489 500 500 500 500 489 480 469 460 450 441 421
12 06 421 410 410 396 390 379 379 390 399 430 450 469 489 500 500 500 489 489 480 469 460 450 441 428
12 07 421 410 410 392 390 379 379 379 399 428 450 469 489 500 500 500 489 489 480 469 450 450 441 421
12 08 419 410 399 390 388 379 379 379 392 421 450 469 482 500 500 500 489 489 480 460 450 441 430 421
12 09 410 410 399 390 390 379 374 379 390 419 441 460 469 480 489 489 482 480 469 460 450 441 430 421
12 10 410 410 399 390 379 370 370 370 390 410 441 460 469 480 480 482 480 480 469 460 446 441 430 421
12 11 410 410 392 390 379 370 370 369 379 410 441 450 469 478 480 482 480 480 469 450 441 430 421 410
12 12 410 399 390 379 379 370 360 360 379 410 441 450 460 469 478 480 480 469 460 450 441 430 421 410
12 13 399 399 390 379 379 370 360 360 370 410 439 446 460 469 478 480 480 469 460 450 441 430 421 410
12 14 -9999 399 390 379 379 370 370 360 370 410 430 441 460 469 469 480 478 469 460 450 441 430 421 410
12 15 -9999 399 390 379 370 370 360 360 370 399 419 430 446 450 460 469 469 464 450 441 439 428 421 410
12 16 -9999 390 390 379 370 360 360 360 360 399 410 430 441 450 460 464 464 460 446 439 430 421 410 399
12 17 -9999 390 379 370 360 360 356 356 360 390 410 419 439 446 446 460 450 450 441 430 419 410 399 399
12 18 -9999 379 379 360 360 356 351 340 356 379 399 410 430 439 441 450 450 441 441 430 410 401 399 392
12 19 -9999 379 370 360 360 351 351 340 351 379 392 410 430 439 446 457 450 441 441 430 410 399 399 390
12 20 -9999 369 370 360 360 351 351 340 351 379 399 410 430 441 450 460 450 450 441 430 410 410 399 390
12 21 -9999 370 370 360 360 356 351 340 356 379 410 419 439 441 450 460 450 450 441 430 419 410 399 388
12 22 -9999 370 370 360 360 356 351 340 351 379 399 419 430 441 450 460 450 441 441 430 419 410 399 388
12 23 -9999 370 370 360 360 356 351 340 351 370 399 419 430 441 446 450 450 441 439 430 419 401 399 385
12 24 -9999 360 360 360 360 356 351 340 351 370 399 419 430 441 450 457 450 441 439 430 410 401 399 385
12 25 360 369 360 360 360 360 351 351 351 370 399 410 430 441 446 450 450 441 439 430 419 410 399 388
12 26 360 370 369 360 360 360 351 351 351 370 399 410 430 441 441 450 450 441 439 430 410 401 390 385
12 27 360 369 360 360 360 360 351 351 351 370 390 410 430 439 441 450 450 441 430 421 410 399 390 385
12 28 360 369 360 360 360 352 351 340 351 370 390 410 430 439 441 450 450 441 430 419 399 399 388 379
12 29 360 360 358 360 356 351 351 340 351 370 390 410 430 441 450 450 450 441 430 421 399 399 390 379
12 30 369 369 360 360 360 351 351 340 351 370 399 410 430 441 450 460 450 450 439 430 410 410 392 388
12 31 370 370 370 360 360 360 351 351 356 379 399 419 430 441 450 457 450 441 441 430 419 410 399 390
