01 01 129 140 140 140 129 129 129 120 129 129 140 160 171 180 190 190 190 180 171 160 160 160 151 151
01 02 129 151 151 140 129 129 129 129 129 129 140 160 171 190 190 190 190 180 171 160 160 160 151 151
01 03 129 140 151 140 129 129 129 120 129 129 140 160 171 180 190 190 190 180 171 160 151 151 151 140
01 04 129 140 129 129 120 120 109 109 120 109 129 151 171 180 190 180 180 171 160 151 151 151 140 140
01 05 120 129 120 129 120 120 109 109 109 109 129 140 160 180 190 180 180 171 160 151 151 151 140 140
01 06 120 129 120 129 120 120 109 109 109 109 129 140 160 180 180 180 180 171 160 151 151 151 140 140
01 07 129 129 129 129 120 120 120 120 109 109 129 140 160 171 180 180 180 171 160 151 151 151 140 140
01 08 129 129 120 120 120 109 109 109 100 109 120 129 151 160 171 171 171 160 151 151 151 140 129 129
01 09 120 120 109 120 109 100 100 90 90 81 109 129 151 160 160 171 171 151 151 140 140 129 129 120
01 10 109 120 109 109 100 100 90 81 90 81 109 129 140 151 160 160 160 151 151 140 129 120 120 120
01 11 100 109 109 100 100 90 81 70 70 81 100 129 129 140 151 151 151 140 129 129 120 109 109 109
01 12 90 100 90 90 90 81 70 70 68 70 100 120 129 140 140 151 140 140 129 129 120 109 109 109
01 13 90 100 90 90 90 81 70 70 68 70 100 120 129 140 140 140 140 140 129 129 120 109 109 109
01 14 90 100 81 70 70 70 61 61 61 70 90 120 129 140 140 140 140 140 129 129 109 109 100 100
01 15 81 90 81 70 70 70 61 50 50 61 90 109 129 140 140 140 140 140 129 120 109 109 100 100
01 16 81 90 81 70 70 70 61 61 61 70 90 109 120 129 140 140 140 140 129 120 109 109 100 100
01 17 81 90 81 70 70 70 61 61 61 70 90 109 120 129 140 140 140 140 129 120 109 109 100 100
01 18 70 90 81 70 70 70 61 61 61 70 90 109 129 140 140 140 140 140 129 120 109 109 109 100
01 19 90 90 81 70 70 70 61 61 61 70 100 120 129 140 140 140 140 140 129 120 120 109 109 104
01 20 90 90 81 70 70 70 61 61 61 70 100 120 129 140 140 140 140 140 129 120 120 109 109 100
01 21 90 90 81 70 70 70 61 61 61 70 100 120 129 140 140 140 140 140 129 120 120 109 109 100
01 22 100 90 81 70 70 70 61 61 61 70 100 120 129 140 140 140 140 140 129 129 120 109 109 100
01 23 100 90 90 81 70 70 70 70 68 81 109 129 140 151 151 151 151 140 129 129 120 120 109 100
01 24 100 90 90 81 81 70 70 70 70 81 109 129 140 151 151 151 151 151 140 129 129 120 120 104
01 25 100 100 90 81 81 81 70 70 70 81 109 129 140 151 151 160 160 151 140 129 129 120 120 109
01 26 109 100 90 90 81 81 81 70 70 81 109 129 140 151 160 160 160 151 140 140 129 120 120 109
01 27 109 100 90 90 81 81 81 70 70 81 109 140 151 151 171 171 160 151 140 140 129 120 120 109
01 28 109 100 90 90 90 81 81 70 81 81 109 140 151 160 171 171 171 151 140 140 129 120 120 109
01 29 120 100 100 100 90 90 81 81 81 81 109 129 151 160 171 171 160 158 151 140 129 129 120 109
01 30 120 100 100 100 90 90 81 81 81 90 109 129 151 160 171 160 160 158 151 140 129 120 120 109
01 31 120 100 100 100 90 90 81 81 81 90 109 140 151 160 171 171 160 160 151 140 129 120 120 109
02 01 120 100 100 100 90 90 90 81 81 90 109 140 151 160 171 171 171 160 151 151 140 129 129 120
02 02 120 109 100 104 90 100 90 90 90 100 120 140 160 171 171 171 171 160 160 151 140 129 129 120
02 03 120 109 100 100 100 100 90 90 81 100 120 140 151 160 171 171 171 160 160 151 140 129 129 120
02 04 120 109 100 100 100 100 90 81 81 100 120 140 160 171 176 180 171 171 160 151 140 129 129 120
02 05 120 120 109 104 100 100 90 90 81 100 120 140 160 171 171 171 171 171 160 151 140 129 129 120
02 06 120 109 100 100 90 100 90 90 81 100 120 140 160 171 176 180 171 171 160 151 140 129 129 120
02 07 120 100 100 100 90 90 90 81 81 100 120 140 160 171 180 180 180 171 160 151 151 140 129 120
02 08 129 109 109 100 100 100 90 90 90 109 120 140 160 171 171 171 171 171 160 151 140 129 129 120
02 09 129 109 109 109 100 100 90 90 81 109 120 140 160 171 171 180 180 171 160 151 140 140 129 120
02 10 129 120 109 109 109 100 100 90 90 109 120 151 160 180 180 180 180 171 160 151 151 140 129 129
02 11 129 120 120 120 109 104 100 100 100 109 129 151 160 180 180 180 180 171 160 160 151 140 129 129
02 12 140 129 120 120 109 109 100 100 100 109 129 151 171 180 180 190 190 180 171 160 160 151 140 140
02 13 151 129 129 129 109 109 109 109 100 109 140 160 171 180 190 190 190 180 171 160 160 151 151 140
02 14 151 140 129 129 120 109 109 109 109 129 151 160 180 190 199 199 199 190 180 171 160 160 151 151
02 15 160 140 140 140 129 120 120 120 120 140 160 171 190 199 199 199 199 199 180 180 171 171 160 160
02 16 160 151 140 140 140 140 129 129 129 140 160 180 190 210 210 210 210 199 199 190 180 171 160 160
02 17 171 160 151 151 140 140 129 129 129 140 171 180 199 210 210 210 210 210 199 190 190 180 160 171
02 18 171 160 151 151 140 140 140 129 129 140 171 180 199 210 212 210 219 210 199 199 190 190 171 171
02 19 171 160 160 151 140 140 140 129 129 140 171 180 199 210 219 219 219 219 210 199 199 190 180 180
02 20 171 160 160 151 151 151 140 140 140 151 180 190 199 219 219 219 230 219 210 199 199 190 190 190
02 21 180 171 171 160 160 151 140 140 140 160 190 199 210 219 219 219 230 219 210 210 199 199 199 190
02 22 190 180 171 160 160 160 151 151 151 171 190 199 210 219 219 219 230 219 210 210 199 199 199 190
02 23 190 180 171 171 160 160 151 151 151 171 190 210 210 219 230 230 230 230 219 210 210 199 199 190
02 24 199 180 180 171 160 160 151 151 160 176 199 210 219 219 230 230 230 230 219 210 210 199 199 190
02 25 199 180 171 171 160 160 151 140 151 171 199 210 219 219 230 230 230 230 219 210 199 199 199 190
02 26 199 180 171 171 160 160 151 151 160 180 199 219 230 230 241 241 241 230 230 219 210 199 199 199
02 27 199 180 171 171 171 160 160 151 160 180 199 219 230 241 241 241 241 230 230 219 210 210 199 199
02 28 190 180 171 171 160 160 151 151 160 180 199 219 230 230 230 230 230 230 219 210 210 199 199 190
03 01 190 171 171 160 160 160 151 140 151 171 190 210 219 219 230 230 230 230 219 210 199 199 199 190
03 02 190 160 160 151 160 151 151 140 140 171 190 210 219 219 219 230 230 219 219 210 199 199 199 190
03 03 180 160 160 151 151 140 140 129 129 160 190 210 219 219 230 230 230 230 219 210 199 199 199 190
03 04 180 171 160 151 160 151 151 140 140 171 190 210 219 219 230 230 230 230 219 210 210 199 199 190
03 05 190 180 171 171 160 160 151 140 151 176 190 210 230 230 230 230 230 230 219 210 210 210 199 199
03 06 199 180 171 171 171 160 151 151 160 180 199 219 230 241 241 241 241 230 230 219 219 210 199 199
03 07 199 190 180 171 171 160 160 151 160 190 199 219 230 241 241 241 241 241 230 230 219 210 210 199
03 08 199 190 180 180 171 171 160 151 171 190 210 219 230 250 250 250 250 241 241 230 230 219 210 199
03 09 199 190 180 180 180 171 160 160 180 199 219 230 241 250 250 250 250 241 241 230 230 219 210 199
03 10 199 199 180 180 180 171 160 171 180 199 219 230 241 250 250 250 250 250 241 230 230 219 219 210
03 11 210 199 199 199 190 171 171 180 190 210 230 241 241 250 261 261 261 261 250 241 230 230 230 219
03 12 210 210 199 199 199 190 180 180 199 210 230 241 241 250 261 261 261 261 250 241 230 230 230 219
03 13 210 210 199 199 199 190 180 180 199 210 230 230 241 250 261 261 261 261 250 241 241 241 230 219
03 14 210 210 210 199 199 190 180 180 199 219 230 241 241 250 261 261 261 261 250 241 241 241 230 230
03 15 210 219 210 210 199 190 190 190 199 219 230 241 250 261 261 270 270 270 261 250 248 241 241 241
03 16 219 219 219 210 210 199 199 199 210 219 241 250 261 270 270 270 270 270 261 261 250 250 241 241
03 17 219 230 219 219 210 210 199 199 219 241 250 261 270 270 280 280 280 280 270 261 261 261 250 241
03 18 241 230 230 230 219 210 210 210 230 250 261 270 280 280 289 289 289 289 280 270 270 261 261 250
03 19 241 241 241 230 230 219 219 219 241 250 261 270 280 280 289 289 289 289 280 280 270 261 261 250
03 20 241 241 241 230 230 219 219 219 241 261 270 280 280 289 289 300 289 289 280 280 270 270 261 261
03 21 241 250 241 241 230 230 230 219 241 261 270 280 289 289 300 300 300 300 289 280 280 270 261 261
03 22 250 250 241 241 230 230 230 230 250 270 280 284 289 300 300 300 300 300 289 280 280 270 270 270
03 23 261 250 250 241 241 241 230 230 250 280 289 289 300 309 309 309 309 300 300 289 280 270 270 270
03 24 261 261 250 250 241 241 241 241 261 280 300 300 309 309 309 309 309 309 300 289 280 280 270 270
03 25 261 261 250 250 241 241 241 241 270 289 300 309 320 320 320 320 320 320 309 300 289 289 280 280
03 26 270 261 261 250 250 250 250 250 270 289 300 309 320 331 331 331 331 320 320 309 300 289 289 280
03 27 270 270 270 261 250 250 250 250 280 300 309 320 331 331 331 331 331 320 320 309 309 300 289 280
03 28 270 270 270 261 261 261 250 261 280 300 309 320 331 331 331 331 331 320 320 309 309 300 289 289
03 29 280 280 270 266 261 261 261 261 289 300 320 331 331 340 340 340 340 340 331 320 309 309 300 300
03 30 289 280 280 270 270 270 270 270 289 309 320 331 338 340 340 340 340 340 331 320 309 309 300 300
03 31 289 289 280 280 280 270 270 270 300 309 320 331 340 340 340 351 340 340 331 320 320 309 300 300
04 01 289 289 280 280 280 270 270 270 300 311 320 331 340 340 340 351 340 340 331 320 320 309 309 300
04 02 289 289 284 280 280 280 270 280 300 311 320 331 340 340 351 351 351 340 331 320 320 309 309 300
04 03 300 289 289 280 280 280 270 280 300 320 331 340 340 351 351 360 351 351 340 331 331 320 309 309
04 04 300 300 289 289 280 280 280 280 309 320 331 340 351 351 351 360 351 351 351 331 331 320 320 309
04 05 300 309 289 289 289 289 280 289 309 331 331 340 351 351 360 360 351 351 351 331 331 320 320 309
04 06 309 309 300 289 289 289 289 300 309 331 340 340 351 351 360 360 360 360 351 340 331 331 320 320
04 07 309 309 300 289 289 289 289 300 320 331 340 351 351 360 360 360 360 360 351 340 340 331 331 320
04 08 309 320 300 300 300 289 289 300 320 331 340 351 351 360 360 360 360 360 351 340 340 331 331 320
04 09 309 320 309 300 300 289 289 300 331 340 340 351 351 360 360 370 370 360 360 351 340 331 331 320
04 10 320 320 309 300 300 300 300 300 331 340 351 351 360 370 370 370 370 360 360 351 340 331 331 331
04 11 320 320 309 300 300 300 300 300 331 340 351 360 360 370 370 370 370 360 360 351 340 340 331 331
04 12 320 320 309 300 300 300 300 309 331 351 360 360 370 370 379 379 379 370 370 360 351 351 331 331
04 13 320 320 309 300 302 300 300 309 340 351 360 370 370 379 379 390 390 379 370 360 360 351 340 340
04 14 331 331 320 309 309 309 300 320 340 360 370 379 379 390 390 399 390 390 390 370 360 360 351 340
04 15 340 331 320 320 320 309 309 331 351 370 379 390 390 399 399 399 399 399 390 379 370 360 351 351
04 16 340 340 331 320 320 320 309 331 360 379 379 390 399 410 399 410 399 399 399 390 379 360 360 351
04 17 340 340 331 331 320 320 309 331 360 379 390 399 410 410 421 421 410 410 410 399 379 370 370 351
04 18 340 340 340 331 331 320 320 340 370 390 399 410 421 421 421 421 421 421 410 399 390 379 370 360
04 19 351 351 340 331 331 320 320 340 374 390 399 410 421 421 430 430 430 421 421 410 390 390 370 360
04 20 351 351 351 340 331 331 320 340 379 390 399 410 421 421 430 430 430 430 421 410 399 390 379 370
04 21 360 360 351 340 331 331 320 340 379 399 410 410 421 430 430 441 441 430 430 421 399 390 390 370
04 22 360 360 351 340 331 331 320 351 379 399 410 410 421 430 430 441 441 441 430 421 399 399 390 370
04 23 360 360 360 340 331 331 331 360 390 410 410 421 430 441 430 441 441 441 430 430 410 399 390 379
04 24 370 370 360 351 340 340 340 360 390 410 421 430 430 441 441 441 450 441 441 430 421 410 399 379
04 25 370 370 360 351 340 340 340 360 399 410 421 430 441 441 441 450 450 450 450 441 421 410 399 390
04 26 370 370 360 360 351 351 351 379 410 421 430 441 441 450 450 460 460 460 450 441 430 421 410 399
04 27 379 379 370 360 360 351 351 379 410 421 441 441 450 450 450 460 460 460 450 441 430 421 410 399
04 28 390 390 379 370 360 360 360 390 410 430 441 450 450 450 460 460 460 460 460 441 430 421 421 399
04 29 390 390 379 370 370 360 360 390 410 430 450 450 450 460 460 460 469 469 460 450 430 430 421 410
04 30 390 390 379 370 370 360 360 399 421 441 450 460 460 469 469 469 469 469 469 450 441 441 430 410
05 01 399 399 390 379 370 370 370 399 430 450 460 460 469 469 480 480 480 480 469 460 450 441 430 421
05 02 399 399 390 390 379 370 370 399 430 450 460 469 469 480 480 480 489 489 480 469 450 441 430 421
05 03 410 399 399 390 379 370 370 410 441 460 469 480 480 480 489 489 489 489 480 469 460 450 441 430
05 04 410 410 399 390 390 379 379 410 441 460 469 480 480 489 489 489 489 489 480 469 460 450 441 430
05 05 410 410 410 399 390 379 379 421 450 460 469 480 489 489 489 489 500 489 480 480 460 450 441 430
05 06 421 410 410 399 390 379 390 421 460 469 480 480 489 489 489 500 500 489 489 480 469 460 441 430
05 07 421 421 410 399 399 390 390 421 460 469 480 489 489 489 489 500 500 489 489 480 469 460 441 430
05 08 421 421 410 399 399 390 390 421 460 469 480 489 500 500 500 500 500 489 489 480 469 460 450 430
05 09 421 421 410 399 399 390 390 430 469 469 480 489 500 500 500 500 500 500 489 489 469 460 450 441
05 10 421 421 410 410 399 399 399 430 469 480 489 500 500 500 500 500 500 500 500 489 469 460 450 441
05 11 430 430 421 410 399 399 399 441 469 489 489 500 500 511 511 511 500 509 511 500 480 469 460 441
05 12 430 430 421 410 410 399 410 441 469 489 489 500 500 511 511 511 511 511 511 500 480 469 460 450
05 13 430 430 421 410 410 399 410 441 469 489 489 500 500 511 511 511 511 511 511 500 480 469 460 450
05 14 430 430 421 410 410 399 410 450 469 489 500 500 500 511 511 511 511 511 511 500 480 469 460 450
05 15 441 430 421 410 410 410 410 450 469 489 500 500 500 511 511 511 511 511 511 500 480 469 460 450
05 16 441 430 421 421 410 410 410 450 480 489 500 500 511 511 518 520 511 520 520 511 489 469 469 450
05 17 441 430 421 421 410 410 421 460 480 489 500 511 511 511 520 520 520 520 520 511 489 480 469 450
05 18 441 441 430 421 410 410 421 460 480 489 500 511 511 511 520 520 520 520 520 511 489 480 469 450
05 19 441 441 430 421 421 421 421 460 480 500 500 511 511 520 520 520 520 531 520 511 500 480 469 460
05 20 441 441 430 421 421 421 421 460 489 500 511 520 520 531 531 531 531 531 520 520 500 489 480 460
05 21 441 441 441 421 421 421 430 460 489 500 520 520 531 536 531 540 531 531 531 520 500 489 480 469
05 22 460 450 441 441 430 430 430 469 489 511 520 520 531 531 531 540 531 531 531 520 500 500 480 469
05 23 460 450 441 441 430 430 430 469 500 511 520 531 531 540 540 540 540 550 531 520 511 500 489 469
05 24 460 450 441 441 430 430 430 469 500 511 531 540 540 540 550 550 550 550 540 531 511 500 489 469
05 25 460 450 450 441 430 430 441 469 500 520 531 540 550 550 550 550 559 550 550 540 520 509 489 480
05 26 469 460 450 441 441 430 441 480 511 531 540 550 550 550 550 559 559 559 550 540 531 511 500 480
05 27 469 469 460 450 441 441 450 480 511 531 540 550 559 559 559 559 570 559 559 550 531 520 500 489
05 28 469 469 460 450 450 441 450 489 520 540 550 559 559 559 559 570 570 570 559 550 540 520 500 489
05 29 480 480 460 450 450 450 460 489 531 540 559 559 570 570 559 570 570 570 570 559 540 531 511 500
05 30 480 480 469 450 460 450 460 500 531 550 559 570 570 570 570 570 579 579 570 559 540 531 511 500
05 31 480 480 469 460 460 460 469 500 531 550 559 570 570 570 570 570 579 579 570 559 550 540 520 500
06 01 480 486 469 460 460 460 469 502 540 550 559 570 570 570 570 579 590 579 579 570 550 540 531 511
06 02 480 489 480 469 469 460 469 511 540 559 570 570 579 579 579 590 590 590 579 579 550 540 531 511
06 03 489 489 489 480 469 460 480 520 550 559 570 579 579 579 579 590 590 590 590 579 559 550 531 520
06 04 489 500 489 480 469 469 489 520 550 559 570 579 579 590 590 601 601 590 590 579 559 550 531 520
06 05 500 500 489 489 480 469 489 531 550 570 579 590 590 601 601 610 601 601 590 579 570 550 540 531
06 06 511 500 500 489 480 480 500 531 559 570 579 590 601 601 610 610 610 601 601 590 570 559 540 531
06 07 511 511 500 489 489 489 500 531 559 579 590 601 610 601 610 621 610 601 601 590 570 559 540 531
06 08 511 511 511 500 489 489 500 540 570 579 590 601 610 610 610 621 610 610 610 590 579 570 550 540
06 09 520 518 511 500 500 500 511 540 570 590 601 610 621 610 621 621 621 610 610 601 579 570 559 540
06 10 531 520 511 511 500 500 511 550 570 590 601 610 621 621 621 621 621 610 621 606 590 579 559 550
06 11 531 520 520 511 500 500 520 550 579 601 610 621 630 630 630 630 630 630 621 621 590 579 570 550
06 12 540 531 520 520 511 511 520 559 590 610 621 630 630 640 630 640 640 640 630 621 601 590 579 559
06 13 540 531 531 520 511 511 520 559 590 610 630 640 640 649 649 649 649 640 630 630 610 601 590 570
06 14 550 550 540 531 520 511 531 570 601 621 630 640 649 649 660 660 649 649 640 640 621 610 590 570
06 15 550 550 540 531 520 511 531 570 601 621 630 640 649 649 660 660 649 649 640 637 621 610 590 570
06 16 550 550 540 531 520 511 540 570 601 621 640 640 649 660 660 660 660 649 649 640 621 610 590 579
06 17 559 559 540 531 531 520 540 579 601 621 640 640 649 660 660 660 660 649 649 640 621 610 590 579
06 18 559 559 540 531 531 520 540 579 601 630 640 640 649 660 660 660 660 649 649 649 630 610 590 579
06 19 559 559 540 531 531 531 540 579 610 630 640 640 649 660 669 669 669 660 660 649 630 610 601 579
06 20 570 559 550 531 531 531 540 579 610 630 640 649 660 660 669 669 669 660 660 660 630 610 601 579
06 21 559 559 550 531 531 531 540 579 610 630 640 649 660 660 669 669 669 669 660 660 630 621 601 579
06 22 570 559 550 540 531 531 540 579 610 630 640 649 660 660 669 669 669 669 669 660 630 621 601 579
06 23 570 559 550 540 531 531 540 579 610 630 640 649 660 669 669 669 680 669 660 660 630 621 601 579
06 24 570 559 550 540 531 531 540 579 621 640 649 660 669 669 680 669 680 669 669 660 630 621 601 579
06 25 559 559 550 540 531 531 550 579 621 640 649 660 669 669 680 669 680 669 669 660 640 621 601 579
06 26 570 559 550 540 531 540 550 590 621 640 660 669 669 680 680 680 680 680 669 660 640 621 601 590
06 27 570 559 559 540 540 540 550 590 630 649 660 669 680 680 680 680 691 680 669 667 640 626 610 590
06 28 570 570 559 550 540 540 550 590 630 649 669 669 680 680 691 680 691 680 680 669 649 630 610 590
06 29 570 570 559 550 540 540 550 590 630 649 669 680 680 680 689 680 691 680 669 669 649 630 610 590
06 30 570 570 559 550 540 540 550 590 630 649 669 680 680 691 691 691 691 680 680 669 649 630 610 590
07 01 570 570 559 550 540 540 550 601 630 660 669 680 691 691 691 691 691 691 680 669 649 630 621 601
07 02 579 570 559 550 540 540 550 601 630 660 669 680 691 691 700 691 700 691 680 669 649 640 621 601
07 03 579 570 570 550 550 540 559 601 640 660 669 680 691 691 700 700 700 691 680 669 649 640 621 601
07 04 590 579 570 559 550 540 559 601 640 660 669 680 691 691 700 700 700 691 680 676 660 640 621 610
07 05 590 579 570 559 550 540 559 610 640 660 669 680 691 691 700 700 700 691 691 680 660 640 630 610
07 06 601 590 570 559 550 550 559 610 640 660 669 680 691 691 700 700 700 691 691 680 660 640 630 610
07 07 601 590 579 559 550 550 559 610 649 662 680 691 698 700 700 700 700 700 691 680 660 649 630 610
07 08 601 590 579 570 559 550 559 610 649 669 680 691 700 711 711 711 711 700 700 691 660 649 640 621
07 09 601 601 590 572 570 559 570 610 649 669 691 691 711 711 711 720 711 700 700 691 669 649 640 621
07 10 601 601 590 579 570 559 570 621 649 671 691 700 711 720 711 720 711 700 700 691 669 649 640 621
07 11 601 601 590 579 570 559 570 621 649 680 691 700 711 720 716 720 720 711 700 691 669 660 640 621
07 12 601 601 590 579 570 559 579 621 660 680 691 700 711 720 720 720 720 711 700 691 669 660 640 621
07 13 601 601 590 579 570 559 579 621 649 680 691 700 711 720 720 720 720 711 700 691 669 660 640 630
07 14 610 601 590 579 570 570 579 621 660 680 691 700 711 720 720 720 720 711 700 691 680 660 649 630
07 15 610 610 601 579 570 570 579 621 660 680 691 700 711 720 720 720 720 711 700 691 680 660 640 630
07 16 610 610 590 579 579 570 579 621 660 680 691 700 711 720 720 720 720 711 700 691 680 660 640 630
07 17 610 601 590 579 570 570 579 621 660 680 691 700 711 720 720 720 720 711 700 691 680 660 640 630
07 18 610 610 599 579 579 570 579 621 660 680 691 700 711 720 720 720 720 711 700 691 680 660 649 630
07 19 621 610 601 590 579 579 579 621 660 680 691 700 716 720 720 720 720 711 700 700 680 660 649 630
07 20 621 610 601 590 579 579 590 621 660 680 691 700 711 720 720 720 720 711 700 691 680 660 649 630
07 21 621 610 601 590 579 579 590 621 660 680 691 700 711 720 720 720 720 711 700 691 669 660 649 630
07 22 610 610 601 590 579 579 590 621 660 680 691 700 711 720 720 720 720 711 700 700 669 660 649 630
07 23 621 610 601 590 590 579 590 621 660 680 691 711 711 720 720 720 720 711 700 700 669 660 649 640
07 24 621 610 601 590 590 579 590 621 660 680 691 700 711 720 720 720 720 711 700 691 669 660 649 640
07 25 621 610 601 590 590 579 579 621 649 680 691 700 711 720 720 720 720 711 700 700 669 660 649 630
07 26 621 610 601 590 590 579 579 621 649 680 691 700 711 720 720 720 720 711 711 700 680 660 649 630
07 27 621 610 601 590 590 579 579 621 660 680 691 700 711 720 720 720 720 711 711 700 680 660 649 640
07 28 621 610 601 590 590 579 579 621 660 680 691 700 711 720 720 720 720 711 711 700 680 660 649 640
07 29 621 610 601 590 590 579 579 621 660 680 691 700 711 711 720 720 720 711 700 700 669 660 649 630
07 30 610 610 601 590 579 579 579 610 649 680 691 700 711 720 720 711 720 711 700 700 669 660 649 630
07 31 610 610 601 590 579 579 579 610 649 680 691 700 711 720 720 711 720 711 700 700 669 660 649 630
08 01 610 608 590 590 579 570 570 610 649 680 691 700 711 720 720 711 720 711 700 700 669 660 649 630
08 02 610 601 590 590 570 570 570 610 649 680 691 700 711 711 720 711 720 711 700 700 669 660 649 630
08 03 610 601 590 590 570 570 570 610 649 680 691 700 711 711 711 711 711 711 700 691 669 649 649 630
08 04 610 601 590 590 570 570 570 601 649 669 691 700 700 711 711 711 711 711 700 691 660 649 640 630
08 05 610 601 590 579 570 570 570 601 649 669 691 700 700 711 711 711 711 711 700 691 660 649 630 630
08 06 610 601 590 579 570 570 570 601 640 669 691 700 700 711 711 711 711 711 700 691 660 649 630 630
08 07 601 601 590 579 570 570 570 601 640 669 691 691 700 711 711 711 711 700 700 691 660 649 630 621
08 08 601 601 590 579 570 559 559 590 640 669 691 691 700 711 711 711 711 700 691 691 660 649 630 621
08 09 601 601 590 579 570 559 559 590 640 669 691 691 700 711 711 711 711 700 691 680 660 649 630 621
08 10 601 601 590 579 570 559 559 590 640 669 691 691 700 711 711 711 711 700 691 680 660 640 630 621
08 11 601 601 579 579 570 559 559 590 640 662 680 691 700 711 711 711 711 700 691 680 649 640 630 621
08 12 601 601 579 579 570 559 559 590 630 660 669 691 700 711 709 700 711 691 691 680 649 640 621 610
08 13 601 590 579 570 570 559 559 590 630 660 669 691 700 711 711 700 700 691 680 669 649 640 621 621
08 14 601 590 579 570 570 559 559 590 630 660 669 691 691 700 700 700 700 689 680 669 649 640 621 610
08 15 590 590 579 570 559 559 550 579 630 660 669 680 691 700 700 700 700 680 680 669 649 640 621 610
08 16 590 590 579 570 559 559 550 579 630 660 669 680 691 700 691 700 700 680 680 660 649 640 621 610
08 17 601 590 579 570 559 559 550 579 630 649 669 680 691 700 691 691 691 680 680 660 640 630 621 610
08 18 590 590 570 570 559 550 550 579 621 649 669 680 691 700 691 691 700 680 680 660 640 630 621 601
08 19 590 579 570 570 559 550 550 570 621 649 669 680 691 700 691 691 700 680 680 660 649 630 621 610
08 20 590 579 570 570 559 550 550 579 621 649 669 680 691 700 691 691 691 680 680 660 640 630 621 610
08 21 590 590 570 570 559 550 550 579 621 649 669 680 691 691 691 680 691 680 669 660 640 630 621 601
08 22 590 579 570 570 559 550 550 579 621 649 669 680 680 691 691 689 691 680 669 660 640 630 610 601
08 23 579 579 570 570 550 550 550 570 621 649 669 680 680 691 689 680 691 680 669 660 640 630 610 601
08 24 579 570 570 559 550 540 550 570 610 649 660 669 680 691 691 680 691 680 669 660 640 621 610 590
08 25 579 570 570 550 550 540 540 559 610 649 660 669 680 691 691 680 680 680 669 660 640 621 601 590
08 26 570 570 559 550 550 540 540 559 610 640 660 669 680 680 680 680 680 669 669 649 630 610 601 590
08 27 570 570 559 550 540 540 531 559 610 640 660 669 680 680 680 680 680 669 660 649 630 610 601 579
08 28 570 570 559 550 540 540 531 559 601 640 660 669 669 680 680 680 680 669 660 649 630 610 590 579
08 29 570 570 559 550 540 540 531 550 601 630 649 669 669 680 680 680 680 669 660 649 630 601 590 579
08 30 559 570 550 550 540 540 531 550 590 630 649 669 669 680 680 669 680 669 660 640 621 601 590 579
08 31 559 570 550 540 531 531 531 550 590 626 649 660 669 669 669 669 669 660 649 640 621 601 590 579
09 01 559 559 550 540 531 531 531 540 590 621 640 660 669 669 669 669 669 660 649 640 621 601 590 579
09 02 559 559 550 540 531 531 531 550 590 621 640 660 660 669 660 669 669 660 649 640 621 601 579 579
09 03 559 559 550 540 531 531 531 540 579 621 640 649 660 660 660 669 660 660 649 630 621 599 579 570
09 04 550 559 540 540 531 520 520 531 579 610 640 649 660 660 660 660 660 660 649 630 610 590 579 570
09 05 550 550 540 531 520 520 511 531 579 610 640 649 660 649 660 660 660 660 649 630 610 590 570 570
09 06 550 540 531 531 520 511 511 531 570 610 640 640 660 649 660 660 660 649 640 621 601 579 570 559
09 07 540 540 531 531 520 511 511 520 570 610 630 640 649 649 660 649 660 649 630 621 599 579 570 550
09 08 531 540 531 531 520 511 500 520 570 601 621 630 630 640 640 640 640 630 621 610 590 570 559 550
09 09 531 531 531 520 520 511 500 520 559 590 610 621 630 630 640 630 630 630 610 601 579 570 559 540
09 10 531 520 520 520 511 500 489 511 559 590 610 621 621 630 640 630 630 621 610 601 579 570 550 540
09 11 531 520 520 511 511 500 489 500 550 579 601 621 621 630 630 630 630 621 610 590 570 559 540 531
09 12 531 511 511 511 500 500 489 500 550 579 601 621 621 630 630 630 630 621 610 590 570 559 540 531
09 13 520 511 509 500 500 500 489 500 540 579 601 610 621 621 630 630 630 621 608 590 570 550 540 531
09 14 520 511 500 500 500 489 489 500 540 579 590 610 610 621 630 621 621 610 601 579 559 550 531 531
09 15 520 511 500 489 489 489 480 489 540 570 579 601 610 621 621 621 621 610 599 579 559 540 531 520
09 16 511 511 500 489 489 489 480 489 531 559 579 590 601 610 621 621 610 610 590 570 550 540 520 520
09 17 500 500 489 480 480 480 469 480 520 550 570 579 590 601 610 610 610 601 579 559 540 531 511 511
09 18 489 489 469 469 469 469 469 469 511 550 559 579 590 601 601 610 601 599 579 559 540 531 511 500
09 19 489 489 469 469 469 469 469 469 511 540 559 579 579 590 601 601 590 590 570 550 531 520 511 500
09 20 480 480 469 469 469 469 469 469 500 540 559 570 579 579 590 590 590 579 570 550 531 511 500 500
09 21 480 480 469 460 469 469 460 460 500 531 550 570 570 579 579 579 579 579 559 540 531 511 500 500
09 22 480 469 469 460 460 460 450 460 500 531 550 559 570 570 570 579 570 570 559 540 520 500 489 480
09 23 480 469 460 460 450 450 450 450 489 520 540 550 559 570 559 570 570 559 540 531 511 500 489 480
09 24 469 469 450 450 450 450 441 450 489 511 531 550 550 559 559 570 559 559 540 531 511 500 489 480
09 25 460 469 450 450 450 450 441 441 480 511 520 540 550 559 559 559 559 550 536 520 509 489 480 469
09 26 460 460 450 450 441 441 441 441 480 500 520 531 540 550 550 559 550 540 531 511 500 489 480 469
09 27 450 460 441 441 441 441 430 430 469 500 511 531 540 540 550 550 550 540 520 511 489 480 469 460
09 28 450 450 430 441 430 430 430 430 460 489 511 531 540 540 540 540 540 531 520 500 489 480 469 450
09 29 441 441 430 430 430 421 421 421 460 489 500 520 531 540 540 540 531 531 511 500 480 469 460 441
09 30 430 430 430 421 421 421 410 410 450 480 500 520 531 531 531 531 531 520 511 489 469 460 450 441
10 01 430 430 421 421 410 421 410 399 441 480 500 511 520 531 531 531 531 520 511 489 469 460 450 441
10 02 430 430 421 421 410 421 410 399 441 480 500 511 520 520 531 531 531 520 500 489 469 460 450 441
10 03 430 430 421 421 410 410 399 399 441 480 489 511 520 520 520 531 531 520 500 489 460 450 450 441
10 04 421 421 421 421 410 410 399 399 430 469 489 500 511 511 520 520 520 520 500 480 460 450 441 430
10 05 421 421 410 410 399 399 399 399 430 469 489 500 511 511 511 511 520 511 489 480 460 450 441 430
10 06 421 421 410 410 399 399 390 399 430 460 489 500 511 511 511 511 511 511 489 480 460 450 441 430
10 07 421 421 410 410 399 399 390 399 430 460 480 500 500 500 511 511 511 509 480 480 460 450 441 430
10 08 421 421 410 410 399 399 390 390 430 450 480 489 500 500 511 511 500 500 480 469 460 450 441 430
10 09 421 410 410 399 399 399 390 390 421 450 469 489 500 500 500 500 500 489 469 469 450 441 430 421
10 10 410 410 399 399 399 390 390 390 421 450 469 489 489 500 500 489 489 480 469 460 450 441 430 421
10 11 410 410 399 399 399 390 390 390 421 450 469 489 489 489 500 489 489 480 460 460 441 430 421 410
10 12 410 399 390 390 390 390 379 379 410 441 460 480 480 489 489 480 480 469 460 450 430 421 421 410
10 13 399 390 390 390 390 390 379 379 410 441 460 469 480 489 480 480 469 469 450 450 430 421 421 410
10 14 390 390 390 390 379 379 379 370 399 430 460 469 480 480 480 480 469 460 450 441 430 421 421 410
10 15 390 390 390 379 379 379 379 370 399 430 450 469 469 469 469 469 469 460 441 441 430 421 410 410
10 16 390 390 379 379 370 370 370 370 390 430 450 460 469 469 469 469 469 460 441 441 430 421 410 399
10 17 390 390 379 379 370 370 370 370 379 430 450 460 469 469 460 460 460 450 441 430 421 410 399 390
10 18 390 390 379 379 370 370 370 360 379 421 450 450 469 469 460 460 460 450 430 430 421 410 399 390
10 19 379 379 379 370 370 360 360 360 379 421 450 450 460 460 460 450 450 450 430 430 421 410 399 390
10 20 379 379 370 370 360 360 360 351 370 421 441 450 460 460 450 450 450 450 430 430 421 410 399 390
10 21 379 379 370 370 360 360 360 351 370 410 441 450 450 450 450 450 450 441 430 421 410 399 399 390
10 22 379 379 370 360 360 360 360 351 370 410 430 441 450 450 450 450 441 441 430 421 410 399 390 390
10 23 370 370 370 360 360 360 351 351 360 399 430 441 450 450 450 450 441 441 430 421 410 399 390 379
10 24 370 370 360 360 351 351 351 351 360 399 421 441 450 446 450 441 441 441 421 410 410 390 390 379
10 25 370 370 360 360 351 351 351 351 360 399 421 441 441 441 441 441 441 430 421 410 399 390 379 379
10 26 370 360 360 351 351 351 351 340 351 399 410 430 441 441 441 430 430 421 410 410 390 379 379 370
10 27 360 360 351 351 340 340 340 340 351 390 399 421 430 430 430 430 421 421 410 399 390 379 370 370
10 28 360 351 351 340 340 331 331 331 351 379 399 410 421 421 430 430 421 410 399 390 390 379 370 370
10 29 360 351 351 340 340 331 331 331 340 379 390 399 410 410 421 421 410 410 399 390 379 370 370 360
10 30 351 351 351 340 331 331 331 320 340 370 390 390 399 399 410 410 410 399 390 379 370 370 360 360
10 31 351 340 340 331 331 320 320 320 331 370 390 390 399 399 410 410 410 399 390 379 370 360 351 360
11 01 351 340 331 331 320 320 320 320 331 360 379 390 399 399 410 410 410 399 390 379 370 360 351 351
11 02 340 340 331 331 320 320 320 320 331 360 379 390 390 399 399 399 399 390 379 370 360 360 351 351
11 03 340 340 331 331 320 320 320 320 320 351 379 390 390 390 390 399 390 379 370 370 360 360 351 351
11 04 340 340 331 331 320 320 320 320 320 351 370 379 390 390 390 390 390 379 370 360 360 351 351 340
11 05 331 331 320 320 320 309 309 309 320 340 370 379 379 379 379 379 379 370 360 351 351 351 340 340
11 06 331 320 320 309 309 309 300 309 320 340 360 370 370 370 370 370 370 360 360 351 340 340 331 331
11 07 320 320 309 309 300 300 300 300 309 331 351 360 360 370 370 370 370 360 351 351 340 340 331 331
11 08 320 309 309 309 300 300 300 300 300 331 351 351 360 360 360 360 360 360 351 340 340 331 331 320
11 09 309 309 300 300 300 289 289 289 300 320 340 351 351 351 360 360 360 351 340 331 331 331 320 320
11 10 300 309 300 300 300 289 289 289 300 320 331 340 351 351 351 351 351 351 331 331 331 320 320 309
11 11 300 309 300 300 289 289 289 289 289 320 331 331 340 351 351 351 351 340 331 331 331 320 320 309
11 12 300 300 300 300 289 289 289 280 289 320 331 331 340 351 351 351 351 340 331 331 331 320 309 309
11 13 300 300 300 300 289 289 289 289 289 309 320 331 340 351 351 351 340 340 331 331 320 320 309 309
11 14 300 300 289 289 289 289 289 280 289 300 309 331 340 340 340 340 340 331 331 320 320 309 309 309
11 15 300 300 289 289 289 280 280 280 280 300 309 331 331 331 331 331 331 331 320 309 309 309 302 300
11 16 300 289 280 280 280 280 280 270 280 289 309 320 331 331 331 331 331 320 309 309 302 309 300 300
11 17 289 289 280 280 270 270 270 270 280 289 300 309 320 331 320 331 331 320 309 309 300 300 300 289
11 18 289 289 270 280 270 270 270 270 270 289 300 309 320 320 320 331 320 309 309 300 300 289 291 289
11 19 284 280 270 270 270 270 270 261 270 289 300 309 320 320 320 331 320 309 300 300 289 289 289 289
11 20 284 280 270 270 270 270 270 261 270 289 300 309 320 320 320 331 320 309 300 300 289 289 289 289
11 21 289 280 270 270 270 270 261 261 270 289 300 309 320 320 320 320 320 309 300 300 289 289 289 289
11 22 289 289 270 280 270 270 270 261 270 289 300 309 320 320 320 320 320 309 300 300 289 289 289 289
11 23 289 289 270 280 270 270 270 261 270 289 300 309 320 320 320 320 320 309 300 300 289 289 289 289
11 24 289 280 270 270 270 270 261 261 270 289 300 309 320 320 320 320 309 309 300 300 289 289 289 289
11 25 289 280 270 280 270 270 270 261 270 280 300 309 309 309 309 309 309 300 300 289 289 289 289 280
11 26 289 280 270 270 270 270 261 261 261 270 289 300 309 309 309 309 309 300 289 289 280 280 280 270
11 27 280 270 261 270 261 261 261 250 261 270 280 289 289 300 300 300 300 289 280 280 270 270 270 270
11 28 270 261 261 261 250 250 250 250 250 261 270 280 289 289 289 289 289 289 280 270 270 270 261 261
11 29 261 261 250 250 250 241 241 241 241 250 261 270 280 280 289 289 289 280 280 270 270 261 261 261
11 30 261 250 250 250 241 241 241 230 241 248 261 270 270 280 280 280 280 280 270 270 261 261 261 261
12 01 261 250 250 241 241 241 230 230 230 241 250 261 270 280 280 280 280 280 270 270 261 261 250 250
12 02 261 250 241 241 230 230 230 230 230 241 250 261 270 270 270 270 270 270 270 261 261 261 250 250
12 03 250 241 241 230 230 230 230 230 230 230 241 250 261 261 270 270 270 270 261 261 250 250 250 248
12 04 250 241 241 230 230 219 219 219 219 230 241 250 261 261 261 270 270 261 250 250 250 250 241 241
12 05 241 241 230 230 230 219 219 219 210 219 230 250 250 261 261 261 261 261 250 241 241 241 230 230
12 06 241 230 219 219 219 210 210 199 199 210 219 241 250 250 261 261 250 250 250 241 241 241 230 219
12 07 230 219 219 219 210 210 199 199 199 210 219 230 241 250 250 250 250 241 241 230 241 230 230 219
12 08 230 219 210 210 210 199 199 199 199 199 219 230 241 250 250 250 250 241 241 230 230 230 219 219
12 09 219 210 210 210 199 199 199 190 190 199 210 219 230 241 241 250 241 241 230 230 230 219 219 219
12 10 219 210 199 199 199 199 190 190 190 199 210 219 230 241 241 241 241 230 230 219 219 219 210 210
12 11 210 199 199 199 190 190 180 180 180 190 199 219 219 230 241 241 241 230 219 219 219 210 199 199
12 12 210 199 190 190 190 180 180 180 171 180 190 210 219 219 219 230 230 219 210 210 210 199 199 190
12 13 199 180 180 180 180 180 171 171 171 171 180 199 210 210 219 219 219 210 199 199 199 190 190 190
12 14 190 180 180 180 171 171 171 171 171 171 180 199 210 210 210 210 210 199 199 199 190 190 190 190
12 15 180 171 171 160 171 160 160 160 160 160 171 194 210 210 210 210 210 199 199 190 190 190 180 180
12 16 180 171 171 160 160 160 160 151 160 160 171 190 199 199 210 199 199 199 190 180 180 171 171 171
12 17 160 160 160 160 151 151 151 151 151 151 171 180 190 190 190 199 190 190 180 180 171 160 160 151
12 18 140 151 151 151 140 140 140 140 140 151 160 171 180 190 190 190 190 180 171 171 160 160 160 151
12 19 129 151 140 140 140 140 129 129 129 140 151 160 171 180 180 190 190 171 160 151 151 140 151 140
12 20 129 140 140 140 140 140 129 129 129 140 151 160 171 180 180 190 190 171 160 151 151 140 151 140
12 21 129 140 129 129 129 120 129 129 129 140 151 160 171 180 180 180 180 171 151 151 140 140 140 140
12 22 120 140 129 120 129 120 120 120 129 140 151 160 171 180 180 190 180 171 160 151 140 140 140 140
12 23 120 129 129 120 120 109 120 120 129 129 140 160 171 180 180 180 171 160 151 151 140 140 140 140
12 24 120 129 129 120 120 109 120 120 129 129 140 160 171 180 180 180 180 171 151 151 140 140 140 140
12 25 120 129 129 120 120 120 120 120 129 129 151 160 171 180 190 190 180 171 160 151 151 140 140 140
12 26 120 129 129 129 129 120 120 120 129 129 151 160 171 180 190 190 180 171 160 151 151 140 140 140
12 27 129 129 129 120 129 120 120 120 129 129 151 171 171 180 190 190 190 180 171 160 151 151 151 140
12 28 129 140 129 129 129 129 120 120 129 129 151 171 180 180 190 190 190 180 171 160 151 151 151 140
12 29 129 129 129 120 120 120 120 120 120 129 140 160 171 180 190 190 180 171 160 160 151 151 151 140
12 30 129 140 129 129 129 129 120 120 129 129 140 160 171 180 190 190 190 180 171 160 160 160 151 151
12 31 129 140 140 140 129 129 129 120 129 129 140 160 171 180 190 190 190 180 171 160 151 151 151 151
