01 01 -341 -332 -339 -346 -346 -341 -339 -348 -341 -359 -360 -360 -368 -346 -321 -321 -332 -341 -321 -332 -341 -341 -351 -348
01 02 -350 -339 -348 -348 -359 -348 -348 -359 -359 -360 -368 -369 -373 -359 -328 -330 -341 -346 -328 -341 -341 -341 -351 -351
01 03 -351 -350 -360 -351 -359 -359 -359 -368 -360 -368 -371 -380 -380 -360 -341 -330 -346 -351 -341 -359 -359 -368 -378 -371
01 04 -371 -359 -368 -360 -371 -371 -369 -371 -378 -382 -387 -389 -389 -368 -348 -348 -364 -368 -368 -368 -378 -380 -382 -380
01 05 -380 -380 -387 -380 -380 -387 -380 -380 -380 -389 -391 -391 -391 -369 -350 -351 -369 -378 -369 -371 -380 -389 -398 -398
01 06 -391 -387 -391 -387 -387 -387 -382 -387 -387 -391 -400 -400 -398 -371 -359 -351 -371 -380 -371 -378 -387 -391 -400 -398
01 07 -398 -389 -391 -387 -387 -387 -387 -387 -387 -391 -400 -400 -400 -380 -360 -359 -371 -382 -378 -378 -389 -398 -400 -400
01 08 -400 -400 -398 -387 -391 -391 -387 -389 -398 -391 -400 -400 -400 -380 -360 -359 -371 -382 -380 -380 -391 -400 -400 -400
01 09 -411 -400 -400 -398 -398 -398 -389 -391 -400 -400 -400 -400 -409 -380 -360 -360 -378 -382 -380 -378 -391 -400 -400 -400
01 10 -411 -400 -400 -398 -398 -391 -389 -389 -400 -391 -400 -411 -400 -380 -360 -348 -369 -382 -380 -380 -391 -400 -400 -400
01 11 -411 -400 -400 -398 -398 -398 -391 -389 -400 -400 -400 -411 -400 -380 -359 -348 -368 -380 -380 -378 -398 -400 -400 -400
01 12 -411 -400 -409 -400 -398 -400 -391 -391 -400 -411 -411 -411 -400 -380 -360 -351 -368 -382 -387 -391 -400 -400 -411 -411
01 13 -411 -411 -411 -409 -400 -400 -391 -398 -400 -418 -418 -418 -411 -382 -360 -359 -364 -382 -389 -391 -400 -400 -411 -418
01 14 -418 -418 -411 -409 -400 -411 -400 -398 -400 -418 -418 -418 -400 -380 -360 -351 -364 -380 -387 -391 -391 -400 -411 -411
01 15 -411 -418 -411 -409 -400 -400 -400 -391 -411 -418 -418 -418 -409 -380 -360 -359 -364 -380 -387 -391 -391 -400 -411 -411
01 16 -411 -418 -411 -400 -400 -411 -400 -398 -418 -429 -418 -418 -411 -380 -360 -351 -360 -380 -387 -391 -398 -400 -411 -411
01 17 -418 -418 -411 -418 -411 -411 -411 -400 -418 -431 -418 -418 -411 -380 -360 -348 -360 -378 -387 -398 -400 -400 -411 -418
01 18 -418 -422 -429 -422 -422 -411 -411 -411 -429 -436 -431 -418 -411 -387 -364 -360 -364 -380 -389 -398 -400 -400 -418 -418
01 19 -418 -422 -429 -431 -431 -411 -411 -422 -431 -441 -431 -418 -418 -387 -364 -360 -360 -380 -389 -398 -400 -400 -418 -418
01 20 -431 -418 -429 -431 -429 -411 -411 -422 -436 -441 -436 -418 -418 -382 -364 -360 -351 -378 -387 -391 -400 -400 -418 -418
01 21 -431 -422 -429 -429 -429 -429 -422 -422 -436 -441 -436 -418 -411 -382 -364 -359 -351 -371 -380 -391 -398 -400 -411 -418
01 22 -420 -418 -422 -422 -422 -429 -422 -422 -436 -438 -431 -418 -409 -380 -360 -351 -346 -360 -380 -387 -391 -400 -411 -418
01 23 -418 -422 -422 -422 -418 -429 -422 -422 -436 -438 -436 -422 -411 -380 -360 -351 -341 -360 -378 -380 -380 -400 -411 -411
01 24 -411 -418 -422 -422 -418 -429 -422 -422 -436 -438 -436 -422 -411 -380 -360 -332 -341 -360 -378 -380 -380 -400 -411 -411
01 25 -411 -418 -422 -422 -418 -429 -422 -422 -431 -438 -436 -422 -411 -380 -360 -351 -341 -351 -378 -380 -389 -400 -411 -418
01 26 -418 -418 -429 -422 -418 -429 -429 -422 -429 -438 -441 -429 -411 -382 -364 -359 -341 -351 -378 -380 -389 -400 -411 -418
01 27 -418 -418 -429 -422 -418 -429 -429 -431 -436 -438 -449 -431 -411 -378 -360 -359 -341 -346 -371 -380 -389 -400 -411 -418
01 28 -418 -429 -429 -429 -429 -431 -436 -436 -436 -441 -449 -431 -411 -382 -360 -328 -328 -346 -371 -380 -380 -398 -409 -409
01 29 -418 -418 -429 -429 -429 -431 -436 -436 -436 -438 -449 -431 -411 -380 -359 -328 -328 -341 -371 -380 -380 -398 -409 -409
01 30 -418 -418 -429 -429 -422 -436 -436 -438 -438 -438 -449 -436 -411 -380 -359 -328 -328 -332 -371 -380 -380 -398 -409 -409
01 31 -418 -418 -429 -429 -422 -436 -436 -438 -438 -438 -449 -436 -411 -380 -359 -328 -328 -328 -369 -378 -378 -391 -400 -409
02 01 -418 -418 -429 -422 -422 -431 -436 -436 -438 -438 -449 -436 -409 -380 -359 -328 -319 -321 -348 -368 -378 -387 -391 -400
02 02 -409 -409 -418 -418 -418 -429 -429 -431 -436 -436 -436 -429 -400 -368 -348 -310 -308 -310 -339 -351 -368 -380 -387 -389
02 03 -400 -398 -411 -418 -418 -429 -418 -429 -436 -431 -436 -420 -391 -359 -321 -308 -297 -297 -330 -341 -360 -369 -380 -382
02 04 -391 -391 -400 -409 -400 -418 -418 -418 -422 -418 -422 -418 -382 -346 -310 -292 -279 -290 -321 -332 -341 -360 -371 -380
02 05 -380 -382 -389 -389 -382 -398 -400 -409 -418 -418 -422 -398 -378 -339 -297 -288 -274 -279 -308 -310 -332 -350 -360 -378
02 06 -369 -380 -382 -387 -382 -398 -400 -409 -418 -409 -418 -398 -368 -330 -297 -278 -260 -278 -297 -308 -330 -341 -350 -369
02 07 -360 -364 -380 -380 -378 -387 -387 -380 -409 -387 -387 -380 -360 -321 -288 -258 -258 -269 -288 -299 -321 -328 -348 -359
02 08 -348 -360 -364 -371 -371 -368 -380 -378 -398 -378 -378 -378 -346 -310 -278 -249 -251 -249 -270 -297 -308 -308 -328 -346
02 09 -346 -359 -348 -351 -351 -351 -359 -364 -382 -368 -368 -359 -339 -301 -269 -231 -231 -231 -258 -278 -292 -297 -297 -319
02 10 -308 -319 -339 -339 -348 -341 -348 -360 -378 -364 -364 -351 -321 -278 -251 -211 -218 -218 -238 -269 -269 -251 -269 -290
02 11 -281 -290 -319 -319 -328 -339 -341 -341 -364 -348 -359 -348 -297 -258 -220 -211 -200 -198 -207 -231 -251 -242 -261 -278
02 12 -281 -281 -301 -308 -319 -328 -328 -339 -348 -346 -348 -328 -274 -229 -202 -188 -188 -188 -198 -218 -238 -238 -251 -270
02 13 -270 -281 -301 -308 -319 -332 -328 -339 -348 -346 -341 -328 -274 -229 -200 -188 -179 -179 -198 -207 -231 -238 -251 -270
02 14 -278 -288 -301 -310 -319 -330 -332 -341 -348 -346 -341 -328 -274 -229 -198 -184 -170 -179 -191 -207 -229 -231 -249 -258
02 15 -278 -288 -297 -308 -319 -328 -328 -339 -348 -346 -339 -319 -274 -229 -198 -184 -168 -168 -188 -198 -220 -229 -249 -258
02 16 -278 -288 -301 -301 -319 -328 -328 -341 -348 -346 -339 -310 -269 -220 -198 -180 -168 -159 -188 -198 -220 -229 -249 -258
02 17 -278 -288 -297 -308 -319 -328 -328 -339 -348 -346 -332 -308 -270 -218 -188 -168 -159 -159 -179 -189 -220 -229 -249 -258
02 18 -278 -288 -301 -308 -319 -328 -328 -339 -348 -346 -332 -308 -269 -218 -179 -168 -148 -148 -166 -189 -218 -229 -242 -258
02 19 -270 -288 -297 -301 -310 -321 -321 -339 -339 -341 -330 -301 -258 -202 -179 -168 -148 -148 -159 -180 -211 -229 -238 -251
02 20 -270 -288 -297 -301 -310 -321 -321 -339 -339 -341 -328 -301 -258 -202 -179 -159 -148 -148 -159 -179 -211 -229 -242 -258
02 21 -270 -288 -297 -308 -310 -321 -328 -341 -348 -346 -332 -308 -258 -211 -179 -159 -148 -148 -159 -179 -209 -229 -249 -258
02 22 -278 -290 -301 -308 -319 -328 -328 -341 -348 -348 -332 -308 -258 -218 -179 -159 -148 -148 -159 -179 -209 -229 -249 -258
02 23 -278 -290 -301 -310 -319 -328 -332 -341 -348 -348 -339 -308 -258 -218 -179 -159 -148 -148 -159 -180 -209 -229 -249 -258
02 24 -278 -290 -308 -319 -321 -332 -339 -348 -350 -348 -339 -308 -260 -218 -179 -159 -148 -148 -159 -179 -209 -229 -249 -258
02 25 -278 -290 -308 -310 -328 -332 -339 -348 -351 -348 -339 -297 -258 -200 -179 -148 -119 -139 -141 -168 -198 -229 -238 -258
02 26 -270 -288 -297 -308 -319 -321 -328 -341 -348 -348 -328 -288 -238 -189 -168 -130 -117 -119 -139 -161 -188 -218 -231 -251
02 27 -269 -281 -297 -301 -310 -319 -321 -339 -348 -339 -321 -270 -220 -188 -159 -117 -101 -117 -130 -159 -180 -207 -229 -249
02 28 -258 -269 -288 -288 -297 -297 -308 -328 -339 -339 -310 -269 -211 -180 -141 -110 -99 -108 -119 -141 -168 -188 -218 -231
03 01 -249 -258 -278 -288 -288 -288 -297 -308 -328 -310 -281 -238 -200 -152 -128 -98 -90 -98 -108 -128 -152 -171 -188 -211
03 02 -229 -249 -269 -270 -281 -281 -290 -301 -310 -290 -270 -229 -188 -148 -112 -90 -78 -90 -98 -121 -141 -168 -180 -198
03 03 -218 -231 -258 -261 -278 -281 -288 -290 -297 -288 -269 -207 -179 -139 -98 -78 -69 -76 -71 -98 -128 -159 -168 -189
03 04 -211 -229 -249 -258 -261 -270 -279 -288 -281 -278 -256 -200 -152 -117 -78 -62 -58 -49 -58 -78 -110 -141 -159 -179
03 05 -207 -220 -238 -249 -260 -270 -278 -281 -281 -278 -256 -198 -148 -112 -78 -58 -51 -49 -49 -78 -110 -141 -159 -179
03 06 -207 -229 -242 -251 -261 -278 -281 -288 -297 -281 -258 -191 -148 -110 -78 -58 -49 -49 -49 -71 -101 -130 -152 -179
03 07 -207 -220 -238 -251 -260 -270 -278 -279 -281 -278 -251 -184 -141 -108 -76 -49 -40 -40 -49 -71 -98 -121 -148 -170
03 08 -191 -209 -229 -240 -251 -269 -270 -270 -274 -269 -238 -170 -130 -94 -58 -40 -29 -31 -31 -69 -89 -110 -139 -159
03 09 -171 -198 -220 -231 -251 -260 -270 -270 -269 -251 -220 -166 -119 -89 -49 -20 -20 -20 -29 -58 -80 -108 -130 -148
03 10 -171 -191 -207 -220 -238 -242 -251 -261 -261 -249 -209 -159 -108 -76 -29 -11 -11 -8 -27 -40 -71 -90 -121 -141
03 11 -168 -179 -198 -220 -231 -242 -251 -258 -261 -240 -198 -148 -98 -69 -27 -8 -9 -8 -20 -40 -62 -90 -110 -130
03 12 -161 -179 -191 -211 -231 -240 -251 -251 -261 -240 -189 -141 -98 -58 -22 -4 -8 -4 -18 -31 -60 -81 -110 -130
03 13 -152 -171 -191 -211 -220 -240 -249 -251 -260 -238 -188 -139 -90 -51 -18 0 1 0 0 -18 -51 -80 -98 -121
03 14 -148 -171 -180 -198 -209 -220 -242 -251 -251 -231 -180 -128 -89 -40 -18 9 9 1 1 -9 -51 -71 -90 -110
03 15 -141 -168 -179 -188 -200 -218 -231 -249 -251 -229 -171 -112 -78 -38 -11 10 12 12 10 -8 -31 -62 -90 -108
03 16 -141 -159 -179 -188 -200 -218 -231 -249 -251 -211 -170 -110 -76 -38 -9 10 10 12 10 -8 -31 -62 -90 -108
03 17 -141 -159 -179 -188 -200 -218 -231 -249 -251 -209 -168 -108 -71 -31 -11 12 10 19 12 0 -27 -58 -90 -101
03 18 -130 -159 -179 -188 -198 -207 -231 -242 -249 -207 -159 -98 -62 -29 -8 19 12 21 12 9 -20 -40 -78 -90
03 19 -130 -152 -168 -180 -191 -207 -229 -231 -249 -200 -148 -94 -58 -18 1 21 21 21 21 12 -18 -40 -71 -89
03 20 -128 -150 -161 -179 -188 -200 -229 -229 -238 -198 -148 -90 -49 -11 12 28 30 32 28 19 -11 -40 -62 -89
03 21 -117 -130 -152 -171 -188 -198 -220 -218 -229 -184 -130 -89 -40 -4 19 32 32 39 39 21 -11 -40 -60 -89
03 22 -110 -128 -148 -161 -168 -188 -207 -211 -202 -168 -117 -71 -20 0 21 32 41 41 41 28 0 -38 -51 -81
03 23 -101 -117 -141 -159 -161 -188 -198 -207 -200 -161 -112 -60 -20 1 32 39 52 52 50 39 9 -27 -51 -71
03 24 -90 -108 -121 -148 -161 -171 -188 -200 -188 -161 -110 -58 -18 10 32 41 52 59 50 41 9 -20 -51 -71
03 25 -89 -108 -121 -148 -159 -171 -188 -200 -188 -161 -110 -58 -18 14 32 50 59 59 52 50 19 -20 -40 -69
03 26 -89 -101 -117 -141 -152 -161 -180 -200 -184 -152 -108 -58 -9 21 39 59 61 63 61 52 28 -11 -31 -60
03 27 -78 -90 -110 -130 -139 -148 -170 -180 -179 -148 -98 -49 -4 32 52 61 63 70 63 52 39 1 -27 -51
03 28 -62 -89 -101 -119 -130 -148 -168 -180 -171 -141 -94 -49 0 32 52 63 63 70 63 61 41 9 -20 -40
03 29 -60 -81 -98 -117 -139 -148 -168 -179 -168 -139 -90 -38 1 39 52 70 79 72 70 70 50 9 -18 -38
03 30 -58 -81 -98 -117 -128 -141 -161 -179 -168 -139 -89 -27 12 41 63 72 82 82 79 70 50 10 -18 -38
03 31 -51 -80 -98 -117 -128 -141 -161 -179 -168 -130 -89 -27 12 41 63 72 82 86 82 72 50 12 -18 -38
04 01 -58 -78 -98 -117 -128 -141 -159 -179 -168 -128 -78 -27 14 41 63 82 91 90 82 72 52 21 -8 -27
04 02 -49 -71 -89 -110 -121 -139 -159 -179 -166 -117 -78 -22 12 50 72 86 91 91 90 82 52 28 1 -20
04 03 -40 -71 -89 -110 -121 -139 -152 -168 -159 -117 -69 -18 21 52 82 86 102 99 90 82 61 30 1 -20
04 04 -40 -69 -89 -108 -117 -130 -148 -159 -148 -101 -58 -9 32 52 82 91 102 99 90 90 70 32 10 -18
04 05 -31 -51 -81 -98 -117 -128 -141 -152 -139 -94 -40 -4 39 68 82 91 102 100 91 91 72 50 12 -8
04 06 -31 -51 -80 -98 -110 -128 -141 -148 -130 -89 -38 12 41 72 86 102 104 111 109 102 81 61 19 -8
04 07 -27 -49 -69 -89 -108 -117 -139 -141 -117 -60 -18 21 50 82 91 104 118 111 111 109 91 70 28 1
04 08 -20 -38 -69 -71 -98 -110 -128 -128 -108 -58 -8 32 59 82 100 111 122 122 120 111 102 72 41 12
04 09 -18 -31 -51 -71 -89 -108 -121 -119 -90 -49 0 41 63 86 102 122 122 129 122 122 109 82 41 19
04 10 -8 -27 -40 -60 -78 -98 -117 -108 -89 -49 1 41 68 91 104 122 122 131 129 122 111 82 52 21
04 11 -8 -27 -40 -58 -78 -90 -117 -98 -78 -29 14 52 72 102 111 122 131 142 131 129 111 90 52 21
04 12 0 -9 -38 -51 -71 -89 -99 -94 -58 -18 32 63 86 104 122 129 142 149 140 142 122 100 70 41
04 13 10 1 -18 -49 -51 -71 -90 -78 -27 1 32 72 99 118 129 131 153 153 142 142 131 109 72 50
04 14 28 19 -8 -20 -49 -58 -78 -58 -8 21 50 82 102 122 140 153 160 162 153 160 142 111 82 63
04 15 39 19 1 -11 -27 -38 -51 -38 -4 32 52 90 104 131 142 162 167 172 172 162 151 122 99 63
04 16 50 32 19 1 -9 -20 -27 -22 12 32 81 102 111 131 153 167 172 181 180 172 153 140 111 82
04 17 70 50 32 21 1 -8 -18 -18 21 50 90 104 122 153 172 172 181 192 181 181 162 153 131 109
04 18 90 79 41 32 12 9 1 -4 39 63 100 122 142 162 181 192 199 201 201 192 181 162 142 129
04 19 102 90 70 50 32 21 19 21 52 82 104 140 160 180 201 201 212 212 212 212 201 181 160 140
04 20 122 109 91 81 52 50 32 41 72 91 122 153 172 192 212 221 230 230 230 221 219 199 172 153
04 21 131 118 102 91 72 63 52 63 86 109 131 158 176 199 221 232 232 243 239 241 232 208 181 162
04 22 142 131 109 91 82 70 52 82 102 122 142 162 181 212 230 243 250 252 250 250 243 219 189 172
04 23 153 142 109 100 82 81 61 90 111 122 160 176 194 212 243 252 252 262 262 259 259 239 208 180
04 24 169 149 118 109 90 82 70 91 111 131 162 181 201 219 243 252 262 262 262 262 261 241 219 189
04 25 172 153 122 111 90 82 72 91 111 131 162 181 201 219 243 252 262 270 270 270 262 243 221 192
04 26 172 160 129 118 102 91 82 99 122 142 162 181 212 230 248 266 270 271 271 279 270 250 230 201
04 27 181 162 142 122 111 102 99 109 131 153 172 192 212 239 252 270 271 282 289 280 271 259 232 212
04 28 192 172 153 140 120 111 109 118 142 162 172 201 221 243 266 282 282 302 302 291 282 262 243 221
04 29 201 181 169 153 131 129 122 122 153 176 192 221 232 262 279 284 284 302 302 291 289 270 243 221
04 30 201 192 180 162 142 131 129 131 158 181 201 230 243 262 284 291 291 302 302 291 291 282 250 230
05 01 212 192 181 162 149 142 131 140 162 181 212 243 252 271 291 302 302 320 320 311 302 289 270 252
05 02 239 208 199 180 171 160 160 153 194 212 230 252 266 284 302 311 320 329 331 320 320 302 280 261
05 03 250 230 210 201 190 172 172 176 208 221 243 266 282 302 320 331 338 349 351 331 320 320 298 279
05 04 262 239 221 208 192 181 180 192 212 232 248 270 289 311 331 338 340 351 351 349 338 320 309 291
05 05 279 252 243 221 219 208 199 208 221 250 266 284 302 320 338 340 351 360 360 351 351 340 311 302
05 06 282 271 259 243 232 230 219 221 248 271 282 291 309 331 340 351 351 360 360 360 351 340 320 309
05 07 291 282 270 261 250 239 241 248 271 282 291 302 320 338 351 356 360 370 370 370 360 351 331 311
05 08 300 289 279 266 252 250 250 262 282 289 298 311 320 340 356 356 360 370 370 370 369 351 340 320
05 09 309 291 280 270 261 259 259 266 284 300 302 320 338 351 360 369 370 379 379 379 370 360 340 320
05 10 309 300 282 271 270 262 262 270 291 302 309 331 340 356 360 370 374 390 379 379 370 360 351 331
05 11 320 302 291 280 271 270 271 282 300 309 329 340 351 360 370 379 390 399 390 388 379 370 360 331
05 12 320 309 298 282 279 271 280 289 302 320 340 351 360 370 379 390 390 399 399 390 379 379 360 340
05 13 329 320 302 291 282 282 282 298 311 329 340 351 360 370 388 390 399 399 399 390 379 379 360 340
05 14 331 320 309 298 289 289 291 302 320 331 340 351 369 370 390 390 399 399 399 399 379 379 360 340
05 15 331 320 311 300 289 289 298 302 320 340 349 360 370 379 390 399 399 410 410 399 399 390 370 351
05 16 340 320 320 302 291 289 302 311 329 340 351 370 379 390 399 410 419 421 419 421 410 399 379 360
05 17 349 329 320 302 302 300 309 320 338 351 360 379 390 399 419 430 428 439 430 430 421 410 399 370
05 18 349 329 320 309 309 309 320 320 340 360 374 388 399 410 430 430 441 450 450 441 430 421 399 379
05 19 360 340 329 311 309 309 320 331 351 370 379 392 410 430 441 446 450 450 450 450 441 430 410 390
05 20 369 349 340 320 311 311 320 340 351 374 379 399 419 430 446 446 450 460 459 450 450 439 421 399
05 21 370 360 340 329 320 320 331 340 356 379 392 410 421 439 450 450 460 464 460 459 450 450 430 410
05 22 379 369 349 331 320 320 336 351 370 388 399 410 428 446 459 460 464 469 469 460 459 450 439 410
05 23 388 370 351 340 331 331 340 356 374 390 399 421 430 446 460 460 469 469 469 469 460 459 441 419
05 24 399 379 360 349 340 340 349 360 379 392 410 421 441 450 464 469 469 480 480 469 469 459 441 421
05 25 399 379 360 360 340 340 351 370 379 399 410 428 441 450 464 469 478 480 480 480 478 460 450 430
05 26 410 379 370 360 340 340 360 370 387 399 410 430 446 460 469 478 478 480 480 480 480 469 450 430
05 27 410 388 370 360 351 349 360 370 390 410 421 430 450 464 469 480 480 489 489 480 480 469 459 430
05 28 419 390 379 369 360 356 369 374 390 410 421 439 450 469 469 482 489 489 489 489 480 480 460 441
05 29 421 399 379 370 360 360 370 379 399 421 430 446 460 480 482 489 500 500 500 500 489 489 469 459
05 30 430 410 390 379 360 369 379 390 410 430 430 450 464 480 489 500 500 511 500 500 489 489 469 459
05 31 430 410 399 379 369 370 379 399 410 430 441 450 464 480 489 500 500 500 500 500 489 489 469 459
06 01 439 419 399 379 370 379 390 399 410 430 441 450 469 482 500 500 500 500 500 500 489 489 480 460
06 02 439 419 399 388 379 379 390 399 421 430 450 450 478 489 500 500 500 500 500 500 500 489 480 460
06 03 441 428 399 390 379 390 399 410 428 439 450 460 478 489 500 500 511 509 500 500 500 500 480 469
06 04 450 430 410 399 379 399 399 410 439 446 460 464 480 500 511 511 520 511 509 511 511 500 489 469
06 05 459 430 419 399 390 399 399 428 439 450 469 469 489 500 511 518 520 520 511 520 520 509 489 480
06 06 460 439 421 399 390 399 410 430 441 450 469 469 489 500 518 520 531 529 520 520 520 511 500 480
06 07 460 441 430 410 399 410 419 430 446 459 480 480 500 518 520 531 531 531 520 531 529 520 509 489
06 08 469 450 430 419 410 410 421 441 450 464 482 489 500 518 520 531 531 531 529 531 529 520 509 500
06 09 478 459 439 419 410 410 430 446 460 469 489 500 518 520 529 531 540 540 531 531 531 520 511 500
06 10 478 459 439 419 410 419 439 450 460 480 500 509 520 520 536 540 540 540 540 540 531 529 520 500
06 11 480 459 439 421 410 421 441 459 469 489 500 511 520 529 536 540 549 540 540 540 531 529 520 500
06 12 489 469 450 430 421 430 450 460 469 489 500 511 520 529 540 540 549 549 540 540 540 531 520 509
06 13 489 469 450 441 430 430 450 460 478 489 509 511 520 529 540 540 549 550 540 540 540 531 529 511
06 14 489 469 459 441 430 430 450 460 478 500 511 518 529 531 540 549 550 550 549 549 540 531 531 511
06 15 500 478 460 450 430 439 459 464 480 500 511 520 531 540 549 550 550 559 549 550 540 540 531 511
06 16 500 480 469 450 439 441 459 464 480 500 511 520 536 540 549 559 559 559 559 550 550 540 531 520
06 17 500 480 469 450 441 441 460 469 480 500 511 520 536 540 549 559 559 559 559 550 550 540 531 520
06 18 500 489 469 450 441 450 460 469 480 500 511 520 540 549 549 559 559 559 550 559 550 540 531 520
06 19 500 489 478 450 450 450 469 469 482 500 511 520 531 540 549 559 550 559 550 559 550 549 531 520
06 20 500 489 478 459 450 450 469 480 489 500 511 520 531 540 549 554 550 559 550 550 550 540 531 520
06 21 500 500 480 460 459 459 469 480 489 500 511 520 531 540 549 550 550 550 550 550 550 549 531 520
06 22 509 489 480 460 459 459 469 480 489 500 511 520 531 540 549 550 550 550 550 550 550 549 531 520
06 23 509 489 480 469 459 459 478 480 489 500 511 520 536 540 549 554 554 550 550 550 550 550 536 520
06 24 511 500 480 469 460 459 478 482 500 500 511 520 536 550 550 559 559 559 550 559 559 550 540 520
06 25 511 500 480 469 460 460 478 482 500 500 511 520 536 550 550 559 559 568 559 559 559 550 540 529
06 26 520 500 480 469 460 469 478 482 500 500 511 520 536 550 550 559 559 568 559 559 559 550 540 529
06 27 511 500 480 469 460 464 478 489 500 509 511 520 536 550 550 559 559 568 559 559 559 559 540 529
06 28 520 500 489 469 469 469 478 489 500 500 511 520 531 549 550 559 559 568 559 559 559 559 540 529
06 29 520 500 489 469 469 469 480 489 500 511 511 520 531 549 550 567 559 570 559 559 559 559 540 529
06 30 520 500 482 469 469 469 480 496 509 511 520 520 536 550 554 567 568 570 559 568 559 559 540 529
07 01 520 500 489 478 469 469 480 489 509 511 520 520 536 550 550 559 559 570 559 559 554 559 540 529
07 02 520 500 482 469 469 469 480 489 509 511 520 520 536 550 550 559 559 570 559 559 550 559 540 529
07 03 520 500 480 469 469 469 480 496 509 511 520 520 536 549 554 559 568 570 559 568 559 559 549 531
07 04 520 500 480 469 469 469 480 496 500 511 520 529 540 550 559 567 570 570 568 570 559 559 549 540
07 05 520 500 489 469 469 469 480 500 509 518 520 531 540 550 559 568 570 572 579 579 559 559 549 540
07 06 520 500 489 469 469 469 480 500 509 518 529 536 549 554 559 570 572 590 579 579 568 559 550 540
07 07 520 500 489 478 469 469 480 500 509 520 531 536 550 554 559 570 572 579 579 579 568 559 550 540
07 08 520 500 489 469 469 469 480 500 509 520 531 536 550 554 559 570 572 579 579 579 567 559 550 540
07 09 520 500 489 478 469 469 480 500 509 520 531 536 549 554 559 570 570 579 579 570 559 559 550 540
07 10 520 509 500 480 469 478 480 500 509 520 531 536 550 550 559 570 570 579 579 570 559 559 550 540
07 11 520 500 500 478 478 480 489 500 509 520 531 536 550 554 559 570 570 570 570 570 559 559 550 540
07 12 520 500 500 480 478 480 489 500 509 520 531 540 550 554 559 570 570 570 570 570 559 559 550 540
07 13 520 500 500 480 480 480 489 500 511 520 531 540 550 554 559 570 570 570 570 570 559 559 550 540
07 14 520 509 500 482 480 480 489 500 511 520 531 540 550 554 559 570 570 570 570 570 559 559 550 540
07 15 520 509 500 480 478 480 480 500 511 520 536 540 554 559 559 572 572 579 570 570 559 559 550 540
07 16 520 511 500 480 478 469 480 500 511 520 540 540 554 559 570 572 572 579 570 570 559 559 550 540
07 17 520 511 500 480 480 480 480 500 511 529 536 540 554 559 570 572 572 579 570 570 567 559 550 540
07 18 520 520 500 489 480 480 480 500 511 520 536 540 554 559 570 572 572 579 570 570 559 559 550 540
07 19 529 520 500 489 489 480 489 500 511 520 536 540 554 559 559 572 572 570 570 570 559 559 550 540
07 20 529 520 500 489 489 480 489 500 511 520 531 540 550 559 559 570 572 570 570 570 559 559 550 540
07 21 529 511 500 489 489 480 489 500 511 520 531 540 550 559 559 570 570 570 570 568 559 559 549 531
07 22 520 511 500 489 489 480 489 500 511 520 531 540 550 559 559 570 570 570 570 568 559 559 540 531
07 23 520 511 500 500 489 480 489 500 511 520 531 536 550 559 559 570 570 570 568 568 559 559 540 531
07 24 520 509 500 489 489 480 489 489 509 518 529 536 549 559 559 570 559 570 568 559 559 550 540 529
07 25 520 500 489 489 480 478 480 489 500 518 520 536 540 554 559 570 559 570 559 559 559 550 540 529
07 26 511 500 489 489 480 478 480 482 500 511 520 531 540 554 559 570 559 570 559 559 559 550 540 520
07 27 511 500 489 482 478 469 478 482 500 511 520 531 540 550 559 568 559 570 559 559 559 550 540 520
07 28 509 500 489 480 469 469 469 480 500 511 520 536 540 550 559 568 559 570 568 559 559 550 540 520
07 29 511 500 489 478 469 469 469 480 500 511 518 536 540 550 559 559 559 568 559 559 559 550 540 520
07 30 509 500 489 478 469 469 469 480 489 511 518 531 540 550 554 554 559 568 559 559 559 550 540 520
07 31 509 500 489 469 469 469 469 480 489 509 518 531 536 550 550 554 554 559 559 559 550 549 531 520
08 01 509 489 489 469 469 450 469 469 482 500 518 529 536 550 550 554 554 559 559 559 550 549 531 520
08 02 500 489 480 469 460 450 460 469 482 500 518 529 536 549 550 554 550 559 550 550 550 540 531 520
08 03 500 489 480 464 459 450 459 469 482 500 518 529 536 549 550 554 554 559 559 559 550 540 531 511
08 04 500 489 478 469 459 450 450 464 480 500 518 529 536 549 550 554 554 550 550 550 550 540 529 511
08 05 500 489 469 460 450 450 450 464 478 500 516 520 536 540 540 550 550 549 549 549 540 540 520 509
08 06 500 480 469 460 450 441 446 460 478 500 511 520 531 540 540 550 550 540 540 540 540 531 520 500
08 07 489 478 460 459 441 439 441 459 469 500 511 518 531 536 540 549 540 540 540 540 540 529 520 500
08 08 489 469 460 450 441 430 439 450 469 489 509 518 529 536 540 549 549 540 540 540 531 529 509 489
08 09 480 469 459 450 430 430 430 441 464 489 500 511 520 536 536 540 540 531 531 529 529 520 500 489
08 10 478 460 450 441 421 419 419 430 459 480 489 509 520 531 529 531 531 531 529 529 520 511 500 489
08 11 469 460 450 439 421 410 419 430 450 469 489 500 511 520 520 531 529 529 529 529 520 509 500 478
08 12 469 450 441 439 419 410 419 428 446 460 480 500 509 518 520 529 529 529 529 529 518 509 489 469
08 13 459 441 439 421 410 399 410 419 439 460 478 489 509 518 520 529 520 529 520 520 511 500 489 469
08 14 459 441 430 421 410 399 410 419 439 459 469 489 500 511 520 520 520 529 520 520 511 500 489 469
08 15 450 439 430 419 410 399 399 410 430 450 464 482 500 509 520 520 520 520 520 520 509 500 480 459
08 16 450 439 421 410 399 390 390 399 421 446 450 480 500 509 518 520 520 520 520 511 500 489 478 459
08 17 441 430 421 410 399 390 390 399 419 439 450 478 482 509 511 518 518 520 520 511 500 489 469 450
08 18 439 430 410 410 399 388 379 392 410 430 450 464 482 500 509 509 511 520 511 509 500 478 460 450
08 19 439 421 410 410 399 379 379 392 410 430 446 460 480 489 500 500 500 511 509 509 489 469 459 441
08 20 430 419 410 390 390 379 379 390 399 428 441 459 480 482 500 500 500 511 509 500 489 469 450 439
08 21 430 410 399 388 379 360 369 379 399 421 441 459 480 482 500 500 500 511 509 509 489 469 450 439
08 22 430 410 399 379 370 360 369 379 399 421 441 459 480 489 500 509 509 511 509 500 489 469 450 430
08 23 430 410 390 374 369 360 360 370 390 419 441 459 480 489 500 509 509 511 509 509 489 469 450 430
08 24 421 399 388 369 360 360 360 369 390 410 441 459 480 489 500 509 509 509 509 509 489 469 450 430
08 25 419 392 379 369 360 356 351 360 379 410 439 450 478 489 500 509 509 511 509 509 489 469 450 430
08 26 410 390 379 360 360 349 349 360 379 410 430 450 478 482 489 500 500 509 500 500 489 469 441 430
08 27 410 388 374 360 351 340 349 351 370 399 430 450 469 482 489 500 500 500 500 500 489 460 441 430
08 28 410 379 370 360 351 340 349 349 369 399 430 450 469 480 482 489 500 500 500 489 480 459 439 428
08 29 399 379 370 360 349 340 340 340 369 399 428 446 464 478 482 489 500 500 500 489 478 450 439 419
08 30 399 379 360 360 340 340 340 340 360 399 428 446 464 480 482 489 500 500 500 489 480 450 430 419
08 31 399 370 360 351 340 340 340 331 360 399 421 446 464 480 480 489 489 500 500 489 480 450 430 410
09 01 399 370 360 351 340 340 331 331 360 390 419 441 460 469 480 482 489 489 489 489 469 441 430 410
09 02 379 370 351 340 331 331 331 329 351 390 410 439 450 464 478 482 489 480 480 480 469 439 421 399
09 03 379 369 349 340 329 320 329 320 351 379 399 439 450 464 469 480 480 480 480 478 460 439 410 399
09 04 379 369 349 340 329 320 329 320 349 379 399 430 446 460 464 469 469 480 478 469 459 430 410 399
09 05 379 369 349 340 329 329 320 320 338 374 399 421 430 450 460 464 469 469 469 469 459 430 410 390
09 06 370 360 340 331 320 320 311 311 331 369 390 410 430 450 450 460 469 469 469 469 450 421 399 388
09 07 370 360 340 329 320 320 311 302 329 360 390 410 428 446 450 460 464 469 460 459 441 419 399 379
09 08 360 351 340 320 311 311 302 302 320 349 374 399 421 439 446 450 450 460 460 450 430 410 390 370
09 09 360 340 331 320 309 309 302 302 311 340 374 392 410 428 441 441 441 441 450 439 430 399 388 369
09 10 349 340 329 320 309 302 298 298 309 340 369 388 399 421 430 430 439 439 439 430 410 399 379 369
09 11 349 340 320 311 302 298 291 291 302 331 356 379 399 410 421 430 430 430 430 421 410 388 379 360
09 12 340 340 320 309 302 298 291 289 302 320 349 374 392 399 419 428 428 430 421 410 399 379 370 360
09 13 340 331 320 302 298 289 289 282 298 320 340 360 390 399 410 419 419 421 419 410 390 379 360 349
09 14 331 329 311 302 291 289 282 282 291 311 338 360 379 392 399 410 410 410 410 399 379 369 351 340
09 15 320 320 302 298 291 282 282 282 289 309 331 351 370 390 399 410 410 399 399 390 369 360 340 338
09 16 320 320 298 298 289 282 282 271 282 302 320 351 369 379 388 399 392 390 388 388 360 340 338 331
09 17 320 309 298 291 282 279 282 271 271 302 320 340 360 374 379 390 388 379 379 379 360 340 331 329
09 18 311 309 298 289 279 279 270 261 270 291 311 340 351 360 374 379 379 379 370 369 349 331 320 311
09 19 309 298 289 279 270 270 261 250 259 279 302 329 349 356 360 370 370 369 360 360 340 329 320 309
09 20 300 289 279 270 259 262 252 248 250 271 298 320 331 349 360 360 360 360 360 349 331 320 309 298
09 21 291 282 271 270 259 259 250 230 243 266 284 309 331 340 351 360 360 360 351 340 329 320 309 291
09 22 289 280 270 262 252 239 239 219 230 259 282 302 320 340 349 351 351 349 340 340 320 320 302 291
09 23 289 280 270 262 252 243 239 219 230 250 279 298 320 338 340 349 351 349 340 340 320 309 298 289
09 24 282 279 270 259 250 239 232 219 230 250 279 298 320 338 340 349 349 340 340 331 320 302 298 289
09 25 279 271 259 252 241 239 230 219 219 246 271 291 311 331 340 340 340 340 340 331 309 302 289 282
09 26 279 270 259 250 239 232 230 212 212 232 259 282 309 329 338 340 340 340 340 329 309 298 289 279
09 27 270 261 241 230 230 230 219 212 201 230 259 279 302 320 331 338 331 331 331 320 302 289 280 270
09 28 262 250 239 221 221 212 210 201 199 221 250 270 298 320 320 331 331 331 329 320 298 289 279 262
09 29 259 243 232 219 219 208 201 194 194 212 241 262 284 302 311 320 320 329 320 302 289 289 270 259
09 30 252 239 230 219 210 199 199 189 190 199 230 259 282 291 302 309 311 311 309 298 289 279 270 252
10 01 250 239 219 208 208 199 192 180 189 196 230 252 271 289 298 302 302 302 300 289 282 271 262 250
10 02 250 232 219 208 208 199 190 180 189 196 230 250 270 282 289 291 298 298 291 289 280 270 259 241
10 03 243 230 219 208 199 190 189 180 180 194 221 250 262 271 282 289 289 289 282 279 270 261 252 239
10 04 230 219 208 192 189 189 180 171 169 180 212 243 259 270 279 284 284 289 279 270 262 250 243 230
10 05 230 210 208 189 181 180 172 160 160 180 208 230 250 262 270 280 282 282 271 262 250 239 232 219
10 06 219 201 199 180 180 169 169 153 149 160 190 212 243 259 266 271 279 271 270 259 241 230 221 201
10 07 208 189 180 171 171 169 160 151 140 149 189 212 239 252 262 270 270 270 262 250 230 221 210 199
10 08 192 180 180 162 162 160 151 142 129 140 176 194 230 243 259 262 262 262 262 243 221 210 199 189
10 09 171 160 149 140 140 140 140 129 109 122 142 180 212 230 248 252 259 259 250 221 201 189 172 162
10 10 153 129 131 129 118 118 118 122 102 109 131 162 199 219 239 243 248 243 243 212 192 172 162 153
10 11 140 118 109 100 109 109 102 102 82 90 111 142 180 201 212 230 230 221 221 181 169 149 140 140
10 12 111 109 99 82 90 90 70 72 68 70 91 129 160 181 199 212 212 208 201 169 149 129 129 120
10 13 99 91 81 72 79 61 59 68 50 39 81 111 149 169 189 194 201 199 189 160 140 129 111 109
10 14 81 79 79 70 59 50 50 50 32 32 70 102 131 160 176 189 189 180 169 142 129 109 90 90
10 15 70 63 61 61 41 32 39 39 19 21 50 90 118 153 162 180 180 172 160 140 118 102 90 82
10 16 70 59 50 50 39 28 28 21 12 19 50 70 102 131 160 169 176 162 151 122 109 99 82 79
10 17 59 52 41 39 30 21 28 19 1 12 39 61 99 122 149 160 169 160 149 118 102 90 79 70
10 18 52 39 39 28 21 19 19 19 -8 0 32 59 90 122 140 149 158 149 140 109 91 81 63 52
10 19 41 28 21 12 9 1 1 12 -11 -9 14 52 81 109 129 142 149 140 122 102 82 70 52 39
10 20 30 12 12 0 -8 0 -8 -9 -18 -11 12 50 70 102 122 131 131 129 111 90 79 63 50 32
10 21 21 12 9 0 -9 -11 -18 -11 -18 -20 1 39 68 90 109 129 122 118 109 81 70 52 32 21
10 22 19 1 1 -18 -18 -20 -20 -18 -27 -22 -11 21 52 82 102 122 122 109 102 79 63 50 21 19
10 23 12 0 -9 -18 -20 -20 -27 -20 -31 -27 -11 14 50 79 100 109 111 102 91 72 59 41 19 12
10 24 1 -8 -18 -20 -27 -27 -31 -27 -31 -31 -22 9 41 70 90 100 100 99 82 63 41 32 19 9
10 25 0 -11 -22 -38 -38 -29 -40 -31 -38 -40 -31 0 32 52 81 91 90 82 72 52 41 28 12 1
10 26 -8 -18 -27 -38 -40 -38 -49 -40 -40 -49 -49 -8 21 41 63 82 81 70 63 39 28 12 9 0
10 27 -11 -27 -38 -49 -49 -49 -51 -49 -58 -60 -58 -18 14 32 52 72 70 61 52 21 19 9 1 0
10 28 -20 -29 -40 -49 -49 -49 -60 -58 -62 -62 -58 -20 12 32 50 68 68 52 41 19 19 1 0 -8
10 29 -27 -38 -49 -51 -49 -58 -60 -60 -71 -69 -69 -27 9 32 50 61 59 50 39 19 12 0 -11 -8
10 30 -27 -38 -49 -58 -58 -60 -69 -69 -89 -90 -80 -40 -4 21 39 50 50 39 28 10 1 -11 -27 -27
10 31 -40 -40 -60 -62 -69 -69 -71 -71 -98 -98 -94 -51 -18 9 32 41 32 21 12 -8 -8 -20 -38 -38
11 01 -49 -49 -71 -78 -78 -71 -89 -90 -108 -108 -99 -58 -20 -8 14 32 30 14 1 -11 -8 -27 -38 -49
11 02 -58 -58 -78 -80 -90 -81 -90 -90 -117 -112 -110 -69 -29 -18 12 21 21 9 0 -20 -20 -29 -49 -51
11 03 -62 -62 -80 -89 -98 -90 -98 -94 -121 -121 -110 -76 -38 -20 9 14 19 1 -11 -27 -29 -40 -58 -71
11 04 -71 -71 -89 -98 -101 -108 -101 -110 -128 -130 -112 -90 -49 -22 -4 12 12 -11 -20 -38 -40 -51 -62 -78
11 05 -71 -78 -98 -101 -108 -110 -108 -117 -128 -139 -121 -94 -58 -27 -22 -4 -4 -20 -27 -40 -51 -62 -71 -89
11 06 -90 -90 -101 -110 -128 -121 -121 -121 -130 -148 -130 -101 -71 -51 -31 -18 -8 -27 -40 -58 -62 -78 -90 -98
11 07 -101 -110 -117 -128 -130 -139 -130 -130 -148 -148 -141 -108 -76 -58 -38 -27 -27 -49 -58 -78 -80 -90 -101 -101
11 08 -110 -119 -130 -141 -141 -141 -148 -148 -150 -159 -148 -121 -89 -62 -51 -40 -38 -58 -71 -81 -90 -99 -110 -110
11 09 -121 -139 -141 -148 -148 -148 -159 -159 -152 -166 -159 -128 -90 -76 -58 -58 -40 -58 -78 -90 -108 -101 -110 -110
11 10 -130 -141 -148 -148 -148 -150 -159 -159 -152 -166 -159 -130 -101 -80 -62 -58 -58 -76 -89 -98 -110 -117 -117 -119
11 11 -139 -141 -148 -150 -150 -152 -161 -161 -168 -170 -166 -148 -117 -90 -76 -69 -71 -80 -90 -117 -128 -130 -128 -139
11 12 -141 -148 -150 -159 -161 -161 -171 -171 -179 -184 -179 -159 -130 -98 -78 -78 -78 -89 -110 -121 -128 -139 -139 -152
11 13 -152 -161 -159 -168 -168 -171 -180 -180 -180 -188 -180 -161 -130 -108 -90 -89 -81 -101 -117 -128 -139 -148 -148 -168
11 14 -161 -168 -168 -170 -170 -179 -180 -180 -184 -191 -184 -161 -141 -110 -98 -90 -90 -110 -128 -141 -150 -159 -161 -179
11 15 -170 -171 -179 -180 -180 -189 -188 -188 -191 -198 -198 -170 -148 -128 -101 -98 -101 -119 -139 -159 -159 -159 -171 -180
11 16 -188 -179 -179 -188 -200 -189 -198 -188 -198 -198 -198 -179 -150 -128 -110 -101 -108 -128 -141 -159 -170 -168 -179 -180
11 17 -188 -179 -180 -188 -200 -189 -200 -200 -198 -200 -198 -180 -152 -139 -110 -108 -110 -130 -159 -159 -170 -170 -180 -188
11 18 -188 -180 -180 -188 -200 -198 -207 -209 -200 -200 -200 -188 -159 -139 -110 -101 -112 -139 -159 -161 -171 -170 -188 -189
11 19 -188 -188 -188 -200 -202 -200 -209 -211 -218 -207 -202 -198 -166 -141 -110 -110 -117 -141 -161 -168 -171 -171 -189 -191
11 20 -189 -189 -189 -200 -207 -200 -209 -211 -220 -207 -202 -200 -179 -141 -119 -117 -130 -148 -170 -170 -179 -180 -189 -198
11 21 -198 -200 -198 -207 -207 -207 -209 -218 -220 -218 -211 -202 -180 -148 -121 -130 -148 -161 -179 -180 -188 -189 -189 -198
11 22 -200 -207 -198 -211 -207 -218 -218 -220 -229 -229 -220 -218 -189 -159 -141 -141 -161 -180 -191 -198 -198 -200 -200 -207
11 23 -218 -220 -207 -218 -229 -229 -229 -238 -249 -238 -238 -238 -209 -189 -170 -161 -180 -198 -207 -218 -207 -229 -218 -220
11 24 -229 -229 -238 -242 -240 -249 -261 -251 -258 -269 -256 -251 -229 -202 -189 -184 -198 -202 -220 -220 -220 -231 -229 -249
11 25 -238 -238 -238 -258 -251 -261 -269 -270 -274 -278 -269 -269 -238 -229 -209 -204 -220 -220 -231 -229 -229 -238 -231 -249
11 26 -240 -238 -242 -261 -261 -261 -269 -270 -274 -281 -274 -269 -251 -238 -220 -220 -220 -231 -242 -238 -238 -249 -231 -251
11 27 -251 -238 -254 -270 -270 -279 -279 -288 -278 -292 -278 -278 -260 -242 -238 -231 -238 -240 -258 -251 -251 -261 -256 -256
11 28 -258 -251 -261 -281 -270 -288 -288 -281 -281 -292 -281 -281 -278 -249 -238 -231 -238 -240 -258 -251 -251 -261 -251 -251
11 29 -258 -251 -261 -274 -270 -281 -288 -281 -279 -292 -281 -281 -278 -258 -242 -238 -249 -249 -260 -261 -269 -270 -278 -270
11 30 -269 -269 -270 -288 -278 -290 -290 -290 -288 -308 -290 -297 -290 -261 -251 -242 -251 -258 -261 -269 -270 -278 -279 -278
12 01 -269 -270 -281 -290 -281 -290 -290 -299 -288 -308 -292 -297 -290 -261 -251 -242 -251 -258 -269 -269 -270 -278 -278 -278
12 02 -269 -270 -281 -290 -281 -290 -290 -290 -281 -297 -290 -297 -290 -261 -256 -249 -256 -258 -261 -270 -270 -270 -278 -278
12 03 -269 -278 -281 -288 -281 -290 -290 -290 -281 -308 -290 -297 -290 -274 -256 -249 -256 -258 -269 -270 -270 -270 -278 -270
12 04 -269 -270 -279 -281 -281 -288 -290 -290 -281 -297 -290 -297 -290 -274 -256 -249 -256 -261 -270 -274 -278 -278 -278 -270
12 05 -269 -270 -279 -288 -279 -290 -290 -290 -281 -308 -290 -290 -290 -274 -260 -260 -258 -269 -281 -279 -281 -279 -288 -281
12 06 -281 -288 -288 -297 -290 -290 -290 -290 -288 -308 -292 -297 -290 -274 -261 -261 -258 -269 -288 -281 -288 -288 -288 -281
12 07 -281 -290 -290 -297 -290 -290 -290 -299 -290 -308 -292 -297 -297 -278 -269 -269 -269 -270 -288 -288 -288 -290 -290 -288
12 08 -281 -290 -290 -290 -290 -290 -290 -290 -290 -301 -292 -290 -290 -274 -261 -269 -269 -270 -281 -288 -288 -279 -290 -278
12 09 -274 -281 -281 -290 -288 -290 -290 -281 -288 -301 -290 -290 -290 -274 -261 -269 -270 -288 -281 -290 -288 -290 -290 -281
12 10 -278 -281 -288 -290 -281 -288 -290 -281 -281 -290 -288 -288 -290 -270 -258 -269 -261 -279 -278 -290 -281 -290 -288 -281
12 11 -281 -281 -281 -290 -281 -288 -288 -279 -281 -290 -288 -288 -290 -270 -258 -269 -261 -278 -270 -290 -281 -290 -281 -274
12 12 -274 -281 -269 -281 -278 -281 -281 -278 -281 -290 -288 -281 -281 -270 -256 -269 -261 -270 -270 -288 -281 -292 -281 -274
12 13 -278 -281 -261 -281 -278 -279 -279 -278 -279 -290 -281 -281 -278 -261 -256 -269 -261 -270 -270 -288 -281 -292 -281 -274
12 14 -278 -281 -261 -281 -279 -278 -279 -278 -281 -288 -279 -281 -278 -270 -256 -269 -258 -269 -270 -281 -278 -279 -281 -270
12 15 -270 -281 -261 -270 -270 -278 -270 -270 -278 -270 -270 -274 -270 -260 -249 -260 -258 -260 -270 -278 -270 -270 -270 -270
12 16 -274 -281 -261 -270 -270 -278 -281 -270 -288 -288 -270 -278 -274 -270 -256 -269 -269 -270 -278 -288 -281 -292 -281 -278
12 17 -281 -281 -278 -281 -281 -290 -290 -290 -301 -301 -301 -290 -290 -274 -260 -274 -270 -290 -281 -290 -290 -297 -281 -278
12 18 -281 -290 -279 -281 -290 -290 -290 -290 -299 -297 -301 -290 -290 -274 -261 -274 -270 -290 -281 -290 -290 -297 -290 -281
12 19 -290 -292 -292 -290 -292 -299 -290 -290 -310 -308 -308 -290 -299 -288 -279 -290 -278 -290 -281 -290 -290 -297 -290 -281
12 20 -290 -290 -292 -290 -292 -299 -290 -290 -310 -301 -301 -290 -290 -279 -279 -290 -278 -288 -270 -281 -270 -281 -279 -281
12 21 -281 -290 -290 -279 -290 -292 -299 -290 -310 -299 -297 -290 -290 -279 -278 -290 -278 -279 -270 -270 -270 -278 -278 -278
12 22 -281 -290 -290 -281 -292 -297 -290 -290 -299 -290 -279 -290 -290 -279 -269 -278 -274 -278 -270 -269 -258 -270 -261 -270
12 23 -281 -279 -290 -279 -290 -299 -297 -301 -297 -297 -290 -290 -288 -279 -269 -278 -270 -278 -270 -269 -258 -278 -269 -270
12 24 -281 -281 -290 -281 -290 -310 -301 -301 -297 -299 -292 -297 -292 -279 -270 -281 -270 -274 -270 -269 -258 -278 -261 -270
12 25 -281 -279 -288 -290 -299 -299 -301 -308 -297 -308 -308 -297 -299 -288 -288 -290 -278 -278 -270 -270 -279 -281 -279 -281
12 26 -290 -290 -297 -310 -301 -310 -310 -321 -319 -328 -310 -308 -310 -290 -290 -292 -290 -281 -278 -288 -290 -281 -281 -288
12 27 -292 -297 -301 -310 -308 -310 -321 -321 -319 -328 -321 -321 -319 -292 -290 -297 -290 -288 -279 -292 -290 -290 -297 -288
12 28 -292 -290 -297 -310 -301 -310 -310 -321 -319 -321 -321 -321 -328 -297 -290 -297 -292 -290 -281 -301 -297 -301 -301 -290
12 29 -308 -290 -308 -310 -308 -321 -321 -321 -330 -330 -332 -339 -346 -310 -297 -301 -299 -310 -288 -310 -308 -308 -308 -301
12 30 -310 -308 -319 -321 -330 -321 -330 -332 -339 -341 -348 -348 -351 -330 -310 -308 -310 -328 -310 -330 -328 -332 -321 -330
12 31 -332 -332 -339 -341 -341 -341 -332 -341 -341 -351 -359 -359 -360 -341 -310 -310 -321 -341 -321 -330 -339 -341 -332 -332
