01 01 104 109 109 109 109 109 109 104 100 120 140 171 190 199 210 199 199 190 171 151 129 120 120 109
01 02 104 109 100 109 109 109 109 109 109 122 140 171 190 199 210 199 199 190 171 160 129 120 120 120
01 03 109 109 109 109 120 109 109 109 109 129 140 171 190 199 210 199 199 190 171 160 129 120 120 109
01 04 100 100 100 100 100 100 104 100 100 109 140 151 180 190 199 199 199 190 160 151 129 120 120 109
01 05 100 100 90 90 100 86 100 100 81 109 129 140 171 190 190 194 199 180 160 151 129 120 109 104
01 06 90 90 90 90 100 86 100 100 81 109 129 140 171 190 190 190 190 180 160 151 129 120 120 109
01 07 100 100 90 90 90 86 100 100 90 109 129 151 180 190 199 199 199 190 171 151 129 120 120 109
01 08 90 100 90 90 100 86 100 81 81 109 129 140 171 190 190 190 190 180 160 151 129 120 109 109
01 09 90 90 81 81 81 81 81 70 70 100 120 129 160 180 180 190 190 176 151 140 120 109 109 100
01 10 81 90 70 70 70 70 81 61 70 90 109 129 160 171 180 190 190 171 151 129 120 100 104 90
01 11 81 90 70 70 61 70 70 61 61 81 109 129 151 171 180 180 180 171 140 129 109 100 90 90
01 12 70 81 70 70 61 70 50 50 50 70 100 120 151 171 176 180 180 160 129 109 104 100 86 81
01 13 70 70 61 61 61 70 50 50 39 70 100 120 151 160 171 180 171 160 129 109 104 100 90 81
01 14 70 70 61 70 61 70 50 39 39 70 100 120 140 160 171 171 160 158 129 109 100 100 81 70
01 15 61 61 61 50 50 61 39 39 39 61 90 109 140 160 171 171 160 151 129 109 100 90 81 70
01 16 50 61 61 50 50 50 39 30 30 61 90 109 129 160 171 171 160 158 129 109 100 90 81 70
01 17 61 61 61 50 50 50 39 30 30 61 90 109 129 160 171 171 160 151 129 109 100 100 81 70
01 18 50 61 61 50 50 50 39 30 30 61 90 109 129 160 171 180 160 160 140 109 104 100 81 81
01 19 61 68 70 70 61 61 39 39 39 61 100 109 129 160 171 180 160 160 140 109 100 100 81 81
01 20 61 68 70 70 61 61 50 39 39 61 90 109 129 160 180 180 160 160 140 109 100 90 81 70
01 21 50 61 61 61 61 50 39 39 39 61 90 109 129 160 171 171 160 160 129 109 100 90 81 70
01 22 50 61 61 61 61 50 39 39 39 61 90 109 129 160 171 171 160 160 140 109 100 90 81 81
01 23 50 61 61 61 61 50 39 39 50 61 90 109 129 160 180 180 171 171 151 120 104 100 90 81
01 24 61 61 70 70 61 50 39 39 50 61 90 109 129 160 180 180 190 180 151 120 109 100 90 90
01 25 70 70 70 70 61 61 50 39 50 70 100 120 151 171 190 190 190 190 160 129 109 109 100 90
01 26 70 70 70 70 61 50 39 39 50 81 109 129 160 171 190 190 194 190 176 140 120 109 100 90
01 27 70 70 81 70 70 61 50 39 50 81 120 129 160 180 194 199 199 190 180 151 129 120 109 100
01 28 81 81 81 70 70 61 50 39 50 90 120 140 160 180 199 210 199 190 180 151 129 120 109 109
01 29 90 90 81 70 70 61 50 39 50 90 120 140 160 180 194 210 199 190 180 151 140 120 109 109
01 30 90 90 81 70 70 61 50 50 50 90 120 140 171 180 194 199 199 190 180 160 140 120 109 109
01 31 90 90 81 70 70 70 50 50 50 90 129 151 171 190 199 210 199 190 180 160 140 120 120 120
02 01 90 90 81 81 70 70 61 50 50 100 129 151 171 190 199 210 199 190 180 151 140 120 120 120
02 02 100 100 90 81 81 70 61 61 50 100 129 151 171 190 199 210 199 190 180 151 129 120 109 109
02 03 100 100 90 81 81 81 61 61 50 100 129 151 180 194 210 210 210 199 190 160 140 120 120 109
02 04 100 100 90 100 90 81 70 70 70 100 129 160 180 199 210 219 210 210 190 171 151 129 122 120
02 05 109 100 100 100 90 81 70 70 81 104 140 160 180 199 210 219 210 199 190 160 151 140 122 120
02 06 100 100 100 100 81 81 70 70 70 100 129 160 180 199 210 210 210 199 190 160 151 140 122 120
02 07 100 100 100 100 81 81 70 61 70 100 140 160 180 199 210 212 210 199 190 160 151 140 122 120
02 08 120 100 100 100 90 81 70 70 70 109 140 160 190 199 210 212 210 199 190 160 151 140 122 120
02 09 120 100 100 100 90 81 70 70 81 109 140 160 190 199 210 210 210 199 190 160 151 140 129 120
02 10 120 100 104 109 100 90 81 81 81 120 140 160 190 199 210 210 210 199 190 171 151 140 129 122
02 11 120 109 109 109 100 100 86 81 90 120 140 171 190 210 210 210 210 199 190 171 151 140 129 120
02 12 129 109 109 109 100 100 86 81 81 120 140 171 199 210 219 219 219 219 199 180 160 140 140 129
02 13 129 120 120 109 109 100 90 90 90 129 160 180 199 219 230 230 230 219 210 190 180 160 151 129
02 14 140 129 120 120 109 109 100 90 100 129 160 180 199 219 230 230 241 230 210 199 180 171 151 151
02 15 140 129 120 120 109 109 100 100 109 140 160 190 210 230 230 241 241 230 219 199 190 171 160 151
02 16 140 129 120 120 120 109 109 100 120 151 180 194 212 230 230 241 241 241 219 210 199 180 171 160
02 17 160 140 129 129 129 120 109 109 120 160 180 199 219 230 241 241 241 241 230 210 199 180 171 171
02 18 160 151 140 129 129 120 120 120 129 160 194 199 219 230 241 241 241 241 230 219 199 190 180 171
02 19 171 151 140 129 129 120 120 120 140 171 194 199 219 241 241 250 250 250 230 219 199 190 180 171
02 20 160 151 151 129 129 129 120 120 140 171 194 210 230 241 250 250 250 250 241 219 210 199 190 171
02 21 171 160 151 140 140 140 129 129 151 180 199 219 230 241 250 250 261 250 241 230 210 210 190 180
02 22 171 160 151 140 140 140 129 129 151 180 199 219 230 241 250 261 261 250 241 230 210 210 190 180
02 23 171 160 151 140 140 140 140 129 151 180 199 219 241 241 250 261 261 250 250 230 219 210 190 180
02 24 180 171 160 151 151 151 140 140 151 190 199 219 241 250 261 261 261 261 250 230 219 210 190 180
02 25 180 171 160 151 151 151 140 140 151 180 199 219 230 250 261 261 261 261 250 241 219 210 190 180
02 26 180 171 160 140 140 140 140 140 151 180 199 230 241 250 270 280 270 261 250 241 219 210 194 190
02 27 180 180 160 151 151 151 151 140 160 180 210 230 241 261 270 280 270 270 261 250 230 219 199 190
02 28 180 180 171 151 160 151 151 140 160 180 210 230 241 261 270 280 270 270 261 250 230 219 199 190
03 01 180 180 171 160 160 151 151 140 160 190 210 230 241 261 270 280 270 261 261 241 219 210 190 190
03 02 180 180 160 151 160 151 151 140 151 171 199 230 241 250 270 280 266 261 250 241 219 210 190 190
03 03 171 180 160 151 151 151 140 140 151 171 199 230 241 261 270 280 270 270 261 241 219 210 190 190
03 04 171 180 160 151 151 151 151 140 151 171 199 230 250 261 270 280 270 270 261 250 230 210 190 190
03 05 171 180 171 160 151 151 140 140 151 180 210 241 261 270 280 280 280 280 270 250 230 210 199 190
03 06 171 180 171 160 160 151 140 140 160 180 210 241 261 270 280 284 280 280 270 261 241 210 199 199
03 07 171 180 171 160 160 151 140 140 171 190 219 250 266 280 280 289 289 289 270 261 241 219 210 199
03 08 190 180 180 171 160 151 151 140 171 190 219 261 270 280 280 289 289 289 280 261 250 230 210 199
03 09 190 190 180 171 171 160 151 140 176 199 219 250 270 280 280 289 289 289 280 261 241 230 210 199
03 10 194 190 180 171 171 160 151 140 180 199 219 261 270 280 280 289 289 289 280 270 250 230 219 199
03 11 190 190 180 171 171 160 151 140 180 210 230 261 270 289 289 289 289 289 289 280 250 241 219 210
03 12 190 190 180 171 171 160 151 151 190 210 241 261 270 289 289 300 300 289 289 280 261 241 219 210
03 13 199 190 180 180 180 171 160 151 199 219 241 261 270 289 289 300 289 289 289 280 261 241 219 210
03 14 199 199 190 180 180 171 160 151 199 219 250 261 270 289 289 300 289 289 289 280 261 241 230 210
03 15 199 199 190 180 180 171 151 151 199 219 241 261 270 289 289 300 300 300 289 280 261 241 230 210
03 16 199 199 190 180 180 171 171 160 199 230 250 270 280 289 300 309 309 300 300 289 261 250 230 219
03 17 199 199 190 190 180 171 171 171 210 230 250 270 280 300 309 320 320 309 309 289 270 250 241 219
03 18 199 210 199 190 180 180 171 180 219 241 266 289 289 309 320 320 331 331 320 300 280 250 241 230
03 19 210 210 210 199 190 180 171 180 219 250 270 289 300 309 320 331 331 331 320 300 280 261 250 241
03 20 210 219 210 199 190 180 180 190 219 250 280 289 300 309 320 331 331 331 320 300 280 261 250 241
03 21 210 219 210 199 190 190 180 190 230 261 280 289 309 309 320 331 331 331 331 309 280 261 250 241
03 22 219 219 210 199 190 190 180 190 230 261 289 300 309 320 320 340 340 340 331 309 289 261 250 241
03 23 219 219 210 199 190 190 180 190 241 270 300 309 320 331 331 340 340 340 331 309 300 270 261 250
03 24 230 230 210 199 199 190 180 199 250 280 300 309 320 331 331 351 351 340 331 320 300 280 261 250
03 25 230 230 210 199 199 190 190 199 250 280 300 320 331 340 351 351 351 351 340 320 300 280 270 250
03 26 241 230 219 210 210 199 190 199 250 289 309 320 331 351 351 351 351 351 340 331 309 280 270 261
03 27 241 230 219 219 210 199 199 210 261 300 309 320 340 351 351 351 351 351 340 331 309 289 270 261
03 28 241 230 230 219 210 199 199 210 261 300 309 320 340 351 351 360 351 351 351 331 309 289 270 261
03 29 241 241 230 219 210 210 199 210 261 300 309 331 340 351 360 360 360 351 351 340 320 300 280 270
03 30 250 241 230 219 219 210 210 221 270 309 320 331 340 360 370 370 370 360 360 340 320 300 289 270
03 31 261 250 241 230 219 210 210 230 280 309 320 331 340 356 360 370 370 360 351 340 320 300 289 280
04 01 261 261 241 230 219 210 210 230 280 309 320 340 340 360 370 370 370 360 351 340 320 309 289 289
04 02 261 261 241 241 230 219 219 241 289 309 320 331 340 351 360 360 360 351 351 340 320 309 289 289
04 03 261 261 250 241 230 219 230 241 289 309 320 320 340 360 360 370 360 351 351 340 320 309 300 289
04 04 270 270 261 250 241 241 230 241 289 309 320 340 351 360 370 370 370 360 351 340 331 309 300 289
04 05 280 280 261 261 250 241 241 261 289 309 320 340 351 360 370 370 370 360 351 340 331 309 300 289
04 06 280 270 261 261 250 241 241 261 289 320 331 340 351 360 370 370 370 360 351 340 331 320 300 289
04 07 280 270 261 261 250 241 241 261 300 320 331 340 351 360 370 379 370 360 360 351 331 320 300 300
04 08 280 280 261 261 250 241 241 270 300 320 340 351 360 370 370 379 379 370 360 351 331 320 309 300
04 09 280 280 270 261 250 241 241 270 300 331 340 351 360 370 379 379 379 370 360 360 340 320 309 300
04 10 280 280 270 261 250 241 241 280 309 331 340 351 360 370 379 379 379 370 360 360 340 320 309 300
04 11 289 280 270 261 250 241 241 280 309 331 340 356 360 370 379 390 390 379 370 360 340 320 309 300
04 12 289 280 270 261 250 241 241 280 309 340 351 360 370 370 379 390 390 379 370 360 340 320 309 300
04 13 289 280 270 261 250 241 241 280 309 340 351 360 379 379 390 390 399 390 370 360 351 331 320 300
04 14 300 280 270 261 250 241 250 280 320 351 370 379 390 390 399 410 399 399 399 379 360 340 320 309
04 15 300 280 280 270 261 250 261 289 331 360 370 390 390 410 421 421 428 421 421 399 370 340 331 320
04 16 300 289 280 270 261 250 261 289 340 370 379 390 399 421 430 430 430 430 421 410 370 351 331 320
04 17 300 289 280 270 266 261 261 300 351 370 390 392 410 421 430 430 430 441 430 410 379 360 340 331
04 18 300 289 289 280 270 261 261 309 351 379 399 410 421 430 430 441 441 441 430 410 379 370 351 331
04 19 300 300 300 280 270 270 261 309 351 379 399 421 421 430 441 441 441 441 430 421 390 370 351 340
04 20 309 309 300 289 280 270 270 320 360 390 410 421 430 441 441 450 450 450 441 421 390 370 360 340
04 21 320 309 300 289 280 280 270 320 360 390 410 430 441 441 450 450 450 450 441 421 390 370 360 340
04 22 320 309 300 289 280 280 280 320 370 390 421 430 450 441 450 460 460 450 441 430 399 379 360 351
04 23 320 320 309 300 289 280 280 331 370 390 421 430 450 450 460 460 460 450 441 430 399 379 360 351
04 24 331 320 309 300 289 280 280 331 379 399 421 441 450 450 460 464 469 460 450 441 410 379 360 351
04 25 331 331 309 300 300 289 289 331 379 410 430 450 460 460 469 469 480 469 460 441 410 390 370 351
04 26 340 331 320 309 300 289 300 340 390 421 441 460 469 480 480 480 480 480 469 450 421 390 370 360
04 27 340 331 320 309 300 300 300 340 390 421 450 460 480 480 480 480 480 480 469 460 421 390 370 360
04 28 340 331 320 309 300 300 300 351 390 430 450 460 480 489 489 489 480 480 469 460 421 399 379 370
04 29 340 331 320 309 309 300 300 351 392 430 460 469 489 489 489 500 489 480 480 460 421 399 379 370
04 30 351 340 320 309 309 300 300 351 399 441 460 480 489 500 500 500 500 489 489 469 430 399 390 370
05 01 351 340 320 320 309 300 309 360 399 441 460 480 500 500 500 511 511 500 489 480 430 410 390 370
05 02 351 351 331 320 309 300 309 360 410 450 469 480 500 500 511 520 511 500 500 480 441 421 399 379
05 03 360 351 331 320 309 309 309 370 410 450 480 489 500 511 511 520 520 500 500 480 441 421 399 379
05 04 360 351 331 320 309 309 309 370 421 460 480 489 500 511 511 520 520 500 500 480 450 430 399 390
05 05 360 351 340 331 309 309 320 379 430 460 480 489 500 511 511 520 520 511 500 480 450 430 410 390
05 06 370 351 340 331 309 309 320 379 430 460 480 489 511 520 520 520 531 511 500 480 450 430 410 392
05 07 370 360 340 331 320 309 320 390 430 469 480 489 511 511 520 520 531 511 500 489 450 441 410 399
05 08 370 360 351 331 320 320 320 390 441 469 489 489 511 511 520 520 531 511 500 480 450 441 410 399
05 09 379 360 351 340 331 331 331 390 441 469 480 489 500 511 520 520 520 511 500 480 450 430 410 399
05 10 -9999 360 351 340 331 331 340 390 430 460 480 489 511 511 520 520 531 511 500 489 460 441 421 410
05 11 379 370 360 351 340 331 340 390 441 469 480 489 511 511 520 520 520 511 500 489 450 441 421 410
05 12 390 379 360 351 351 340 351 390 441 469 489 500 511 511 520 520 531 511 500 489 460 441 421 410
05 13 390 379 360 360 351 351 351 399 441 469 489 500 511 520 520 531 531 511 511 489 460 441 421 410
05 14 390 379 360 356 351 351 351 399 441 469 489 500 511 511 520 520 531 511 511 489 460 441 430 410
05 15 390 379 370 360 351 351 360 399 441 469 489 500 520 511 520 531 531 520 511 500 460 441 430 410
05 16 390 379 370 360 351 351 360 399 441 469 500 511 520 520 531 531 540 531 511 500 460 441 430 410
05 17 399 379 370 360 360 351 370 410 441 480 500 511 520 531 531 531 540 531 520 500 469 441 430 410
05 18 399 379 370 360 370 360 370 410 450 480 500 520 531 540 540 540 550 540 520 511 469 450 430 421
05 19 399 379 374 370 370 360 379 410 450 489 511 520 531 540 540 550 550 540 531 511 480 450 441 421
05 20 410 390 379 370 370 360 379 421 450 489 511 531 540 550 550 550 550 540 540 520 480 460 441 421
05 21 410 390 379 379 370 360 379 421 450 489 520 531 540 550 550 559 559 550 540 531 480 460 441 430
05 22 410 399 390 379 374 370 390 430 460 489 520 540 550 559 559 559 559 550 540 531 489 460 450 430
05 23 410 399 390 379 374 370 390 430 460 489 520 540 559 559 570 559 559 559 550 540 489 460 450 430
05 24 410 399 390 379 379 374 390 430 460 500 531 550 559 570 579 570 579 559 554 550 500 469 450 441
05 25 410 410 390 390 379 379 390 430 460 511 531 550 559 570 579 579 579 570 559 550 500 469 460 441
05 26 410 410 390 379 379 379 390 430 460 511 540 559 570 579 590 601 590 579 570 550 511 480 460 441
05 27 410 410 399 390 379 379 399 441 469 520 550 559 570 579 590 601 590 590 579 559 511 480 460 441
05 28 421 410 399 390 379 379 399 441 469 531 550 559 579 590 590 601 590 590 590 559 511 489 469 450
05 29 430 421 410 399 390 390 399 450 489 531 550 570 579 590 601 601 601 590 590 559 520 489 469 450
05 30 430 430 421 410 399 392 421 450 489 540 559 570 590 590 601 610 601 590 590 559 520 500 480 460
05 31 441 441 430 421 410 410 430 460 500 540 559 570 590 601 601 610 608 601 590 570 520 500 480 460
06 01 450 441 430 421 421 421 430 469 511 550 570 579 590 601 610 610 610 601 601 570 531 511 489 469
06 02 450 441 441 428 421 421 441 469 520 550 570 579 601 610 610 610 610 608 601 570 531 511 489 469
06 03 450 446 441 430 421 421 441 480 520 550 570 590 601 610 610 610 610 610 601 579 540 511 489 469
06 04 450 450 441 430 430 428 441 480 520 550 570 601 610 621 621 621 621 610 601 579 540 520 489 480
06 05 460 450 450 441 430 430 450 480 520 559 579 601 610 621 630 621 610 610 601 590 540 520 500 480
06 06 469 460 450 441 441 430 450 480 520 559 590 601 621 630 630 630 621 621 610 590 540 520 511 489
06 07 469 469 460 450 441 441 460 489 531 570 590 610 630 630 640 640 630 621 621 601 540 520 511 500
06 08 469 469 460 450 446 450 460 489 531 570 601 610 630 630 640 640 630 630 621 610 550 531 511 500
06 09 480 480 469 460 450 450 469 500 531 579 601 621 630 630 649 640 630 630 621 610 559 540 520 500
06 10 489 480 469 460 460 460 469 500 540 579 610 621 630 640 649 640 640 640 630 610 570 540 520 511
06 11 489 489 469 460 460 460 469 500 540 590 610 630 640 640 649 649 640 640 630 621 570 550 531 511
06 12 489 489 469 464 460 460 469 500 550 590 621 630 640 649 660 660 660 649 644 630 570 550 540 520
06 13 500 489 482 480 464 469 480 500 550 601 621 640 649 660 660 669 669 660 649 630 579 559 540 520
06 14 511 489 489 480 469 469 480 511 550 601 630 640 649 660 662 669 669 660 649 640 590 570 550 531
06 15 511 500 489 480 469 469 480 511 559 601 640 649 649 669 680 680 680 660 649 640 590 570 550 531
06 16 511 500 489 480 469 469 489 511 559 601 640 660 660 669 680 680 680 669 649 640 590 570 550 531
06 17 520 500 500 480 469 469 489 520 559 601 640 660 660 669 680 680 680 669 649 640 590 570 550 540
06 18 520 511 500 480 480 469 489 531 559 601 640 660 660 680 680 680 680 669 660 640 601 570 559 540
06 19 520 511 500 489 480 480 489 531 559 601 640 660 660 680 680 680 680 669 660 640 601 570 550 540
06 20 520 511 500 480 480 469 489 531 570 601 640 660 660 680 680 680 680 669 660 640 601 570 550 531
06 21 520 500 500 480 480 469 489 531 570 610 649 669 669 680 680 680 680 669 660 640 601 570 550 531
06 22 520 500 500 480 480 469 489 531 570 610 649 669 669 680 680 691 680 680 660 649 601 570 550 531
06 23 520 500 500 489 489 480 489 531 570 621 649 669 669 680 680 691 680 680 669 649 601 570 550 531
06 24 520 500 500 480 480 480 489 531 570 610 640 669 669 680 680 691 691 680 660 649 601 570 550 531
06 25 520 500 489 480 480 469 480 520 559 610 649 669 669 691 691 691 691 680 660 649 601 570 550 531
06 26 520 500 489 480 480 480 489 520 559 610 649 669 669 691 691 691 691 680 660 649 601 579 550 531
06 27 520 500 489 480 480 469 489 520 559 610 649 669 680 691 691 691 691 680 669 649 601 579 550 540
06 28 520 500 489 480 480 480 489 520 559 621 649 669 680 691 691 691 691 680 669 649 610 579 550 540
06 29 531 511 500 489 489 480 489 520 570 621 649 669 691 691 691 691 691 680 669 649 610 579 550 540
06 30 520 511 500 480 489 480 489 520 559 610 649 669 691 700 691 691 691 680 669 660 601 579 550 540
07 01 520 500 500 480 489 480 489 520 559 621 649 669 691 700 691 691 691 680 669 660 610 579 550 540
07 02 520 500 489 480 489 480 489 520 559 621 660 669 691 700 691 691 691 680 669 660 610 579 550 540
07 03 520 511 500 489 489 480 500 520 559 621 660 669 691 700 691 691 691 691 680 660 610 579 559 540
07 04 520 511 500 489 489 489 500 520 559 621 660 680 691 700 700 691 691 691 680 660 610 590 559 540
07 05 531 511 500 489 489 489 500 520 570 621 660 680 691 711 700 691 700 691 680 669 621 590 559 540
07 06 531 520 511 500 500 500 511 531 570 621 660 680 691 711 700 691 700 691 680 669 621 590 570 550
07 07 540 520 511 500 500 500 511 531 570 621 660 680 691 711 700 700 700 700 680 669 621 590 570 550
07 08 540 520 511 500 500 500 511 531 570 621 660 680 700 711 700 700 700 700 680 669 621 590 570 559
07 09 540 531 520 511 500 500 511 540 572 626 669 691 700 711 711 711 711 711 691 669 621 590 570 559
07 10 540 531 520 511 511 511 511 550 579 630 669 700 700 720 711 711 711 711 691 680 630 601 579 559
07 11 540 540 520 520 511 511 520 550 590 630 669 700 700 711 711 711 720 711 691 680 630 601 579 570
07 12 550 540 520 520 518 511 531 550 590 630 669 700 700 716 720 716 720 711 691 680 630 601 579 570
07 13 550 540 520 520 520 511 520 550 590 630 669 700 700 720 720 716 720 711 691 669 630 601 579 570
07 14 550 540 520 520 520 520 531 550 590 630 669 700 700 720 720 716 720 711 691 669 630 601 590 570
07 15 550 540 531 520 531 531 531 559 590 640 669 700 711 720 720 716 720 711 691 680 630 610 590 570
07 16 559 540 531 531 531 531 540 559 590 640 669 700 700 720 720 711 711 711 691 680 630 610 590 570
07 17 559 550 540 531 531 531 540 559 590 640 669 691 700 711 720 711 711 711 691 669 630 610 590 570
07 18 559 540 536 531 531 531 540 559 590 630 669 700 700 716 720 720 720 711 691 669 630 610 590 570
07 19 559 550 540 531 531 531 540 559 590 640 669 700 700 711 720 716 720 711 691 669 630 610 590 579
07 20 570 550 540 540 540 536 540 570 590 640 669 700 700 711 711 711 711 711 691 669 630 610 590 579
07 21 570 550 540 540 540 536 540 559 590 640 669 700 700 711 720 711 711 700 691 669 630 610 590 579
07 22 570 550 550 550 540 540 540 570 590 630 669 700 700 711 711 711 700 700 691 669 630 610 590 579
07 23 559 550 550 550 540 540 550 570 590 630 669 700 700 711 716 711 700 700 691 669 630 610 590 579
07 24 559 559 550 550 540 540 550 570 590 630 669 700 700 711 711 711 700 700 691 669 630 610 590 579
07 25 559 559 550 550 540 540 540 559 590 630 669 700 700 711 711 711 700 700 691 669 630 610 590 579
07 26 559 559 550 550 540 531 540 559 590 630 669 700 711 711 711 711 700 700 691 669 626 610 590 579
07 27 559 550 540 540 540 531 540 559 590 621 669 700 711 711 716 711 700 700 691 669 621 610 590 579
07 28 559 550 550 540 540 531 540 559 590 621 669 700 711 711 720 711 711 700 691 669 630 610 590 579
07 29 559 550 550 540 540 531 540 559 590 630 669 700 711 711 716 716 711 700 691 669 621 601 590 570
07 30 559 550 540 540 531 531 540 559 590 621 669 700 700 711 711 711 711 700 691 669 621 601 590 570
07 31 550 550 540 540 531 531 531 550 590 621 669 700 700 711 711 711 711 700 691 669 621 601 590 570
08 01 550 550 540 540 531 520 531 550 579 621 669 700 711 711 711 711 711 700 691 669 621 601 579 570
08 02 550 550 540 531 531 520 531 550 579 621 669 700 711 711 711 711 711 700 691 669 621 601 579 570
08 03 540 540 531 531 520 520 520 550 572 610 669 700 711 711 711 716 711 700 691 669 621 601 579 559
08 04 540 540 531 531 518 518 520 540 572 610 660 691 711 711 716 716 711 700 691 669 621 590 579 559
08 05 540 540 531 531 518 511 520 540 572 610 660 691 700 711 711 711 711 700 691 660 610 590 570 559
08 06 540 540 520 520 511 511 520 540 570 601 660 691 700 711 711 711 711 700 691 660 610 590 570 559
08 07 540 531 520 520 511 511 520 531 570 601 649 691 700 711 711 711 711 700 691 660 610 590 570 559
08 08 540 531 520 520 511 511 511 531 559 601 649 680 700 711 711 711 700 700 691 660 610 590 570 559
08 09 540 531 520 520 518 511 520 531 559 601 649 680 700 711 711 711 700 691 680 660 610 590 570 559
08 10 540 531 520 520 520 520 520 540 559 601 640 680 700 711 711 711 700 691 680 660 610 590 579 559
08 11 540 531 531 520 520 520 520 540 559 601 640 669 700 700 711 700 700 691 680 660 610 590 570 559
08 12 540 531 531 520 520 520 520 540 559 601 640 669 691 700 711 700 700 691 680 649 610 590 570 559
08 13 540 531 520 520 520 520 520 540 559 590 640 669 691 700 711 700 700 691 680 649 601 579 559 559
08 14 540 531 520 520 520 520 520 540 559 601 640 669 691 691 711 700 700 691 680 649 601 579 559 550
08 15 531 531 520 520 520 520 520 540 559 590 640 669 691 700 711 700 700 691 680 649 601 579 559 550
08 16 540 531 520 520 520 520 520 540 550 590 640 669 691 691 711 700 691 691 680 649 601 579 559 550
08 17 540 531 520 520 520 520 520 540 550 590 640 669 680 691 700 700 691 691 680 640 601 579 559 550
08 18 540 531 520 520 520 520 520 540 550 579 640 669 680 691 700 700 691 691 669 640 590 579 559 550
08 19 540 531 520 520 520 520 520 531 550 579 630 669 680 691 711 700 700 691 680 640 590 579 559 550
08 20 531 531 520 520 520 520 520 531 550 579 640 669 680 691 711 700 700 691 680 640 601 579 559 550
08 21 540 531 520 520 520 520 520 540 550 579 640 669 680 691 711 700 700 691 680 640 601 579 559 550
08 22 540 531 520 520 520 520 520 540 550 579 640 669 680 691 700 700 691 680 669 640 590 579 559 550
08 23 531 531 520 520 520 520 520 540 550 579 640 669 680 691 700 700 700 680 669 630 590 570 559 540
08 24 531 531 520 520 520 520 520 531 540 579 640 669 680 691 700 700 691 680 669 630 590 570 550 540
08 25 520 520 518 511 518 511 511 531 540 579 630 669 680 691 700 700 691 680 669 630 579 559 550 540
08 26 520 520 511 511 511 511 511 520 540 579 630 669 680 691 700 700 691 680 669 630 579 559 550 531
08 27 520 520 511 500 500 500 500 520 540 579 630 669 680 691 700 691 691 680 669 621 570 559 540 531
08 28 511 520 511 500 500 500 500 520 540 570 621 660 680 680 691 691 691 680 660 621 570 559 540 531
08 29 511 511 500 500 489 489 489 500 531 570 621 660 669 680 691 691 691 669 660 610 570 550 540 520
08 30 511 500 500 489 489 482 480 500 531 570 610 649 669 680 680 680 680 669 660 601 559 550 531 520
08 31 500 500 489 480 480 480 480 500 531 559 610 649 669 669 680 680 680 669 660 601 559 550 531 520
09 01 500 500 489 480 480 480 480 489 520 559 610 649 669 669 680 680 680 669 649 601 559 550 531 520
09 02 500 489 489 480 480 480 469 489 520 559 610 640 669 669 680 680 669 660 649 590 559 540 520 511
09 03 500 489 480 469 469 469 469 480 511 559 610 640 660 669 680 680 669 660 649 590 559 536 520 511
09 04 489 489 469 469 460 450 450 480 511 550 601 640 660 669 680 669 669 660 649 579 550 531 511 500
09 05 480 469 469 460 450 450 450 469 511 550 601 640 660 669 680 669 660 660 649 579 550 531 500 489
09 06 469 469 460 460 450 450 450 469 500 550 601 640 660 669 680 680 660 660 649 579 550 520 500 489
09 07 469 469 460 460 450 450 450 469 489 540 590 630 649 660 669 669 660 649 640 570 550 520 500 489
09 08 469 469 460 450 450 450 441 460 489 531 579 630 640 649 660 660 649 640 630 559 540 520 500 480
09 09 469 460 460 450 450 441 441 460 489 531 579 621 630 640 649 649 649 640 621 559 531 511 500 480
09 10 469 460 460 450 446 441 441 450 480 520 570 610 630 630 640 649 640 630 621 550 520 500 480 469
09 11 460 450 450 446 441 441 430 450 480 511 559 610 630 630 640 640 640 630 610 550 511 489 480 469
09 12 450 450 446 441 441 441 430 441 469 500 559 601 630 630 640 640 640 630 610 540 511 489 480 469
09 13 450 450 446 441 441 441 430 441 469 500 550 601 621 630 640 640 640 630 610 531 500 489 480 469
09 14 450 450 441 441 441 441 430 441 469 500 550 601 621 630 630 630 630 621 601 531 500 489 469 460
09 15 450 450 441 441 441 430 430 441 469 500 540 590 610 630 630 630 621 621 590 520 500 480 469 460
09 16 441 450 441 430 430 430 430 441 460 489 540 579 601 610 621 610 610 601 579 520 489 469 460 450
09 17 441 430 430 421 421 421 421 430 460 480 531 570 590 610 610 610 601 601 570 520 480 469 460 441
09 18 430 430 421 410 410 410 410 421 450 480 531 570 590 601 601 601 601 590 570 500 480 460 450 441
09 19 421 421 421 410 410 410 410 421 450 480 520 559 579 590 590 590 590 579 559 500 469 460 450 441
09 20 421 421 421 410 410 410 410 410 441 469 520 550 570 579 590 579 579 570 550 489 469 460 446 430
09 21 421 421 410 410 410 410 410 410 441 469 511 550 570 579 579 579 570 570 550 489 469 450 441 430
09 22 410 421 410 410 410 410 410 410 441 469 511 540 559 570 570 570 570 559 531 480 460 450 441 428
09 23 410 399 399 399 399 390 399 399 421 460 500 531 559 559 559 570 559 550 531 480 460 441 430 421
09 24 399 399 399 399 392 390 390 399 421 450 489 531 550 559 559 559 559 540 520 469 450 441 430 421
09 25 390 399 390 399 390 390 390 390 410 450 489 520 540 550 550 550 540 540 511 469 450 430 421 410
09 26 390 390 379 390 390 379 390 379 410 450 489 520 531 540 550 550 540 531 511 460 441 421 410 410
09 27 379 379 379 379 379 379 370 370 410 441 489 511 520 540 540 540 531 520 500 460 430 421 410 399
09 28 379 370 370 379 370 370 360 370 399 441 480 500 520 531 540 540 531 520 500 460 421 410 399 390
09 29 370 370 370 360 360 351 351 360 399 430 480 500 520 520 531 531 531 520 489 450 421 410 390 379
09 30 360 360 360 351 351 351 351 351 390 421 469 489 511 511 520 520 520 511 489 441 421 399 390 379
10 01 351 360 351 340 340 340 340 340 379 421 460 489 511 511 520 511 520 511 480 430 410 399 379 370
10 02 351 351 351 340 340 340 331 340 370 410 450 489 511 511 511 511 511 500 480 430 410 390 379 360
10 03 351 351 340 340 331 331 331 331 370 410 450 489 511 511 511 511 511 500 480 430 399 390 379 360
10 04 351 351 340 331 331 331 320 331 360 399 450 489 500 500 511 511 500 489 480 430 399 390 379 360
10 05 340 340 331 331 331 331 320 331 360 399 441 480 500 500 511 500 500 489 469 430 399 390 370 360
10 06 340 340 331 331 320 320 320 320 360 399 441 480 489 500 500 500 500 489 469 421 390 379 370 351
10 07 340 331 331 320 320 309 309 309 351 399 441 469 489 489 500 500 500 489 460 410 379 379 360 351
10 08 340 331 320 309 309 309 300 300 351 390 441 469 489 500 500 500 500 480 460 410 379 370 360 351
10 09 331 331 320 309 309 300 300 300 340 390 441 469 489 489 500 500 489 480 460 410 379 370 360 351
10 10 331 320 309 309 300 300 300 300 340 390 430 469 480 489 500 500 489 480 450 399 379 370 351 340
10 11 320 309 309 300 300 300 289 289 331 379 430 469 480 489 500 489 489 469 430 399 370 360 340 340
10 12 320 309 300 300 289 289 289 289 331 379 430 460 480 480 489 489 480 469 430 390 370 360 340 320
10 13 309 309 300 300 289 289 289 289 331 370 421 460 480 480 489 489 480 469 430 379 360 351 331 320
10 14 300 300 300 300 289 289 289 289 320 370 421 460 469 480 480 489 480 469 421 379 360 351 331 320
10 15 300 300 300 300 289 289 289 289 320 370 410 450 469 480 480 480 480 469 421 379 351 340 320 309
10 16 300 300 289 289 289 289 280 289 320 360 399 450 460 469 480 480 469 460 421 370 351 340 320 309
10 17 300 300 289 289 289 280 280 280 320 351 399 441 460 460 469 469 460 450 421 370 351 331 320 309
10 18 300 289 289 289 280 280 280 280 309 351 399 430 460 460 469 469 460 450 410 370 351 331 320 309
10 19 300 289 280 280 280 270 270 270 309 351 390 430 450 460 460 469 460 441 410 370 351 331 320 309
10 20 300 289 280 280 270 270 270 261 309 351 390 430 450 450 450 450 450 430 399 360 340 331 320 309
10 21 300 289 280 270 270 270 270 261 309 351 390 421 441 441 441 441 441 430 399 360 340 331 309 300
10 22 300 289 280 270 270 270 261 261 300 340 379 421 441 441 441 441 441 430 399 351 338 320 309 300
10 23 289 280 280 270 261 261 250 250 300 340 379 421 441 441 441 441 430 430 390 351 331 320 300 300
10 24 289 280 270 261 261 261 250 250 300 340 379 421 441 441 441 441 430 430 390 351 331 320 300 300
10 25 289 280 270 261 261 261 250 250 300 331 379 410 430 441 441 430 430 430 390 351 331 320 300 300
10 26 289 280 270 261 261 261 250 250 289 331 379 410 421 430 430 430 430 421 379 351 331 320 300 289
10 27 289 280 270 261 261 250 241 241 289 331 379 410 421 421 430 430 430 421 379 351 331 320 300 289
10 28 289 280 270 261 250 250 241 241 289 331 370 399 410 421 421 421 421 410 379 340 320 309 300 289
10 29 289 270 270 261 250 241 241 241 280 331 360 390 399 410 421 421 410 399 370 340 320 300 300 289
10 30 280 270 261 250 250 241 230 230 280 320 360 379 390 399 410 399 399 390 351 331 320 300 289 280
10 31 280 270 261 250 250 241 230 230 280 309 351 370 379 390 399 399 399 379 351 331 309 300 280 280
11 01 270 270 250 250 241 230 230 219 270 309 351 360 379 390 399 399 390 379 351 320 309 289 280 270
11 02 261 261 250 241 241 230 219 219 270 309 340 360 379 390 399 399 390 379 340 320 300 289 280 270
11 03 250 250 250 241 230 219 219 219 261 309 340 360 370 379 390 390 390 379 340 309 300 289 280 261
11 04 250 250 241 241 230 219 219 219 261 302 340 360 370 379 390 379 379 370 340 309 300 280 270 261
11 05 250 250 241 241 230 219 219 210 250 300 331 360 370 379 379 379 379 370 340 309 300 280 270 261
11 06 250 250 241 230 230 219 219 210 250 289 320 351 360 370 370 379 370 360 331 309 300 280 270 261
11 07 241 250 241 230 219 219 219 210 250 280 320 340 360 370 370 370 360 360 331 300 289 280 270 261
11 08 241 241 241 230 219 219 210 210 241 280 320 340 351 360 360 360 351 351 320 300 289 270 261 250
11 09 241 241 230 219 219 210 210 199 241 280 309 331 340 360 360 351 351 340 320 300 289 270 261 250
11 10 230 241 230 219 219 210 210 199 241 280 309 331 340 340 340 340 340 331 309 289 280 270 261 241
11 11 230 230 219 219 210 210 210 199 230 270 309 320 331 340 340 340 340 331 309 289 280 261 250 241
11 12 230 230 219 219 210 210 199 199 230 270 309 320 331 340 340 340 340 331 309 289 280 261 250 241
11 13 230 230 219 219 219 210 210 199 230 270 309 320 331 340 340 340 340 331 300 289 270 261 250 241
11 14 230 230 219 219 219 210 210 199 230 270 300 309 331 331 331 331 320 320 300 280 270 261 250 241
11 15 219 219 219 210 210 210 199 199 219 261 289 300 320 331 331 320 320 309 289 280 270 250 250 230
11 16 219 219 210 210 199 199 199 190 210 261 280 300 309 320 331 320 320 309 289 270 261 250 241 230
11 17 219 219 210 199 199 199 199 190 210 250 280 289 309 320 320 320 320 309 289 270 261 250 230 219
11 18 210 210 199 199 199 190 190 190 210 250 270 289 309 320 320 320 309 309 280 270 250 241 230 219
11 19 210 210 199 199 199 190 190 180 210 241 270 289 309 320 320 320 320 309 280 270 250 241 230 219
11 20 210 210 199 190 190 190 180 180 210 241 270 289 309 320 320 320 320 309 289 270 250 241 230 219
11 21 219 210 210 199 199 199 190 180 210 241 270 289 309 320 320 320 320 309 289 270 250 241 230 219
11 22 219 210 199 199 199 199 190 180 210 241 270 289 309 309 320 320 309 309 280 270 250 241 230 219
11 23 219 210 199 199 190 199 190 180 210 241 270 289 309 309 320 320 320 309 289 270 250 241 230 219
11 24 219 210 199 199 199 199 190 180 210 241 270 289 309 309 320 320 309 300 280 261 250 241 230 219
11 25 210 210 199 199 190 190 190 180 199 241 270 289 302 309 320 320 309 300 280 261 250 241 230 219
11 26 219 210 199 199 190 190 180 180 190 230 261 280 300 300 309 320 309 300 270 261 250 241 230 219
11 27 210 210 199 199 190 190 180 180 190 230 261 280 289 300 309 309 300 289 270 261 241 241 230 219
11 28 210 199 199 190 190 180 180 180 190 219 250 270 289 289 300 300 289 280 261 250 241 230 219 210
11 29 199 199 190 190 180 171 171 171 176 212 241 261 280 289 289 289 289 280 261 241 230 219 210 210
11 30 199 199 190 190 180 171 171 171 180 212 241 250 270 280 280 289 280 270 261 241 219 219 210 199
12 01 199 190 180 180 171 171 171 171 171 210 241 250 270 280 280 280 280 270 261 241 230 230 210 210
12 02 199 190 180 180 171 171 171 171 171 199 230 250 261 270 280 280 280 270 250 230 219 210 210 199
12 03 199 180 180 171 171 171 171 171 171 199 230 250 261 270 270 280 280 270 250 230 219 210 199 199
12 04 190 171 171 171 171 171 160 160 171 190 219 241 261 261 270 270 270 261 250 230 219 210 199 199
12 05 190 171 171 171 171 171 160 160 171 190 219 241 250 261 261 270 261 261 241 230 210 210 199 190
12 06 180 171 171 160 160 160 158 160 160 180 199 230 241 261 261 270 261 250 230 219 210 199 190 180
12 07 180 160 160 158 160 151 151 151 158 180 199 230 241 261 261 261 261 250 219 210 210 190 180 180
12 08 171 160 160 151 151 151 151 151 151 180 199 219 241 250 261 261 261 241 219 210 199 190 180 171
12 09 171 160 160 151 151 151 140 151 151 171 190 219 241 250 250 250 261 241 219 199 199 190 180 171
12 10 171 160 160 151 151 151 140 151 151 171 190 219 230 250 250 250 250 241 219 199 190 190 176 171
12 11 160 160 151 151 140 140 140 129 140 171 190 210 230 241 250 250 250 230 219 199 190 180 171 171
12 12 160 160 151 151 140 140 140 129 129 160 190 210 230 241 241 241 241 219 210 190 180 176 171 160
12 13 160 151 151 140 129 129 120 120 129 151 180 199 219 230 241 241 230 219 199 190 171 160 160 151
12 14 140 140 140 140 129 129 120 109 120 140 171 199 219 230 241 241 230 219 199 190 171 160 160 151
12 15 140 140 140 129 129 120 109 109 120 140 171 199 219 230 241 241 230 210 199 190 171 160 151 151
12 16 129 140 129 129 129 120 109 109 109 129 171 199 219 230 230 230 219 210 199 190 171 151 151 140
12 17 129 140 129 129 129 120 109 109 109 129 160 199 210 219 230 219 219 210 180 180 171 151 140 129
12 18 129 129 129 129 120 109 109 100 109 129 151 180 210 219 219 219 219 210 180 171 151 140 140 129
12 19 120 120 120 120 109 109 90 90 100 120 140 180 199 210 219 210 210 199 180 160 151 140 129 120
12 20 109 109 120 120 109 109 90 90 100 120 140 180 199 210 219 210 210 199 180 171 151 140 129 129
12 21 120 120 120 120 109 109 100 100 100 129 140 180 199 210 219 210 199 199 180 171 151 140 140 129
12 22 120 120 120 120 109 109 109 100 109 129 140 180 199 210 219 210 210 199 180 160 140 140 129 129
12 23 120 109 120 120 109 109 109 100 100 120 140 171 199 199 210 210 199 190 171 160 131 129 120 120
12 24 120 109 120 120 109 109 109 100 100 120 140 171 190 199 210 210 199 190 171 160 129 129 120 120
12 25 109 109 109 109 109 109 109 100 100 120 140 171 190 199 210 210 199 199 171 160 131 129 120 120
12 26 109 109 109 120 109 109 109 100 100 120 140 171 190 199 210 210 199 199 171 160 129 129 120 109
12 27 104 109 109 109 109 109 109 100 100 120 140 171 190 199 210 210 199 199 171 160 140 140 120 120
12 28 109 109 109 120 109 109 109 100 100 120 140 171 190 199 210 210 210 199 180 160 140 140 120 120
12 29 109 109 109 109 109 109 109 104 100 120 140 171 190 199 210 210 199 199 171 160 140 129 120 120
12 30 100 109 100 109 109 109 109 100 100 120 140 180 194 199 210 210 199 199 171 160 140 129 120 120
12 31 104 109 109 109 109 109 109 109 100 122 140 180 190 199 210 199 199 190 171 160 140 129 120 120
