01 01 640 640 630 626 621 621 610 610 640 698 734 750 752 752 752 752 750 730 711 698 680 662 660 649
01 02 640 630 630 626 621 617 610 608 640 700 734 750 752 752 752 752 750 730 716 698 680 662 660 649
01 03 640 630 630 626 621 610 610 610 640 700 734 750 752 752 759 752 750 734 711 698 680 662 660 649
01 04 640 630 630 626 621 610 610 610 640 698 734 750 752 752 759 752 750 730 711 698 669 662 660 649
01 05 640 630 626 621 610 610 610 608 630 698 734 750 752 752 759 752 750 734 716 698 669 662 660 649
01 06 640 630 626 621 610 610 610 608 630 698 734 750 752 752 759 759 750 734 716 698 669 662 649 649
01 07 640 630 626 621 610 610 610 610 630 698 734 750 759 752 759 759 750 730 711 698 669 662 649 644
01 08 640 630 626 621 610 610 610 610 630 698 734 750 752 752 770 759 750 730 711 698 669 662 649 644
01 09 630 630 626 621 621 610 610 610 630 700 734 750 752 752 759 759 750 730 711 691 669 660 649 640
01 10 640 630 630 621 621 610 610 610 630 700 734 750 752 752 759 759 750 730 711 691 669 660 649 640
01 11 640 630 630 621 621 610 610 610 630 700 734 750 752 752 770 759 750 730 711 691 669 660 649 640
01 12 640 630 630 621 621 610 610 610 630 700 734 750 752 752 759 752 750 730 711 691 669 660 649 640
01 13 640 630 630 626 621 621 610 610 630 700 730 750 752 752 759 752 739 730 711 691 669 660 649 640
01 14 630 630 630 621 621 610 610 610 630 700 730 750 752 752 759 750 739 730 711 691 669 660 649 640
01 15 630 630 630 621 621 610 610 610 630 700 730 750 750 752 752 750 739 730 711 691 669 660 649 640
01 16 640 630 630 621 621 621 610 610 630 700 730 739 750 752 752 750 739 730 711 691 669 660 649 640
01 17 640 640 630 626 626 621 621 610 630 700 730 739 750 752 752 750 734 730 711 691 669 660 649 640
01 18 640 630 630 621 621 621 610 610 630 700 730 734 750 750 752 750 734 720 711 691 669 660 649 640
01 19 640 630 630 621 621 610 610 610 630 700 730 734 750 750 752 750 734 730 711 691 669 660 649 640
01 20 640 630 630 626 624 621 621 621 640 700 730 739 750 752 752 750 734 730 711 691 669 660 649 640
01 21 640 640 630 630 630 621 621 621 640 700 730 739 750 752 752 750 734 730 711 691 669 660 649 640
01 22 640 630 630 626 621 610 621 610 630 700 730 734 750 752 752 750 734 730 711 691 669 660 649 640
01 23 630 630 630 621 621 610 610 610 630 700 730 734 750 752 752 750 734 730 711 691 669 660 649 640
01 24 630 630 630 621 621 610 610 610 630 700 730 739 750 752 752 750 734 730 711 691 669 660 649 640
01 25 630 630 626 621 621 610 610 610 630 700 730 739 750 752 752 750 739 730 711 691 669 660 649 640
01 26 630 630 621 621 621 610 610 610 630 700 730 739 750 752 752 750 739 730 711 691 669 660 644 640
01 27 630 621 610 610 610 608 608 608 630 700 730 739 752 752 752 750 739 730 716 691 669 649 644 639
01 28 630 621 610 610 608 601 601 601 630 700 730 739 752 752 752 752 739 730 716 691 669 660 644 640
01 29 630 621 610 610 608 601 601 601 626 700 730 739 752 759 752 752 739 730 716 691 669 649 644 630
01 30 630 610 610 608 608 601 601 601 626 700 730 739 752 759 759 752 750 734 716 680 662 649 640 630
01 31 621 610 610 608 601 601 590 590 626 700 730 739 752 759 759 752 750 734 720 691 669 649 640 630
02 01 621 610 610 608 590 601 590 590 626 700 730 748 752 759 759 752 750 734 720 680 662 649 640 630
02 02 626 610 610 608 601 601 590 590 626 700 730 748 752 759 759 752 750 739 720 680 662 649 640 630
02 03 626 610 610 608 601 601 590 590 626 700 730 748 752 759 759 759 750 739 720 680 662 649 640 630
02 04 626 610 610 608 601 601 590 590 626 700 730 739 752 752 752 752 750 734 720 680 662 649 640 630
02 05 626 610 610 601 590 601 590 590 626 700 730 739 752 752 752 752 750 734 716 680 662 649 640 630
02 06 626 610 610 608 601 601 590 590 626 700 730 739 752 752 752 752 748 734 716 680 662 649 640 630
02 07 626 610 610 608 601 601 599 590 626 700 730 739 750 752 752 752 739 730 711 680 662 649 644 630
02 08 630 610 610 608 608 601 599 590 626 700 730 739 750 752 752 752 748 734 716 680 669 660 649 639
02 09 630 621 610 610 608 608 599 599 630 700 730 739 750 752 752 750 748 734 716 680 669 660 649 640
02 10 639 626 621 610 608 608 601 608 630 700 729 739 750 752 752 750 748 734 716 689 669 660 649 640
02 11 639 626 621 610 610 608 601 608 630 700 730 739 750 752 752 750 748 734 711 680 669 660 649 640
02 12 639 626 621 621 610 610 608 608 630 700 730 748 750 752 752 750 739 734 711 680 669 660 649 640
02 13 639 626 621 621 610 610 610 608 630 700 729 739 750 752 752 750 739 734 716 691 669 660 649 640
02 14 640 630 626 626 621 610 610 608 640 700 730 748 750 752 752 750 739 734 716 691 680 662 658 644
02 15 640 630 630 626 621 610 610 610 644 700 730 748 750 752 752 750 739 734 716 698 680 662 660 644
02 16 640 630 630 626 621 610 610 610 644 711 730 750 752 752 752 750 739 734 716 698 680 662 660 649
02 17 640 630 630 626 621 610 610 610 649 711 730 750 750 752 752 750 739 734 716 698 680 669 660 649
02 18 640 630 630 626 621 621 610 610 649 711 730 750 750 752 752 750 739 734 716 698 680 669 660 649
02 19 640 630 630 626 621 621 610 610 660 711 734 750 752 752 752 750 739 734 716 698 680 669 660 649
02 20 640 630 630 626 621 621 621 619 660 716 734 750 752 759 759 750 739 734 716 698 680 669 660 649
02 21 640 630 630 626 621 621 619 610 660 716 734 750 752 759 759 750 739 734 720 700 680 669 660 649
02 22 640 630 630 626 621 621 610 610 660 716 734 750 752 759 759 752 750 734 720 700 680 669 660 649
02 23 640 630 630 626 626 621 610 610 660 716 734 750 752 759 759 752 750 739 729 700 680 669 660 649
02 24 640 630 630 626 621 621 610 610 660 720 734 750 752 759 759 752 750 739 720 698 680 669 660 649
02 25 640 630 630 626 621 621 610 610 660 716 734 750 752 759 759 752 750 739 720 698 680 669 660 649
02 26 640 640 630 626 626 621 610 610 660 716 734 750 752 759 759 752 752 739 720 698 680 669 660 649
02 27 640 640 630 626 626 621 619 610 660 716 734 750 752 759 759 752 752 739 720 698 680 669 660 660
02 28 644 640 630 630 630 621 619 610 660 720 734 750 759 759 759 759 752 739 720 700 680 669 660 660
03 01 644 640 630 630 630 621 610 610 660 720 734 750 752 759 759 759 752 739 720 698 680 669 660 660
03 02 644 640 630 630 630 621 619 610 660 716 734 750 752 759 759 759 752 739 720 698 680 669 660 660
03 03 644 640 630 630 630 621 621 610 662 716 734 750 752 759 759 759 752 739 720 698 680 669 660 660
03 04 649 640 640 630 630 621 621 610 669 716 739 750 752 759 759 759 752 739 720 698 680 669 660 660
03 05 649 640 640 630 630 621 621 619 669 716 734 750 759 759 759 759 752 739 720 698 689 669 660 660
03 06 649 640 640 630 630 621 621 621 669 716 739 750 759 759 770 759 752 739 720 700 691 669 660 660
03 07 649 640 640 630 630 621 621 621 669 720 739 750 752 759 770 759 752 739 720 698 691 680 662 660
03 08 649 640 640 640 630 626 621 626 680 720 739 750 752 759 759 759 752 739 720 698 691 669 662 660
03 09 649 640 640 640 630 626 621 626 680 720 739 750 752 759 759 759 752 739 720 698 689 669 669 660
03 10 649 640 640 640 630 626 621 626 680 720 734 750 752 759 759 759 750 739 720 698 689 669 669 660
03 11 649 644 640 640 630 626 621 630 680 720 734 750 752 759 759 759 750 739 720 698 680 669 662 660
03 12 649 640 640 640 630 626 621 626 680 720 734 750 752 759 759 756 750 739 720 698 680 680 669 660
03 13 658 644 640 640 630 626 621 626 680 720 734 750 752 759 759 756 750 739 720 698 680 680 669 660
03 14 658 644 640 640 630 626 621 626 680 716 734 750 752 759 759 752 750 739 720 698 680 680 669 660
03 15 649 640 640 630 630 626 621 626 680 716 734 750 752 759 759 752 750 739 720 698 680 680 669 660
03 16 649 640 640 640 630 630 621 626 680 716 734 750 752 759 759 752 750 739 720 698 680 669 669 660
03 17 649 644 640 640 630 630 621 630 691 720 734 752 752 759 759 752 750 739 720 698 680 669 669 660
03 18 649 644 640 640 630 630 626 630 691 720 734 752 752 759 759 752 750 739 720 698 680 669 669 660
03 19 649 644 640 640 630 630 626 630 691 720 734 752 752 759 759 752 750 739 720 698 680 669 669 660
03 20 649 644 640 640 630 630 626 630 691 720 734 752 752 759 759 752 750 739 720 698 680 669 669 660
03 21 658 644 640 640 630 630 626 630 691 720 734 752 752 759 759 752 750 739 720 698 680 669 669 662
03 22 658 644 640 640 639 630 626 630 691 720 734 752 759 759 770 752 750 739 720 698 680 669 669 662
03 23 660 649 644 640 640 630 630 640 691 720 734 752 759 770 770 759 752 739 720 700 691 680 680 662
03 24 660 649 649 640 640 630 630 640 698 720 734 752 759 770 770 759 752 739 720 700 691 680 680 662
03 25 660 649 649 640 640 640 630 640 698 730 739 752 759 770 770 759 752 748 730 700 691 680 680 662
03 26 660 649 649 644 640 640 640 640 698 730 739 752 770 770 770 759 752 750 730 700 698 680 680 662
03 27 660 660 649 644 640 640 640 644 698 730 750 752 770 770 770 770 752 750 730 711 698 680 680 669
03 28 660 660 660 649 640 640 640 649 700 730 750 759 770 770 770 770 759 739 730 711 698 680 680 669
03 29 660 660 660 649 644 640 640 649 700 730 750 752 770 770 770 770 759 750 730 711 698 680 680 669
03 30 662 660 660 649 644 640 640 649 700 730 750 752 770 770 770 770 759 750 730 711 698 680 680 669
03 31 662 660 660 649 644 640 640 649 700 730 750 759 770 781 770 770 759 750 730 711 698 691 680 669
04 01 669 660 660 649 644 640 640 649 700 734 750 759 770 781 770 770 759 750 730 711 698 691 680 669
04 02 669 660 660 649 649 644 640 649 700 734 750 752 770 770 770 770 759 750 730 711 698 691 680 669
04 03 669 660 660 660 649 649 640 649 700 734 750 752 770 781 770 770 759 750 730 716 700 691 680 669
04 04 669 660 660 660 649 640 640 649 711 734 752 759 770 781 770 781 759 750 730 716 700 691 680 680
04 05 669 660 660 660 649 644 644 649 711 734 752 759 770 781 781 781 770 750 730 716 700 691 680 680
04 06 669 662 660 660 649 649 644 660 711 734 752 759 770 781 781 781 770 750 730 716 700 691 680 680
04 07 669 662 660 660 649 649 649 660 711 734 752 759 781 781 781 781 770 750 734 716 700 691 680 680
04 08 669 662 660 660 660 649 649 660 711 734 752 770 781 781 788 788 770 750 734 716 700 698 680 680
04 09 669 662 660 660 649 649 649 660 716 734 752 770 781 781 788 788 770 752 734 716 700 698 680 680
04 10 669 662 660 660 649 649 649 660 716 734 759 770 781 788 788 788 770 752 734 716 700 698 691 680
04 11 669 662 660 660 649 649 649 662 716 739 759 770 781 788 788 788 770 752 739 720 711 698 691 680
04 12 669 662 660 660 649 649 644 662 716 739 770 781 781 788 788 788 770 759 739 720 711 698 691 680
04 13 669 662 660 660 649 649 649 662 720 739 770 781 781 788 788 788 770 759 739 720 711 698 691 680
04 14 669 662 660 660 649 649 649 669 720 750 770 781 788 788 790 788 770 770 739 720 711 698 691 680
04 15 680 669 660 660 660 660 649 669 720 750 770 781 788 788 790 788 779 770 739 720 709 698 691 689
04 16 680 669 660 660 660 660 649 669 720 750 770 781 788 790 790 788 781 770 748 720 711 698 691 691
04 17 680 669 662 660 660 660 649 680 720 750 770 788 788 790 790 790 781 770 750 720 711 700 691 691
04 18 680 669 660 660 660 660 649 680 730 750 770 788 788 790 790 790 781 770 750 720 711 700 691 691
04 19 680 669 662 660 660 660 649 680 730 750 770 781 788 790 790 790 781 770 750 720 711 700 691 689
04 20 680 669 662 660 660 660 649 680 730 750 770 781 788 790 790 790 781 770 750 720 711 700 691 689
04 21 680 669 662 660 660 660 649 680 720 750 770 781 788 790 790 788 781 759 739 720 711 698 691 689
04 22 680 669 662 660 660 660 649 680 720 750 770 781 788 790 790 788 781 759 739 720 711 698 691 680
04 23 680 669 660 660 660 660 649 680 720 750 770 781 788 790 790 788 779 759 739 720 709 698 691 680
04 24 680 669 660 660 660 660 649 680 720 750 770 781 788 790 790 788 781 759 739 720 709 698 691 680
04 25 680 669 660 660 660 660 649 680 720 750 770 781 788 790 790 788 781 759 739 720 709 698 691 680
04 26 669 669 662 660 660 660 649 680 729 750 770 781 788 790 790 788 781 759 739 720 700 698 691 680
04 27 669 669 662 660 660 660 660 680 720 750 770 781 788 788 790 788 781 759 739 720 709 698 691 680
04 28 669 669 662 660 660 660 660 680 730 750 770 781 788 788 788 788 781 759 739 720 709 700 691 680
04 29 680 669 662 660 660 660 660 680 720 750 759 781 788 788 788 781 770 759 739 720 711 700 691 680
04 30 680 669 662 660 660 660 660 680 720 750 759 770 788 788 788 781 770 759 739 720 711 700 691 680
05 01 680 669 662 660 660 660 660 680 720 750 759 770 788 788 788 781 770 759 739 720 711 700 691 680
05 02 669 669 662 660 660 660 660 680 720 750 759 770 788 788 788 781 770 759 739 720 711 700 691 680
05 03 680 669 662 660 660 660 660 680 720 750 759 770 788 788 788 788 781 759 750 720 711 700 691 680
05 04 680 669 662 660 660 660 660 691 730 750 770 781 788 790 788 788 781 770 750 720 711 700 698 680
05 05 680 669 669 662 660 660 660 691 730 750 770 781 788 790 790 788 781 770 750 730 711 700 700 691
05 06 680 669 669 662 660 660 660 691 730 752 770 781 788 790 788 788 781 770 750 730 716 700 700 691
05 07 680 680 669 669 660 660 660 691 730 752 770 781 790 790 788 788 781 770 750 730 720 700 700 691
05 08 680 680 669 669 660 660 660 691 730 759 770 781 790 790 790 788 781 770 750 730 720 700 700 691
05 09 680 680 680 669 660 660 660 691 730 759 770 781 790 790 790 788 781 770 750 730 720 711 700 691
05 10 680 680 680 669 660 660 660 691 730 759 770 781 790 790 790 788 781 770 750 730 720 700 700 691
05 11 691 680 680 669 660 660 660 698 730 759 770 781 790 790 790 788 788 770 750 730 720 711 700 700
05 12 691 680 680 669 662 660 660 698 730 759 770 781 790 790 790 788 788 770 752 730 720 711 700 700
05 13 691 680 680 669 660 660 660 698 730 759 770 781 790 790 790 790 788 770 752 730 720 711 700 700
05 14 691 680 680 669 660 660 660 698 734 770 781 788 790 801 801 790 788 781 759 734 720 711 700 700
05 15 691 680 680 669 660 660 660 698 739 770 788 790 801 801 801 790 788 781 759 739 720 711 700 700
05 16 691 680 680 669 660 660 660 700 739 770 788 790 801 790 801 790 788 781 759 739 720 711 700 700
05 17 691 680 680 680 662 662 660 700 739 770 788 790 801 801 801 790 790 781 770 739 720 716 700 700
05 18 691 691 680 680 669 662 660 700 739 770 788 790 801 801 801 790 788 781 770 739 720 716 700 700
05 19 691 691 680 680 669 662 660 700 750 770 788 790 801 801 801 790 790 788 770 739 730 716 700 700
05 20 691 691 680 680 669 662 660 700 750 770 790 790 801 801 801 790 790 788 770 739 730 716 700 700
05 21 691 691 680 680 669 662 662 700 750 770 790 790 801 801 801 801 790 788 770 750 730 720 700 700
05 22 691 691 680 680 669 662 662 700 750 770 790 790 801 801 801 801 790 790 770 750 730 720 700 700
05 23 691 691 680 680 669 669 662 700 750 770 790 801 801 801 801 801 790 790 770 750 730 720 711 700
05 24 691 691 680 680 669 669 662 711 750 770 790 801 801 806 806 801 790 790 770 750 730 720 711 700
05 25 691 691 680 680 669 669 662 711 750 781 801 801 806 806 806 801 801 790 781 750 730 720 711 700
05 26 691 691 680 680 680 669 669 711 750 781 801 801 806 806 806 801 801 790 781 750 730 720 711 700
05 27 691 691 680 680 669 669 669 711 752 788 801 806 810 806 806 801 801 790 781 750 730 720 711 700
05 28 698 691 691 680 680 680 669 711 759 788 801 806 810 810 806 801 801 790 781 750 730 720 711 700
05 29 700 691 691 680 680 680 669 711 759 788 801 806 810 810 806 801 801 790 781 750 730 720 711 711
05 30 700 698 691 680 680 680 669 716 759 788 801 806 810 810 810 806 801 790 781 759 734 720 711 711
05 31 700 700 691 691 680 680 669 716 759 788 801 806 810 810 810 806 801 790 788 759 739 730 716 711
06 01 700 700 691 691 680 680 680 716 759 788 801 806 810 810 810 806 806 801 788 759 739 730 716 711
06 02 700 700 691 691 680 680 680 716 759 788 801 806 810 820 820 806 806 801 788 759 739 730 720 711
06 03 711 700 691 691 691 680 680 716 759 788 801 806 820 820 820 806 806 801 788 759 739 730 720 711
06 04 711 700 698 691 691 680 680 720 770 788 806 806 820 820 820 810 806 801 788 759 739 730 720 716
06 05 711 700 698 691 691 691 680 720 770 790 806 806 820 820 820 810 806 801 788 759 739 730 720 720
06 06 711 700 700 691 691 691 680 720 770 790 806 806 820 820 820 810 806 806 788 770 750 730 720 720
06 07 716 700 700 698 691 691 691 720 770 790 806 806 820 820 -9999 820 806 806 788 770 750 730 720 720
06 08 716 711 700 698 691 691 691 720 770 790 806 810 820 820 824 820 810 806 790 770 750 734 730 720
06 09 716 711 700 698 698 691 691 729 770 790 -9999 810 820 -9999 -9999 820 820 806 790 -9999 750 739 730 720
06 10 716 711 700 698 698 691 691 730 770 790 806 810 820 -9999 -9999 824 820 806 -9999 -9999 750 739 730 720
06 11 720 711 711 700 700 698 691 730 -9999 -9999 806 819 820 -9999 824 824 820 806 -9999 -9999 750 739 730 725
06 12 720 711 711 700 700 698 691 730 -9999 -9999 806 820 -9999 -9999 -9999 -9999 820 806 -9999 -9999 750 739 730 720
06 13 720 711 711 700 700 698 698 730 -9999 -9999 806 820 -9999 -9999 -9999 824 820 810 -9999 -9999 750 739 730 725
06 14 720 -9999 -9999 700 -9999 698 698 730 -9999 -9999 806 820 -9999 -9999 -9999 -9999 820 -9999 -9999 -9999 750 739 -9999 -9999 
06 15 720 -9999 -9999 700 -9999 -9999 698 730 -9999 -9999 -9999 820 -9999 -9999 -9999 -9999 820 -9999 -9999 -9999 -9999 -9999 -9999 -9999 
06 16 720 -9999 -9999 -9999 -9999 -9999 698 730 -9999 -9999 -9999 820 -9999 -9999 -9999 824 820 806 -9999 -9999 750 739 730 -9999 
06 17 720 -9999 -9999 700 -9999 -9999 698 730 -9999 -9999 806 820 820 -9999 -9999 824 820 806 -9999 -9999 -9999 -9999 730 -9999 
06 18 720 -9999 -9999 700 -9999 -9999 698 730 -9999 -9999 -9999 820 820 -9999 -9999 -9999 820 -9999 -9999 -9999 -9999 -9999 -9999 -9999 
06 19 -9999 -9999 -9999 -9999 -9999 -9999 698 730 -9999 -9999 806 820 820 -9999 -9999 -9999 820 -9999 -9999 -9999 -9999 -9999 -9999 -9999 
06 20 -9999 -9999 -9999 -9999 -9999 -9999 -9999 730 -9999 -9999 806 820 820 -9999 -9999 -9999 820 -9999 -9999 -9999 -9999 -9999 730 -9999 
06 21 -9999 -9999 -9999 -9999 -9999 -9999 691 730 -9999 -9999 806 820 820 824 824 824 820 810 -9999 -9999 750 739 730 -9999 
06 22 720 -9999 711 -9999 -9999 -9999 691 730 -9999 -9999 806 820 824 824 824 824 820 810 -9999 -9999 750 739 730 -9999 
06 23 720 -9999 711 709 -9999 698 691 730 -9999 -9999 806 820 824 824 824 824 820 806 790 -9999 750 739 730 -9999 
06 24 720 -9999 711 709 -9999 698 698 730 770 790 -9999 820 824 824 824 824 820 806 790 -9999 750 739 730 -9999 
06 25 720 -9999 711 709 700 698 698 730 770 790 806 820 824 824 824 824 820 806 790 -9999 750 739 730 -9999 
06 26 720 -9999 711 709 700 698 698 730 770 790 806 820 824 824 824 824 820 806 790 -9999 750 739 730 -9999 
06 27 720 -9999 711 709 700 698 698 730 770 790 806 820 820 824 824 824 820 806 790 -9999 750 739 730 -9999 
06 28 720 -9999 711 711 700 698 698 730 770 790 806 820 820 824 824 824 820 806 790 -9999 750 739 730 -9999 
06 29 720 -9999 711 709 700 700 698 730 770 790 -9999 820 820 824 824 824 820 806 790 770 750 739 730 -9999 
06 30 720 711 711 711 700 700 698 730 770 801 806 820 824 824 824 824 820 806 790 770 750 739 730 -9999 
07 01 720 711 711 711 700 700 698 730 770 801 806 820 824 824 824 824 820 810 790 770 750 739 730 -9999 
07 02 720 711 711 711 700 700 698 730 770 790 806 820 824 829 824 824 820 810 801 770 750 739 730 -9999 
07 03 720 716 711 711 700 700 698 730 770 790 806 820 824 829 824 824 820 810 801 770 750 739 730 -9999 
07 04 720 716 711 711 709 700 700 730 770 801 806 820 824 829 824 824 824 810 801 781 750 739 734 -9999 
07 05 720 720 711 711 711 700 700 730 770 790 810 820 824 829 829 824 824 810 801 781 750 739 734 -9999 
07 06 720 720 711 711 711 700 700 730 770 801 806 820 824 829 824 824 824 810 801 781 752 739 734 -9999 
07 07 720 720 711 711 711 700 700 730 770 790 806 820 820 829 829 829 824 810 801 781 752 750 734 -9999 
07 08 720 720 711 711 711 700 700 730 770 790 810 820 820 829 824 829 824 810 801 781 752 750 739 730
07 09 720 720 711 711 711 711 700 730 770 801 810 820 820 829 829 829 824 820 801 781 759 750 739 730
07 10 720 720 716 711 711 711 700 734 770 790 810 820 820 829 829 829 824 820 806 781 759 750 739 730
07 11 730 720 716 711 711 711 700 734 770 801 810 820 824 829 829 829 824 820 806 781 759 750 739 730
07 12 730 720 720 711 711 711 700 734 770 790 810 820 824 829 829 829 824 820 806 781 759 750 739 730
07 13 730 720 720 711 711 711 700 734 770 790 810 820 824 829 829 829 824 820 806 781 759 750 739 734
07 14 730 720 720 711 711 711 711 734 770 790 810 820 824 829 829 829 824 820 806 781 759 750 739 734
07 15 730 720 720 711 711 711 711 734 770 790 810 820 824 829 829 829 824 820 806 781 759 750 739 734
07 16 730 720 720 716 711 711 711 734 770 790 810 820 824 829 829 840 824 820 806 781 759 750 750 734
07 17 730 730 720 716 711 711 711 734 781 790 810 820 824 829 829 829 824 820 806 781 759 750 750 734
07 18 730 720 720 716 716 711 711 734 781 790 810 820 824 829 829 829 824 820 801 781 759 750 750 734
07 19 730 730 720 720 716 711 711 734 781 790 820 820 824 829 829 829 824 820 806 781 759 750 750 734
07 20 730 730 720 720 716 711 711 734 781 801 820 820 824 840 829 829 824 820 801 781 759 750 750 734
07 21 730 730 720 720 716 711 711 734 781 801 820 820 824 840 829 824 824 820 801 781 759 752 750 739
07 22 730 730 720 720 720 711 711 734 781 801 820 820 829 840 829 829 824 820 801 781 759 752 750 739
07 23 730 730 720 720 720 716 711 734 781 801 820 820 829 840 840 829 824 820 801 781 770 752 750 739
07 24 730 730 730 720 720 716 711 734 781 801 820 820 829 840 840 829 824 820 801 781 770 752 750 739
07 25 730 730 730 720 720 716 716 734 781 801 820 820 829 840 840 829 824 820 806 781 770 752 750 739
07 26 734 730 730 720 720 716 716 734 781 806 820 820 829 840 840 829 824 820 806 781 770 752 750 739
07 27 730 730 730 720 720 716 716 734 781 806 820 820 829 840 840 829 824 820 806 781 770 752 750 739
07 28 734 730 730 720 720 716 716 734 781 806 820 820 829 840 840 829 824 810 806 781 770 752 750 739
07 29 734 730 730 720 720 716 716 734 781 806 820 820 829 840 829 829 824 820 806 781 770 752 750 739
07 30 734 730 730 720 720 716 716 734 781 806 820 820 829 840 829 829 824 810 806 781 770 752 750 739
07 31 734 730 730 720 720 716 716 734 781 806 820 820 829 840 829 829 824 810 806 781 770 752 750 739
08 01 734 730 730 720 720 716 716 734 781 806 820 824 829 840 829 829 824 820 806 788 770 752 750 748
08 02 734 730 730 720 720 720 716 734 788 806 820 824 829 840 829 840 824 820 806 788 770 752 750 750
08 03 734 730 730 720 720 720 716 734 788 806 820 824 829 840 838 840 824 820 806 788 770 752 750 739
08 04 734 730 730 720 720 720 716 734 788 806 820 824 829 840 829 840 824 820 806 788 770 752 750 739
08 05 734 730 730 720 720 720 711 734 788 806 820 824 829 840 840 840 824 820 806 781 770 752 750 739
08 06 734 730 730 720 720 716 711 734 781 806 820 824 829 840 838 840 824 820 806 781 770 752 750 739
08 07 734 730 729 720 720 716 711 734 781 806 820 824 829 840 829 840 824 820 806 781 770 752 750 739
08 08 734 730 729 720 720 716 711 734 781 806 819 824 829 840 829 840 824 820 806 781 759 752 750 739
08 09 734 730 729 720 720 716 711 734 781 801 810 824 829 838 829 840 824 820 806 781 759 750 750 739
08 10 734 730 720 720 720 716 711 734 781 801 810 824 829 838 829 838 824 820 806 781 759 750 750 739
08 11 734 730 720 720 720 716 711 734 781 801 819 824 829 838 829 838 824 820 801 781 759 750 748 739
08 12 734 730 720 720 720 711 711 730 781 801 819 824 829 840 829 838 824 820 801 781 759 750 750 739
08 13 734 730 720 720 720 711 711 730 781 801 820 824 829 840 829 840 824 820 801 781 759 750 750 739
08 14 734 730 720 720 720 711 711 730 781 801 820 824 829 840 829 840 824 820 806 781 759 750 750 739
08 15 730 730 720 720 720 711 711 730 781 801 820 824 829 840 829 840 824 820 806 781 759 750 750 739
08 16 730 730 720 720 716 711 711 730 781 806 820 824 829 840 840 840 824 820 806 781 770 750 750 739
08 17 730 730 720 720 716 711 711 730 781 801 820 824 829 840 840 840 824 820 806 781 770 750 750 739
08 18 730 730 720 720 716 711 711 730 781 801 820 824 829 829 829 829 824 820 806 781 770 752 750 739
08 19 730 730 720 720 716 711 711 730 781 806 820 824 829 829 829 840 824 820 806 781 770 752 750 739
08 20 730 730 720 720 716 711 711 730 781 806 820 824 829 829 829 840 824 820 806 781 770 752 750 739
08 21 730 730 720 720 716 711 711 730 781 806 820 824 829 829 840 840 824 820 806 781 770 752 750 739
08 22 730 730 720 720 716 711 711 730 781 806 820 824 829 829 840 829 824 820 806 781 770 752 750 739
08 23 730 730 720 720 716 711 711 730 781 806 820 824 829 840 840 829 824 820 806 781 770 752 750 739
08 24 730 730 720 720 716 711 711 729 781 806 820 824 829 840 840 840 824 820 806 781 770 752 750 739
08 25 730 730 720 720 716 711 711 730 781 806 820 824 829 840 840 829 824 820 806 781 770 752 750 739
08 26 730 730 720 720 716 711 711 730 781 806 820 824 829 840 840 829 824 820 806 788 770 752 750 739
08 27 730 730 720 720 716 711 711 730 781 806 820 824 829 840 840 840 824 820 806 781 770 752 750 739
08 28 730 730 720 720 716 711 711 730 781 806 820 824 829 840 840 829 824 820 806 781 770 752 750 739
08 29 734 730 720 720 716 711 711 730 781 806 820 824 829 840 840 824 824 820 806 781 770 752 750 739
08 30 734 730 720 720 716 711 711 729 781 806 820 824 829 840 840 829 824 820 806 781 770 752 750 739
08 31 734 730 720 716 716 711 711 720 770 801 820 824 829 829 840 829 824 820 806 781 770 752 750 739
09 01 734 730 720 716 716 711 711 720 770 806 820 824 829 829 840 829 824 820 806 781 770 752 750 739
09 02 734 730 720 716 716 711 711 720 770 801 820 824 829 829 840 829 824 820 806 781 770 752 750 739
09 03 734 730 720 716 716 711 711 720 770 806 820 824 829 829 840 829 824 820 806 781 770 752 750 739
09 04 734 730 720 716 716 711 711 720 770 806 820 824 824 829 840 829 824 820 806 781 770 752 750 739
09 05 734 730 720 716 716 711 711 720 770 806 820 824 824 829 840 829 824 820 806 781 770 752 750 739
09 06 734 730 720 720 716 711 711 720 770 806 820 824 829 829 840 829 824 820 801 781 759 752 750 739
09 07 734 730 720 720 716 711 711 720 770 806 824 824 829 829 840 840 824 820 806 781 759 752 750 739
09 08 734 730 720 720 716 711 711 720 770 806 824 824 829 829 840 829 824 820 806 781 759 752 750 739
09 09 734 730 720 720 716 711 711 720 770 806 824 824 829 829 829 829 824 820 806 781 759 752 750 739
09 10 734 730 720 720 716 711 711 720 770 806 824 824 829 829 829 829 824 820 806 781 759 752 750 739
09 11 734 730 720 720 716 711 711 716 770 806 824 824 829 829 829 829 824 820 806 781 759 752 750 739
09 12 734 730 720 716 716 711 711 716 770 806 824 824 829 829 829 829 824 820 806 781 759 752 750 739
09 13 734 730 720 716 716 711 711 716 770 806 824 824 829 829 829 829 824 820 806 781 759 752 750 734
09 14 730 720 720 716 716 711 700 716 770 806 824 824 829 840 829 829 824 820 806 781 759 752 750 734
09 15 730 720 720 716 716 711 700 716 770 806 824 824 829 840 829 824 820 820 806 781 759 752 750 734
09 16 730 720 720 716 711 700 700 716 770 806 820 824 829 829 824 824 820 810 806 781 759 752 739 734
09 17 730 720 720 716 711 700 700 716 770 806 820 824 829 840 824 824 820 810 806 781 759 750 739 734
09 18 730 720 720 716 711 700 700 716 770 806 820 824 829 840 824 824 820 810 801 770 759 750 739 734
09 19 730 720 716 716 711 711 700 716 770 806 820 824 829 840 824 824 820 810 801 770 759 750 739 734
09 20 730 720 716 716 711 700 700 716 770 806 820 824 829 840 824 824 820 806 801 770 759 750 739 734
09 21 730 720 716 716 711 700 700 716 770 806 820 824 829 840 824 824 820 806 801 770 759 750 739 734
09 22 730 720 716 716 711 700 700 716 770 806 820 824 824 840 824 824 820 806 801 770 759 750 739 734
09 23 730 720 716 711 711 700 700 716 770 806 820 824 824 840 824 824 820 806 790 770 759 750 739 730
09 24 730 720 716 711 711 700 700 716 770 806 820 824 824 840 824 824 820 806 790 770 752 750 739 730
09 25 730 720 716 711 711 700 700 716 770 801 820 824 824 829 824 824 820 806 790 770 752 750 739 730
09 26 730 720 716 711 711 700 700 711 770 801 820 824 824 824 824 820 820 806 790 770 752 750 739 730
09 27 730 720 716 711 711 700 700 716 770 801 810 824 824 824 824 824 820 806 790 770 752 750 739 730
09 28 730 720 716 711 700 700 700 711 770 801 810 824 824 824 824 824 820 810 790 770 752 750 739 730
09 29 730 720 716 711 711 700 700 716 770 801 820 824 824 824 824 824 820 810 790 770 752 750 739 730
09 30 730 720 716 716 711 700 700 716 770 801 810 824 824 824 824 824 820 806 790 770 752 750 739 730
10 01 730 720 716 716 711 711 700 716 770 801 820 824 824 829 829 824 820 806 790 770 752 750 739 730
10 02 730 720 716 716 711 709 700 716 770 801 820 824 829 824 829 824 820 806 790 770 752 750 739 730
10 03 730 720 716 716 711 709 700 716 770 801 820 824 824 824 829 824 820 806 788 770 752 750 734 730
10 04 730 720 716 711 711 700 700 716 770 801 810 824 824 824 824 824 820 806 788 770 752 750 734 730
10 05 730 720 716 711 711 711 700 716 759 790 810 824 824 824 824 824 810 806 788 770 750 739 734 730
10 06 720 720 716 711 711 709 700 716 770 790 810 820 824 824 824 824 810 806 788 759 750 739 734 730
10 07 720 720 711 711 711 700 700 716 759 790 810 820 824 824 824 824 810 806 788 770 750 739 730 730
10 08 720 720 711 711 709 700 700 711 759 790 810 820 824 824 824 820 810 806 788 770 750 739 730 730
10 09 720 716 711 711 700 700 700 711 759 790 810 820 824 824 824 820 810 801 788 759 750 739 730 730
10 10 720 716 711 711 700 700 700 711 752 790 810 820 824 824 824 820 810 801 781 759 750 739 730 730
10 11 720 716 711 711 700 700 700 711 752 790 806 820 824 824 824 820 810 801 781 759 750 739 730 730
10 12 720 716 711 711 700 700 700 711 752 790 806 820 824 824 824 820 810 801 781 752 750 734 730 729
10 13 720 716 711 700 700 698 700 700 752 788 806 819 820 824 820 820 810 801 781 752 750 734 730 729
10 14 720 716 711 700 700 698 698 700 752 788 806 819 820 820 820 820 806 801 781 752 739 734 730 720
10 15 720 716 711 700 700 698 698 700 752 788 806 810 820 820 820 819 806 799 779 752 739 734 730 720
10 16 720 716 711 700 700 698 698 700 752 788 806 810 820 820 820 819 806 801 770 752 739 734 730 720
10 17 720 716 711 700 700 698 698 700 752 788 806 810 820 820 820 810 806 799 770 750 739 734 730 720
10 18 720 716 711 700 700 698 698 700 750 788 804 810 820 820 820 810 806 790 770 750 739 730 730 720
10 19 720 711 711 700 700 691 698 700 750 788 801 810 820 820 819 810 801 790 770 750 734 730 729 716
10 20 716 711 700 700 698 691 691 698 750 788 801 810 820 810 810 806 801 788 770 750 734 730 720 716
10 21 716 711 700 700 698 691 691 698 739 781 801 806 810 810 810 806 801 788 770 750 734 730 720 716
10 22 716 711 700 700 698 691 691 698 739 781 799 806 810 810 810 806 801 781 759 739 730 730 720 711
10 23 711 711 700 698 698 691 691 698 739 781 799 806 806 810 810 806 801 781 759 739 730 730 720 711
10 24 711 711 700 698 698 691 691 698 739 781 790 806 806 810 810 806 801 781 759 739 730 730 720 711
10 25 711 711 700 698 698 691 691 698 738 781 790 806 806 810 806 806 801 781 759 739 730 730 720 711
10 26 711 700 700 698 698 691 691 698 734 770 790 806 806 810 806 806 790 781 759 739 730 729 720 711
10 27 711 700 700 698 698 691 691 698 734 770 790 801 806 810 806 806 790 781 759 739 730 729 720 711
10 28 711 700 700 698 698 691 691 698 734 770 790 801 801 810 810 806 790 781 756 734 730 729 720 711
10 29 711 700 698 691 698 691 691 698 734 770 790 801 801 810 806 806 790 781 752 734 730 720 716 711
10 30 711 700 698 691 691 691 680 691 734 770 790 801 801 810 806 806 790 781 752 734 730 720 716 711
10 31 711 700 698 691 691 691 680 691 734 770 788 801 801 810 806 806 790 781 752 734 730 720 716 711
11 01 711 700 698 691 691 691 680 691 734 770 788 801 801 806 806 801 790 781 750 734 730 720 716 711
11 02 711 700 698 691 691 691 691 691 734 770 790 801 801 806 806 801 790 781 750 734 730 720 716 700
11 03 700 700 698 691 691 691 680 691 734 770 788 801 801 806 806 801 790 781 750 734 730 720 716 700
11 04 700 700 698 691 691 691 680 691 734 770 788 801 801 810 806 801 790 781 750 734 730 720 716 711
11 05 711 700 698 698 691 691 691 691 734 770 788 801 801 806 801 801 790 781 750 734 730 720 716 711
11 06 711 700 698 691 691 691 680 691 734 770 788 801 801 806 806 801 790 781 750 734 730 720 716 711
11 07 711 700 698 698 691 691 680 691 734 770 788 790 801 806 801 801 790 770 750 734 730 716 716 700
11 08 711 700 698 698 691 691 680 691 730 770 788 788 801 801 801 801 788 770 750 730 720 716 716 700
11 09 700 700 691 691 691 680 680 691 730 759 781 788 790 801 801 790 788 770 750 730 720 716 711 700
11 10 700 700 691 691 680 680 680 680 730 759 781 788 790 801 801 790 788 770 739 730 720 716 711 700
11 11 700 698 691 691 680 680 680 680 720 759 781 788 790 801 801 790 788 759 739 730 720 716 711 700
11 12 698 698 691 691 680 680 680 680 720 752 781 781 788 790 792 788 781 752 739 730 720 711 700 700
11 13 698 698 691 680 680 680 680 680 720 752 781 781 788 790 790 788 781 752 739 730 720 711 700 698
11 14 698 698 691 680 680 680 680 680 716 750 770 781 788 790 790 788 770 752 734 730 716 711 700 698
11 15 698 698 691 680 680 680 669 669 716 750 770 781 788 790 790 788 770 752 734 720 716 711 700 698
11 16 698 698 691 680 680 680 669 669 716 750 770 781 788 790 790 788 770 752 734 720 716 711 700 698
11 17 698 691 680 680 669 669 669 662 716 750 770 781 788 790 790 788 770 750 734 720 716 711 700 698
11 18 698 691 680 680 680 669 669 662 716 739 770 770 788 788 790 788 770 750 730 720 716 711 700 698
11 19 698 691 680 669 669 669 662 662 711 739 770 781 788 788 790 781 770 750 730 720 711 711 700 698
11 20 691 680 680 669 -9999 662 662 660 700 739 -9999 781 788 788 790 781 759 750 730 720 711 700 698 691
11 21 691 680 680 669 662 662 660 660 700 739 -9999 781 788 788 788 781 759 750 730 716 711 700 698 691
11 22 691 680 680 669 662 662 660 660 -9999 739 -9999 781 788 788 788 781 759 750 730 716 -9999 -9999 698 691
11 23 680 680 680 -9999 -9999 662 -9999 660 -9999 739 -9999 781 788 788 788 781 759 750 730 -9999 -9999 700 698 691
11 24 680 680 680 -9999 -9999 662 -9999 660 -9999 739 -9999 781 788 788 788 781 770 750 730 716 711 700 698 691
11 25 680 680 680 669 -9999 662 660 660 700 739 759 781 788 788 788 781 770 750 730 716 711 700 698 691
11 26 680 680 680 662 662 662 660 660 700 739 759 781 788 788 788 781 770 750 730 716 711 700 691 691
11 27 680 680 680 662 662 662 660 660 700 739 759 781 788 788 788 781 770 750 730 716 700 700 691 691
11 28 680 680 669 662 662 660 660 660 700 739 759 781 788 788 788 781 770 750 730 716 711 698 691 691
11 29 680 669 669 662 662 660 660 660 700 739 759 781 788 788 781 770 770 750 730 711 700 698 691 680
11 30 680 669 669 662 660 660 660 649 698 739 752 781 788 788 770 770 759 750 730 711 700 698 680 680
12 01 680 669 662 660 660 660 649 644 698 739 752 770 788 781 770 770 752 750 730 711 700 691 680 680
12 02 669 669 660 660 660 660 649 649 698 739 752 770 788 781 770 770 759 750 720 711 700 691 680 680
12 03 680 662 660 660 660 660 649 644 698 739 752 770 788 781 770 770 759 739 720 711 700 691 680 680
12 04 669 662 660 660 660 660 660 649 698 734 752 770 781 781 770 770 752 739 720 711 700 691 680 680
12 05 680 662 660 660 660 660 660 649 698 734 752 770 781 781 770 770 759 739 720 711 700 691 680 680
12 06 669 662 660 660 660 660 660 644 691 734 752 770 770 770 770 770 752 739 720 711 700 691 680 669
12 07 669 662 660 660 649 649 644 644 680 730 752 770 770 770 770 770 752 739 720 711 698 691 680 669
12 08 662 660 660 649 649 644 640 644 680 730 752 770 770 770 770 770 752 739 720 700 698 680 680 669
12 09 660 660 660 649 644 640 640 640 669 730 750 770 770 770 770 770 752 734 720 700 691 680 669 662
12 10 660 660 649 644 640 640 640 640 669 720 750 770 770 770 770 770 752 734 716 700 691 669 662 660
12 11 649 649 644 640 640 640 630 640 662 720 750 759 770 770 770 759 750 734 716 700 691 669 662 660
12 12 649 649 644 640 640 640 630 630 662 720 750 759 759 770 770 759 750 734 716 698 680 669 662 660
12 13 649 649 644 640 640 640 630 630 660 720 750 759 759 770 770 759 750 730 716 698 680 669 662 660
12 14 649 649 644 640 640 640 630 630 660 720 750 759 759 770 770 759 750 730 716 698 680 669 662 660
12 15 649 649 644 640 640 630 626 626 660 720 750 759 759 770 770 759 750 730 716 700 680 669 662 660
12 16 649 649 644 640 640 630 626 626 660 720 750 759 759 770 770 759 752 734 716 700 691 669 662 660
12 17 649 649 644 640 640 630 626 626 660 720 750 759 759 770 770 759 750 734 720 700 691 669 662 660
12 18 649 644 640 640 640 630 626 626 649 720 750 759 759 770 770 759 750 734 720 700 691 669 662 660
12 19 649 644 640 640 630 626 626 626 649 720 750 759 759 770 770 759 750 734 720 700 691 669 662 660
12 20 649 644 640 630 630 626 626 626 649 720 750 759 759 770 770 759 750 734 720 700 691 669 662 660
12 21 644 644 640 630 630 626 626 626 649 720 739 759 759 770 770 759 750 734 720 698 691 669 662 660
12 22 644 644 640 630 630 626 626 621 644 720 739 759 759 770 770 752 750 734 720 700 691 669 662 660
12 23 649 644 640 630 630 626 621 621 644 720 739 759 752 759 770 752 750 734 720 700 691 669 662 660
12 24 649 644 640 630 630 626 626 621 644 716 739 752 752 759 -9999 752 750 734 720 700 691 680 669 660
12 25 649 644 640 640 630 626 626 621 644 716 739 752 752 752 -9999 752 750 734 720 700 691 680 662 660
12 26 649 644 640 630 630 626 626 621 644 711 739 750 752 752 -9999 752 750 730 720 700 680 669 662 660
12 27 649 644 630 630 630 626 621 621 644 711 739 750 752 752 752 752 750 730 720 700 680 669 662 660
12 28 644 640 630 630 630 626 626 621 644 711 734 750 752 752 752 752 750 734 720 698 680 669 660 660
12 29 644 640 630 630 630 621 626 610 640 700 734 750 750 752 -9999 750 750 734 720 698 680 669 660 660
12 30 644 640 630 630 626 621 621 610 640 700 734 750 750 752 -9999 750 750 730 716 698 680 669 660 660
12 31 644 640 630 630 626 621 621 610 640 700 734 750 752 752 752 750 750 730 711 698 680 662 660 660
