01 01 300 289 289 280 270 270 270 261 270 289 309 340 340 360 370 360 370 360 340 331 331 320 320 309
01 02 300 300 300 289 280 270 270 270 270 289 309 331 340 360 370 370 370 360 340 331 331 331 320 309
01 03 300 300 300 289 280 270 270 270 270 289 309 331 340 360 370 370 370 360 340 331 331 320 320 300
01 04 300 289 289 280 270 270 270 261 261 289 309 331 340 360 370 370 370 360 340 331 331 320 309 300
01 05 300 289 280 280 270 270 261 261 261 289 309 320 340 351 360 360 370 360 340 331 320 309 309 300
01 06 289 289 280 270 270 261 261 261 261 280 300 320 331 340 351 356 360 351 331 331 320 309 309 300
01 07 289 289 280 270 270 261 261 261 261 280 300 320 331 331 351 351 351 351 331 331 320 309 309 300
01 08 300 289 280 270 270 261 261 261 261 280 300 320 331 340 351 356 360 351 331 331 320 309 309 300
01 09 300 289 280 270 270 261 261 261 261 280 300 320 331 340 351 360 360 351 331 320 320 309 309 300
01 10 289 280 280 270 261 261 261 250 250 270 300 320 331 340 351 356 360 351 331 320 320 309 309 300
01 11 289 280 280 270 261 261 261 250 250 270 300 320 331 331 351 351 360 351 331 320 320 309 309 300
01 12 289 280 280 270 261 250 250 250 250 270 300 320 331 331 351 351 360 351 331 320 320 309 309 300
01 13 289 280 280 270 261 250 250 250 241 270 289 309 320 331 351 351 360 351 331 320 320 309 300 300
01 14 289 280 280 270 261 250 250 250 241 270 300 320 331 340 351 360 360 351 340 331 320 309 309 300
01 15 289 280 280 270 261 250 250 250 250 280 309 320 340 340 351 360 360 351 340 331 320 309 309 300
01 16 289 280 280 270 261 261 250 250 250 280 309 320 340 340 360 370 370 360 351 331 320 320 309 309
01 17 300 289 280 270 261 261 250 261 250 289 309 331 340 351 360 370 370 360 351 340 331 320 309 309
01 18 300 289 289 280 270 261 261 261 261 289 309 331 351 360 370 370 370 370 360 351 331 331 320 309
01 19 309 300 289 280 270 270 270 261 261 289 309 331 351 360 370 379 379 379 360 351 340 331 331 320
01 20 309 300 289 280 280 270 270 261 261 289 309 331 351 360 370 379 379 379 360 351 340 331 331 320
01 21 309 300 289 289 280 270 270 270 261 289 309 331 351 370 370 379 379 379 370 351 340 331 331 320
01 22 320 309 300 289 280 270 270 270 261 300 320 340 351 370 370 379 379 379 360 351 340 331 331 320
01 23 309 309 289 280 280 270 270 261 261 300 320 340 351 370 370 379 379 379 370 351 351 331 331 320
01 24 309 309 300 280 280 280 270 270 270 300 320 340 351 370 374 379 379 379 370 360 351 331 331 320
01 25 320 309 300 300 289 280 270 270 270 309 331 340 360 370 379 379 390 379 370 360 351 331 331 331
01 26 320 309 300 300 289 289 280 270 280 309 331 340 360 370 379 379 390 379 370 360 351 331 331 320
01 27 320 309 300 300 289 289 270 270 270 309 331 340 360 370 379 379 390 379 370 360 351 331 331 320
01 28 320 309 300 300 289 289 280 270 280 309 331 340 351 370 370 379 379 379 370 351 351 331 331 320
01 29 320 309 300 300 300 289 280 280 280 309 320 340 351 370 370 370 379 379 360 351 340 331 331 320
01 30 320 309 300 300 300 289 280 280 280 309 320 331 351 360 370 370 379 370 360 351 340 331 320 309
01 31 309 300 300 300 300 289 289 280 280 309 320 331 351 360 370 370 379 370 360 351 331 331 320 309
02 01 309 300 300 300 300 289 289 280 280 309 320 331 351 360 370 370 379 370 360 351 340 331 320 320
02 02 309 300 300 289 289 289 280 270 280 300 320 331 340 351 360 370 370 370 360 351 331 320 309 309
02 03 300 300 289 289 289 280 280 270 270 300 320 331 340 351 360 360 360 360 351 331 331 320 309 309
02 04 300 300 289 289 289 280 280 270 270 300 320 331 340 351 351 360 360 351 351 331 320 320 309 309
02 05 300 300 289 289 289 280 280 270 270 300 320 331 340 351 360 360 360 351 351 331 331 320 320 309
02 06 300 300 289 289 289 280 280 270 270 300 320 331 340 351 360 360 360 351 351 340 331 320 320 320
02 07 300 300 289 289 289 280 280 270 280 300 320 331 351 351 360 360 360 360 351 351 331 331 320 320
02 08 309 309 300 300 289 289 280 280 280 309 320 340 356 351 360 370 370 370 360 351 340 331 320 320
02 09 309 309 300 300 300 289 280 280 280 309 320 340 356 360 370 379 379 370 360 351 351 331 331 320
02 10 309 309 309 300 300 289 289 280 289 309 320 340 360 370 379 379 390 379 370 360 351 340 331 331
02 11 320 309 309 309 300 289 289 280 289 320 331 340 360 370 379 390 390 390 370 360 351 340 340 331
02 12 320 320 309 309 309 300 289 280 289 320 331 351 370 379 390 399 399 390 390 370 360 351 340 331
02 13 331 320 320 309 309 300 289 289 300 320 340 351 370 390 399 410 410 399 390 379 370 360 351 340
02 14 331 331 320 320 309 300 300 289 300 331 340 370 379 399 410 410 410 410 399 390 379 370 360 351
02 15 340 340 331 320 320 309 309 300 309 331 360 370 379 399 410 421 410 410 399 390 379 370 360 360
02 16 351 340 331 320 320 309 309 300 320 340 351 370 379 399 410 421 421 410 410 399 379 370 360 360
02 17 351 340 331 320 320 309 309 300 320 340 360 379 390 410 421 421 421 421 410 399 390 379 370 360
02 18 351 340 340 331 320 320 309 309 320 340 370 390 399 410 421 430 430 430 421 410 399 390 379 370
02 19 360 351 340 331 320 320 320 309 320 351 370 390 399 410 421 430 430 430 421 410 399 399 379 370
02 20 360 351 340 340 331 320 320 320 320 360 379 390 399 410 421 441 441 441 430 410 410 399 390 379
02 21 360 360 351 340 340 331 320 320 331 360 379 390 410 421 430 441 441 441 430 410 410 399 390 379
02 22 370 360 351 351 340 340 331 320 340 360 379 399 410 421 430 441 441 441 430 410 410 399 390 379
02 23 370 360 351 351 340 340 331 331 340 370 379 399 410 421 430 441 441 441 430 421 410 399 399 390
02 24 370 370 351 351 340 340 331 331 340 370 399 399 421 430 441 450 450 450 441 430 421 410 399 390
02 25 379 370 360 351 351 340 340 331 351 379 399 410 421 430 441 450 450 450 441 430 421 410 399 390
02 26 379 370 370 360 351 340 340 340 351 379 399 410 421 430 441 450 460 450 441 430 421 410 399 390
02 27 379 370 370 351 351 340 340 331 351 379 399 399 421 430 441 450 460 460 441 430 421 410 399 390
02 28 379 370 360 351 351 340 340 331 351 379 399 399 421 430 441 450 450 450 441 421 421 410 399 390
03 01 370 370 360 351 340 340 331 331 340 370 390 399 421 430 441 450 450 450 441 421 421 399 399 390
03 02 379 370 360 351 340 340 331 331 340 360 379 399 410 430 441 450 450 450 441 421 421 399 390 379
03 03 370 360 351 351 340 331 331 331 340 370 390 399 421 430 441 450 460 450 441 430 421 399 399 390
03 04 379 370 360 351 340 340 331 331 351 370 399 399 421 430 441 450 460 450 441 430 421 399 399 390
03 05 379 370 360 351 340 340 331 331 351 370 399 399 421 430 441 450 460 450 441 430 421 410 399 390
03 06 379 370 360 351 351 340 340 340 351 379 399 421 430 430 450 460 460 460 450 430 421 410 399 399
03 07 390 379 370 360 351 351 340 340 351 390 410 430 430 460 460 480 469 469 460 441 430 421 410 399
03 08 390 379 370 360 351 351 340 340 360 390 421 441 450 460 480 489 489 480 469 450 441 430 421 410
03 09 399 390 379 370 360 360 340 340 360 399 421 441 460 480 489 500 500 500 480 469 450 441 421 410
03 10 399 390 379 379 360 360 351 340 370 399 421 441 469 480 489 500 500 500 480 469 460 441 430 421
03 11 410 399 390 379 379 370 360 351 379 410 430 450 469 480 500 511 511 511 489 469 460 450 430 421
03 12 410 399 399 379 379 370 360 351 379 410 430 460 469 480 500 511 511 511 489 469 460 450 430 421
03 13 410 410 399 379 379 370 370 360 379 410 430 460 469 489 500 511 511 511 500 469 460 450 430 421
03 14 410 399 390 379 379 370 370 360 390 421 441 460 480 489 511 511 511 520 500 480 469 450 430 421
03 15 410 399 390 379 379 379 370 360 390 421 441 460 480 489 511 511 511 520 500 480 469 450 441 430
03 16 421 410 399 390 379 379 370 370 390 430 450 469 489 500 511 520 520 520 511 489 469 460 450 441
03 17 421 421 410 399 390 379 379 379 399 430 450 469 489 500 511 520 531 531 511 489 480 460 450 441
03 18 441 421 410 399 399 390 379 379 399 441 450 469 489 500 511 520 520 531 511 489 480 460 450 441
03 19 441 421 410 410 399 390 390 379 410 441 450 469 489 500 511 511 520 520 511 489 469 460 450 450
03 20 441 421 421 410 410 399 390 390 410 441 450 469 489 500 511 511 520 520 500 489 469 460 450 450
03 21 441 421 421 410 410 399 390 390 410 441 460 469 489 500 511 520 520 520 511 489 480 460 450 450
03 22 441 421 421 410 410 399 390 390 421 441 460 480 489 500 511 520 520 520 500 489 480 460 450 450
03 23 441 421 421 410 410 399 390 390 421 441 460 480 489 500 511 520 520 520 511 500 480 460 450 441
03 24 441 421 421 410 410 399 390 390 421 450 469 480 489 500 520 520 520 520 520 500 480 469 460 450
03 25 441 421 421 410 410 399 390 390 421 450 469 480 500 511 520 520 531 531 520 500 480 469 460 450
03 26 441 421 421 410 410 399 390 390 421 450 469 489 500 520 520 531 531 531 531 500 489 469 460 460
03 27 441 421 421 410 410 399 390 390 430 450 480 489 511 520 531 531 540 540 531 511 489 480 469 460
03 28 450 430 421 421 410 410 399 399 441 460 480 500 520 520 531 540 550 540 531 520 500 480 469 469
03 29 450 441 430 430 421 421 410 410 441 469 480 500 520 531 540 540 550 540 531 520 500 489 480 469
03 30 450 441 441 430 421 421 410 410 441 460 480 500 520 540 540 550 550 550 540 520 500 489 480 469
03 31 450 441 430 430 421 410 410 410 441 469 489 500 520 540 540 550 550 559 550 520 500 489 480 469
04 01 460 441 441 430 421 421 410 421 450 469 489 511 520 540 540 559 559 550 550 520 500 489 480 469
04 02 460 441 441 430 430 421 410 421 450 469 489 511 531 540 559 559 570 570 550 531 500 489 480 469
04 03 460 450 450 441 430 421 421 421 450 469 489 511 531 540 570 570 570 570 559 531 511 489 489 480
04 04 460 460 450 441 430 421 421 421 450 480 500 511 531 550 570 579 579 570 559 540 511 511 500 480
04 05 469 460 450 441 441 430 421 430 460 480 500 520 540 559 570 579 579 579 570 540 520 520 511 489
04 06 480 469 460 441 441 430 421 430 460 489 511 531 550 559 570 579 590 579 570 540 531 520 511 489
04 07 480 469 460 450 441 430 421 430 469 489 520 540 550 559 579 590 590 590 579 550 531 520 511 500
04 08 480 469 460 450 450 441 430 441 469 500 531 540 550 559 579 590 590 590 579 550 531 520 511 500
04 09 480 469 460 450 450 441 430 441 469 500 531 540 550 570 579 590 601 590 579 559 531 520 511 500
04 10 489 469 460 450 450 441 430 450 469 500 531 540 559 570 590 590 601 590 579 559 540 520 520 500
04 11 489 480 469 460 450 441 441 450 480 511 531 540 559 570 579 590 601 590 579 559 540 520 520 500
04 12 500 480 469 460 460 450 441 450 489 511 531 550 570 579 590 601 601 601 590 570 540 531 520 511
04 13 500 489 469 469 460 450 441 460 489 511 540 550 579 590 601 601 610 608 590 570 550 531 531 511
04 14 500 489 480 469 460 460 450 469 500 531 550 570 579 601 610 621 621 610 601 579 559 540 531 520
04 15 511 500 489 480 469 469 460 469 511 540 559 570 590 601 610 621 621 621 610 579 570 540 531 520
04 16 511 500 489 480 469 469 460 480 520 540 559 579 590 601 610 621 621 621 610 579 570 550 540 531
04 17 511 500 500 489 480 480 469 480 520 550 570 579 601 610 610 621 626 621 610 590 570 559 540 531
04 18 511 511 500 489 480 480 469 489 531 550 570 579 601 621 621 630 630 630 621 601 579 559 540 540
04 19 520 511 500 500 489 480 469 500 531 559 570 590 610 621 621 630 630 640 621 610 579 559 550 540
04 20 520 520 511 500 489 489 480 500 540 559 579 590 610 621 630 630 640 640 630 610 590 570 550 540
04 21 531 520 511 500 500 489 480 500 540 559 579 601 621 630 640 640 640 640 640 621 601 579 570 540
04 22 531 520 511 511 500 489 489 511 540 570 590 601 621 630 640 649 649 640 640 621 601 590 570 550
04 23 540 531 520 511 511 500 489 511 550 570 590 601 621 640 649 649 660 649 640 621 601 590 570 559
04 24 550 531 531 520 511 500 500 520 550 570 590 601 621 630 640 649 649 640 640 621 601 590 570 559
04 25 550 531 531 520 520 511 511 520 550 570 590 610 621 640 640 649 649 640 640 621 601 590 570 559
04 26 550 531 531 531 520 511 511 520 550 570 601 610 630 640 640 649 649 649 640 621 601 590 579 559
04 27 550 531 531 531 520 511 511 520 559 579 601 610 630 640 649 660 660 649 640 621 601 590 579 570
04 28 559 540 531 531 520 511 511 531 559 579 601 610 630 649 660 669 662 649 649 630 610 590 579 570
04 29 559 540 540 531 520 520 511 531 559 590 610 621 630 649 660 669 669 660 649 630 610 601 590 570
04 30 559 550 540 531 531 520 520 531 559 590 610 630 640 660 669 680 680 669 660 640 621 601 590 579
05 01 570 559 550 540 531 520 520 540 570 590 621 630 649 660 669 680 680 669 660 640 621 610 601 579
05 02 570 559 550 540 531 520 520 550 579 601 621 630 649 669 669 680 680 680 660 649 630 610 601 590
05 03 579 559 559 540 531 531 520 550 579 601 621 640 649 669 669 680 691 680 660 649 630 610 601 590
05 04 579 570 559 540 531 531 531 559 579 601 621 640 660 669 680 680 691 680 669 649 630 621 610 590
05 05 590 570 559 550 540 531 531 559 590 610 630 640 660 669 691 680 691 680 669 649 630 621 610 601
05 06 590 579 570 559 540 540 531 559 590 610 630 640 660 680 691 691 691 691 680 660 640 621 610 601
05 07 590 579 570 559 550 540 540 559 590 610 630 649 660 680 691 700 700 691 680 660 640 621 610 601
05 08 590 579 570 559 550 540 540 559 590 610 630 649 669 680 700 700 700 691 680 660 640 621 621 601
05 09 590 579 579 559 559 550 550 570 590 621 640 649 669 680 700 700 700 700 680 660 640 630 621 610
05 10 601 590 579 570 559 550 550 579 601 621 640 660 680 691 711 711 711 711 691 669 649 640 621 610
05 11 601 590 579 570 570 559 559 579 610 630 649 669 691 700 720 711 711 711 700 680 649 640 630 621
05 12 610 601 590 579 570 570 559 590 621 640 660 669 691 700 720 711 711 711 700 680 649 640 630 621
05 13 610 601 590 579 570 570 559 590 621 640 660 669 691 700 720 711 711 711 700 680 649 640 630 621
05 14 610 601 590 579 570 570 559 590 621 640 660 669 691 700 720 711 711 711 700 680 660 649 630 621
05 15 610 601 590 579 579 570 570 601 621 640 660 669 691 700 720 720 720 711 700 680 660 649 640 630
05 16 610 610 601 590 579 579 570 601 621 640 660 669 691 700 720 720 720 711 700 680 660 649 640 630
05 17 621 610 601 590 590 579 579 610 630 640 669 680 700 711 720 730 730 720 700 691 660 649 649 630
05 18 621 621 610 601 590 579 590 610 630 649 669 691 700 711 720 730 730 720 700 691 669 660 649 640
05 19 630 621 610 601 601 590 590 621 640 660 680 700 711 720 730 730 730 720 720 691 669 669 649 640
05 20 630 621 610 610 601 590 590 621 640 660 680 700 711 720 730 739 730 730 720 700 680 669 649 640
05 21 640 630 621 610 601 590 601 621 640 660 680 700 711 720 730 730 730 730 720 700 680 669 660 649
05 22 640 630 621 621 601 601 601 621 640 669 680 700 711 720 730 739 739 739 720 700 680 669 660 649
05 23 640 630 630 621 610 601 601 630 640 669 680 700 720 730 730 739 739 739 720 700 691 680 660 649
05 24 640 630 630 621 610 601 601 630 649 669 691 700 720 730 739 739 739 739 720 700 691 669 660 649
05 25 649 630 630 621 610 610 610 630 649 669 691 700 720 730 739 739 750 739 720 711 691 680 669 649
05 26 649 630 630 621 621 610 610 630 660 680 700 711 730 730 739 750 750 739 730 711 691 680 669 660
05 27 649 640 640 630 621 621 610 640 660 680 700 720 730 739 750 750 750 750 730 720 700 680 680 669
05 28 660 649 640 630 630 630 621 649 669 691 700 730 739 739 750 750 759 750 739 720 700 691 680 669
05 29 660 649 649 640 630 630 630 649 669 691 700 730 739 739 759 750 759 759 739 730 700 691 691 680
05 30 669 649 649 640 640 630 630 649 669 691 700 730 739 750 759 759 759 759 739 730 700 691 691 680
05 31 669 649 649 640 630 630 630 649 669 691 700 730 739 750 759 759 759 759 739 730 711 691 691 680
06 01 669 660 649 640 640 630 630 649 680 691 711 730 739 750 759 759 759 759 750 730 711 700 691 680
06 02 669 660 649 649 640 630 630 660 680 700 711 730 739 752 770 770 770 770 739 730 711 700 691 680
06 03 669 660 660 649 640 640 640 660 680 700 711 730 750 752 770 770 770 770 739 730 711 700 700 680
06 04 680 660 660 660 649 640 640 660 691 700 711 730 750 759 770 770 781 770 750 730 711 711 700 680
06 05 680 669 660 660 649 640 640 660 691 700 720 739 759 770 781 781 781 770 759 739 720 711 700 691
06 06 680 669 669 660 649 649 649 669 691 711 720 739 759 770 781 781 781 781 759 739 720 711 700 691
06 07 680 680 669 660 649 649 649 669 691 711 720 750 759 781 781 781 781 781 759 750 720 711 700 691
06 08 680 680 669 660 660 649 649 669 691 711 720 739 759 781 790 781 790 790 770 750 730 711 711 700
06 09 691 680 669 669 660 649 649 669 691 711 730 750 770 781 790 781 781 781 770 750 730 711 711 700
06 10 691 680 669 669 660 660 649 669 691 711 730 750 770 781 790 790 790 781 781 750 730 720 711 700
06 11 691 680 669 669 669 660 660 680 691 720 739 750 770 781 790 801 790 790 781 759 739 720 711 700
06 12 691 691 669 669 669 660 660 680 700 720 739 750 770 790 801 801 790 790 781 759 739 720 711 711
06 13 691 691 680 680 669 669 660 680 700 720 739 759 781 790 801 810 801 801 790 770 739 730 720 711
06 14 700 691 680 680 669 669 669 691 711 730 739 770 781 790 801 810 801 801 790 770 750 730 720 720
06 15 711 700 691 691 680 680 680 691 711 730 750 770 781 790 801 810 801 801 790 770 750 730 720 720
06 16 711 700 700 691 691 680 680 700 720 739 759 781 790 801 810 820 801 801 801 770 750 739 730 720
06 17 711 700 700 691 691 680 680 700 720 739 759 781 790 801 820 820 820 810 801 781 759 739 730 720
06 18 711 711 700 691 691 680 680 700 720 739 759 781 801 810 820 820 820 810 801 790 759 750 739 730
06 19 720 711 700 700 691 680 680 700 720 739 759 781 801 810 820 829 820 810 801 790 759 750 739 730
06 20 720 711 711 700 691 680 680 711 730 750 770 790 810 810 820 829 820 820 806 790 759 750 739 730
06 21 720 720 711 700 700 691 691 711 730 750 770 790 820 810 829 829 820 820 801 790 770 750 739 730
06 22 730 720 711 700 700 691 691 711 730 750 770 790 820 810 829 829 820 820 810 790 770 750 739 739
06 23 730 720 711 711 700 691 691 711 739 759 781 790 820 820 820 829 829 820 810 790 770 750 750 739
06 24 730 720 720 711 700 691 691 720 739 759 781 801 820 829 829 829 829 820 810 801 770 759 750 739
06 25 739 730 720 720 711 700 700 720 739 759 781 801 820 829 829 829 829 820 810 801 770 759 750 739
06 26 739 730 720 720 711 700 700 730 750 770 790 801 829 829 829 840 829 820 810 790 770 759 750 739
06 27 739 730 720 720 711 711 700 730 750 770 790 801 829 840 829 840 829 820 810 790 770 759 750 739
06 28 739 730 730 720 711 711 700 730 750 770 781 801 820 829 829 840 829 820 810 790 770 759 750 739
06 29 739 730 720 720 711 711 700 730 750 770 790 801 820 840 840 840 829 820 810 790 770 759 750 739
06 30 739 730 720 720 711 711 700 730 750 770 790 801 820 840 840 840 829 820 810 790 770 759 750 739
07 01 739 730 720 720 711 711 711 730 750 770 790 801 820 840 840 840 829 820 806 790 770 759 752 750
07 02 739 730 720 720 711 711 711 730 750 770 790 801 820 840 840 840 829 820 810 790 770 759 752 750
07 03 739 730 730 720 720 711 711 730 750 781 801 810 829 840 840 840 829 820 810 790 770 759 759 750
07 04 739 730 730 720 720 711 711 730 759 781 801 810 829 840 840 849 849 829 810 801 770 770 759 750
07 05 750 739 730 730 720 711 711 739 759 781 801 810 829 840 849 860 849 840 810 801 770 770 759 750
07 06 750 739 739 730 730 720 720 739 759 781 801 820 829 840 849 860 849 840 820 810 781 770 759 759
07 07 750 739 739 730 730 720 720 739 759 781 801 810 829 840 840 849 849 840 820 810 781 770 759 759
07 08 750 739 739 730 730 720 720 739 759 781 801 820 840 849 849 860 849 849 820 810 781 770 759 759
07 09 750 739 739 730 730 720 720 739 759 781 801 820 840 849 860 860 849 840 829 810 781 770 759 759
07 10 750 739 739 739 730 720 720 739 759 781 801 820 840 849 860 860 849 849 829 810 781 770 770 759
07 11 750 750 739 739 730 730 720 739 759 781 801 820 840 860 871 860 849 849 829 810 790 781 770 759
07 12 750 750 739 739 730 730 720 739 759 781 801 820 840 860 871 860 860 849 840 820 790 781 770 759
07 13 750 750 739 739 730 730 730 739 770 790 801 829 849 860 871 860 860 849 849 820 790 781 770 759
07 14 759 750 739 739 730 730 720 739 770 790 810 829 849 860 871 871 871 849 849 820 790 781 770 770
07 15 759 750 739 739 730 730 730 739 770 790 820 840 860 871 880 871 871 860 849 820 801 781 770 770
07 16 759 750 739 739 730 730 730 739 770 790 820 840 849 871 871 860 849 849 840 820 790 781 770 770
07 17 759 750 739 739 730 730 730 739 770 790 810 840 849 871 871 871 860 849 840 820 790 781 770 770
07 18 759 750 739 739 730 730 720 739 770 790 810 829 849 871 871 871 871 849 840 820 790 781 770 770
07 19 759 750 739 739 730 730 720 739 770 790 820 829 849 871 880 860 849 849 840 820 790 781 770 770
07 20 759 750 739 739 730 730 730 739 770 790 810 829 849 860 871 860 849 849 829 820 790 781 770 759
07 21 750 750 739 730 730 730 720 739 770 790 810 829 849 860 871 860 849 849 840 820 790 770 770 759
07 22 750 750 739 739 730 730 720 739 770 790 820 829 860 871 880 860 849 860 840 820 801 781 770 759
07 23 750 750 739 739 730 730 720 739 770 790 820 829 849 871 880 860 860 860 840 820 801 781 770 759
07 24 750 750 739 730 730 730 720 739 770 790 820 829 849 871 871 860 860 860 840 820 801 781 770 759
07 25 750 750 739 730 730 720 720 739 770 790 820 840 849 871 880 860 860 860 840 820 801 781 770 759
07 26 750 750 739 730 730 720 720 739 770 790 820 838 849 871 880 860 860 849 840 820 801 781 770 759
07 27 750 750 739 730 730 720 720 739 770 790 820 829 849 871 880 860 849 849 840 820 801 781 770 770
07 28 750 750 739 730 730 730 720 739 770 790 820 829 849 871 880 860 849 849 840 820 801 781 770 770
07 29 759 750 739 730 730 730 720 739 770 790 820 829 849 871 880 860 849 860 840 820 801 790 781 770
07 30 759 750 739 730 730 730 720 750 770 790 810 829 849 871 871 860 849 849 840 820 801 781 770 770
07 31 759 750 739 730 730 730 720 739 770 790 810 829 840 860 871 849 849 849 829 820 801 781 770 759
08 01 750 750 739 730 730 730 720 739 759 790 801 820 840 849 860 849 849 849 829 820 790 781 770 759
08 02 750 750 739 730 730 730 720 739 759 781 801 820 840 849 860 849 849 840 829 810 790 781 770 759
08 03 750 750 739 730 730 720 720 739 759 781 801 820 829 849 860 849 849 840 829 810 790 781 770 759
08 04 750 750 739 730 730 720 720 739 759 790 801 820 840 849 860 849 849 840 829 810 790 781 770 759
08 05 750 750 739 730 730 720 720 739 759 781 801 820 829 849 860 849 849 840 829 810 790 781 770 759
08 06 750 739 739 730 720 720 711 730 759 781 801 820 829 849 860 849 840 829 829 810 790 770 770 759
08 07 750 739 739 730 720 720 720 730 750 781 801 810 829 849 860 849 840 829 820 801 781 770 759 750
08 08 750 739 739 730 720 720 711 730 750 770 801 810 829 849 860 849 840 829 810 801 781 759 759 750
08 09 750 739 730 730 720 720 711 730 750 770 790 810 829 849 860 849 840 829 820 810 781 770 759 750
08 10 750 739 739 730 720 720 711 730 750 770 790 801 820 840 849 849 840 829 820 810 781 770 759 750
08 11 750 739 730 730 720 711 711 720 750 770 790 801 820 840 849 849 829 829 810 801 781 759 759 739
08 12 739 739 730 730 720 711 711 720 739 770 781 801 820 829 840 840 829 820 810 801 781 759 750 739
08 13 739 730 730 720 720 711 711 720 739 759 781 801 820 829 840 840 829 820 810 801 770 759 750 739
08 14 739 730 730 720 720 711 711 720 739 759 781 801 820 829 849 840 829 829 810 801 781 759 750 739
08 15 739 730 730 720 720 711 711 720 739 770 781 801 820 829 849 849 849 840 820 801 781 759 750 739
08 16 739 730 730 720 720 711 711 720 739 770 781 801 820 840 849 860 849 840 820 810 781 759 759 739
08 17 739 730 730 730 720 711 711 720 739 770 781 810 829 840 849 860 849 849 829 810 781 759 759 750
08 18 739 730 730 730 720 711 711 720 739 770 790 810 829 849 860 860 860 849 829 810 781 770 759 750
08 19 739 730 730 720 720 711 711 720 750 770 790 810 829 849 860 860 860 849 829 810 781 770 759 750
08 20 739 739 730 730 720 711 711 720 750 770 790 810 829 840 849 860 849 849 820 801 781 770 759 750
08 21 750 739 730 730 720 711 711 720 739 770 781 810 820 829 849 849 849 840 820 801 781 770 759 750
08 22 739 739 730 730 720 711 711 720 739 770 781 810 820 829 840 849 849 849 829 801 781 770 759 750
08 23 739 730 730 730 720 711 700 720 739 770 781 810 820 829 840 840 849 840 820 801 781 770 759 750
08 24 739 730 730 720 720 711 700 711 739 770 781 801 820 829 829 840 840 829 820 801 770 759 759 739
08 25 739 730 730 720 720 711 700 711 730 759 781 801 820 820 824 829 829 820 820 790 770 759 750 739
08 26 739 730 730 720 711 711 700 711 730 750 781 790 820 820 820 829 829 810 810 790 770 750 750 739
08 27 730 730 720 711 711 700 700 711 730 750 770 790 810 820 820 829 820 810 810 781 770 750 750 739
08 28 730 730 720 711 700 700 700 700 730 750 770 790 801 810 820 820 820 810 810 781 770 750 739 739
08 29 730 720 720 711 700 691 691 700 720 739 759 781 801 810 820 820 820 810 801 781 759 750 739 739
08 30 730 720 711 700 700 691 691 700 720 739 759 781 801 810 820 820 820 810 801 781 759 750 739 730
08 31 730 720 711 700 700 691 691 691 720 739 759 781 801 810 810 820 820 801 801 781 750 739 739 730
09 01 730 720 711 700 691 691 680 691 720 739 759 770 790 801 810 810 810 801 801 770 750 739 730 730
09 02 720 711 700 700 691 680 680 680 711 730 750 770 781 790 810 810 810 801 790 770 750 739 730 720
09 03 720 711 700 691 680 680 669 680 711 730 750 770 781 790 810 810 810 801 790 759 750 739 730 720
09 04 720 711 700 691 680 669 660 680 711 730 750 770 781 790 810 810 801 801 790 759 739 739 730 720
09 05 711 700 700 691 680 669 660 669 711 730 750 770 781 790 810 810 801 801 781 759 739 739 730 720
09 06 711 700 700 691 680 669 660 669 711 730 750 770 781 790 801 801 801 790 781 759 739 730 730 720
09 07 711 700 691 680 669 660 660 669 700 730 739 759 770 788 801 790 790 790 770 750 739 730 720 711
09 08 700 700 691 680 669 660 649 660 700 720 730 750 759 781 790 790 790 790 770 750 739 730 720 711
09 09 700 691 680 669 669 649 649 660 700 720 730 750 759 781 790 790 790 790 770 750 739 730 720 711
09 10 700 680 669 669 660 649 649 649 691 711 730 750 759 781 790 790 790 781 770 750 730 720 711 700
09 11 691 680 669 660 660 649 640 649 691 711 730 750 759 781 790 781 781 781 770 750 730 711 700 691
09 12 680 669 660 660 649 640 640 640 680 700 720 739 759 759 781 781 781 781 759 739 720 711 691 691
09 13 680 669 660 649 640 640 621 630 680 700 720 739 750 759 781 781 770 770 759 739 720 700 691 691
09 14 669 669 649 649 630 630 621 630 669 691 711 730 750 750 770 770 770 759 750 730 711 700 691 680
09 15 669 649 649 640 621 621 621 621 669 691 711 720 739 750 759 770 759 750 750 720 700 700 680 680
09 16 660 649 640 630 621 610 601 610 660 680 691 716 720 739 739 759 752 750 730 711 700 691 669 669
09 17 649 640 621 610 601 601 590 601 640 669 680 700 711 730 739 739 739 730 720 691 680 669 649 640
09 18 640 621 610 601 590 579 579 579 621 649 669 691 711 720 720 730 730 730 711 691 669 649 640 621
09 19 610 601 590 579 570 570 559 570 610 649 669 691 711 720 720 730 730 730 711 680 660 640 621 610
09 20 601 590 579 570 559 550 550 559 601 640 669 691 700 720 720 730 730 730 711 669 649 640 621 610
09 21 601 590 579 570 559 550 550 550 601 640 669 691 700 720 720 730 730 730 700 669 649 630 621 601
09 22 601 590 579 570 559 550 540 550 601 640 669 691 700 720 720 730 730 730 700 669 649 630 621 601
09 23 590 590 579 570 559 550 540 550 601 640 669 691 700 720 720 730 730 730 700 669 640 630 621 601
09 24 590 579 570 559 550 550 540 550 590 630 660 680 700 711 720 730 730 720 700 660 640 621 610 601
09 25 590 579 570 559 550 550 540 540 590 630 660 680 691 711 720 730 730 720 700 660 640 621 610 601
09 26 590 579 570 559 550 550 540 540 590 630 660 680 691 711 720 730 730 720 691 660 640 621 610 601
09 27 590 579 570 559 550 550 540 540 590 630 649 669 691 711 720 720 720 711 691 660 640 621 610 601
09 28 590 579 570 559 550 540 531 540 590 621 649 669 691 700 711 720 711 700 680 649 630 621 610 601
09 29 590 579 570 559 550 540 531 531 579 621 649 669 691 700 711 711 711 691 680 649 630 621 610 590
09 30 579 570 559 550 550 540 531 531 570 610 640 660 680 691 700 700 700 691 669 640 630 610 601 590
10 01 579 570 559 550 540 540 531 531 570 610 640 649 669 680 691 700 700 691 669 640 621 610 590 579
10 02 570 570 559 550 540 531 520 531 570 601 630 640 660 680 691 700 700 691 660 640 621 601 590 579
10 03 570 570 559 550 540 531 520 531 570 601 621 640 649 669 691 691 691 680 660 630 621 601 590 579
10 04 570 559 550 550 540 531 520 520 559 590 621 640 649 669 691 691 691 680 660 630 610 601 590 570
10 05 570 559 550 540 540 520 520 520 559 590 610 630 649 669 680 691 691 680 660 621 610 590 579 570
10 06 559 559 540 531 531 520 511 511 550 590 610 630 649 669 669 680 680 680 649 621 610 590 579 559
10 07 559 550 540 531 520 511 511 511 550 579 610 630 649 669 669 680 680 680 649 621 610 590 579 559
10 08 550 550 531 520 520 511 511 500 550 579 610 630 649 669 669 680 680 669 649 621 601 590 570 559
10 09 550 540 531 520 511 511 500 500 540 579 610 630 640 660 669 680 680 669 649 621 610 590 570 559
10 10 550 540 531 520 511 500 500 500 540 579 601 621 640 660 660 669 680 660 640 621 601 590 570 559
10 11 550 531 531 511 511 500 500 500 540 570 601 621 640 649 660 660 669 649 630 610 590 579 559 559
10 12 550 531 520 511 500 489 489 500 531 570 601 621 630 640 660 660 649 649 630 610 590 579 559 550
10 13 540 531 520 511 500 489 489 489 531 559 590 610 630 640 649 649 649 649 630 610 590 579 559 550
10 14 540 520 520 500 500 489 489 489 531 559 590 610 626 630 640 649 649 640 621 601 579 570 550 540
10 15 531 520 511 500 500 489 489 489 520 550 579 601 621 630 640 649 640 640 610 590 570 559 550 540
10 16 531 520 511 500 489 480 480 480 520 550 570 601 610 630 630 640 640 630 601 579 559 550 540 531
10 17 520 511 500 489 489 480 469 469 511 550 570 601 610 621 630 640 640 630 601 579 559 550 540 531
10 18 520 511 500 489 489 480 469 469 511 550 570 601 610 621 630 640 640 630 601 579 559 550 540 531
10 19 520 511 500 489 480 480 469 460 500 540 559 579 601 610 621 630 630 630 601 570 559 540 540 520
10 20 511 511 500 480 480 469 460 460 500 531 559 579 601 610 621 630 630 630 590 570 559 540 531 520
10 21 511 511 500 480 480 469 460 450 500 531 559 579 601 610 621 630 630 630 590 570 559 540 540 520
10 22 511 511 500 480 480 469 460 450 500 531 559 579 590 601 621 621 621 621 590 570 550 540 531 520
10 23 511 500 489 480 469 460 450 450 489 531 550 570 590 601 610 610 610 601 579 559 550 540 531 520
10 24 500 500 489 480 469 460 450 450 489 531 540 570 579 590 590 601 601 601 559 559 550 531 520 511
10 25 500 489 480 469 460 460 450 450 480 520 540 559 570 579 590 601 601 590 559 550 540 531 511 511
10 26 500 489 469 469 460 460 450 450 480 511 531 550 559 570 570 579 579 579 559 540 531 520 511 500
10 27 489 480 469 460 460 450 441 441 469 500 531 540 559 570 570 579 570 570 550 531 531 511 500 489
10 28 480 469 460 450 450 441 441 430 469 500 520 531 550 550 559 570 570 559 540 531 520 511 489 489
10 29 469 469 450 450 441 441 430 430 460 489 511 531 540 550 559 559 559 550 531 520 511 500 480 480
10 30 469 460 450 441 441 430 430 421 460 480 500 520 531 540 550 559 559 540 520 511 500 489 480 480
10 31 469 450 450 441 441 430 421 421 450 480 500 511 531 540 550 550 550 540 520 511 500 489 480 469
11 01 460 450 450 441 441 430 421 421 450 469 489 511 520 531 550 540 540 531 511 500 500 489 480 469
11 02 460 450 441 441 430 430 421 410 441 469 489 500 511 531 531 540 531 520 511 500 489 480 469 460
11 03 450 441 441 430 430 421 421 410 441 460 480 489 511 520 531 540 531 520 511 500 480 469 469 460
11 04 450 441 430 421 410 410 399 399 421 450 469 489 500 511 520 520 531 520 500 489 480 469 460 450
11 05 450 430 421 421 410 399 399 399 421 450 469 489 500 511 520 520 520 511 500 480 469 460 450 450
11 06 441 421 410 399 399 390 399 390 421 450 469 489 500 511 520 520 520 511 500 480 469 460 450 450
11 07 441 421 410 399 399 390 390 390 421 450 469 480 500 500 511 511 520 511 500 480 460 460 450 450
11 08 441 421 410 399 390 390 379 379 421 441 460 480 500 500 511 511 520 511 500 480 460 460 450 441
11 09 430 421 410 399 390 379 379 379 410 441 460 480 489 500 511 511 520 511 489 469 460 450 441 441
11 10 430 410 399 390 379 379 379 370 399 441 460 480 489 500 511 520 520 511 489 480 460 450 450 441
11 11 430 421 410 399 390 379 379 379 399 441 460 480 489 500 511 511 520 511 489 469 460 450 441 441
11 12 430 421 410 399 390 379 379 379 399 441 460 480 489 500 511 520 520 511 489 469 460 450 450 441
11 13 430 421 410 399 390 379 379 370 399 430 460 469 489 500 511 520 520 511 489 469 460 450 441 430
11 14 421 410 399 390 379 379 370 370 390 430 450 469 489 500 511 511 520 511 489 469 460 450 441 430
11 15 410 410 399 390 379 379 370 370 390 430 450 469 489 500 511 520 520 511 489 469 460 450 441 430
11 16 410 410 399 390 379 379 370 360 379 430 450 469 489 500 511 511 520 511 480 469 450 441 441 421
11 17 410 399 399 379 379 370 370 360 379 421 441 460 480 489 500 511 511 500 469 460 450 441 430 410
11 18 399 399 390 379 370 370 360 360 370 421 441 460 469 480 489 489 500 489 469 450 441 430 421 410
11 19 399 399 390 379 370 370 360 360 379 421 441 450 469 480 489 489 489 489 460 450 441 430 421 399
11 20 399 390 379 370 370 360 360 351 370 410 421 441 460 469 480 480 489 480 450 441 430 421 399 399
11 21 390 379 370 370 360 360 360 351 360 399 421 441 450 469 480 480 480 469 450 441 421 421 399 399
11 22 390 379 370 360 360 351 351 340 360 399 421 441 450 469 480 480 480 469 450 441 421 421 399 399
11 23 390 379 370 360 360 351 340 340 360 399 421 441 450 469 480 480 480 469 450 430 421 410 399 390
11 24 390 370 360 360 351 351 340 331 351 390 421 430 450 469 480 480 469 460 441 430 421 410 399 390
11 25 379 370 360 351 351 340 340 331 351 390 410 430 441 460 469 480 469 460 441 430 421 410 399 390
11 26 379 360 360 351 351 340 340 331 340 390 410 421 441 450 469 469 460 450 441 430 421 410 392 390
11 27 379 360 360 351 340 340 331 320 340 379 399 421 441 450 460 460 460 450 441 421 410 399 390 379
11 28 370 351 351 351 340 340 331 320 331 370 390 410 430 441 450 460 450 441 421 410 410 390 379 370
11 29 370 351 351 340 331 331 320 320 331 370 390 410 421 441 441 450 450 441 421 410 399 390 379 370
11 30 360 351 351 340 331 331 320 320 331 370 390 410 421 430 441 450 441 430 421 410 399 379 370 370
12 01 360 351 340 340 331 331 320 320 331 360 379 399 421 430 441 441 441 430 410 399 390 379 370 360
12 02 360 351 340 340 331 320 320 320 320 360 379 399 410 430 430 441 441 430 410 399 390 379 370 360
12 03 360 340 340 331 320 320 320 309 320 351 379 399 410 430 430 430 441 430 410 399 390 379 370 360
12 04 351 340 340 331 320 320 320 309 320 351 379 399 410 421 430 430 430 421 410 390 379 370 360 360
12 05 351 340 340 331 320 320 309 309 320 351 370 390 410 421 421 430 430 421 399 379 379 370 360 351
12 06 351 340 331 331 320 320 309 309 320 351 370 390 410 410 421 430 421 421 399 379 379 370 360 351
12 07 351 340 331 331 320 320 309 309 320 351 370 390 399 410 421 428 421 410 390 379 379 360 351 351
12 08 345 331 331 320 320 309 309 300 309 340 370 379 399 410 421 421 421 410 390 370 370 360 351 351
12 09 340 331 331 320 309 309 300 300 300 340 360 379 399 410 410 421 421 410 390 370 360 360 351 340
12 10 340 331 320 320 309 309 300 289 300 340 360 379 390 399 410 421 421 410 390 370 360 351 340 340
12 11 340 331 320 320 309 309 300 289 300 331 351 379 390 390 399 410 410 399 379 360 360 345 340 340
12 12 331 320 309 309 300 300 300 289 289 331 351 370 379 390 399 410 410 399 379 360 351 340 340 331
12 13 320 320 309 300 300 300 289 289 289 331 340 370 379 390 399 399 399 390 370 360 351 340 331 320
12 14 320 320 309 300 289 289 289 280 289 309 340 351 370 390 390 399 390 390 370 360 340 331 320 320
12 15 309 309 300 300 289 280 280 280 280 300 320 340 360 370 379 379 390 379 360 351 331 331 309 309
12 16 309 300 289 289 280 280 270 270 270 300 320 331 351 360 370 370 379 370 351 340 331 320 309 300
12 17 300 300 289 280 280 270 270 261 261 300 320 331 340 351 370 370 379 370 340 331 320 309 300 300
12 18 289 289 280 270 270 261 261 261 261 289 309 331 340 351 360 370 360 351 340 320 320 309 300 289
12 19 289 280 270 270 270 261 261 261 261 284 309 331 340 351 360 370 360 360 340 320 320 309 300 300
12 20 289 289 280 270 270 261 261 261 261 289 320 331 340 351 360 370 370 360 340 331 320 309 300 300
12 21 289 289 280 270 270 261 261 261 261 289 320 331 340 351 360 370 370 360 340 331 320 320 309 300
12 22 300 289 289 270 270 261 261 261 261 289 320 331 340 351 360 360 360 351 340 320 320 309 300 300
12 23 289 289 280 270 270 261 261 261 261 284 320 331 340 351 360 360 360 351 340 320 320 309 300 300
12 24 289 289 280 270 270 261 261 261 261 284 309 331 340 351 360 360 360 351 340 320 320 309 300 300
12 25 289 289 280 270 270 261 261 261 261 289 309 331 340 351 360 360 360 351 340 320 320 309 309 300
12 26 289 289 280 270 270 261 261 261 261 289 309 340 340 351 360 360 360 351 331 320 320 320 309 300
12 27 289 289 280 270 270 261 261 261 261 289 309 331 340 351 351 360 351 351 331 320 320 320 309 300
12 28 289 289 280 270 270 261 261 261 261 289 309 320 340 340 351 360 351 351 331 320 320 320 309 300
12 29 300 289 280 270 270 261 261 261 261 289 309 331 340 340 360 360 360 351 340 320 320 320 309 300
12 30 300 289 289 280 270 270 261 261 270 289 309 331 340 351 360 360 370 360 340 331 320 320 320 309
12 31 300 289 289 280 270 270 270 261 270 289 309 331 340 351 360 360 370 360 340 331 331 320 320 309
