01 01 261 261 250 241 241 230 230 219 261 289 320 340 351 370 370 370 370 340 320 309 289 280 271 270
01 02 261 261 250 250 241 241 230 221 261 300 320 331 356 370 370 370 370 340 320 302 289 280 270 270
01 03 261 261 250 241 241 241 230 230 250 300 320 331 351 370 370 370 370 340 320 300 289 280 270 261
01 04 261 250 241 241 230 225 219 219 250 280 309 331 351 360 360 369 360 340 320 289 280 270 270 261
01 05 250 250 241 241 230 219 219 210 241 280 300 320 340 351 360 360 351 331 309 289 280 270 261 250
01 06 250 241 232 234 226 219 219 210 241 270 289 320 340 351 351 360 351 331 309 289 280 270 261 250
01 07 250 244 241 234 230 219 219 210 241 270 289 320 340 351 360 360 351 340 309 289 280 270 270 261
01 08 252 250 241 241 230 219 219 210 241 270 300 320 340 351 351 360 351 340 309 289 280 270 270 261
01 09 252 248 241 230 230 219 219 210 230 270 289 320 340 351 351 356 351 331 309 289 280 270 261 250
01 10 250 241 230 228 219 219 210 199 230 261 289 309 340 351 351 356 351 331 309 289 280 270 261 250
01 11 250 241 230 219 219 210 210 199 230 261 289 309 340 351 351 360 351 331 309 289 280 270 261 250
01 12 250 241 230 219 219 210 210 199 230 261 289 309 331 351 351 360 351 331 309 289 280 270 259 250
01 13 241 241 230 219 219 210 199 199 230 261 289 309 331 351 351 360 351 331 309 289 280 262 250 250
01 14 241 230 219 219 212 210 199 198 219 261 289 309 331 345 351 360 351 331 304 289 280 261 250 241
01 15 241 230 219 219 210 210 199 190 219 261 289 320 331 351 351 360 351 331 309 289 280 261 250 241
01 16 241 230 219 219 210 210 199 190 219 261 289 320 331 351 356 360 351 331 309 289 280 262 250 250
01 17 241 230 219 219 210 210 199 190 219 261 289 320 340 351 360 360 354 340 309 289 280 270 259 250
01 18 241 230 219 219 210 210 199 199 230 270 300 320 340 360 360 370 360 351 313 300 289 270 261 261
01 19 250 241 230 219 210 210 199 199 230 270 300 320 340 360 370 370 367 351 320 300 289 270 261 261
01 20 250 241 230 219 210 210 199 199 230 270 300 324 340 360 370 370 370 351 331 309 289 280 270 261
01 21 250 241 230 219 210 210 199 199 230 270 300 324 351 360 370 370 370 360 331 309 289 280 270 261
01 22 261 241 230 219 210 219 199 199 230 270 300 331 351 360 370 379 370 360 331 309 289 280 270 261
01 23 261 241 230 230 219 219 210 210 230 270 300 331 351 360 370 379 370 360 331 309 300 280 270 261
01 24 261 250 241 230 219 219 210 210 230 270 302 331 351 370 379 379 379 360 340 309 309 289 280 270
01 25 270 250 241 241 230 230 219 210 241 280 309 340 360 370 379 390 379 370 340 320 309 298 280 270
01 26 270 261 250 241 241 241 219 219 250 289 320 340 360 370 379 390 379 370 340 320 309 289 280 270
01 27 270 261 250 241 241 230 219 219 250 289 320 351 360 379 379 390 379 370 340 324 309 289 280 270
01 28 270 261 250 241 241 241 230 230 270 300 331 351 360 379 390 390 388 370 351 331 309 300 286 280
01 29 270 261 250 250 250 241 230 230 270 309 340 351 370 379 390 399 390 370 360 340 320 300 289 280
01 30 270 261 250 250 250 241 230 230 280 309 340 351 370 379 383 390 388 370 351 338 320 300 289 280
01 31 270 261 259 250 250 241 230 230 280 309 340 351 369 374 379 390 379 370 351 331 309 298 289 280
02 01 270 261 259 250 241 241 230 230 270 309 331 351 360 370 379 387 379 370 351 338 309 300 289 280
02 02 270 261 261 250 241 241 230 230 270 309 331 351 360 370 379 387 379 370 351 331 320 298 289 280
02 03 270 261 261 250 241 241 230 230 280 309 338 351 370 379 381 390 381 370 351 340 320 300 289 280
02 04 270 270 261 261 250 241 241 241 280 309 340 360 370 379 379 390 379 370 351 338 320 300 289 280
02 05 270 270 261 261 250 241 241 241 280 309 331 351 370 379 379 379 379 370 351 331 320 300 289 280
02 06 270 270 261 261 250 241 241 241 280 300 331 351 369 379 379 379 379 370 351 331 309 300 289 280
02 07 270 261 261 250 250 241 230 241 280 300 331 351 369 379 379 379 379 370 351 331 309 300 289 280
02 08 270 261 261 250 250 241 241 241 280 309 331 351 369 374 379 379 378 360 351 331 309 300 289 280
02 09 270 261 261 250 241 241 230 241 270 300 320 351 360 374 379 379 378 360 351 331 309 300 289 280
02 10 270 261 261 250 241 241 230 241 270 300 331 351 369 379 379 379 379 370 351 331 320 300 289 280
02 11 280 270 261 261 250 250 241 250 280 309 331 360 370 379 379 379 379 370 351 331 320 309 289 289
02 12 280 270 270 261 250 250 241 250 280 309 331 360 370 379 379 379 379 370 351 340 320 309 289 289
02 13 280 280 270 270 250 250 250 250 280 309 338 360 370 379 381 390 390 370 351 340 320 309 300 297
02 14 289 280 270 270 261 261 250 250 280 309 340 360 390 390 399 399 399 390 360 340 331 320 309 300
02 15 289 280 280 270 261 261 250 250 289 331 351 370 390 410 417 421 410 399 370 351 336 320 320 309
02 16 300 289 280 280 270 261 261 261 300 340 360 370 390 410 417 421 410 399 379 360 340 331 320 320
02 17 309 300 289 280 280 270 270 270 300 340 360 379 410 421 421 421 421 410 390 370 351 340 320 320
02 18 309 300 289 280 280 270 270 270 300 340 370 390 410 421 421 426 421 410 390 370 351 340 320 320
02 19 309 300 289 286 280 280 270 280 309 351 370 390 410 421 430 430 430 421 399 370 360 340 331 320
02 20 320 300 300 289 280 280 280 280 320 351 374 399 410 430 441 441 430 421 399 379 370 340 340 331
02 21 320 309 300 291 289 289 280 289 331 360 379 399 421 430 441 441 430 421 399 385 370 351 340 331
02 22 320 309 300 300 300 289 280 289 331 360 379 399 421 430 441 441 430 421 399 379 370 351 340 331
02 23 320 309 300 300 289 289 280 289 338 360 379 399 421 430 441 441 441 421 399 390 370 360 351 331
02 24 331 309 309 300 300 289 289 289 340 369 390 399 421 430 441 441 441 421 399 390 379 360 351 331
02 25 331 320 309 300 300 289 289 289 340 370 390 399 421 430 450 450 441 430 410 390 379 360 351 331
02 26 340 320 309 300 300 289 289 300 351 370 399 421 441 450 450 450 450 441 410 399 379 370 360 340
02 27 340 320 320 309 309 300 300 300 351 370 399 421 441 450 450 450 450 441 410 399 379 370 351 340
02 28 340 320 320 309 309 300 300 300 351 370 399 421 441 450 450 450 450 441 410 390 379 360 351 340
03 01 340 320 320 309 309 300 293 300 351 370 390 410 430 441 450 450 450 441 410 390 379 360 351 340
03 02 338 320 309 300 300 297 289 300 340 370 390 410 430 441 450 450 450 441 410 390 379 360 351 340
03 03 331 320 309 300 306 300 293 300 340 370 390 410 430 441 450 450 450 441 410 390 379 360 351 331
03 04 331 320 309 300 300 300 289 300 340 370 390 399 421 430 450 450 441 430 410 381 379 360 351 340
03 05 331 320 309 309 306 300 293 300 351 370 390 410 430 430 450 450 450 441 410 390 379 360 351 340
03 06 331 320 309 302 300 300 289 300 351 370 390 410 441 444 450 460 460 441 421 399 379 370 360 351
03 07 331 331 320 309 309 300 300 309 351 370 399 421 441 450 460 460 460 441 421 399 379 370 360 351
03 08 340 331 320 309 309 300 300 320 360 379 406 430 441 460 469 469 460 450 441 399 379 376 360 351
03 09 340 331 320 318 309 309 300 320 360 379 410 430 450 469 469 475 469 460 441 410 390 379 370 360
03 10 345 331 320 320 313 309 300 320 360 390 412 441 460 469 480 489 489 469 450 421 390 379 370 360
03 11 345 331 320 320 320 309 300 320 370 399 421 441 460 480 489 489 500 480 450 430 399 379 370 360
03 12 351 340 331 320 320 320 309 331 370 405 430 450 460 480 500 500 500 480 450 421 399 379 370 365
03 13 351 340 331 331 320 320 309 331 370 405 430 441 460 469 489 489 480 469 450 421 399 379 370 360
03 14 351 340 331 331 320 320 309 331 378 405 430 450 460 469 480 480 469 460 441 421 390 379 370 365
03 15 345 340 331 331 320 320 309 331 379 410 430 450 460 469 489 480 480 460 446 421 399 379 370 367
03 16 340 340 331 331 320 320 309 340 379 410 441 450 460 480 489 489 489 469 450 421 410 390 379 370
03 17 351 340 340 331 331 320 320 340 379 410 441 459 466 489 500 500 500 480 460 430 410 399 385 370
03 18 351 351 351 340 331 331 331 351 390 421 450 469 480 500 511 520 511 500 469 441 417 399 390 379
03 19 360 360 360 351 340 340 331 351 399 430 460 469 489 500 511 520 511 500 469 441 421 410 399 379
03 20 370 360 360 356 343 340 331 360 410 430 460 469 500 505 511 520 511 500 480 441 421 414 399 379
03 21 370 370 370 360 351 351 340 370 410 441 466 480 500 511 520 520 511 500 480 441 430 421 410 390
03 22 370 370 370 360 351 351 340 370 410 441 469 480 500 511 520 520 511 511 480 450 430 421 410 399
03 23 379 379 370 370 356 351 340 370 421 448 469 489 500 511 520 520 511 511 489 450 430 421 410 399
03 24 381 379 370 370 360 351 351 370 421 450 469 489 511 511 520 520 511 511 489 450 430 421 410 399
03 25 383 379 370 370 360 351 351 374 421 450 469 489 511 520 520 520 520 511 489 450 441 421 410 399
03 26 379 379 370 360 360 351 351 379 421 450 469 489 511 520 520 520 520 511 489 450 430 421 410 399
03 27 379 370 370 360 351 351 351 379 421 450 469 489 511 520 531 520 520 511 489 460 441 421 410 399
03 28 379 370 370 360 360 351 351 379 430 460 469 489 511 531 540 540 531 520 500 469 450 430 410 410
03 29 390 379 370 370 360 360 351 379 430 460 480 491 520 540 540 550 540 520 500 480 450 441 421 421
03 30 399 390 379 370 370 360 360 399 441 460 480 511 529 540 540 556 540 531 511 480 450 441 430 421
03 31 399 390 379 370 360 360 360 399 441 469 489 511 531 540 550 559 550 531 511 480 450 441 430 421
04 01 405 390 379 370 370 360 360 399 441 469 489 511 531 540 550 559 550 531 511 480 460 441 430 421
04 02 405 399 390 379 370 370 360 410 450 469 489 511 531 540 550 559 550 531 511 480 460 441 430 421
04 03 399 399 390 379 370 370 370 410 450 480 500 516 531 550 550 559 559 550 520 480 460 441 430 430
04 04 399 399 385 379 370 370 370 421 450 480 511 520 531 550 552 559 559 550 520 486 460 442 430 430
04 05 405 399 390 379 370 370 370 421 460 480 511 520 531 550 559 559 559 554 531 489 460 442 430 430
04 06 405 399 390 379 370 370 370 421 460 489 511 531 540 559 559 559 559 550 531 489 460 450 441 430
04 07 405 399 390 379 370 370 370 421 460 489 511 531 550 559 559 570 565 559 540 489 469 450 441 430
04 08 410 399 390 385 370 370 370 430 460 489 520 531 550 570 570 570 570 559 540 500 480 460 441 430
04 09 415 410 390 390 379 370 370 433 460 489 520 532 550 570 570 570 570 559 540 500 480 460 450 430
04 10 421 410 390 390 379 379 379 441 469 500 520 540 559 570 574 572 570 559 540 500 487 468 450 430
04 11 421 410 390 390 379 379 379 441 469 500 520 540 559 570 579 579 570 559 547 500 486 468 450 430
04 12 421 410 390 390 390 379 379 441 480 500 520 550 559 570 579 579 579 570 550 500 489 469 450 430
04 13 421 410 390 392 390 379 379 442 486 511 531 550 563 579 590 590 590 570 550 511 489 469 460 441
04 14 421 421 399 399 390 379 390 450 489 511 531 552 570 579 590 601 594 579 559 520 500 480 466 450
04 15 423 421 403 410 399 399 399 460 500 520 540 570 579 590 601 601 597 579 559 520 500 484 469 460
04 16 430 430 410 410 399 399 399 460 500 531 550 570 579 590 601 601 601 579 559 522 500 484 469 460
04 17 430 430 410 410 399 399 410 469 511 531 550 570 579 601 601 606 601 590 570 531 504 489 469 469
04 18 441 430 430 421 410 403 410 469 514 540 561 579 590 601 610 610 601 590 570 531 511 498 480 469
04 19 450 441 430 424 419 410 421 480 520 540 561 579 590 601 610 610 601 590 579 538 511 500 489 469
04 20 450 446 441 430 421 410 421 480 520 541 563 579 590 601 610 613 601 590 579 540 511 500 489 469
04 21 457 446 441 430 421 410 430 487 525 550 570 579 590 608 621 621 610 601 579 540 511 500 489 471
04 22 457 448 441 430 421 410 430 489 531 550 570 590 599 610 621 621 621 610 579 540 516 502 489 478
04 23 460 450 450 441 430 421 441 489 540 559 579 601 610 621 630 626 621 610 590 550 520 511 498 480
04 24 460 460 450 441 430 421 441 500 543 563 590 606 621 621 630 630 630 621 590 559 531 511 500 480
04 25 469 460 460 450 441 430 450 511 550 579 601 610 621 630 635 630 630 621 601 559 540 520 500 489
04 26 469 469 460 450 441 441 460 514 550 579 601 610 621 630 640 630 630 621 601 559 540 520 511 489
04 27 480 469 460 450 441 441 460 514 554 579 601 621 630 631 640 639 631 630 610 570 541 520 511 489
04 28 480 469 460 457 450 441 460 520 559 579 610 621 630 640 640 640 640 630 610 570 550 520 511 489
04 29 480 469 460 460 450 441 464 520 559 590 610 621 640 640 649 640 640 630 612 572 550 520 511 500
04 30 480 475 469 460 450 441 469 531 570 601 621 630 640 649 649 649 640 640 621 579 554 531 511 500
05 01 489 480 469 460 451 441 469 531 570 601 621 630 644 658 660 649 649 649 630 590 559 540 520 500
05 02 489 480 469 460 460 450 469 540 579 601 621 630 649 660 660 660 660 649 630 590 559 540 520 511
05 03 489 480 475 469 469 450 480 545 579 610 621 640 649 660 660 660 660 649 630 590 559 540 520 511
05 04 489 480 480 469 469 450 480 550 579 610 621 640 660 666 669 669 660 660 640 601 570 540 531 511
05 05 500 489 480 480 469 460 489 550 590 610 630 649 660 669 673 680 669 660 646 610 570 550 531 511
05 06 500 489 480 480 469 469 500 559 590 612 630 649 669 669 680 680 669 660 649 610 570 550 540 529
05 07 511 500 489 489 480 469 500 559 601 621 640 649 669 669 680 680 680 669 649 610 570 559 540 531
05 08 511 500 500 489 480 478 511 570 601 621 640 660 669 680 680 680 680 669 660 610 579 559 540 531
05 09 511 500 500 489 489 480 511 570 601 621 640 660 669 680 680 680 680 669 660 621 579 559 550 531
05 10 511 511 500 500 489 489 511 570 601 621 649 660 669 680 680 691 680 673 660 621 579 570 550 540
05 11 513 520 511 500 489 489 511 570 601 621 649 669 680 691 691 691 691 680 669 621 590 570 554 540
05 12 520 520 511 509 500 500 520 577 601 630 649 669 680 691 691 700 691 691 669 630 590 579 559 540
05 13 527 520 520 511 500 500 520 579 603 630 651 669 680 691 698 700 700 691 669 630 590 579 559 540
05 14 531 525 520 511 500 500 520 579 608 630 660 669 680 691 691 700 691 691 669 630 601 579 559 540
05 15 531 529 520 511 500 500 531 579 608 630 660 669 680 691 698 700 700 691 669 630 601 579 559 541
05 16 531 531 520 511 500 500 531 579 610 640 660 669 680 691 700 700 700 691 676 630 601 590 559 550
05 17 540 531 531 511 500 500 531 590 610 640 660 669 680 700 700 711 700 691 680 635 610 590 570 559
05 18 540 540 531 520 511 500 540 590 621 644 669 669 691 700 711 711 700 700 680 640 610 590 579 570
05 19 550 540 531 520 511 500 540 590 621 649 669 669 691 700 711 711 711 700 691 644 621 590 579 570
05 20 550 540 531 520 511 511 540 601 630 649 669 680 691 702 711 711 711 700 691 649 621 601 579 570
05 21 559 540 540 520 511 511 550 601 630 651 669 680 700 711 711 712 711 700 691 649 621 601 590 570
05 22 559 550 540 520 520 511 550 601 630 660 669 680 691 711 711 711 711 700 691 649 621 601 590 570
05 23 559 550 540 531 520 511 550 610 630 660 669 680 696 711 711 712 711 700 691 649 621 601 590 579
05 24 559 550 550 531 520 520 559 610 640 660 669 680 691 711 711 716 711 702 691 660 630 601 590 579
05 25 570 559 550 540 531 531 559 610 640 660 671 680 696 711 720 720 711 711 700 660 630 610 601 579
05 26 570 559 550 540 531 531 570 621 640 660 680 691 700 711 720 720 711 711 700 660 630 610 601 581
05 27 570 559 559 540 540 540 570 621 649 667 680 691 696 711 720 720 711 711 700 669 630 610 610 601
05 28 570 570 559 559 550 540 579 621 649 669 691 700 711 730 720 730 720 711 700 669 640 621 610 610
05 29 579 579 570 570 559 550 590 630 651 680 691 711 720 730 730 730 720 720 700 680 649 630 621 610
05 30 590 590 579 579 559 559 601 630 660 680 691 711 720 739 730 734 720 720 711 680 649 639 630 610
05 31 590 590 590 579 570 559 601 630 660 680 700 711 730 739 734 739 720 720 711 680 658 640 630 621
06 01 601 601 590 579 579 570 601 640 660 680 700 711 727 739 734 734 730 720 711 691 658 640 630 621
06 02 601 601 590 590 579 570 610 640 669 685 700 720 730 739 739 739 730 720 711 691 660 640 630 621
06 03 601 601 601 590 583 579 610 649 669 691 711 720 730 745 739 739 730 730 711 691 660 649 635 630
06 04 610 610 601 594 590 590 621 649 669 691 711 720 730 739 739 739 730 730 711 691 669 649 640 630
06 05 610 610 610 601 590 590 621 649 669 691 711 720 730 739 739 739 734 730 711 691 669 657 640 630
06 06 621 610 610 601 590 590 621 660 678 691 711 720 730 739 739 739 739 739 720 700 669 660 646 640
06 07 621 621 610 601 594 597 630 660 680 700 711 720 730 739 750 750 739 739 720 700 680 660 649 640
06 08 621 621 610 601 601 601 630 662 680 700 720 720 739 750 750 750 739 739 730 700 680 660 649 640
06 09 621 621 610 601 601 601 630 669 691 707 720 729 739 750 752 750 750 743 730 711 680 669 657 649
06 10 630 630 621 610 610 601 640 671 691 711 730 730 739 756 759 750 750 750 730 711 680 669 660 649
06 11 630 630 621 621 610 601 640 680 691 711 730 730 748 759 759 759 750 747 730 711 680 680 660 649
06 12 630 630 621 621 610 610 640 680 700 720 730 739 748 759 759 750 750 739 730 711 684 680 660 649
06 13 640 640 630 621 615 615 649 691 709 720 739 739 750 759 759 759 750 743 739 720 691 680 660 660
06 14 640 640 630 630 621 621 649 691 711 730 739 739 750 761 763 759 750 750 739 720 691 680 669 660
06 15 640 640 640 630 621 621 660 691 711 730 739 750 759 770 770 759 750 750 739 720 691 680 669 660
06 16 649 649 640 630 630 630 660 691 711 734 750 759 759 770 770 759 750 750 739 730 700 680 669 660
06 17 649 649 640 630 630 630 660 698 720 739 750 759 770 770 774 759 750 750 748 730 700 691 669 660
06 18 649 649 640 640 630 630 666 700 720 739 750 759 770 781 781 759 750 750 739 730 700 691 680 669
06 19 649 649 640 640 630 630 669 700 720 739 750 770 770 781 781 759 750 750 739 730 700 691 680 669
06 20 660 649 640 640 630 630 669 700 730 739 759 770 770 781 781 759 750 750 739 730 711 700 680 669
06 21 660 649 640 640 630 630 669 700 730 739 759 770 781 781 781 770 752 750 750 730 711 700 680 669
06 22 660 649 649 640 640 640 669 700 730 739 759 770 781 781 781 770 754 750 750 730 711 700 680 669
06 23 660 660 649 640 640 640 669 700 730 739 759 770 781 790 781 770 759 750 739 730 711 700 680 669
06 24 660 660 649 640 640 640 669 700 730 739 759 770 790 790 790 770 759 750 739 730 711 700 680 669
06 25 660 660 649 640 640 640 669 700 730 739 759 770 790 790 783 770 759 750 739 730 711 700 691 680
06 26 669 660 660 649 640 640 669 711 730 739 759 770 790 790 781 770 759 750 739 730 711 700 691 680
06 27 669 660 660 649 649 640 669 711 730 739 759 781 790 790 790 770 770 750 750 739 711 700 700 691
06 28 669 669 660 660 649 640 669 711 739 750 759 770 790 790 781 770 770 750 750 739 720 711 700 691
06 29 680 669 669 660 649 649 680 720 739 750 759 770 790 790 781 770 770 750 750 739 716 700 700 691
06 30 680 669 669 660 649 649 680 720 739 750 759 781 790 801 781 770 770 750 750 739 720 711 700 691
07 01 680 680 669 669 660 660 680 720 739 750 759 781 790 801 781 775 770 750 750 739 720 711 700 691
07 02 680 680 680 669 660 660 680 720 739 750 759 781 790 801 781 781 781 752 750 739 720 711 700 700
07 03 680 680 680 669 669 660 687 720 739 750 768 781 790 801 781 781 781 759 750 739 720 711 711 700
07 04 685 680 680 669 669 660 691 720 739 750 770 781 790 801 781 781 781 759 750 739 720 716 711 700
07 05 691 684 680 680 669 669 691 720 739 757 770 781 790 801 790 784 781 759 750 739 720 720 711 700
07 06 691 691 680 680 678 669 691 720 739 759 770 781 790 801 790 788 781 759 750 739 730 720 711 700
07 07 691 691 680 680 680 676 700 720 739 759 770 781 790 801 790 784 781 770 750 739 730 720 711 700
07 08 691 691 680 680 680 680 700 720 739 759 770 781 790 810 801 790 790 779 759 739 730 720 711 700
07 09 691 691 691 691 680 680 700 723 739 759 770 784 790 801 790 784 781 770 759 739 730 720 711 711
07 10 691 691 691 691 685 680 700 729 743 759 781 790 790 801 790 790 781 770 759 739 730 720 711 711
07 11 700 700 691 691 689 680 700 729 739 759 781 790 795 801 801 790 790 779 759 739 730 720 711 711
07 12 700 700 691 691 689 680 700 723 739 759 781 790 801 801 801 790 790 779 759 739 730 721 711 711
07 13 700 700 691 691 682 680 700 723 743 759 781 801 801 810 801 801 790 781 759 739 730 730 720 711
07 14 700 700 691 691 682 680 700 720 750 770 781 801 801 810 801 801 790 781 759 739 730 730 720 711
07 15 711 700 691 691 687 685 700 730 750 770 781 801 801 801 801 797 790 781 759 739 730 730 720 711
07 16 711 700 691 691 691 691 700 729 750 770 781 801 801 801 801 801 790 781 759 739 730 730 720 711
07 17 711 700 700 691 691 691 700 723 750 770 781 801 801 801 801 801 790 781 759 739 730 730 720 711
07 18 711 700 700 691 691 691 700 729 750 770 781 801 801 801 806 801 790 781 759 739 730 730 720 711
07 19 711 700 700 691 691 691 700 730 750 766 781 801 801 801 808 801 790 781 759 739 730 730 720 711
07 20 711 700 700 691 691 691 700 723 750 761 781 801 801 797 801 801 790 781 759 739 730 730 720 711
07 21 711 700 700 691 691 691 700 720 750 766 781 801 801 801 808 801 790 781 759 739 730 730 720 711
07 22 711 700 691 691 691 691 700 730 750 770 790 801 810 801 810 801 783 781 765 750 730 730 720 711
07 23 711 700 691 691 691 691 700 730 750 770 790 801 810 801 810 801 781 781 759 750 730 730 720 711
07 24 711 700 700 691 691 691 700 730 750 770 781 799 810 806 810 801 790 781 765 750 730 730 720 711
07 25 711 700 700 691 691 691 700 730 745 766 781 799 810 810 810 801 790 781 759 739 730 730 720 711
07 26 709 700 700 691 691 691 698 730 750 766 781 799 810 810 810 801 788 781 759 739 730 730 720 711
07 27 700 700 700 691 691 691 700 730 750 766 781 801 810 810 810 801 788 779 759 739 730 730 720 711
07 28 700 700 700 691 691 680 698 730 750 766 784 799 810 810 810 801 781 770 759 739 730 730 720 711
07 29 700 700 691 691 691 680 696 730 750 766 790 801 810 810 810 810 781 779 759 739 730 730 720 711
07 30 700 700 691 691 691 680 691 730 745 759 781 801 810 810 810 810 783 781 768 739 730 730 720 711
07 31 700 700 691 691 680 680 691 730 745 759 781 799 810 810 810 810 781 781 768 739 730 730 720 711
08 01 700 700 691 691 691 680 691 720 739 759 781 790 810 810 810 810 781 779 759 739 730 730 720 711
08 02 700 700 691 691 680 680 691 720 739 759 781 790 810 810 810 810 781 781 759 739 730 721 711 711
08 03 700 691 691 680 680 680 691 720 739 759 781 790 810 810 810 801 781 770 759 739 730 720 711 711
08 04 700 691 691 680 680 680 691 720 739 759 781 801 810 810 820 810 781 770 759 739 730 720 711 711
08 05 700 691 691 680 680 680 691 720 739 759 781 801 810 810 820 801 781 770 759 739 730 720 711 711
08 06 700 691 689 680 680 676 682 720 739 759 781 790 806 810 820 804 781 770 759 739 730 720 711 711
08 07 700 691 684 680 669 669 680 711 739 759 775 790 806 810 820 810 781 770 759 739 730 720 711 711
08 08 691 691 680 669 669 669 680 711 739 759 781 801 810 810 820 810 781 781 759 739 730 720 711 700
08 09 691 691 680 669 669 660 675 711 739 759 781 801 810 810 820 801 781 781 759 739 730 720 711 711
08 10 691 691 680 669 669 669 669 711 739 759 781 801 810 810 820 810 781 781 759 739 730 720 711 711
08 11 691 682 680 669 669 660 669 711 739 759 781 801 810 810 810 804 781 781 759 739 730 720 711 711
08 12 691 680 680 669 669 660 669 711 736 759 781 801 806 810 810 801 781 781 759 739 730 720 711 711
08 13 691 680 680 669 669 660 669 711 730 759 781 801 801 810 810 801 781 770 759 739 729 720 711 700
08 14 691 680 680 669 669 660 669 711 730 750 781 797 801 810 810 801 781 770 759 738 720 720 711 700
08 15 691 680 680 669 660 660 669 705 730 752 781 801 801 810 810 801 781 770 759 730 720 711 711 700
08 16 680 680 669 669 660 660 669 705 730 752 781 801 801 810 810 804 781 770 759 730 720 711 702 700
08 17 680 680 669 667 660 660 664 703 730 757 781 801 801 810 810 806 790 770 759 730 720 711 700 691
08 18 680 669 669 660 660 649 660 700 739 759 781 801 801 810 810 810 790 770 759 734 720 711 700 691
08 19 680 669 669 660 660 649 660 700 739 759 781 790 801 810 810 810 790 770 759 730 720 711 700 691
08 20 680 680 669 660 660 649 660 705 739 759 781 801 810 810 810 810 790 770 759 730 720 711 700 691
08 21 680 680 669 660 660 660 664 711 739 759 781 801 810 810 810 810 790 770 759 730 720 711 700 691
08 22 687 680 669 667 660 660 669 711 739 759 781 799 810 810 810 801 790 770 759 730 720 711 700 691
08 23 687 680 669 669 669 660 669 711 730 759 781 790 801 801 810 801 781 763 757 730 720 711 700 691
08 24 687 680 673 669 669 660 669 705 730 756 770 790 801 801 810 801 781 759 750 727 716 700 700 691
08 25 680 680 669 667 660 660 660 700 730 750 770 790 801 793 801 790 781 759 750 727 711 700 700 691
08 26 680 680 669 667 660 660 660 700 730 750 759 781 801 790 792 790 770 759 750 720 711 700 700 691
08 27 680 680 669 667 660 660 660 700 730 750 759 781 790 790 790 783 770 759 739 720 711 700 696 691
08 28 671 669 669 660 657 649 655 691 720 739 759 770 786 790 790 786 770 759 747 720 711 700 691 682
08 29 669 669 660 657 649 649 649 691 720 739 759 770 786 790 790 781 770 759 739 720 711 691 691 680
08 30 669 669 660 649 649 646 640 685 720 739 759 770 781 788 790 781 770 752 739 720 700 691 691 680
08 31 660 660 653 649 644 640 640 680 720 730 750 770 781 783 790 781 770 750 739 716 700 691 691 680
09 01 660 660 649 649 640 640 640 680 711 730 750 759 770 781 790 781 770 750 739 711 700 691 680 669
09 02 660 660 649 649 640 640 640 680 711 730 750 759 781 781 790 781 770 759 739 711 700 691 680 669
09 03 660 660 649 649 640 640 637 680 711 730 750 770 781 781 790 781 770 750 739 711 700 682 680 669
09 04 649 649 649 640 630 630 630 680 711 730 750 770 781 783 790 781 770 759 739 711 691 680 669 660
09 05 649 649 640 640 630 630 621 671 711 730 750 770 781 781 790 781 770 759 739 711 691 680 669 660
09 06 640 649 640 640 630 630 621 669 700 723 750 759 781 781 788 781 770 750 739 711 691 680 669 660
09 07 640 640 635 630 630 621 621 669 700 720 750 766 781 783 790 781 770 750 730 700 691 680 667 649
09 08 640 633 630 630 621 621 613 669 700 720 739 759 770 781 783 781 770 750 730 700 680 669 660 649
09 09 630 630 624 621 610 610 610 660 691 720 730 750 770 781 781 781 770 750 730 700 678 660 649 640
09 10 626 622 621 610 603 601 601 649 684 711 730 750 770 770 781 770 770 750 720 691 669 658 649 640
09 11 621 615 610 601 595 601 599 640 680 711 730 750 770 770 781 770 770 750 720 680 660 649 640 630
09 12 617 610 601 601 590 590 590 640 680 711 730 750 770 765 770 770 759 750 720 680 649 640 640 630
09 13 610 610 601 590 590 583 590 637 680 711 730 739 759 759 770 770 759 750 711 669 649 640 635 621
09 14 601 604 597 590 585 579 581 626 669 700 720 730 750 752 759 759 754 739 711 669 649 640 630 621
09 15 601 601 590 590 579 579 579 621 669 700 720 730 750 750 759 759 750 739 702 660 640 630 630 610
09 16 590 590 579 577 570 570 559 621 660 700 711 720 739 750 750 750 750 732 700 649 640 630 610 601
09 17 579 586 570 570 559 559 559 610 649 671 711 714 730 739 750 739 739 720 691 640 621 610 601 601
09 18 570 579 570 559 559 554 559 601 630 669 691 711 720 730 739 739 730 720 669 630 621 601 599 579
09 19 568 570 559 550 550 541 540 590 630 660 680 700 720 720 730 730 720 711 660 621 610 601 590 579
09 20 550 559 550 540 547 540 540 579 621 649 680 700 711 720 720 730 720 711 660 621 601 590 579 570
09 21 540 550 540 531 531 531 531 570 621 649 680 700 711 720 720 730 720 700 649 619 601 590 570 559
09 22 540 540 531 520 520 520 520 559 610 642 669 691 711 711 720 720 711 700 649 610 601 579 568 550
09 23 531 531 531 520 511 511 500 559 610 639 669 682 700 711 720 720 711 691 640 610 590 570 559 540
09 24 531 531 520 511 511 500 500 550 601 637 667 680 700 700 711 711 700 680 640 601 579 559 550 540
09 25 520 520 511 511 500 500 500 550 601 630 660 680 691 700 700 709 700 680 639 601 579 559 550 540
09 26 511 520 511 500 500 500 500 540 590 630 660 678 691 700 700 700 691 678 630 601 579 559 540 531
09 27 511 511 511 500 489 489 489 540 590 630 660 669 682 691 691 700 691 669 630 590 579 550 540 531
09 28 511 511 500 500 489 489 480 531 590 621 649 669 680 691 691 691 680 669 610 579 570 550 531 520
09 29 500 500 500 489 480 480 480 525 579 621 640 660 680 691 684 684 680 660 610 579 559 550 531 520
09 30 500 500 489 480 469 469 469 520 570 610 630 660 669 680 680 680 669 649 601 570 559 550 520 511
10 01 500 500 489 480 469 469 469 520 559 601 630 649 669 680 680 680 669 649 601 570 559 540 520 500
10 02 489 489 480 469 469 460 460 511 559 601 630 649 660 680 680 680 669 649 590 570 540 531 520 500
10 03 489 489 480 469 469 460 460 511 559 601 630 649 660 669 680 669 660 649 590 559 540 531 511 500
10 04 480 489 480 469 460 460 460 511 559 590 621 649 660 669 669 669 660 640 579 552 531 514 505 489
10 05 480 489 480 469 460 460 460 511 550 590 621 640 660 660 669 660 660 640 579 550 531 511 500 489
10 06 480 482 469 469 460 460 450 511 550 590 621 630 649 660 660 660 649 630 579 540 531 511 500 489
10 07 478 480 469 460 450 450 450 500 550 590 610 630 649 655 660 660 649 630 572 540 520 500 489 480
10 08 468 462 460 450 441 441 441 480 540 579 610 630 649 649 660 657 649 630 567 531 511 500 489 480
10 09 460 460 450 450 441 441 430 480 532 577 610 621 640 649 649 649 640 621 559 520 511 496 489 480
10 10 450 460 450 441 441 430 430 469 531 570 601 621 640 649 649 649 640 621 559 520 511 489 480 469
10 11 450 450 450 441 439 430 430 469 531 570 601 621 630 644 649 649 640 612 550 520 505 489 480 469
10 12 450 450 441 435 430 421 421 464 531 559 597 610 630 640 649 640 630 610 540 511 498 480 469 460
10 13 441 441 441 430 430 421 417 460 520 559 590 610 630 640 640 640 630 610 540 511 489 469 469 450
10 14 441 441 430 430 421 415 410 450 520 552 590 610 621 639 640 640 630 610 540 511 489 469 469 450
10 15 441 441 430 430 421 417 410 450 520 550 579 601 621 630 640 640 630 601 540 511 489 469 469 450
10 16 441 441 430 430 421 417 410 450 511 550 579 601 621 630 630 630 621 601 540 511 489 469 469 450
10 17 441 439 430 421 410 410 410 450 502 550 570 601 610 621 628 621 621 590 531 500 480 469 460 450
10 18 441 430 421 421 410 406 399 441 500 540 570 590 610 621 621 621 610 590 531 491 480 460 460 450
10 19 433 430 421 419 410 399 399 441 500 540 559 579 601 610 619 621 601 579 531 489 475 460 450 441
10 20 430 430 421 410 399 399 399 430 489 531 558 579 590 601 610 601 595 579 520 489 469 460 450 441
10 21 430 421 415 399 399 396 390 421 484 531 550 579 590 601 601 601 590 570 511 489 469 460 450 430
10 22 421 421 410 399 390 390 390 421 480 520 550 570 590 601 601 601 590 559 511 489 460 453 442 430
10 23 421 414 410 396 390 390 379 412 480 520 550 570 579 590 601 601 590 559 511 480 460 450 441 430
10 24 421 410 410 390 390 390 379 410 480 520 550 570 579 590 590 601 590 559 511 480 460 453 441 430
10 25 421 414 410 390 390 390 390 410 478 520 543 570 579 590 590 601 590 559 511 480 460 450 441 430
10 26 421 410 410 390 390 383 381 410 469 511 540 559 570 579 590 590 579 550 500 480 460 450 441 421
10 27 414 410 399 390 390 379 379 410 469 511 531 550 559 570 570 579 559 540 500 480 460 450 430 421
10 28 410 410 399 390 390 379 379 399 469 500 531 540 559 570 570 572 559 540 489 478 450 448 430 421
10 29 410 410 399 390 379 379 370 399 460 489 518 531 550 559 559 559 559 531 489 469 450 441 421 421
10 30 399 399 390 379 379 370 370 390 441 487 511 531 550 559 559 559 550 520 477 460 441 430 421 399
10 31 390 379 379 379 370 360 360 376 430 480 511 520 540 550 554 550 550 520 469 450 430 421 410 399
11 01 390 379 379 370 360 360 360 370 430 469 500 520 540 550 550 550 540 513 469 446 430 421 399 399
11 02 390 379 379 370 360 360 356 370 421 469 500 520 538 550 550 550 540 511 469 441 421 421 399 396
11 03 390 379 379 370 360 360 356 370 421 460 489 511 531 540 540 540 531 500 460 441 421 410 396 390
11 04 379 379 370 360 360 351 351 360 421 460 480 511 520 531 536 536 520 500 450 430 410 410 390 379
11 05 379 370 370 360 351 351 351 360 410 450 480 500 520 531 531 531 520 500 450 421 410 399 390 379
11 06 370 370 370 360 351 340 340 351 399 446 469 500 518 520 531 520 518 489 441 421 410 399 379 379
11 07 370 360 351 351 340 340 331 351 399 441 469 500 511 520 531 520 518 482 441 421 410 399 379 379
11 08 370 360 351 351 340 331 320 351 399 441 469 489 500 518 520 520 511 480 441 421 410 399 379 379
11 09 370 360 351 351 340 331 320 340 399 441 460 482 489 500 518 511 500 469 432 410 399 392 379 374
11 10 351 360 340 340 331 331 320 331 390 430 460 469 480 489 500 511 496 469 430 410 399 390 376 370
11 11 351 351 340 331 331 331 320 331 390 430 460 469 480 489 500 511 496 469 430 410 390 390 370 370
11 12 351 351 340 340 331 331 320 331 390 430 460 469 480 489 500 500 489 469 430 410 390 390 370 370
11 13 351 351 340 331 331 331 320 331 390 430 460 469 480 489 500 500 489 468 430 399 390 390 370 360
11 14 351 351 340 331 331 320 320 331 390 430 460 469 480 489 500 500 489 460 421 399 390 379 360 360
11 15 340 340 340 331 320 320 320 331 379 428 459 469 480 489 500 500 489 460 421 399 390 379 365 356
11 16 340 340 340 331 320 320 309 331 379 428 450 460 480 489 500 500 489 460 421 399 388 379 360 351
11 17 340 340 338 331 320 320 309 320 370 421 450 460 469 489 489 489 489 450 421 399 379 379 360 351
11 18 340 338 320 320 320 309 309 309 365 410 441 460 480 489 489 489 489 450 421 390 379 370 360 351
11 19 340 331 320 320 320 309 309 309 370 410 441 460 480 489 489 500 489 460 421 399 379 370 360 351
11 20 340 331 331 327 320 309 309 309 370 410 441 460 469 480 489 489 489 450 421 399 379 370 360 351
11 21 340 338 331 331 320 320 309 320 370 410 441 460 469 480 489 489 489 450 410 399 379 370 360 351
11 22 338 331 320 320 320 309 309 309 365 410 430 460 469 480 489 489 489 446 410 383 370 360 356 351
11 23 331 331 320 309 309 300 300 300 360 406 430 460 469 480 489 489 480 450 410 379 370 360 351 340
11 24 331 331 320 309 300 300 300 300 360 399 430 460 469 480 489 489 489 446 410 379 370 360 351 340
11 25 331 320 320 309 300 300 300 300 351 399 430 460 480 489 500 500 489 450 410 379 370 360 351 340
11 26 320 320 320 309 300 300 300 300 351 399 430 450 469 480 489 489 480 441 410 379 370 360 351 331
11 27 320 320 309 309 300 300 300 297 351 390 421 450 460 469 482 489 469 441 405 379 360 351 340 331
11 28 320 309 309 300 300 289 289 289 340 379 410 441 460 469 480 469 460 430 390 370 360 340 331 320
11 29 309 300 300 300 289 289 289 289 340 379 399 430 450 460 469 460 450 421 390 370 351 340 331 320
11 30 309 300 300 289 289 289 280 284 331 376 399 421 441 450 450 460 442 410 379 360 351 340 320 320
12 01 309 300 300 289 289 289 280 280 331 370 399 421 430 441 450 450 441 410 379 360 351 340 320 320
12 02 309 300 300 289 289 284 280 280 331 370 399 410 421 430 441 450 432 410 370 360 340 331 320 320
12 03 313 300 289 289 289 284 280 280 320 360 390 410 421 430 439 441 430 399 370 360 340 331 320 320
12 04 309 300 289 289 289 280 280 280 320 360 390 399 421 421 430 430 421 399 370 351 340 320 315 309
12 05 309 300 289 289 289 280 280 270 320 351 379 390 410 421 430 430 410 390 370 351 340 320 309 309
12 06 309 300 289 280 280 280 280 270 320 351 376 390 410 421 421 421 410 390 369 351 340 320 309 309
12 07 309 295 289 280 280 280 270 270 320 351 370 390 410 410 421 410 410 379 360 351 340 320 309 309
12 08 309 289 289 280 280 280 270 270 309 340 370 390 410 410 412 410 405 376 360 351 331 320 309 300
12 09 300 289 280 280 270 270 270 261 309 340 360 390 399 410 410 410 399 370 360 340 331 320 309 300
12 10 300 289 280 270 270 270 262 261 300 340 360 379 399 410 410 410 399 370 351 340 331 309 309 300
12 11 300 289 280 270 270 270 261 261 300 340 360 379 399 406 410 410 399 370 351 340 331 309 309 300
12 12 300 280 280 270 270 261 261 261 300 331 351 379 390 399 401 399 390 370 351 340 329 309 300 300
12 13 289 280 273 270 261 261 261 252 289 320 351 370 390 399 401 399 390 370 347 331 320 309 300 300
12 14 289 280 273 270 261 261 261 250 289 320 351 370 390 399 399 399 390 370 340 331 320 309 300 300
12 15 289 280 273 270 261 261 261 250 289 320 351 370 379 390 390 390 379 360 340 320 309 300 300 300
12 16 280 280 270 266 261 250 250 250 289 320 351 360 379 390 390 390 379 360 331 320 309 300 300 289
12 17 280 280 270 261 261 250 250 241 289 309 340 351 370 379 379 390 370 360 331 309 309 300 289 280
12 18 280 270 270 261 250 241 234 241 270 302 320 340 360 370 379 379 370 351 320 309 300 289 289 280
12 19 270 270 261 261 250 241 230 230 270 289 320 340 351 363 370 379 360 340 320 309 300 289 289 280
12 20 270 270 261 261 250 241 230 230 270 289 320 340 351 370 379 379 370 351 320 309 300 289 289 280
12 21 270 270 261 261 250 241 230 230 270 300 320 340 351 370 379 379 370 351 320 309 300 289 289 280
12 22 261 270 261 250 250 241 230 230 270 300 320 340 360 370 379 379 370 351 331 309 300 289 280 280
12 23 261 270 261 250 250 241 230 230 266 289 320 340 360 370 379 379 370 351 320 309 300 289 280 280
12 24 261 268 261 250 241 241 230 230 261 289 320 340 351 370 370 379 361 351 320 309 300 289 280 270
12 25 250 261 250 248 241 241 230 230 261 289 320 340 351 370 370 379 370 351 320 309 300 286 280 270
12 26 250 261 250 250 241 241 230 230 261 289 320 340 351 370 370 379 370 351 320 309 289 280 280 270
12 27 250 261 250 250 241 241 230 221 261 289 320 331 351 360 370 370 361 340 320 309 289 280 280 270
12 28 261 261 250 250 241 241 230 230 261 289 320 331 351 360 370 369 360 340 320 302 289 280 270 270
12 29 259 261 243 241 241 230 230 219 261 289 309 331 340 360 369 360 360 340 320 300 289 280 270 270
12 30 261 261 250 241 241 230 230 219 250 289 320 331 351 361 370 370 370 351 320 302 289 280 270 270
12 31 261 261 250 241 241 230 230 219 261 289 320 331 351 370 370 370 370 340 320 309 289 280 271 270
