01 01 -9999 260 259 258 254 253 251 247 250 261 267 269 270 272 271 275 270 264 266 267 -9999 266 264 262
01 02 -9999 260 258 258 254 253 252 248 252 263 269 270 271 275 273 275 271 265 266 268 269 267 265 263
01 03 -9999 261 258 258 254 253 252 250 253 264 272 272 273 278 275 278 273 267 268 270 270 269 266 264
01 04 -9999 263 260 259 255 254 254 252 254 265 272 273 274 278 276 278 273 269 270 271 272 270 267 266
01 05 -9999 263 260 260 256 254 253 250 252 263 270 270 272 276 273 277 273 271 272 274 274 272 270 268
01 06 -9999 266 261 262 258 256 255 251 253 263 270 269 271 276 272 276 272 270 272 272 272 271 268 267
01 07 -9999 263 259 260 256 253 253 249 252 262 268 268 270 274 270 274 271 269 270 271 270 268 265 265
01 08 -9999 261 256 257 253 250 251 247 248 258 265 263 266 271 267 271 268 266 265 266 266 264 262 260
01 09 -9999 257 251 253 248 246 246 242 244 254 260 259 261 265 263 265 263 261 260 263 262 260 256 256
01 10 -9999 252 247 248 243 241 241 237 240 250 256 255 259 261 259 262 261 258 257 260 260 258 253 253
01 11 -9999 249 245 247 242 239 238 235 238 247 252 252 257 257 256 258 257 255 253 257 256 254 250 248
01 12 -9999 246 241 243 239 235 233 230 233 242 248 249 251 252 253 252 252 249 248 252 252 249 246 244
01 13 -9999 243 238 240 235 232 229 227 230 240 245 245 248 249 248 247 248 244 243 248 248 245 243 242
01 14 -9999 239 234 236 231 229 225 223 226 236 242 240 243 244 244 242 242 238 237 243 242 239 237 236
01 15 -9999 234 229 230 227 223 221 219 222 233 239 238 241 242 243 241 242 237 236 242 240 238 235 234
01 16 -9999 232 227 229 225 222 219 219 221 232 238 238 241 243 243 242 241 238 237 242 240 238 235 234
01 17 -9999 233 228 228 226 223 219 220 222 233 239 240 242 244 244 244 242 240 238 241 239 236 235 234
01 18 -9999 232 228 228 225 222 220 219 221 231 236 237 240 241 242 241 239 236 236 240 238 235 234 233
01 19 -9999 231 226 226 222 220 217 217 220 230 234 235 237 239 240 239 238 233 233 237 235 232 231 229
01 20 -9999 226 223 222 218 216 213 214 217 228 232 232 235 236 238 237 235 229 227 232 230 227 225 223
01 21 -9999 221 218 215 212 210 206 210 212 224 228 229 230 233 235 234 233 227 224 230 227 224 223 219
01 22 -9999 219 216 213 210 208 203 207 210 221 227 229 230 233 235 234 233 227 224 231 229 225 224 220
01 23 -9999 220 218 215 213 211 206 208 212 224 229 232 233 235 235 235 234 230 227 233 231 229 226 223
01 24 -9999 222 220 217 214 212 206 209 212 224 230 232 234 237 236 237 236 231 227 233 233 230 228 225
01 25 -9999 223 222 220 217 214 209 212 215 227 233 235 235 239 240 239 238 233 228 236 235 232 230 227
01 26 -9999 225 222 219 217 214 211 214 217 229 237 239 238 244 243 243 242 236 232 238 237 234 232 229
01 27 -9999 226 225 221 219 216 214 217 220 232 238 241 241 245 245 245 245 241 234 240 240 237 233 232
01 28 -9999 228 227 222 221 218 217 218 222 233 240 243 243 248 248 248 246 243 237 242 242 239 235 232
01 29 -9999 229 227 223 222 219 218 220 224 234 239 243 243 248 248 248 247 244 238 242 243 241 237 234
01 30 -9999 232 230 225 224 222 219 221 225 235 240 244 243 248 248 247 246 243 238 242 244 242 238 235
01 31 -9999 233 230 226 224 222 219 221 224 235 240 243 243 248 247 246 246 242 237 241 243 241 237 234
02 01 -9999 230 228 224 221 219 217 218 221 232 236 240 240 244 244 243 242 238 234 241 242 241 236 233
02 02 -9999 230 227 224 221 218 216 217 221 233 237 241 242 247 246 245 244 242 237 243 244 243 239 235
02 03 -9999 233 230 228 225 222 219 220 224 235 239 243 244 248 248 246 245 243 238 245 244 244 241 237
02 04 -9999 235 232 230 227 224 222 221 227 237 241 246 247 251 250 248 247 245 240 246 245 245 241 238
02 05 -9999 235 234 231 228 225 224 222 228 237 240 245 246 249 247 247 245 243 239 245 243 244 239 236
02 06 -9999 233 232 230 227 224 225 223 229 237 239 243 244 247 246 245 242 240 237 242 240 241 237 234
02 07 -9999 232 229 228 224 222 222 222 228 237 239 243 244 248 248 246 244 241 237 241 241 241 238 235
02 08 -9999 233 230 229 -9999 224 224 224 231 240 243 248 248 251 252 250 247 244 241 243 243 244 240 238
02 09 -9999 235 233 232 -9999 226 227 227 233 242 244 250 250 253 252 250 247 245 242 244 244 244 239 236
02 10 -9999 234 -9999 230 226 224 226 225 233 241 242 247 248 250 250 247 244 241 239 242 241 241 236 235
02 11 -9999 232 -9999 229 -9999 224 225 224 233 241 243 247 248 251 250 247 244 239 238 241 239 239 236 -9999 
02 12 -9999 231 -9999 -9999 -9999 223 224 224 233 242 244 247 249 252 252 251 249 243 241 244 241 242 240 238
02 13 -9999 236 -9999 -9999 -9999 227 228 229 238 246 249 253 256 258 258 257 255 249 246 250 247 247 245 -9999 
02 14 -9999 -9999 -9999 -9999 -9999 233 234 235 244 252 255 259 260 263 263 262 260 254 251 254 250 250 248 248
02 15 -9999 244 -9999 -9999 -9999 237 238 239 250 257 260 264 265 267 267 265 264 259 255 258 254 254 252 252
02 16 -9999 249 -9999 -9999 -9999 242 243 245 256 262 265 270 271 273 273 270 269 263 257 260 257 256 255 255
02 17 -9999 251 -9999 250 -9999 246 246 249 259 265 267 271 272 274 274 271 270 263 255 259 256 256 254 254
02 18 -9999 250 -9999 249 -9999 245 245 250 259 265 268 272 273 275 275 272 270 264 258 259 257 256 254 255
02 19 -9999 -9999 -9999 -9999 -9999 246 247 252 261 266 268 273 273 273 275 273 271 265 260 261 259 257 256 257
02 20 -9999 -9999 -9999 -9999 -9999 249 249 255 263 269 272 277 277 278 280 276 274 270 265 265 264 261 261 262
02 21 -9999 259 -9999 -9999 -9999 253 252 258 267 274 277 282 281 282 284 281 278 273 268 268 266 264 264 264
02 22 -9999 260 -9999 258 -9999 255 253 259 267 272 275 280 279 280 280 278 276 272 268 268 266 264 264 265
02 23 -9999 261 259 259 257 257 255 261 268 273 276 280 279 279 279 276 276 271 266 268 266 265 265 266
02 24 -9999 261 259 259 258 258 255 260 268 273 275 280 278 279 279 277 276 273 267 269 268 266 267 269
02 25 -9999 264 261 261 260 260 256 262 268 273 276 279 280 280 279 277 277 274 269 269 270 269 270 271
02 26 -9999 267 265 264 264 263 259 266 271 274 277 281 282 282 282 280 279 277 272 272 274 273 273 274
02 27 -9999 270 270 269 269 266 263 269 273 277 279 284 283 284 284 281 279 279 274 273 276 275 274 275
02 28 -9999 271 270 270 269 267 264 270 275 278 280 284 284 284 284 282 280 280 275 274 277 276 275 275
03 01 -9999 273 271 270 269 267 263 270 275 277 278 283 284 283 283 281 279 279 274 274 277 276 274 273
03 02 -9999 270 268 267 266 265 261 268 272 274 276 280 281 281 282 280 278 278 274 274 277 276 275 273
03 03 -9999 270 268 267 264 264 260 266 270 273 275 278 279 280 281 280 278 279 274 276 280 278 277 276
03 04 -9999 273 270 268 266 265 261 267 272 275 277 281 281 282 283 282 282 282 278 278 282 280 280 279
03 05 -9999 275 272 270 268 267 262 267 274 278 279 282 283 285 285 285 285 284 279 280 284 283 283 282
03 06 -9999 279 276 274 272 270 266 271 278 281 283 287 288 291 290 289 290 288 283 284 290 290 290 288
03 07 -9999 284 280 278 276 274 270 275 282 285 287 289 292 294 293 293 294 291 286 288 294 295 294 291
03 08 -9999 289 286 283 282 280 276 281 288 291 293 295 298 299 298 298 298 294 289 291 297 298 298 296
03 09 -9999 294 291 287 286 283 280 285 292 295 297 299 303 305 304 303 303 297 292 294 299 301 301 298
03 10 -9999 294 292 -9999 286 282 280 285 293 295 297 299 303 306 305 305 304 298 294 295 300 302 301 298
03 11 -9999 295 293 -9999 286 282 278 284 293 296 298 300 305 308 307 307 307 300 297 298 303 304 303 300
03 12 -9999 296 295 -9999 289 284 281 286 295 299 301 303 307 311 310 310 309 302 299 301 305 305 304 301
03 13 -9999 296 296 -9999 289 285 282 287 295 299 301 303 308 312 311 311 310 303 301 302 306 306 305 302
03 14 -9999 297 296 -9999 288 285 282 288 295 300 302 304 308 312 311 311 310 303 301 303 305 306 305 302
03 15 -9999 298 296 -9999 289 286 284 289 295 300 302 304 307 312 311 311 309 303 301 302 306 307 305 303
03 16 -9999 298 297 -9999 290 287 284 289 296 301 304 305 308 314 312 311 311 306 304 305 309 310 308 306
03 17 -9999 302 300 -9999 293 289 287 292 299 304 306 308 311 316 314 313 313 308 305 307 311 312 311 307
03 18 -9999 304 303 -9999 297 293 291 295 302 308 310 313 317 320 319 318 318 312 311 312 315 316 315 312
03 19 -9999 308 307 -9999 302 299 297 301 307 314 315 317 322 324 323 322 322 316 315 318 321 323 321 318
03 20 -9999 315 314 311 309 306 304 308 312 319 321 323 328 329 330 328 327 323 321 324 327 328 326 323
03 21 -9999 320 319 -9999 314 311 309 314 319 325 325 327 332 335 335 332 333 329 327 329 332 332 330 327
03 22 -9999 324 323 -9999 318 315 313 318 323 329 329 332 337 340 340 336 337 334 332 334 337 338 336 333
03 23 -9999 328 327 -9999 322 319 317 322 327 332 332 336 341 344 344 340 341 339 337 339 343 342 341 338
03 24 -9999 332 332 -9999 326 324 322 327 332 338 337 341 346 349 348 346 345 344 341 342 347 346 346 342
03 25 -9999 338 -9999 -9999 -9999 331 328 333 338 344 343 348 352 354 355 353 351 350 348 349 354 353 353 349
03 26 -9999 345 344 341 340 338 336 340 346 351 349 353 358 358 359 356 354 354 351 352 357 357 356 353
03 27 -9999 350 348 345 345 343 340 346 353 357 355 359 364 363 365 362 360 360 358 358 363 364 362 358
03 28 -9999 355 353 349 349 349 346 352 359 364 362 365 369 369 370 366 365 364 363 362 367 367 366 361
03 29 -9999 359 356 352 353 352 349 355 362 366 363 367 371 371 373 370 368 368 365 365 370 371 370 366
03 30 -9999 364 361 357 359 358 354 361 368 371 369 372 376 376 377 374 373 372 369 370 375 377 375 371
03 31 -9999 370 368 362 365 364 362 368 375 378 376 379 382 381 382 380 376 376 373 374 379 381 378 375
04 01 -9999 374 371 366 368 369 366 373 379 383 380 383 387 385 386 383 379 379 377 377 382 383 382 379
04 02 -9999 378 374 369 371 371 367 376 382 386 382 386 390 388 389 385 380 380 377 378 384 383 384 381
04 03 -9999 379 375 369 372 372 368 377 383 386 382 386 390 388 389 387 381 381 377 377 385 383 384 381
04 04 -9999 378 374 369 372 372 368 378 384 387 385 389 392 389 391 388 383 383 380 380 387 386 386 382
04 05 -9999 379 377 371 373 374 370 379 385 388 386 390 392 390 391 389 383 384 381 380 387 385 385 382
04 06 -9999 379 377 371 372 373 369 379 385 388 387 390 392 390 392 390 384 385 382 379 386 384 385 382
04 07 -9999 380 377 372 372 374 369 381 386 390 389 392 394 391 394 392 387 387 385 382 388 388 386 384
04 08 -9999 383 380 376 376 377 372 384 388 393 392 395 396 393 397 394 391 393 389 388 393 391 391 388
04 09 -9999 386 384 379 379 379 375 387 390 395 395 397 398 395 398 395 392 394 390 389 395 394 393 390
04 10 -9999 388 385 381 379 380 377 389 391 398 398 399 400 398 401 398 394 396 391 391 397 395 394 391
04 11 -9999 388 386 382 380 381 378 389 391 397 397 399 400 399 400 399 394 397 392 392 398 397 397 395
04 12 -9999 391 388 384 383 383 380 391 393 398 399 400 402 400 402 401 396 400 395 397 404 403 403 401
04 13 -9999 398 395 392 390 390 386 396 398 403 405 407 407 406 407 407 401 406 402 405 411 410 411 408
04 14 -9999 405 402 399 395 395 391 401 404 409 411 414 414 413 414 414 408 412 409 410 416 415 417 415
04 15 -9999 410 407 404 401 399 395 405 408 413 416 418 418 418 419 418 413 415 413 413 419 418 420 417
04 16 -9999 412 409 406 404 402 399 407 410 414 417 419 420 421 422 422 417 420 417 417 423 423 424 420
04 17 -9999 414 412 409 406 405 403 410 414 417 420 421 422 423 424 425 420 423 421 421 427 428 427 424
04 18 -9999 418 415 414 411 409 407 415 419 422 425 427 427 429 429 429 425 429 427 427 433 433 433 430
04 19 -9999 425 422 420 416 413 412 421 424 427 430 431 432 434 434 433 430 432 430 431 436 437 436 433
04 20 -9999 429 425 423 420 416 416 426 430 432 435 435 435 437 436 436 432 435 433 434 440 441 440 438
04 21 -9999 431 428 426 424 420 421 429 433 435 438 437 437 440 438 438 433 435 435 437 443 445 444 441
04 22 -9999 434 430 429 426 422 424 432 436 439 441 440 439 442 440 439 434 436 435 439 445 446 446 444
04 23 -9999 436 433 430 427 424 426 434 439 440 442 441 442 444 443 443 438 438 439 443 448 448 449 446
04 24 -9999 439 436 432 429 426 430 437 442 443 445 445 446 449 447 447 443 443 445 448 452 451 453 450
04 25 -9999 442 440 436 433 431 433 442 447 447 449 449 450 454 452 452 448 448 451 454 458 456 458 456
04 26 -9999 449 446 442 438 435 437 446 452 452 454 454 454 457 455 455 453 451 453 456 459 458 460 458
04 27 -9999 452 449 444 441 438 440 450 455 455 457 457 458 460 458 457 455 453 455 458 461 461 462 460
04 28 -9999 453 450 446 443 441 443 453 459 460 462 461 463 464 462 461 460 458 459 461 464 464 464 462
04 29 -9999 456 452 447 445 443 446 457 461 463 465 463 465 466 465 465 462 460 461 464 467 465 466 463
04 30 -9999 457 453 447 446 444 447 458 464 465 467 466 468 468 468 467 465 462 465 469 472 470 471 469
05 01 -9999 461 458 452 449 448 451 462 469 470 472 472 473 474 473 472 470 466 468 472 476 474 475 473
05 02 -9999 466 463 457 454 453 456 468 473 475 477 478 479 480 480 478 477 473 473 479 481 479 479 479
05 03 -9999 471 468 461 459 457 461 473 478 479 482 482 483 483 483 483 482 478 480 483 485 483 483 483
05 04 -9999 474 472 464 462 461 465 476 481 482 485 486 488 488 487 488 486 483 485 488 490 488 487 486
05 05 -9999 477 475 467 464 464 467 478 483 483 488 489 491 492 491 492 490 488 489 492 493 492 491 489
05 06 -9999 481 478 472 469 468 471 482 487 488 493 495 497 497 496 497 496 495 495 498 498 496 493 492
05 07 -9999 485 482 475 473 471 476 486 491 491 497 499 501 501 500 502 502 501 502 503 503 501 498 496
05 08 -9999 489 485 478 477 474 479 490 495 496 502 503 505 505 504 506 505 504 505 506 506 504 500 499
05 09 -9999 492 488 481 480 478 481 494 498 498 505 506 508 507 506 508 507 507 507 508 510 508 504 503
05 10 -9999 496 492 486 485 482 486 497 501 501 508 510 511 510 511 512 511 510 510 512 513 512 508 507
05 11 -9999 500 497 492 491 488 492 502 506 507 513 514 516 514 515 517 515 515 515 517 518 516 514 512
05 12 -9999 505 501 496 495 491 495 506 510 512 518 519 520 519 520 521 520 520 520 521 522 519 516 514
05 13 -9999 507 503 498 497 494 498 509 512 514 518 520 521 520 521 522 520 520 520 522 523 521 518 515
05 14 -9999 508 504 500 499 496 500 511 516 516 521 523 523 522 523 524 522 522 522 525 525 523 520 517
05 15 -9999 511 506 504 501 499 503 514 518 519 523 526 526 525 525 527 525 525 526 528 529 526 523 519
05 16 -9999 513 508 505 504 501 506 517 521 523 527 530 530 529 528 530 528 530 531 532 532 530 527 523
05 17 -9999 517 512 509 508 505 510 521 525 527 531 533 533 532 531 533 531 532 535 537 536 535 530 526
05 18 -9999 521 514 513 511 508 514 525 529 531 535 538 538 536 536 537 536 536 538 541 540 540 535 531
05 19 -9999 525 519 517 515 512 518 530 534 537 540 543 542 541 540 541 541 540 542 546 544 544 539 535
05 20 -9999 530 524 521 520 517 523 534 537 541 543 547 546 545 544 545 545 544 546 550 549 549 544 540
05 21 -9999 534 528 525 523 520 526 537 541 545 547 552 551 549 549 550 549 548 550 554 553 554 550 546
05 22 -9999 540 534 531 529 526 531 543 546 551 553 558 556 555 554 554 553 552 553 558 558 558 554 550
05 23 -9999 543 537 534 532 529 534 545 549 553 555 560 559 558 556 557 555 555 556 562 562 563 558 555
05 24 -9999 547 541 537 535 531 537 547 552 558 559 565 564 562 560 562 560 560 560 567 566 567 562 558
05 25 -9999 551 545 539 538 535 541 551 557 562 564 570 568 566 565 566 565 565 567 573 571 572 566 562
05 26 -9999 554 548 541 540 537 544 554 559 565 567 574 573 571 569 569 569 570 571 577 575 577 570 566
05 27 -9999 558 552 545 543 540 547 558 563 568 571 578 577 575 574 573 574 574 575 581 580 581 574 570
05 28 -9999 563 557 550 547 544 551 562 567 572 575 582 581 579 579 578 578 579 580 586 584 585 579 575
05 29 -9999 566 561 554 552 547 555 566 569 575 579 585 585 585 583 582 582 583 585 591 589 590 584 581
05 30 -9999 571 567 559 557 553 561 571 575 581 583 590 590 590 589 588 587 588 589 595 593 594 588 586
05 31 -9999 576 572 565 563 558 565 576 579 585 588 594 594 594 594 592 592 592 594 599 598 599 593 590
06 01 -9999 581 577 570 567 563 570 581 585 590 592 598 598 598 598 597 597 596 598 603 601 602 598 594
06 02 -9999 585 581 574 571 567 574 585 588 593 596 601 601 601 601 600 600 599 601 605 604 604 600 596
06 03 -9999 587 584 576 573 569 576 586 591 595 597 602 602 603 603 602 602 602 603 607 606 606 602 598
06 04 -9999 590 586 579 576 572 579 589 594 599 601 605 605 606 606 605 605 605 606 610 609 609 605 602
06 05 -9999 594 590 584 580 577 584 593 598 603 606 609 610 610 611 609 609 610 611 614 613 613 608 606
06 06 -9999 597 594 588 584 581 588 596 601 606 609 612 613 613 614 613 613 614 615 617 615 616 612 610
06 07 -9999 601 597 592 588 585 592 601 606 611 613 616 617 617 617 616 618 617 619 621 619 620 615 613
06 08 -9999 604 601 596 592 589 597 605 610 614 616 619 620 620 620 619 619 619 621 623 621 622 618 615
06 09 -9999 607 603 600 594 592 600 608 613 618 620 622 623 623 623 622 621 621 623 626 624 624 620 617
06 10 -9999 609 606 603 598 596 604 611 617 621 623 624 625 625 625 625 623 623 624 627 626 626 623 619
06 11 -9999 612 608 605 600 598 607 614 620 624 626 627 628 628 628 627 627 626 627 631 629 629 625 622
06 12 -9999 614 610 608 603 602 610 618 623 628 630 631 632 632 631 631 631 630 632 635 632 633 628 625
06 13 -9999 618 613 611 606 605 613 621 627 631 634 634 635 634 634 634 632 632 633 636 634 636 631 628
06 14 -9999 620 615 612 608 607 615 623 629 633 636 637 638 636 636 635 633 634 635 639 638 639 635 631
06 15 -9999 623 617 615 611 610 617 625 631 635 637 639 640 638 636 637 635 636 637 640 640 641 637 633
06 16 -9999 624 618 616 611 611 618 626 631 636 638 639 640 638 636 636 635 637 638 641 641 643 638 634
06 17 -9999 624 618 617 612 612 619 626 632 637 640 640 641 639 638 637 635 637 637 642 643 644 641 635
06 18 -9999 625 620 618 615 614 620 628 634 639 642 642 643 640 639 638 636 637 639 645 647 647 643 638
06 19 -9999 628 623 621 617 616 623 631 637 642 644 645 645 642 640 640 638 640 643 647 648 649 646 640
06 20 -9999 630 625 623 619 618 624 632 639 644 646 647 646 643 640 640 639 640 643 648 650 650 646 641
06 21 -9999 631 626 624 620 619 625 634 640 645 647 648 648 644 642 642 640 642 645 650 652 651 648 643
06 22 -9999 633 628 626 623 621 626 635 641 646 648 649 649 645 643 643 641 643 645 649 651 651 648 643
06 23 -9999 633 628 626 622 621 626 634 640 645 648 647 648 644 642 642 642 643 645 650 652 651 649 644
06 24 -9999 633 627 624 622 620 625 634 640 644 646 646 646 644 641 640 640 642 645 649 652 652 649 644
06 25 -9999 633 628 624 621 620 625 633 639 644 646 646 646 644 640 640 641 643 645 649 653 652 650 645
06 26 -9999 634 629 625 623 621 626 634 640 645 647 647 647 644 640 640 641 643 646 650 654 652 651 646
06 27 -9999 635 630 626 624 621 627 635 641 647 649 648 648 645 642 641 641 644 647 651 655 653 652 647
06 28 -9999 636 632 628 626 623 629 636 643 648 651 650 650 647 644 643 645 648 651 655 659 656 655 650
06 29 -9999 639 635 630 628 625 631 638 645 650 652 652 651 648 645 645 646 649 653 656 660 658 656 651
06 30 -9999 640 636 632 629 626 632 639 646 651 653 653 652 649 646 644 647 649 654 658 661 658 657 651
07 01 -9999 641 637 632 630 627 633 640 648 653 655 655 654 652 648 647 650 651 655 659 662 660 659 653
07 02 -9999 643 639 634 632 628 634 642 650 655 657 657 657 654 651 650 652 655 659 662 665 663 662 656
07 03 -9999 646 642 637 635 632 637 645 652 657 659 659 659 656 653 653 655 657 661 664 666 665 663 658
07 04 -9999 647 643 638 635 632 638 645 652 657 659 659 659 656 653 653 654 655 658 662 666 665 663 657
07 05 -9999 646 643 638 635 632 638 645 652 656 658 658 659 656 654 653 655 656 659 664 667 666 665 659
07 06 -9999 648 644 640 637 634 639 646 653 658 660 659 659 658 654 654 655 656 660 664 668 667 665 660
07 07 -9999 649 645 641 638 635 641 648 656 660 662 661 661 660 656 655 656 657 661 666 670 668 666 661
07 08 -9999 651 647 643 640 637 642 650 658 662 663 664 664 663 659 658 658 659 662 667 672 670 668 663
07 09 -9999 653 650 646 643 641 645 653 662 666 667 668 667 665 662 661 661 661 665 670 673 672 671 666
07 10 -9999 655 652 648 646 643 647 656 665 669 670 670 670 668 665 663 663 663 667 672 676 675 673 668
07 11 -9999 658 655 651 648 645 650 658 668 672 673 673 672 670 667 665 666 666 669 675 678 677 675 671
07 12 -9999 660 657 653 650 647 651 660 670 673 674 673 673 671 668 667 668 666 670 675 680 680 677 674
07 13 -9999 662 659 655 652 649 653 662 671 674 675 675 674 672 668 667 668 667 670 676 680 679 677 674
07 14 -9999 663 660 656 653 650 654 663 672 676 677 676 676 673 670 669 669 669 672 678 681 680 678 675
07 15 -9999 664 661 657 655 652 656 665 673 677 678 677 677 675 672 672 672 671 673 679 682 682 679 676
07 16 -9999 666 663 660 658 655 658 667 675 678 679 678 677 677 674 673 673 671 674 680 683 682 679 677
07 17 -9999 667 664 661 658 656 659 667 676 679 680 679 677 676 673 672 673 671 673 679 682 680 678 676
07 18 -9999 667 664 661 658 656 659 666 675 679 680 679 677 677 673 672 673 672 674 680 683 681 679 677
07 19 -9999 669 666 662 660 658 661 669 677 681 683 683 680 680 676 675 676 675 677 682 684 683 681 679
07 20 -9999 671 668 665 662 660 663 671 680 684 685 685 683 682 678 677 677 677 679 684 687 685 682 680
07 21 -9999 673 670 666 663 660 663 671 679 683 685 686 683 682 678 677 676 677 679 684 686 686 683 681
07 22 -9999 674 671 667 663 661 663 671 679 683 685 686 683 681 677 676 676 677 680 685 686 686 684 682
07 23 -9999 674 671 668 665 661 663 671 680 683 685 686 682 681 677 676 676 677 680 685 686 687 684 682
07 24 -9999 675 672 668 664 661 663 671 678 682 684 685 682 681 677 676 676 677 680 685 686 687 684 682
07 25 -9999 675 672 669 664 662 663 671 678 683 684 685 682 681 677 676 676 677 680 685 686 687 684 682
07 26 -9999 675 673 668 664 662 663 671 678 682 683 684 682 681 678 677 676 676 680 684 686 686 684 682
07 27 -9999 675 672 668 664 662 663 671 678 682 683 684 681 680 677 677 675 676 679 684 685 686 684 682
07 28 -9999 675 671 668 664 662 663 670 678 683 684 684 682 680 677 677 676 677 680 684 685 687 685 682
07 29 -9999 675 672 667 663 661 662 670 678 682 683 684 681 680 677 676 676 676 678 683 684 684 682 680
07 30 -9999 673 669 665 661 659 661 669 677 681 681 683 680 678 675 674 673 672 675 679 681 681 679 677
07 31 -9999 670 667 663 659 656 659 667 675 679 679 681 678 676 673 672 671 671 674 678 681 681 680 676
08 01 -9999 670 666 662 658 655 658 666 674 678 678 679 677 674 671 670 670 670 672 677 679 680 678 675
08 02 -9999 669 664 660 656 654 657 665 673 678 677 678 677 674 671 670 669 668 671 676 679 679 678 675
08 03 -9999 667 663 659 655 653 656 664 673 677 677 677 676 673 670 670 669 668 670 675 678 678 677 674
08 04 -9999 666 662 658 654 652 654 662 671 675 675 675 674 672 669 669 668 666 668 673 676 676 675 673
08 05 -9999 665 660 655 652 651 654 662 670 674 674 674 674 671 669 669 668 666 669 674 678 677 676 674
08 06 -9999 664 661 657 654 651 654 662 671 675 674 675 674 672 671 670 669 667 670 675 678 677 676 674
08 07 -9999 665 661 657 654 651 654 662 672 676 675 676 676 674 672 672 670 667 670 674 678 677 676 674
08 08 -9999 665 660 656 654 651 654 661 672 675 675 676 675 673 671 671 669 668 671 674 678 678 677 674
08 09 -9999 665 661 657 655 652 654 661 672 675 676 677 676 674 672 672 670 669 673 675 679 678 677 674
08 10 -9999 665 661 657 656 652 654 661 671 675 675 677 676 674 671 671 670 669 673 676 679 678 677 674
08 11 -9999 666 661 657 656 652 653 660 670 673 674 676 675 672 670 669 669 668 672 675 678 677 675 673
08 12 -9999 664 660 656 654 650 651 657 667 670 671 674 672 670 668 668 667 667 672 674 678 677 675 671
08 13 -9999 663 659 655 653 649 650 656 665 668 670 671 670 669 667 667 666 666 671 673 677 676 674 670
08 14 -9999 662 658 654 652 647 648 655 664 667 669 670 669 667 666 666 666 665 670 673 677 676 673 670
08 15 -9999 662 657 653 651 646 647 654 663 666 669 670 668 666 665 665 665 664 669 673 676 675 671 668
08 16 -9999 660 656 652 650 644 645 652 661 665 668 669 668 666 664 664 665 664 669 673 676 675 671 668
08 17 -9999 660 655 651 649 643 644 650 659 662 665 667 665 663 662 662 663 662 667 672 675 674 670 666
08 18 -9999 658 654 650 647 641 641 648 656 659 662 663 662 661 660 660 660 659 665 670 673 672 668 665
08 19 -9999 657 653 649 646 640 640 647 655 658 661 663 661 659 659 659 660 660 665 671 673 673 669 665
08 20 -9999 658 654 650 647 641 641 648 657 659 663 664 663 660 659 659 661 662 666 671 673 673 669 665
08 21 -9999 657 653 650 647 641 640 647 656 659 662 664 663 660 659 659 662 662 666 671 673 673 669 665
08 22 -9999 657 653 650 646 641 640 647 656 659 662 664 663 659 658 658 660 661 664 670 671 671 667 663
08 23 -9999 655 651 648 644 639 638 645 654 657 660 661 661 658 656 656 658 658 661 668 669 668 664 660
08 24 -9999 653 648 645 641 636 636 643 651 654 657 659 658 656 654 653 655 655 658 664 665 665 661 656
08 25 -9999 649 644 641 636 632 632 639 647 650 654 654 654 651 649 650 650 651 652 660 660 661 657 652
08 26 -9999 644 639 637 632 627 629 635 644 648 652 652 651 649 648 647 646 647 650 657 658 658 654 649
08 27 -9999 642 637 634 630 625 627 633 643 647 650 650 650 648 646 645 644 644 646 655 656 655 651 647
08 28 -9999 640 634 632 628 623 624 631 642 646 648 649 649 646 644 642 641 642 644 652 653 653 650 645
08 29 -9999 638 633 631 626 622 623 630 640 644 646 648 647 644 642 640 639 641 642 651 652 651 648 644
08 30 -9999 637 632 629 625 622 621 628 638 642 645 646 646 643 641 638 637 639 641 649 650 650 647 643
08 31 -9999 636 631 628 624 621 620 627 638 642 645 646 645 643 640 638 636 638 640 648 649 649 646 641
09 01 -9999 635 629 627 623 619 619 626 638 643 645 646 645 642 640 636 634 637 639 645 647 646 644 640
09 02 -9999 634 628 625 622 619 618 626 637 643 645 646 644 642 640 636 634 637 638 644 646 645 643 639
09 03 -9999 632 627 624 621 617 617 624 636 641 644 643 642 640 638 634 631 633 634 641 643 641 638 634
09 04 -9999 628 622 620 616 613 612 620 631 636 638 637 636 634 632 628 626 626 628 635 638 636 633 629
09 05 -9999 623 617 614 610 607 606 615 626 632 633 631 629 628 625 623 620 619 623 630 632 630 628 624
09 06 -9999 617 612 609 606 603 602 610 622 628 630 627 626 625 622 620 618 618 622 629 631 629 626 623
09 07 -9999 616 611 608 604 601 601 609 621 627 629 627 625 624 622 620 618 618 622 629 630 629 626 622
09 08 -9999 615 610 607 603 601 600 608 620 625 627 624 622 621 620 617 615 615 619 626 628 626 623 620
09 09 -9999 613 609 605 602 599 598 606 618 624 624 622 621 619 618 615 613 614 618 624 627 625 621 618
09 10 -9999 610 607 603 601 597 596 605 615 621 621 619 618 616 615 612 611 612 616 621 624 622 619 616
09 11 -9999 607 603 600 598 595 593 602 613 618 618 616 615 613 612 609 608 609 614 619 621 619 616 612
09 12 -9999 604 600 597 595 592 590 598 609 615 616 614 612 611 610 608 607 608 612 618 619 617 613 610
09 13 -9999 602 598 595 593 590 588 596 608 613 615 613 611 611 608 608 605 606 612 616 617 615 611 608
09 14 -9999 599 596 593 591 588 586 594 606 612 613 611 609 609 607 607 605 606 611 615 615 614 610 607
09 15 -9999 599 595 592 590 587 585 593 605 611 611 609 607 607 605 605 602 604 609 612 612 611 607 604
09 16 -9999 596 593 590 588 584 581 588 601 606 606 604 603 602 600 600 599 600 606 610 609 608 604 600
09 17 -9999 591 589 586 583 579 577 583 595 601 600 598 598 596 594 595 593 595 600 604 604 603 599 595
09 18 -9999 586 584 581 578 575 572 578 590 596 596 594 593 592 590 591 590 593 598 602 601 600 596 592
09 19 -9999 584 581 578 575 572 569 576 587 594 595 593 593 592 590 591 590 593 598 601 600 599 595 590
09 20 -9999 582 579 577 574 570 568 575 586 592 593 593 592 592 590 590 589 592 597 600 599 597 593 589
09 21 -9999 581 578 575 572 568 564 571 583 589 589 589 587 587 585 585 584 587 592 595 594 592 588 584
09 22 -9999 576 573 570 567 562 558 564 575 582 582 581 580 579 577 577 576 579 585 587 586 584 581 577
09 23 -9999 569 566 563 560 555 551 557 569 576 576 576 575 574 572 573 573 575 581 585 583 580 577 573
09 24 -9999 565 562 558 555 550 547 553 566 573 573 573 572 572 570 570 571 572 577 581 579 576 573 569
09 25 -9999 562 559 555 552 547 543 549 562 569 570 569 569 568 567 567 568 570 576 578 576 574 571 567
09 26 -9999 559 556 553 549 544 540 546 559 567 567 567 566 565 564 564 566 567 573 576 574 572 568 564
09 27 -9999 557 554 550 547 542 538 544 556 564 565 565 564 563 563 561 564 565 571 574 572 570 566 562
09 28 -9999 554 550 547 543 538 535 540 552 559 560 560 560 559 559 556 559 560 566 569 566 564 561 556
09 29 -9999 548 544 541 537 533 530 535 546 554 554 553 554 552 552 550 552 553 561 564 560 557 555 549
09 30 -9999 541 537 534 530 525 521 527 538 545 546 546 545 544 544 541 544 545 553 558 554 551 548 543
10 01 -9999 535 531 527 524 519 515 522 534 541 542 542 542 541 540 538 541 541 550 554 550 547 544 540
10 02 -9999 532 528 524 520 516 512 519 532 539 541 541 542 540 539 537 541 540 551 553 550 547 544 540
10 03 -9999 531 526 522 518 513 510 517 529 537 538 538 539 537 536 535 538 536 547 549 546 543 540 536
10 04 -9999 527 522 518 514 509 506 513 525 533 534 534 535 532 530 529 532 531 541 544 541 538 535 531
10 05 -9999 521 516 512 508 504 500 508 520 528 529 529 530 527 526 524 527 526 536 539 535 532 529 525
10 06 -9999 516 510 507 503 499 496 504 515 524 525 525 527 525 524 522 524 524 535 538 534 530 528 523
10 07 -9999 514 508 504 500 497 493 501 513 522 523 524 526 524 522 520 523 524 534 537 533 529 526 521
10 08 -9999 512 505 501 497 493 488 497 509 519 520 521 522 520 518 516 519 520 530 533 528 525 522 517
10 09 -9999 508 501 497 493 489 484 492 504 515 515 516 518 516 514 512 514 517 527 530 525 521 519 514
10 10 -9999 504 496 492 488 484 480 488 500 510 511 511 513 512 511 508 511 513 522 526 521 517 515 510
10 11 -9999 499 492 488 484 479 476 484 497 507 508 508 509 508 508 505 507 509 518 521 516 511 509 505
10 12 -9999 494 486 482 478 474 470 478 491 501 502 502 503 503 501 500 502 502 512 515 510 506 504 500
10 13 -9999 489 482 479 476 470 466 474 487 498 498 498 499 499 497 496 498 499 507 511 508 503 500 496
10 14 -9999 486 478 475 471 466 463 470 483 494 494 495 495 495 494 491 494 496 503 507 504 499 497 492
10 15 -9999 483 475 471 467 462 459 466 479 490 490 492 492 492 491 489 491 494 501 504 501 495 494 489
10 16 -9999 480 472 469 464 460 456 463 476 488 488 490 490 489 489 487 488 491 497 501 498 492 490 484
10 17 -9999 475 467 465 460 456 452 458 472 483 484 486 486 486 485 483 484 486 492 496 492 485 483 477
10 18 -9999 469 463 460 456 451 448 454 468 480 480 481 481 481 480 478 479 481 486 491 488 481 479 473
10 19 -9999 465 459 456 452 447 445 450 465 476 476 478 477 478 477 476 475 478 484 488 485 479 477 471
10 20 -9999 463 457 455 451 446 443 448 463 473 473 476 475 476 475 474 473 476 481 485 483 477 475 469
10 21 -9999 461 456 454 450 444 441 445 460 470 469 471 470 470 469 468 466 467 472 477 475 469 466 461
10 22 -9999 453 448 446 442 437 434 438 453 463 462 464 462 463 463 461 458 458 464 469 468 462 459 455
10 23 -9999 447 442 441 437 433 430 433 448 458 458 459 458 459 460 457 455 454 461 466 465 459 456 451
10 24 -9999 444 440 438 435 431 429 432 446 455 456 458 456 457 458 455 453 452 459 464 464 457 455 449
10 25 -9999 442 439 438 435 432 428 430 445 454 455 458 457 457 457 454 452 450 457 461 460 454 452 446
10 26 -9999 439 436 436 433 430 426 429 443 451 452 454 454 454 453 451 448 445 453 457 457 451 448 441
10 27 -9999 435 433 432 428 426 422 425 438 448 450 450 451 450 449 445 443 440 447 450 450 444 441 434
10 28 -9999 428 426 425 421 420 416 418 433 442 445 446 448 447 446 442 440 438 444 447 445 441 437 431
10 29 -9999 425 423 422 417 416 411 415 429 439 440 442 444 443 443 439 437 433 439 442 443 439 435 428
10 30 -9999 423 420 419 415 414 408 412 426 435 437 438 439 439 438 434 432 428 434 438 438 434 429 423
10 31 -9999 417 414 413 409 408 403 407 420 430 431 431 433 432 432 428 427 422 429 433 431 429 424 418
11 01 -9999 413 410 408 404 403 398 402 414 423 425 424 425 425 425 421 419 415 422 425 424 421 417 412
11 02 -9999 406 403 400 397 397 392 396 409 419 422 421 421 421 421 417 416 412 418 421 419 417 413 408
11 03 -9999 404 399 397 395 394 389 392 404 414 417 416 416 416 417 412 412 406 412 415 415 412 407 403
11 04 -9999 399 395 393 391 389 384 387 400 409 411 411 412 409 411 405 405 400 407 408 406 405 400 396
11 05 -9999 392 388 386 384 383 379 382 394 403 407 405 405 404 406 401 402 397 403 405 402 402 397 -9999 
11 06 -9999 391 387 385 383 381 377 379 391 400 404 403 403 401 402 399 400 395 402 403 401 401 396 -9999 
11 07 -9999 389 -9999 384 381 378 375 376 388 398 402 401 401 399 400 397 397 391 397 400 397 397 392 -9999 
11 08 -9999 385 -9999 -9999 378 375 371 372 384 394 398 397 396 395 394 393 391 385 391 393 391 -9999 -9999 -9999 
11 09 -9999 380 -9999 -9999 -9999 370 366 366 379 389 393 392 390 389 389 387 386 380 386 388 386 -9999 -9999 -9999 
11 10 -9999 374 -9999 -9999 -9999 364 360 360 372 382 386 386 384 382 382 380 380 375 379 382 379 -9999 -9999 -9999 
11 11 -9999 368 -9999 -9999 -9999 359 356 355 368 377 381 381 379 377 378 376 377 371 377 379 376 -9999 -9999 -9999 
11 12 -9999 367 -9999 -9999 -9999 357 354 353 364 375 377 378 375 375 375 373 373 368 375 377 375 -9999 -9999 -9999 
11 13 -9999 365 -9999 -9999 -9999 356 352 350 362 372 374 375 372 372 373 371 371 366 374 375 -9999 -9999 -9999 -9999 
11 14 -9999 361 -9999 -9999 -9999 353 350 348 359 369 371 373 371 371 372 371 370 365 371 372 -9999 -9999 -9999 -9999 
11 15 -9999 361 -9999 -9999 -9999 354 350 348 359 369 371 372 370 372 371 369 370 365 369 371 -9999 -9999 -9999 -9999 
11 16 -9999 358 -9999 -9999 -9999 352 349 348 359 368 370 371 369 372 372 370 369 365 368 370 -9999 -9999 -9999 -9999 
11 17 -9999 357 -9999 -9999 -9999 351 348 346 357 365 368 368 368 370 370 367 367 362 365 366 -9999 -9999 -9999 -9999 
11 18 -9999 353 -9999 -9999 -9999 346 344 343 353 362 364 365 365 368 367 365 365 360 362 363 -9999 -9999 -9999 -9999 
11 19 -9999 349 -9999 -9999 -9999 342 342 340 349 360 363 363 364 368 366 365 365 360 362 364 -9999 -9999 -9999 -9999 
11 20 -9999 -9999 -9999 -9999 -9999 342 342 340 348 359 362 363 364 368 366 365 365 361 363 365 -9999 -9999 -9999 -9999 
11 21 -9999 -9999 -9999 -9999 -9999 344 344 343 351 362 365 367 367 372 370 369 367 362 364 365 -9999 -9999 -9999 -9999 
11 22 -9999 -9999 -9999 -9999 -9999 343 342 342 349 359 362 364 364 370 368 366 364 360 362 362 -9999 -9999 -9999 -9999 
11 23 -9999 348 -9999 -9999 -9999 340 340 339 346 356 359 361 361 366 365 363 362 357 359 359 355 -9999 -9999 -9999 
11 24 -9999 346 -9999 -9999 -9999 337 338 338 345 353 356 357 357 362 362 360 357 353 355 354 349 -9999 -9999 -9999 
11 25 -9999 343 -9999 -9999 -9999 333 334 334 341 349 353 353 353 359 358 358 355 351 353 351 347 -9999 -9999 -9999 
11 26 -9999 340 -9999 -9999 -9999 330 331 331 338 347 351 350 351 356 355 356 352 348 347 346 343 -9999 338 -9999 
11 27 -9999 336 -9999 330 330 326 327 327 334 342 347 345 348 351 351 351 346 341 340 339 336 -9999 333 -9999 
11 28 -9999 330 -9999 325 324 321 322 323 330 337 343 340 343 346 345 345 341 335 333 333 330 329 328 -9999 
11 29 -9999 325 -9999 321 320 316 318 319 326 333 340 337 339 343 341 341 337 331 328 329 326 324 322 -9999 
11 30 -9999 320 319 316 314 310 313 313 320 327 335 332 334 337 335 335 330 323 323 323 321 319 318 -9999 
12 01 -9999 314 313 311 309 305 308 308 315 322 328 327 329 330 329 328 324 317 319 318 316 314 312 -9999 
12 02 -9999 310 308 307 305 302 303 303 311 319 324 323 325 327 325 324 320 314 316 315 314 312 311 310
12 03 -9999 307 306 304 301 299 302 301 309 316 323 321 322 324 324 323 318 312 314 314 314 311 309 309
12 04 -9999 305 303 302 298 297 298 298 306 312 318 317 318 319 319 318 313 307 309 309 309 306 304 303
12 05 -9999 300 298 298 295 294 295 295 303 309 315 314 314 316 316 314 309 303 304 304 304 301 298 297
12 06 -9999 293 292 292 288 287 290 289 297 302 308 306 308 309 310 309 304 299 300 299 299 297 294 293
12 07 -9999 289 289 289 285 284 287 287 294 299 304 304 305 306 307 307 301 297 297 296 296 294 291 289
12 08 -9999 285 285 285 281 280 283 283 291 296 302 302 304 305 306 307 300 297 296 295 294 292 290 288
12 09 -9999 282 282 282 277 277 280 280 286 293 298 299 302 303 303 303 297 294 293 292 291 290 288 286
12 10 -9999 280 280 280 276 276 278 279 285 291 297 298 302 303 303 303 296 293 292 291 291 289 286 286
12 11 -9999 280 279 279 275 275 277 278 283 289 294 296 299 300 301 299 293 290 292 291 290 287 285 283
12 12 -9999 279 277 277 274 274 275 276 282 288 292 294 297 298 299 298 293 291 293 291 289 286 283 280
12 13 -9999 275 274 273 270 271 273 273 278 285 290 292 295 296 297 296 290 288 290 288 287 283 280 277
12 14 -9999 273 271 270 268 269 271 270 274 281 285 289 292 294 295 293 287 286 288 285 285 281 278 275
12 15 -9999 271 269 268 266 267 269 268 273 280 284 288 291 293 293 293 286 285 287 283 283 279 276 274
12 16 -9999 271 269 267 266 267 269 268 273 281 285 289 292 294 295 294 287 287 288 285 285 281 278 274
12 17 -9999 271 268 267 266 266 267 266 270 278 283 286 291 291 293 292 286 284 286 283 283 279 276 271
12 18 -9999 268 266 265 264 264 263 262 266 274 278 281 285 286 286 287 280 279 280 277 -9999 272 270 266
12 19 -9999 263 261 260 259 258 258 256 260 269 273 276 281 281 281 282 275 273 274 273 -9999 267 264 261
12 20 -9999 257 255 254 254 253 252 250 253 263 268 271 276 276 277 278 270 269 270 269 -9999 264 262 258
12 21 -9999 255 253 252 252 251 250 248 252 262 267 270 275 276 277 276 269 266 267 267 -9999 262 259 256
12 22 -9999 253 251 250 250 250 248 246 250 260 267 270 275 274 275 274 268 265 266 266 -9999 263 261 257
12 23 -9999 254 253 251 251 250 248 245 248 258 264 267 271 271 272 271 264 260 263 263 -9999 262 259 256
12 24 -9999 253 252 250 249 249 246 245 247 257 264 267 270 270 272 271 265 261 264 265 -9999 262 260 256
12 25 -9999 254 253 251 250 249 247 244 247 257 264 266 269 270 271 271 265 260 265 265 -9999 -9999 261 256
12 26 -9999 254 253 -9999 250 248 246 244 246 257 264 267 268 270 270 271 266 260 265 264 -9999 -9999 -9999 -9999 
12 27 -9999 255 -9999 -9999 250 249 247 246 247 258 266 268 269 272 271 273 267 260 265 265 -9999 -9999 -9999 -9999 
12 28 -9999 258 257 -9999 253 252 250 248 251 262 269 270 273 277 275 277 272 266 269 270 -9999 -9999 -9999 -9999 
12 29 -9999 260 -9999 -9999 256 255 253 249 253 263 271 272 274 276 276 279 273 267 271 271 -9999 -9999 -9999 -9999 
12 30 -9999 260 -9999 -9999 256 254 252 249 251 263 270 272 273 277 276 280 274 269 272 272 -9999 -9999 -9999 265
12 31 -9999 261 -9999 259 256 254 251 248 250 261 267 269 271 274 273 276 271 266 269 268 -9999 -9999 265 263
