01 01 -9999 236 234 232 230 230 231 230 230 245 260 270 273 277 278 279 277 271 266 262 259 254 249 247
01 02 -9999 240 237 236 234 235 235 235 235 248 264 273 277 281 281 282 281 275 270 266 262 257 252 251
01 03 -9999 244 241 239 238 238 239 239 239 252 267 276 280 284 284 285 284 278 272 268 265 260 256 253
01 04 -9999 247 244 242 241 240 240 240 240 253 268 277 281 284 285 286 284 278 272 268 264 259 255 252
01 05 -9999 245 242 240 240 239 239 238 238 251 266 275 280 283 284 285 284 277 271 267 263 259 253 251
01 06 -9999 244 241 239 238 238 238 238 237 250 265 274 279 283 284 284 283 276 272 267 263 259 254 251
01 07 -9999 245 242 240 240 239 239 239 238 251 266 274 279 283 283 284 284 278 273 268 264 260 254 251
01 08 -9999 245 242 240 240 239 238 238 237 251 265 273 278 282 282 284 284 278 273 268 264 261 255 252
01 09 -9999 245 242 240 240 239 238 237 236 251 265 273 277 281 280 283 283 278 272 268 264 260 255 252
01 10 -9999 246 243 241 241 240 239 237 236 251 265 274 277 281 281 284 283 279 273 268 264 261 255 252
01 11 -9999 245 243 241 240 240 239 237 236 252 266 275 278 282 282 284 284 280 273 269 264 261 255 251
01 12 -9999 244 243 240 240 239 237 236 235 250 266 275 278 281 282 284 284 279 273 268 262 259 253 250
01 13 -9999 243 241 238 237 237 236 235 233 250 265 274 278 281 282 283 283 278 272 268 262 259 252 250
01 14 -9999 242 240 238 237 236 235 234 232 249 264 273 277 280 281 281 282 277 271 267 261 257 251 249
01 15 -9999 241 239 236 235 234 233 232 231 248 263 272 276 279 280 280 281 277 270 266 261 256 250 248
01 16 -9999 240 237 234 234 232 231 229 228 246 262 271 275 277 278 279 280 275 268 264 258 254 248 246
01 17 -9999 238 236 233 232 230 228 227 226 245 260 269 274 276 276 277 277 273 266 261 256 252 246 243
01 18 -9999 236 234 231 230 228 226 225 223 243 258 268 272 274 275 276 276 271 264 259 255 250 244 242
01 19 -9999 235 233 230 230 228 226 225 224 243 259 267 272 274 275 275 276 271 264 260 255 250 245 242
01 20 -9999 236 234 232 231 229 227 227 224 244 260 268 273 275 276 276 276 272 265 260 255 250 246 243
01 21 -9999 237 235 233 232 229 228 227 225 246 260 269 272 275 276 276 275 272 265 260 255 250 245 242
01 22 -9999 236 235 233 232 229 228 227 224 246 260 269 273 275 277 276 275 272 265 260 255 250 245 242
01 23 -9999 236 234 232 231 229 227 227 224 246 260 269 274 276 277 276 275 272 265 259 254 249 244 241
01 24 -9999 235 233 231 230 227 227 226 224 247 260 269 274 276 277 276 275 272 265 260 254 250 244 241
01 25 -9999 235 233 231 230 227 227 227 225 247 261 268 273 275 276 275 274 271 264 259 253 249 244 241
01 26 241 235 232 231 230 226 226 227 225 247 260 268 272 275 275 274 273 270 263 259 253 250 245 242
01 27 242 237 233 232 231 228 227 229 227 249 261 268 272 275 276 275 273 271 264 259 255 251 246 242
01 28 242 237 233 232 231 228 226 227 226 248 261 268 271 275 275 275 272 270 263 259 253 250 246 242
01 29 241 236 233 231 230 227 225 226 226 248 260 267 270 274 274 275 272 270 263 259 253 250 247 242
01 30 240 236 233 231 230 228 226 227 227 249 261 267 272 275 275 276 273 272 265 260 254 252 248 243
01 31 241 238 234 232 232 228 227 228 228 250 262 268 272 275 276 275 273 272 266 262 255 253 249 244
02 01 -9999 238 234 232 232 228 227 228 228 250 262 268 271 275 275 275 273 273 267 263 257 255 251 246
02 02 -9999 240 236 234 234 230 229 229 229 252 263 268 272 275 275 275 274 274 268 265 258 256 251 247
02 03 -9999 240 236 233 233 229 228 228 229 252 262 268 273 276 276 276 275 274 269 265 260 257 253 250
02 04 -9999 241 237 234 234 231 229 229 231 253 263 269 273 276 276 276 275 276 270 267 261 258 254 251
02 05 -9999 243 238 235 235 232 230 231 233 254 265 270 274 277 277 277 277 277 272 268 263 260 256 253
02 06 -9999 245 241 238 237 235 233 233 236 256 266 272 275 277 278 278 278 278 274 270 265 262 258 255
02 07 -9999 247 243 240 240 236 235 235 238 258 268 273 277 278 279 279 279 280 276 272 267 263 259 257
02 08 -9999 249 244 242 241 238 237 237 240 259 269 275 278 280 281 280 281 282 278 274 269 266 262 260
02 09 256 252 247 245 244 240 239 238 242 261 271 277 281 282 283 283 283 285 281 277 272 269 265 262
02 10 260 254 250 247 247 243 241 241 245 264 273 279 283 283 284 285 285 287 283 280 274 271 267 264
02 11 263 256 252 250 249 245 243 242 248 266 274 280 284 285 286 286 286 288 285 282 277 273 269 267
02 12 267 260 256 253 253 249 247 246 252 269 278 284 288 288 289 288 289 291 288 285 280 277 273 270
02 13 271 263 260 257 256 251 249 249 255 272 280 286 291 290 291 290 291 293 291 288 283 280 275 273
02 14 274 266 262 260 259 255 252 251 258 274 282 288 291 291 292 291 292 294 292 289 285 282 276 274
02 15 276 267 264 261 260 256 253 252 260 277 284 290 293 293 293 293 293 295 293 291 286 283 278 276
02 16 279 269 266 262 262 258 255 254 263 279 286 292 295 295 295 295 294 296 295 292 287 284 279 277
02 17 279 269 267 263 262 259 256 255 265 280 287 293 294 295 295 294 294 296 296 292 287 284 279 277
02 18 279 270 268 264 263 260 257 256 267 282 288 293 294 294 294 294 294 296 295 292 287 284 279 276
02 19 278 269 267 263 262 259 257 256 267 282 288 293 294 294 294 294 294 296 296 292 287 284 280 277
02 20 279 270 267 264 263 259 257 256 268 283 288 293 294 295 294 294 294 296 295 292 287 284 280 277
02 21 278 269 266 263 262 258 255 255 267 282 288 293 294 295 293 293 293 295 295 293 288 284 280 277
02 22 278 270 266 263 262 259 256 256 269 284 289 293 294 295 294 294 294 296 297 295 290 287 282 280
02 23 281 273 270 266 266 262 259 258 272 286 291 295 295 296 295 295 295 296 297 296 291 287 283 280
02 24 281 273 270 265 266 263 260 259 273 287 292 295 295 297 295 295 295 296 298 296 291 288 283 281
02 25 281 273 271 267 266 263 260 259 274 288 292 295 295 296 294 294 294 296 298 296 292 289 284 281
02 26 281 273 271 267 266 263 261 259 274 289 293 295 295 296 294 294 294 295 298 296 292 288 283 281
02 27 279 273 270 266 266 263 260 259 275 288 292 294 294 295 293 293 294 295 298 297 292 288 284 281
02 28 280 273 271 267 266 264 261 260 276 290 293 295 295 295 294 293 294 295 298 296 293 288 284 281
03 01 279 273 271 267 266 263 261 260 276 290 294 295 295 296 294 293 294 294 299 297 294 289 286 283
03 02 281 274 272 268 267 264 262 261 278 292 295 295 295 296 295 293 294 294 299 297 294 290 286 283
03 03 282 275 272 269 268 266 263 262 280 294 296 297 297 297 296 294 295 296 300 298 295 291 286 283
03 04 283 275 273 270 269 266 263 262 282 295 297 297 298 297 295 294 293 295 300 299 296 292 288 284
03 05 284 276 274 271 270 267 265 263 283 297 298 299 298 298 296 294 294 296 301 300 298 293 289 284
03 06 286 277 275 272 271 268 265 264 284 298 299 300 298 298 295 293 293 294 300 300 297 294 290 285
03 07 287 278 276 272 271 269 266 265 286 299 299 299 298 297 294 292 293 294 300 300 297 294 290 285
03 08 288 278 277 273 272 270 267 266 287 299 299 299 298 297 294 291 292 292 298 299 296 293 290 286
03 09 -9999 278 277 273 271 269 266 267 288 300 299 299 298 296 293 290 290 291 297 298 295 292 290 285
03 10 -9999 277 277 272 270 268 265 266 288 300 300 299 297 296 293 290 290 291 297 299 295 293 290 285
03 11 -9999 278 277 273 270 268 264 266 289 301 300 300 298 296 294 291 290 291 297 299 296 294 290 286
03 12 -9999 278 277 273 270 268 264 267 291 302 301 300 297 295 294 290 290 291 298 300 296 294 291 286
03 13 -9999 279 277 273 270 269 265 268 293 304 303 301 298 296 294 290 290 291 298 301 296 295 293 288
03 14 -9999 280 278 274 272 270 266 270 295 306 304 302 299 297 294 290 290 291 298 301 297 295 293 288
03 15 -9999 281 279 275 272 271 267 271 296 306 304 302 299 297 295 291 291 293 300 302 297 296 294 290
03 16 -9999 282 280 276 273 272 268 273 298 307 305 303 299 297 295 291 292 294 300 303 298 297 295 290
03 17 -9999 282 280 276 273 272 268 274 299 307 305 303 299 297 294 291 292 293 300 304 299 298 296 292
03 18 -9999 284 281 277 274 272 268 275 299 307 304 302 298 297 294 291 292 293 299 303 299 298 296 292
03 19 -9999 284 282 277 274 272 268 276 299 307 304 302 297 297 294 292 293 293 300 304 298 298 296 292
03 20 -9999 284 281 277 273 272 268 276 299 306 303 300 296 295 292 290 291 292 298 302 297 297 295 292
03 21 -9999 284 281 276 273 271 267 277 298 305 302 300 296 295 293 290 291 292 298 302 297 297 294 291
03 22 -9999 283 279 275 271 270 266 276 297 304 301 299 295 294 292 290 290 291 298 302 298 297 294 291
03 23 -9999 283 279 274 271 269 265 276 298 304 301 298 295 293 291 290 290 292 299 302 298 297 294 291
03 24 -9999 282 278 273 270 268 265 276 298 304 300 298 295 293 291 290 290 292 300 303 299 297 294 292
03 25 -9999 282 277 273 270 268 265 276 298 304 300 297 294 292 290 289 288 291 299 302 299 297 294 291
03 26 -9999 282 277 272 270 268 264 277 297 303 298 296 293 290 288 287 287 290 299 301 298 296 294 291
03 27 291 282 277 272 270 268 265 278 297 302 298 296 294 290 288 287 287 290 297 300 298 296 293 290
03 28 291 282 277 272 270 268 264 278 296 300 296 294 292 289 286 285 287 289 296 300 298 295 293 290
03 29 291 282 277 272 270 267 264 278 296 300 295 293 292 288 287 286 288 291 297 300 298 296 293 291
03 30 292 283 277 272 270 267 264 279 297 300 296 293 292 288 286 286 288 290 296 299 299 296 293 290
03 31 291 283 277 272 270 268 265 280 298 300 297 293 293 288 286 286 287 290 296 299 299 296 293 291
04 01 291 284 278 273 271 269 266 282 298 301 298 294 293 289 287 287 288 292 297 300 299 296 293 291
04 02 291 283 278 273 271 270 266 283 299 301 298 295 293 289 287 287 287 292 297 299 299 296 293 290
04 03 291 282 277 273 270 269 266 284 300 302 299 295 294 290 287 288 289 293 298 300 301 298 295 292
04 04 293 284 280 275 273 271 268 287 302 304 301 298 296 292 290 291 292 296 300 302 302 300 297 293
04 05 294 285 281 277 274 273 270 289 305 305 303 299 297 294 292 293 295 297 301 304 304 302 299 296
04 06 296 288 284 280 277 275 273 292 308 308 306 302 299 296 295 296 298 299 304 306 307 305 301 298
04 07 299 291 286 283 280 278 275 295 310 310 307 304 301 299 297 297 300 301 305 307 308 305 303 299
04 08 300 292 288 285 281 279 276 296 311 310 309 305 301 299 297 297 300 301 305 307 308 306 304 299
04 09 301 293 289 286 282 280 278 299 313 312 311 308 304 302 300 301 304 305 308 309 312 309 307 302
04 10 304 296 292 289 286 284 282 302 316 315 314 311 307 306 303 304 306 307 310 311 313 311 309 304
04 11 306 297 293 290 286 285 283 304 317 316 315 312 308 306 304 306 308 308 311 313 314 313 311 306
04 12 306 298 294 291 288 286 286 307 320 319 318 314 310 309 306 308 310 310 314 316 317 316 314 308
04 13 309 301 297 294 291 289 289 310 322 321 319 316 312 310 307 309 310 310 314 316 319 318 316 310
04 14 310 302 299 296 293 292 292 313 324 323 322 319 314 313 310 312 312 312 316 320 321 321 319 313
04 15 313 305 302 299 295 294 294 315 326 325 323 320 316 314 311 313 314 312 317 321 323 322 319 314
04 16 314 306 303 300 296 295 295 317 328 325 322 320 315 313 310 312 314 311 316 321 323 323 320 314
04 17 315 307 304 301 297 294 295 317 327 325 322 319 315 313 310 312 313 311 316 322 325 325 322 316
04 18 317 310 306 303 299 296 298 319 329 326 323 320 315 313 310 312 312 311 316 322 325 325 323 317
04 19 318 310 307 303 299 296 298 321 330 327 324 321 317 314 311 312 313 312 317 323 327 328 325 319
04 20 320 313 309 305 302 299 301 324 332 330 326 323 318 316 312 313 313 314 319 326 329 330 327 321
04 21 322 315 311 307 303 300 303 326 333 330 327 323 319 317 314 313 314 315 321 327 330 330 328 323
04 22 322 316 312 308 304 302 304 328 335 332 328 325 321 319 315 314 315 317 322 329 332 332 331 325
04 23 323 318 315 311 307 305 307 330 337 333 330 327 322 321 318 317 317 319 324 331 334 335 333 328
04 24 325 320 317 313 309 307 310 333 339 335 331 328 323 321 318 317 317 320 326 332 335 335 333 328
04 25 325 321 318 314 309 307 311 334 339 335 331 327 323 321 318 317 318 321 326 333 336 337 335 330
04 26 327 323 320 316 312 309 313 337 342 337 333 329 325 322 320 319 319 323 328 335 338 338 335 331
04 27 328 325 322 318 313 310 315 338 343 337 333 330 325 323 320 319 319 322 327 335 338 338 336 332
04 28 328 326 323 319 314 310 315 339 343 338 334 330 325 323 320 319 320 323 327 335 338 339 337 333
04 29 329 327 324 320 314 311 315 339 344 338 334 330 324 323 320 319 320 323 328 334 338 339 336 332
04 30 329 327 324 319 314 311 317 340 344 338 333 330 325 323 321 320 320 324 329 335 339 340 338 335
05 01 330 329 326 321 316 312 319 341 345 340 335 332 326 324 323 322 322 326 332 337 341 342 340 336
05 02 331 330 327 323 317 314 322 344 347 342 337 333 328 326 325 324 324 329 334 339 343 343 341 337
05 03 333 331 328 324 319 316 325 346 349 343 339 335 330 328 327 325 326 330 336 341 345 345 343 339
05 04 335 333 331 326 322 319 328 348 351 346 341 337 331 329 328 326 327 331 337 342 347 346 344 341
05 05 336 334 332 327 322 319 329 349 351 346 341 337 332 329 328 327 328 332 338 342 347 347 345 342
05 06 337 335 332 328 324 321 332 352 354 348 342 338 333 331 329 329 330 334 340 344 349 350 347 345
05 07 340 338 336 331 326 323 335 354 356 350 345 340 335 332 331 330 331 335 342 347 352 353 350 348
05 08 342 341 338 333 329 325 338 357 359 353 348 342 338 335 334 333 333 338 344 350 354 355 353 350
05 09 344 343 340 334 330 327 341 359 361 354 349 343 339 337 335 334 335 339 345 351 356 357 356 353
05 10 346 347 343 338 334 331 344 362 364 358 353 347 343 340 338 336 338 341 348 354 359 360 358 355
05 11 -9999 349 345 339 335 333 347 365 367 361 356 350 345 343 339 338 340 342 349 356 361 362 361 357
05 12 -9999 351 347 341 338 335 350 368 370 364 359 353 349 345 342 341 343 346 353 360 365 365 364 361
05 13 -9999 354 351 345 341 339 354 371 372 367 361 355 351 348 345 343 345 348 355 362 367 368 366 362
05 14 -9999 356 352 346 343 341 356 373 374 368 362 356 352 349 346 344 346 349 356 364 369 370 368 365
05 15 -9999 358 354 349 345 343 359 376 375 369 364 357 354 350 347 345 347 350 357 366 371 372 370 367
05 16 -9999 360 356 351 347 345 362 378 378 372 367 360 357 354 350 349 350 353 359 369 375 376 374 371
05 17 -9999 365 361 356 352 350 366 382 382 376 372 365 362 359 355 354 355 358 364 374 380 381 379 376
05 18 -9999 370 366 360 357 354 370 386 386 381 376 369 366 362 359 359 360 362 368 378 384 385 384 381
05 19 -9999 375 370 365 361 358 374 390 390 384 379 372 370 366 363 363 364 366 373 383 389 390 389 386
05 20 -9999 380 375 369 365 363 378 394 393 388 382 376 375 370 367 367 369 371 377 387 393 395 393 390
05 21 -9999 384 379 374 370 367 382 396 396 390 385 380 378 372 369 369 370 373 378 388 395 396 395 391
05 22 -9999 386 381 376 372 369 384 398 397 392 387 382 379 373 370 372 373 375 380 390 397 399 398 394
05 23 -9999 388 384 378 375 371 387 400 399 394 389 385 382 376 372 374 375 378 381 392 400 402 401 397
05 24 -9999 391 387 382 378 374 390 403 401 396 392 387 384 378 374 377 377 380 383 394 402 405 403 400
05 25 -9999 393 389 384 380 377 393 405 404 398 394 389 386 379 376 379 379 383 386 396 405 408 407 404
05 26 -9999 397 394 389 385 381 397 409 406 401 397 392 388 381 380 382 384 387 391 400 409 412 411 408
05 27 -9999 402 398 394 388 385 401 413 410 404 400 395 391 385 383 386 387 390 394 403 412 415 414 411
05 28 -9999 405 401 396 390 388 404 415 412 407 402 397 393 387 385 388 389 392 396 406 414 418 417 414
05 29 -9999 408 403 399 393 390 407 417 414 409 404 400 396 389 387 391 392 395 400 408 417 421 420 416
05 30 415 410 406 402 397 393 409 418 417 412 406 402 398 392 389 393 395 399 402 410 418 422 421 418
05 31 416 412 408 403 398 394 411 419 418 413 407 402 398 391 389 392 395 399 402 410 418 422 421 418
06 01 415 412 407 403 397 393 411 419 418 412 407 401 396 389 387 390 393 398 401 408 415 421 420 417
06 02 414 411 406 402 396 393 411 419 417 411 405 401 395 389 387 389 392 397 400 409 415 420 419 416
06 03 413 410 406 402 396 393 411 418 417 410 404 400 394 388 386 388 391 396 399 408 414 419 418 415
06 04 412 410 406 401 395 392 410 418 417 410 405 399 392 387 384 388 390 395 399 409 415 419 419 416
06 05 413 410 406 401 395 392 411 419 418 411 404 399 392 387 385 388 390 394 399 410 415 419 419 417
06 06 414 411 407 402 396 393 412 420 419 411 405 400 393 388 387 388 391 395 400 410 416 420 420 418
06 07 415 412 407 403 397 394 414 421 420 413 405 400 393 388 387 388 391 396 402 412 417 422 422 421
06 08 418 414 409 405 399 396 415 423 421 414 406 401 394 389 388 389 392 397 404 413 418 423 423 422
06 09 419 414 410 405 399 395 415 423 421 414 405 400 394 390 388 389 393 397 403 413 418 422 422 421
06 10 418 413 409 404 398 394 414 422 420 414 404 399 392 389 388 388 391 397 402 412 418 422 423 422
06 11 419 413 408 404 398 394 414 421 420 413 404 398 392 388 387 387 390 395 402 411 417 422 424 423
06 12 420 413 409 404 398 394 414 422 421 414 406 400 392 388 387 387 391 396 403 413 419 424 426 425
06 13 422 415 411 406 400 396 416 424 422 415 407 401 392 388 387 387 390 395 402 412 420 424 427 426
06 14 423 416 412 407 401 397 418 426 424 417 409 403 393 389 388 388 391 395 402 414 422 426 430 429
06 15 426 418 413 409 403 399 420 429 427 419 411 405 395 391 389 390 392 396 404 416 426 430 433 433
06 16 430 422 417 412 407 403 424 432 430 422 414 408 397 393 390 391 393 398 406 418 428 433 437 436
06 17 434 425 420 415 410 406 427 435 433 425 418 411 400 395 392 392 394 400 407 419 431 436 439 438
06 18 436 428 422 418 413 409 430 439 437 429 421 414 402 397 394 394 396 402 409 421 434 439 443 442
06 19 440 432 426 421 417 412 433 442 440 433 424 416 406 401 398 397 400 404 411 424 437 442 446 444
06 20 441 435 428 424 420 416 436 445 443 435 428 420 409 404 401 400 403 407 414 427 440 446 449 446
06 21 443 438 431 427 424 419 438 448 445 438 431 423 412 406 402 402 405 409 416 430 442 448 451 449
06 22 445 440 434 430 426 421 440 450 447 440 433 425 414 408 404 403 406 410 417 430 443 449 452 450
06 23 445 441 435 431 427 422 441 451 449 441 435 427 415 409 404 404 407 411 419 432 445 451 454 452
06 24 448 444 438 434 430 425 444 454 452 444 438 430 418 411 407 406 408 413 422 435 449 454 457 455
06 25 451 448 442 437 433 428 447 457 454 446 441 432 420 413 408 408 409 414 423 436 450 455 459 457
06 26 452 450 444 440 436 431 449 459 457 449 443 435 422 415 410 410 411 416 425 438 451 458 460 459
06 27 454 452 446 442 438 433 452 461 459 452 444 436 423 416 410 409 411 417 426 439 452 458 461 460
06 28 455 454 448 444 440 435 453 463 462 454 446 438 426 419 412 412 414 420 429 442 455 460 463 462
06 29 457 456 451 445 442 437 455 465 464 455 447 439 428 420 414 413 416 422 431 443 457 462 464 463
06 30 457 458 452 447 443 438 456 466 464 456 448 440 430 422 416 415 417 423 432 444 458 463 465 464
07 01 458 459 454 448 445 439 456 467 464 456 448 441 431 423 417 416 419 425 434 447 461 465 467 466
07 02 459 461 456 450 447 442 458 469 467 459 450 443 433 425 419 419 421 426 435 447 460 466 467 467
07 03 460 462 457 451 448 442 459 470 468 460 451 443 433 426 420 419 423 427 436 449 461 468 469 469
07 04 462 464 459 453 450 444 461 472 470 462 453 445 435 427 421 420 423 427 437 450 463 470 470 471
07 05 464 465 461 454 451 445 463 475 472 464 455 446 436 428 422 421 425 429 438 451 465 471 472 473
07 06 468 467 463 457 452 446 465 476 475 466 456 448 438 430 422 421 424 429 438 452 467 473 473 474
07 07 471 469 464 458 453 448 466 478 476 468 457 449 439 431 423 421 424 430 440 453 469 474 475 476
07 08 473 471 466 459 455 449 467 479 478 469 458 449 440 431 424 422 425 429 440 455 470 476 476 477
07 09 474 472 467 460 456 450 467 480 479 470 459 450 441 432 423 422 425 429 439 455 470 477 477 478
07 10 475 473 469 462 458 452 469 482 481 472 461 452 443 433 424 423 426 432 441 457 473 479 480 481
07 11 478 475 471 463 459 453 470 483 483 474 463 454 445 435 426 425 428 433 442 458 474 481 482 483
07 12 481 477 473 465 461 455 471 485 485 476 465 456 448 438 429 428 430 434 443 458 476 483 484 485
07 13 483 479 475 467 463 457 473 487 487 478 468 458 450 440 432 429 431 434 443 459 477 485 486 487
07 14 485 481 477 470 465 460 475 490 490 481 471 460 453 442 433 431 433 437 447 463 480 489 490 491
07 15 489 485 481 474 470 463 478 493 493 485 475 464 456 445 437 434 437 441 452 468 484 492 493 493
07 16 491 488 483 476 472 466 480 495 497 488 478 467 458 448 440 436 438 444 454 469 485 494 495 496
07 17 493 490 485 477 473 466 480 496 497 488 478 468 460 448 440 437 438 444 455 472 488 496 497 498
07 18 495 492 487 479 475 469 482 497 499 491 480 470 461 451 442 438 439 445 456 473 489 496 498 498
07 19 496 492 486 479 474 469 481 496 499 491 480 470 461 451 443 439 440 446 457 473 489 496 498 499
07 20 496 493 487 480 475 470 481 497 500 492 480 471 462 452 443 439 439 447 458 473 489 496 498 499
07 21 496 494 488 481 477 471 482 498 501 493 482 473 462 452 445 441 441 448 460 475 490 496 499 500
07 22 496 495 490 482 478 472 483 499 503 495 483 474 464 453 446 442 443 449 461 476 492 498 501 502
07 23 497 495 490 483 478 473 483 499 504 496 485 477 465 454 447 442 445 451 462 476 491 498 501 502
07 24 497 495 490 483 478 472 483 499 504 496 485 478 465 454 447 442 445 450 461 475 490 497 499 500
07 25 496 494 489 482 477 472 482 499 503 496 485 477 465 454 447 441 444 448 460 475 490 496 498 499
07 26 495 493 488 482 476 471 480 497 502 495 484 476 463 453 445 440 442 447 459 476 490 496 497 498
07 27 493 492 487 481 476 470 479 496 501 494 482 475 462 452 444 439 442 447 460 475 490 495 497 498
07 28 493 491 486 480 475 470 478 495 501 493 482 474 461 451 442 438 441 447 459 475 488 494 495 496
07 29 492 490 485 480 474 469 476 494 500 492 481 472 459 449 440 436 438 445 456 473 486 492 493 494
07 30 489 488 484 478 472 467 474 492 499 492 480 472 459 449 439 434 437 443 454 469 484 489 492 492
07 31 488 487 483 477 471 466 473 491 498 491 480 471 458 448 437 434 437 442 452 468 482 487 489 490
08 01 486 485 481 476 470 465 472 490 498 490 479 470 457 447 436 433 436 441 452 466 480 486 488 489
08 02 486 484 480 475 469 464 470 490 497 489 478 470 457 446 436 433 436 441 451 465 480 485 487 487
08 03 -9999 484 480 475 468 464 469 489 496 488 477 469 456 445 435 432 435 440 450 464 478 484 485 485
08 04 -9999 482 478 473 466 462 467 487 495 485 476 467 455 444 433 430 434 437 447 461 476 482 483 484
08 05 -9999 480 476 471 464 460 465 485 492 483 473 465 453 442 430 427 432 435 444 459 473 480 481 482
08 06 -9999 478 474 469 462 459 462 483 490 481 472 463 451 440 429 426 430 433 442 456 470 477 479 480
08 07 -9999 476 473 468 461 457 461 481 489 480 470 461 449 438 427 425 428 431 442 455 470 477 478 479
08 08 -9999 476 473 467 460 457 460 480 488 479 470 459 448 437 426 423 427 431 443 456 470 477 479 479
08 09 -9999 476 472 467 460 456 459 480 488 478 469 459 447 437 425 423 425 430 443 455 469 476 478 479
08 10 -9999 476 472 466 459 456 458 479 488 478 469 458 446 436 424 421 424 429 442 454 467 474 476 477
08 11 -9999 475 471 465 458 455 457 478 487 477 467 457 445 434 423 419 421 426 440 453 466 472 475 476
08 12 -9999 474 470 464 457 454 456 477 485 476 467 457 445 433 422 418 421 424 438 452 466 472 476 476
08 13 -9999 473 469 463 456 453 455 476 485 475 466 457 446 433 422 418 421 424 439 451 465 471 475 475
08 14 -9999 472 468 461 456 453 453 475 483 474 466 455 445 431 421 417 419 422 438 450 464 470 473 474
08 15 -9999 471 467 460 454 451 451 472 481 473 464 454 443 431 420 415 417 421 437 450 464 470 473 473
08 16 -9999 470 466 459 453 450 450 471 481 472 463 453 442 429 419 414 416 419 436 449 462 467 470 471
08 17 -9999 467 463 456 450 447 447 468 478 469 461 450 439 426 415 411 412 417 434 447 461 467 468 469
08 18 -9999 465 461 454 448 445 444 466 476 468 459 448 437 424 412 409 409 414 432 445 459 464 465 466
08 19 -9999 462 458 452 446 443 442 463 474 467 458 446 436 423 411 407 407 412 431 444 459 462 464 464
08 20 -9999 460 456 451 445 441 440 461 472 466 457 444 433 420 410 405 405 412 429 442 456 460 462 462
08 21 -9999 458 454 449 443 439 437 459 471 464 455 443 432 420 410 405 405 412 430 443 457 461 462 462
08 22 -9999 457 453 448 442 438 435 458 470 464 455 443 432 420 410 404 405 413 429 443 456 459 460 460
08 23 -9999 456 452 447 441 436 434 456 469 463 453 442 432 420 410 405 406 412 428 441 455 458 458 458
08 24 -9999 454 449 445 439 433 432 454 466 460 451 440 430 418 408 405 406 413 427 440 453 457 456 455
08 25 -9999 451 446 442 437 431 429 452 464 459 450 440 430 419 409 406 407 414 427 440 453 456 456 455
08 26 -9999 450 446 441 436 430 427 450 464 459 451 440 430 420 410 406 408 415 428 439 451 455 454 453
08 27 -9999 447 443 439 434 428 425 449 462 457 449 439 428 419 410 406 407 414 427 438 450 453 451 450
08 28 -9999 444 440 436 430 424 421 446 459 455 446 437 426 417 409 405 406 412 426 437 448 451 448 448
08 29 -9999 442 438 434 428 421 419 443 458 453 443 434 424 415 406 403 404 411 424 435 446 448 445 445
08 30 -9999 439 435 430 425 419 416 441 455 450 440 431 421 412 402 399 401 408 420 432 444 446 443 442
08 31 -9999 437 433 428 424 417 414 438 452 448 438 429 419 410 401 397 399 406 419 429 441 443 442 440
09 01 -9999 434 430 426 421 415 411 435 450 446 437 428 417 409 402 398 399 406 419 430 440 441 439 439
09 02 -9999 432 429 425 420 413 410 433 449 445 436 427 417 410 403 399 401 407 419 429 439 440 438 438
09 03 -9999 430 426 422 417 411 407 430 446 442 433 425 415 409 401 397 398 405 417 427 436 437 436 435
09 04 -9999 427 424 419 414 408 404 427 443 441 431 425 415 409 401 397 398 404 418 427 435 436 433 433
09 05 -9999 425 421 416 411 406 402 424 440 438 428 422 412 405 397 394 393 400 414 423 430 430 428 428
09 06 -9999 421 417 411 407 402 398 421 437 435 426 419 410 402 393 391 390 396 411 419 427 426 424 423
09 07 -9999 417 412 407 402 398 394 416 433 432 422 415 406 398 391 388 388 394 408 417 424 424 422 421
09 08 -9999 415 410 405 401 397 392 414 431 430 421 415 407 398 390 387 387 392 407 416 422 421 419 419
09 09 -9999 413 409 403 399 394 390 411 428 429 419 414 405 397 389 386 386 391 406 414 421 420 417 417
09 10 -9999 411 406 401 396 392 388 409 427 428 418 412 403 394 386 384 383 388 404 413 419 417 415 414
09 11 -9999 408 403 398 394 389 385 406 425 425 415 408 400 391 383 383 382 388 403 411 416 415 413 411
09 12 -9999 406 401 396 392 388 384 404 424 424 415 408 399 391 383 382 381 387 402 410 415 413 411 409
09 13 -9999 404 399 393 389 385 381 400 421 421 413 406 397 388 381 381 379 384 400 408 412 410 408 406
09 14 -9999 401 396 391 387 382 379 397 418 419 411 405 395 387 380 380 377 382 398 405 409 405 403 401
09 15 400 397 392 386 382 378 374 393 415 415 407 401 392 384 377 376 373 378 395 402 405 402 399 398
09 16 -9999 393 388 383 379 374 371 389 412 412 404 398 388 380 373 372 370 375 391 398 402 399 397 394
09 17 -9999 390 385 380 376 372 369 387 409 410 401 394 385 376 369 368 366 373 389 397 399 398 395 392
09 18 -9999 388 384 379 374 370 367 385 408 409 400 393 384 374 367 367 366 372 388 396 398 396 393 390
09 19 -9999 386 382 377 373 369 366 383 406 407 398 391 382 372 366 366 365 371 386 394 397 395 392 389
09 20 -9999 385 381 376 371 368 365 382 405 406 398 391 382 372 364 364 363 369 385 393 396 394 391 388
09 21 -9999 384 380 375 371 367 364 380 403 406 397 390 381 371 364 362 362 369 385 393 395 393 391 388
09 22 -9999 383 379 374 370 366 363 378 402 404 395 389 381 370 362 360 359 368 383 392 393 392 389 387
09 23 -9999 381 377 372 369 364 361 375 399 402 394 386 378 368 360 358 358 366 382 391 392 391 388 385
09 24 -9999 379 375 371 367 363 359 373 398 400 392 384 376 366 358 356 356 363 378 388 389 387 385 382
09 25 -9999 375 371 367 363 360 355 368 394 397 389 382 374 364 356 354 354 362 376 385 387 385 382 380
09 26 -9999 373 369 365 361 358 354 366 391 395 388 381 373 364 356 352 351 360 374 384 385 382 380 377
09 27 -9999 370 366 361 358 355 350 362 387 392 385 378 370 362 354 351 350 358 372 380 382 379 376 374
09 28 -9999 367 363 359 355 352 347 359 384 390 383 377 369 361 353 349 350 358 371 379 379 376 374 373
09 29 -9999 365 362 357 354 351 346 357 383 389 383 377 370 361 354 350 350 359 372 379 379 376 375 373
09 30 -9999 365 361 357 353 350 345 355 382 388 383 376 370 361 354 350 351 359 370 378 378 376 374 372
10 01 -9999 364 360 356 352 349 344 353 381 388 383 376 370 362 353 349 350 358 369 376 377 374 373 371
10 02 -9999 363 359 354 350 347 342 350 378 385 381 375 368 361 353 349 349 357 367 374 374 371 370 368
10 03 -9999 360 356 352 348 345 339 347 375 383 380 374 367 361 352 349 348 356 366 372 372 369 368 366
10 04 -9999 358 353 350 345 342 336 344 372 381 377 372 365 358 349 345 345 352 362 367 367 364 362 360
10 05 -9999 353 348 344 340 337 331 339 367 377 374 368 361 356 348 344 344 351 360 366 366 362 359 357
10 06 -9999 350 346 342 338 334 328 336 364 374 372 366 358 354 347 343 343 350 359 363 363 360 356 354
10 07 -9999 347 342 337 334 330 324 332 361 371 370 363 356 352 344 341 342 348 357 361 361 357 353 351
10 08 -9999 344 338 334 330 327 321 328 358 369 368 362 354 349 342 339 340 346 355 357 357 353 349 347
10 09 -9999 340 335 330 326 322 318 324 354 367 366 359 352 347 341 337 338 346 354 355 354 350 346 343
10 10 -9999 336 332 327 323 320 315 321 351 364 363 356 350 345 339 335 336 343 351 352 350 347 343 340
10 11 -9999 333 329 324 319 316 311 317 347 361 361 354 348 342 336 332 334 341 349 349 347 344 341 337
10 12 -9999 330 327 322 317 315 310 315 345 360 359 352 346 340 334 330 332 339 346 346 344 341 338 336
10 13 -9999 329 325 320 315 313 308 312 343 359 359 351 345 340 334 330 332 340 346 346 344 341 337 334
10 14 -9999 326 322 318 313 311 306 310 341 358 358 350 344 338 332 329 331 339 344 344 342 339 335 331
10 15 -9999 324 321 316 312 310 306 309 339 357 356 350 344 338 332 329 332 340 345 345 342 339 335 332
10 16 -9999 324 320 316 311 309 305 308 337 356 356 348 343 338 332 330 332 341 345 344 341 338 334 330
10 17 -9999 322 318 313 310 307 303 306 335 356 356 349 344 338 332 329 331 340 344 342 340 336 332 328
10 18 -9999 320 316 310 307 305 300 303 333 355 355 348 343 338 332 329 331 340 343 342 339 335 331 328
10 19 -9999 320 316 310 307 305 300 303 332 354 354 349 344 339 333 330 333 342 344 342 339 335 332 328
10 20 -9999 320 316 310 306 303 299 301 330 352 354 348 344 339 333 330 333 342 343 340 338 334 330 328
10 21 -9999 319 314 309 305 303 299 301 329 351 353 348 344 339 333 330 333 342 342 340 337 333 331 328
10 22 -9999 319 315 309 306 303 300 301 328 350 352 347 344 340 335 331 334 342 342 339 336 333 330 328
10 23 -9999 319 315 309 305 303 299 301 327 349 351 347 343 341 335 331 334 341 341 339 336 332 329 327
10 24 -9999 318 314 308 304 302 297 299 326 347 350 346 342 341 335 331 334 340 339 337 335 331 328 325
10 25 -9999 317 313 307 304 301 296 298 324 346 349 345 341 340 334 331 334 340 338 336 334 331 328 325
10 26 -9999 316 312 306 304 300 296 297 323 344 348 345 341 341 335 332 334 341 338 336 334 330 327 324
10 27 -9999 315 311 305 302 298 294 295 320 342 347 344 341 341 334 331 333 339 338 335 334 329 327 323
10 28 -9999 314 309 304 301 296 293 294 319 340 346 343 340 339 332 330 332 338 336 333 331 327 325 321
10 29 -9999 313 309 303 300 296 291 293 317 339 345 342 340 339 333 330 332 337 335 333 330 327 324 320
10 30 -9999 312 309 303 300 296 292 293 316 338 344 342 340 339 333 330 331 336 334 331 328 325 322 318
10 31 -9999 310 307 302 299 296 291 293 315 336 344 342 340 339 334 330 331 335 333 330 326 323 320 316
11 01 -9999 309 305 300 298 294 290 292 313 333 341 339 338 337 332 329 331 334 332 329 325 322 319 315
11 02 -9999 307 303 299 297 294 290 292 312 332 340 338 337 336 332 329 331 333 330 326 323 319 317 312
11 03 -9999 304 301 298 296 292 289 290 310 331 339 337 336 335 331 329 330 332 329 325 322 319 317 312
11 04 -9999 304 301 298 296 293 290 291 310 330 339 337 337 336 332 329 330 332 328 325 321 318 316 310
11 05 -9999 303 301 297 296 292 290 290 309 329 338 337 337 335 332 330 331 332 328 324 320 316 313 308
11 06 -9999 301 299 296 294 291 288 289 307 327 337 336 336 335 331 330 331 331 326 323 318 314 311 306
11 07 -9999 298 297 294 292 289 286 286 304 325 335 335 335 333 330 329 330 330 325 321 316 311 308 304
11 08 -9999 297 295 293 291 288 285 285 303 323 334 334 335 333 330 328 329 329 324 320 315 311 308 305
11 09 -9999 297 295 293 291 288 286 286 302 323 333 334 335 333 331 329 330 329 324 320 315 310 306 303
11 10 -9999 297 295 293 291 288 286 286 302 322 332 334 335 333 331 330 330 329 324 319 314 309 305 303
11 11 -9999 296 294 292 290 288 285 285 300 320 331 333 333 332 331 329 331 328 323 318 312 307 303 300
11 12 -9999 294 292 290 288 286 284 283 297 317 328 331 331 331 330 328 329 326 321 316 311 306 302 299
11 13 -9999 293 291 289 287 285 282 282 295 315 327 329 330 328 327 326 328 324 319 313 308 303 299 296
11 14 -9999 290 288 285 284 282 279 278 291 311 323 326 326 325 323 322 325 321 316 310 305 300 296 293
11 15 -9999 287 285 282 281 279 275 275 287 307 320 322 323 322 321 320 322 318 313 308 303 298 293 290
11 16 -9999 284 282 279 278 276 272 272 284 304 317 321 321 320 319 318 320 317 312 306 301 295 291 288
11 17 -9999 282 280 277 275 273 269 269 280 300 314 318 319 318 317 316 318 314 310 305 299 293 289 285
11 18 -9999 279 276 273 271 270 266 266 276 296 311 315 316 315 315 314 315 311 306 301 295 288 284 280
11 19 -9999 274 272 269 267 266 261 261 271 292 306 311 312 312 311 310 312 307 303 297 291 285 280 276
11 20 -9999 270 268 265 263 262 257 257 266 287 302 307 308 308 307 306 307 302 298 293 287 281 276 272
11 21 -9999 266 263 260 259 258 253 254 262 284 298 303 305 304 303 302 303 298 294 290 283 278 273 269
11 22 -9999 263 261 257 256 255 251 252 259 280 295 300 302 301 300 299 300 296 291 287 281 276 272 268
11 23 -9999 262 259 256 254 253 250 250 256 278 292 298 300 299 298 297 298 293 289 285 280 274 271 266
11 24 -9999 260 257 254 253 252 248 248 254 276 291 297 298 298 297 296 297 292 288 283 278 272 269 265
11 25 -9999 259 256 253 252 251 247 248 252 274 289 295 296 296 295 294 294 290 286 281 276 270 268 263
11 26 -9999 257 255 252 251 250 247 247 251 272 286 293 295 294 294 292 293 289 284 280 276 270 267 262
11 27 -9999 256 254 251 250 249 246 246 249 270 284 292 294 294 293 291 291 287 282 278 274 268 264 260
11 28 -9999 254 252 249 248 247 245 245 247 268 282 290 292 293 293 291 291 286 282 278 274 268 264 261
11 29 -9999 254 252 250 249 248 246 246 248 268 283 291 294 294 294 293 292 287 282 278 274 268 264 261
11 30 -9999 255 252 250 250 249 246 246 247 268 282 291 293 294 294 293 291 286 281 277 273 267 264 261
12 01 -9999 254 252 250 250 250 248 247 247 268 281 290 293 294 294 293 291 286 281 277 272 267 263 260
12 02 -9999 254 252 250 251 251 249 247 247 267 281 290 294 294 294 292 291 286 280 277 272 267 263 260
12 03 -9999 255 253 251 251 251 249 247 247 267 281 290 293 294 293 291 291 285 280 276 272 267 263 260
12 04 -9999 254 252 250 251 250 249 247 247 267 281 290 293 294 294 292 291 286 280 277 273 268 264 261
12 05 -9999 255 254 251 251 250 249 247 247 267 281 291 293 295 295 293 292 287 281 277 274 269 265 262
12 06 -9999 256 256 252 253 251 250 249 248 268 281 291 294 296 296 294 294 288 282 278 274 269 265 262
12 07 -9999 256 256 253 254 252 250 250 249 268 281 291 294 296 296 294 294 288 283 279 275 269 265 262
12 08 -9999 255 255 253 253 252 249 249 248 266 280 289 293 295 295 293 291 286 280 276 271 266 262 258
12 09 -9999 252 251 249 250 248 246 245 245 263 277 286 290 292 292 290 288 283 278 274 270 265 260 256
12 10 -9999 249 249 247 247 245 244 242 242 260 274 283 286 289 288 287 286 280 275 271 267 263 258 253
12 11 -9999 247 247 245 245 243 241 240 240 257 272 281 284 286 286 285 284 278 274 270 266 261 257 252
12 12 -9999 245 245 243 243 241 239 238 237 255 270 278 281 283 283 282 281 276 272 268 265 260 256 250
12 13 -9999 243 243 241 240 238 236 235 234 253 267 275 279 281 280 280 279 273 269 266 262 257 253 247
12 14 -9999 240 240 237 237 234 233 232 232 250 263 271 275 278 277 277 276 270 266 263 259 254 249 243
12 15 -9999 235 235 234 233 230 229 228 229 246 261 269 273 275 275 275 274 268 263 260 256 250 246 240
12 16 -9999 232 232 230 228 225 224 224 224 242 258 265 270 273 272 272 271 265 261 258 254 247 243 237
12 17 -9999 229 229 226 225 222 220 221 221 239 255 262 267 270 269 270 268 262 257 254 250 244 240 234
12 18 -9999 225 225 223 221 218 216 217 217 236 251 259 264 267 266 268 266 260 256 253 249 243 238 232
12 19 -9999 224 224 222 219 216 215 215 215 233 249 257 262 265 264 265 264 258 254 251 246 241 236 230
12 20 -9999 222 221 220 216 215 214 213 214 232 248 255 260 263 263 264 262 257 253 250 245 240 235 229
12 21 -9999 221 220 219 215 214 213 212 213 231 247 254 259 262 262 263 261 256 253 249 245 239 235 229
12 22 -9999 221 220 219 215 214 213 212 212 231 248 254 259 262 262 264 262 256 252 249 244 238 234 229
12 23 -9999 221 219 217 214 213 213 212 212 230 248 255 260 263 263 265 263 257 253 249 245 239 236 231
12 24 -9999 223 221 219 215 215 214 213 213 231 249 256 262 264 265 266 263 257 253 250 245 239 235 231
12 25 -9999 224 221 219 216 216 215 214 214 232 249 257 263 265 267 267 264 258 254 250 245 239 234 231
12 26 -9999 224 220 218 215 215 214 214 213 231 249 257 263 266 267 268 265 258 253 249 244 238 234 231
12 27 -9999 224 221 218 216 216 215 216 215 232 250 258 264 267 268 269 266 260 255 251 246 239 235 232
12 28 -9999 225 222 220 217 217 217 217 217 234 251 259 265 269 270 270 267 261 256 251 247 240 236 233
12 29 -9999 227 223 221 218 219 218 218 217 234 251 260 266 269 270 271 268 262 257 252 249 243 238 236
12 30 -9999 229 225 223 220 221 221 221 220 237 254 263 268 271 272 273 271 265 260 255 252 247 242 239
12 31 -9999 233 230 228 226 227 226 226 225 241 257 266 270 273 274 275 273 268 262 258 254 249 245 243
