01 01 330 328 326 324 321 320 318 317 326 335 338 341 342 343 342 341 341 341 339 337 335 334 335 333
01 02 331 330 328 326 323 321 320 319 329 338 341 343 346 347 346 344 344 344 342 340 338 337 337 336
01 03 334 332 331 329 326 325 323 323 332 340 343 345 347 348 347 345 344 344 342 340 337 337 337 335
01 04 332 330 328 326 324 322 321 320 329 337 340 342 344 344 344 342 341 341 339 337 334 333 332 330
01 05 328 325 324 321 320 318 317 316 326 334 337 339 340 342 341 340 339 340 338 336 333 332 332 331
01 06 328 325 323 321 320 318 316 315 325 333 335 338 339 340 340 338 337 338 336 334 332 331 330 329
01 07 326 323 322 319 318 315 314 313 323 331 333 336 337 338 338 337 336 336 334 331 329 328 327 326
01 08 322 319 317 314 312 310 309 308 317 325 327 330 332 333 333 331 331 331 329 326 324 322 322 320
01 09 318 315 313 310 308 306 305 304 313 321 323 326 328 329 329 327 327 327 325 323 320 318 318 316
01 10 314 311 310 307 306 303 302 301 310 318 320 323 326 327 327 325 325 325 323 321 318 316 316 314
01 11 312 309 308 305 304 301 300 299 308 316 318 321 323 324 325 322 322 323 321 319 316 314 313 311
01 12 309 307 305 302 301 298 298 297 305 313 315 318 320 322 321 319 319 320 318 316 313 311 311 309
01 13 307 305 304 301 299 296 296 296 304 312 314 317 320 321 321 318 318 319 317 315 313 310 309 307
01 14 304 303 302 299 298 294 294 293 301 309 311 314 317 318 318 315 315 316 314 313 310 307 306 304
01 15 301 300 299 296 294 291 291 290 300 308 310 313 316 317 317 314 315 316 315 313 311 308 306 304
01 16 301 300 300 297 296 294 293 293 302 310 312 314 317 318 318 315 315 316 315 313 311 308 307 304
01 17 302 301 301 298 297 295 294 294 302 309 311 314 316 317 317 314 315 315 314 312 310 307 305 303
01 18 301 299 299 296 295 293 292 291 300 307 309 313 315 315 315 313 313 314 312 310 308 305 303 301
01 19 299 298 298 295 294 292 291 290 299 306 308 312 314 315 315 313 313 314 312 310 309 305 303 301
01 20 299 298 297 295 293 291 290 289 298 305 306 310 313 313 313 310 311 312 310 308 307 303 301 299
01 21 297 296 296 293 292 290 289 288 296 304 306 308 312 312 312 310 311 312 310 309 307 304 302 300
01 22 299 298 298 295 294 293 292 292 300 307 309 312 316 316 316 314 315 317 315 313 312 309 307 305
01 23 303 303 303 300 299 298 298 297 305 311 313 316 320 319 319 317 317 318 317 315 313 311 309 307
01 24 305 305 304 302 301 299 299 298 307 313 315 318 321 320 320 318 319 320 318 317 315 313 312 309
01 25 307 307 306 303 302 300 300 300 308 315 316 319 321 321 320 318 319 321 320 318 316 314 313 311
01 26 308 308 308 305 304 303 303 302 311 317 318 321 324 323 322 321 321 322 320 319 318 316 314 312
01 27 310 310 310 308 308 306 306 305 315 321 322 326 327 326 326 325 324 326 323 322 321 319 317 316
01 28 313 313 313 311 310 309 308 307 317 323 324 327 328 327 327 326 325 327 324 322 322 319 317 316
01 29 314 313 312 310 310 309 308 307 317 322 323 326 327 327 326 325 325 326 324 322 321 319 317 316
01 30 313 312 312 310 309 309 308 307 316 320 322 325 326 326 326 324 324 325 323 321 320 318 316 315
01 31 313 312 311 309 308 307 306 305 314 318 321 324 325 325 325 324 323 325 323 321 319 317 315 314
02 01 311 310 309 307 306 305 305 303 313 318 321 324 325 325 324 323 323 325 323 321 319 317 316 314
02 02 312 312 311 308 308 307 307 305 315 321 323 325 327 327 326 325 324 326 324 322 322 320 319 318
02 03 315 315 314 312 311 311 310 309 319 324 327 328 330 330 328 327 327 328 326 324 324 322 321 320
02 04 318 318 317 315 314 313 313 312 321 326 329 331 332 332 330 329 329 329 327 326 324 323 322 321
02 05 319 318 317 315 314 313 312 311 321 325 328 331 331 332 330 328 328 328 327 325 324 322 321 320
02 06 318 318 316 314 312 311 310 309 319 323 326 328 328 329 327 325 325 325 324 322 322 320 320 318
02 07 316 316 315 313 311 310 309 308 319 323 327 329 330 330 328 327 326 327 326 324 324 323 323 322
02 08 320 320 318 316 314 314 313 312 323 327 331 333 334 335 332 331 330 331 330 328 328 327 327 326
02 09 324 323 322 320 318 317 316 315 326 330 334 336 337 337 334 332 331 331 330 329 328 327 327 326
02 10 325 324 322 320 317 317 316 315 326 330 334 336 337 337 334 332 332 332 331 329 329 328 328 327
02 11 325 324 323 321 318 317 316 315 326 330 334 336 338 338 335 333 332 334 333 331 330 330 330 329
02 12 328 327 325 323 321 320 319 319 329 335 339 340 342 342 339 337 337 338 337 336 335 335 335 334
02 13 333 332 331 329 327 326 325 325 336 341 345 347 349 349 346 344 344 345 345 343 343 342 342 341
02 14 340 339 337 336 333 332 331 331 342 348 351 353 355 354 351 348 348 349 349 348 348 347 347 346
02 15 345 344 342 341 339 338 337 338 350 355 358 359 361 360 356 354 353 355 354 353 352 352 351 350
02 16 349 348 347 346 344 343 342 342 353 359 361 363 365 363 359 356 356 357 356 356 356 355 354 353
02 17 351 350 349 348 345 344 343 344 355 361 362 365 366 365 361 358 357 358 359 358 358 357 356 355
02 18 353 352 350 349 346 345 343 344 355 361 362 364 365 365 361 358 358 359 360 359 359 358 356 355
02 19 353 352 351 349 347 346 344 346 357 362 363 366 367 366 363 360 359 361 362 361 361 361 359 358
02 20 356 356 354 353 351 350 348 350 361 366 367 369 370 369 366 363 363 365 365 365 364 364 362 361
02 21 360 359 357 356 354 353 351 353 364 369 369 371 372 371 368 364 364 365 366 366 364 364 363 362
02 22 361 359 358 356 355 353 352 353 364 369 369 370 372 371 368 365 364 365 366 366 365 364 363 362
02 23 361 359 359 358 356 354 353 354 365 369 369 371 372 371 368 364 364 365 366 366 365 365 363 362
02 24 361 359 359 357 355 352 350 352 364 367 366 369 370 369 366 364 363 365 366 366 366 365 363 362
02 25 361 359 358 357 355 353 350 353 364 367 367 370 371 370 367 365 365 366 368 369 369 368 366 365
02 26 364 362 361 360 357 356 354 356 367 370 370 372 372 371 368 366 365 367 369 370 369 369 367 365
02 27 364 364 362 361 359 357 355 358 369 371 371 373 373 372 369 367 366 367 369 370 370 369 368 366
02 28 365 364 362 360 358 357 354 357 368 371 370 372 372 370 368 366 364 365 367 367 368 367 366 364
03 01 363 362 360 357 356 355 351 355 365 368 367 369 370 368 365 362 361 361 363 363 364 364 363 361
03 02 360 359 358 355 353 352 349 353 363 365 366 368 368 367 365 362 361 361 362 363 363 364 363 361
03 03 360 359 358 355 353 353 350 354 364 366 366 368 369 366 364 361 361 361 363 363 363 364 364 362
03 04 361 360 359 356 354 354 351 356 366 368 368 370 369 367 365 362 361 362 363 363 364 364 364 362
03 05 361 361 360 358 357 356 353 358 368 370 371 373 372 370 367 365 364 364 365 366 367 367 368 366
03 06 365 365 364 362 361 360 358 363 373 374 375 376 376 373 371 369 368 368 370 371 372 372 372 370
03 07 369 368 367 365 364 364 361 366 377 379 379 381 380 378 376 373 372 372 374 374 375 375 375 373
03 08 373 372 371 369 368 368 366 372 382 383 385 386 385 383 381 379 377 376 378 378 379 379 380 378
03 09 377 376 375 373 372 372 370 376 385 387 389 390 390 387 384 381 379 379 380 380 381 382 382 380
03 10 379 379 377 375 374 374 372 378 387 390 391 392 392 389 387 384 382 382 383 383 384 384 385 383
03 11 382 381 380 378 378 379 377 384 393 396 397 398 398 396 393 391 388 387 387 388 388 389 389 387
03 12 387 385 384 381 382 382 381 388 397 400 401 402 401 399 397 394 391 389 389 389 390 391 391 389
03 13 389 387 386 383 383 383 381 389 398 401 402 403 402 399 397 394 391 390 389 390 391 392 392 391
03 14 390 388 387 384 384 384 382 390 399 401 402 403 402 400 398 395 392 390 391 391 392 393 392 391
03 15 390 388 387 384 384 384 382 391 399 402 403 403 403 401 399 396 393 391 393 393 394 395 394 393
03 16 392 390 389 387 386 385 384 393 401 403 405 404 403 401 399 397 395 393 394 395 396 396 396 394
03 17 393 391 390 388 387 387 385 395 403 405 407 406 405 402 400 399 396 394 396 398 399 399 399 398
03 18 396 395 393 391 391 391 390 400 408 410 412 411 410 407 406 404 402 399 401 403 403 404 403 402
03 19 400 399 397 395 395 395 393 404 412 414 416 416 414 412 410 409 406 403 404 407 408 408 407 406
03 20 405 403 402 399 399 399 398 410 417 419 421 421 419 416 414 412 408 405 406 408 409 410 409 409
03 21 408 406 404 402 401 401 401 413 419 422 423 423 420 418 415 413 409 405 406 408 410 411 410 411
03 22 409 408 406 404 404 404 403 416 422 424 426 426 424 421 419 417 413 410 411 413 414 416 415 415
03 23 413 412 409 407 407 407 406 419 425 427 428 427 425 423 420 418 415 412 414 415 417 418 417 417
03 24 416 415 412 410 410 409 408 422 427 429 430 429 427 425 422 421 418 415 416 418 420 421 420 420
03 25 419 418 415 413 412 412 411 425 430 432 432 430 427 425 423 421 418 414 416 418 420 421 420 421
03 26 419 419 416 414 414 412 410 425 430 431 431 430 426 423 421 418 415 412 414 417 419 421 420 421
03 27 419 420 417 416 415 414 413 428 432 432 432 432 428 426 423 419 417 414 416 419 421 422 422 423
03 28 422 422 420 419 419 417 416 432 436 436 435 434 430 428 424 420 418 415 417 420 423 424 424 425
03 29 424 424 422 421 421 420 419 435 438 438 438 437 433 430 427 424 421 418 420 424 427 428 428 429
03 30 429 429 427 426 426 424 423 439 443 442 441 440 436 434 431 426 424 421 423 427 430 431 431 432
03 31 432 431 430 429 429 428 427 443 446 446 445 444 441 438 436 431 428 425 427 431 434 435 435 437
04 01 435 436 435 434 433 432 431 446 450 450 449 448 445 442 440 435 432 429 430 433 437 438 438 439
04 02 438 438 438 436 435 433 433 448 451 450 449 449 446 443 439 435 431 428 430 433 437 439 438 440
04 03 439 439 439 437 436 434 435 449 452 451 450 449 447 444 441 436 433 431 432 435 440 442 441 443
04 04 441 442 441 439 438 436 436 451 454 453 451 451 449 446 443 439 435 433 435 438 443 445 445 446
04 05 444 445 444 442 441 438 439 453 456 455 453 453 451 448 446 441 438 436 438 441 446 448 448 448
04 06 447 448 447 445 443 441 442 455 459 457 455 454 452 448 446 441 438 436 438 441 447 449 449 450
04 07 449 450 450 448 446 443 444 458 461 459 458 457 455 450 448 443 440 438 440 444 450 452 451 452
04 08 452 452 452 450 448 445 447 461 464 461 460 459 457 452 450 445 442 439 442 445 451 453 452 454
04 09 453 453 452 450 448 446 449 462 465 462 461 460 458 454 451 446 443 441 444 448 454 456 456 458
04 10 457 457 455 454 452 449 452 465 468 465 464 462 460 456 454 449 446 444 447 451 456 459 458 459
04 11 458 458 457 455 453 451 454 467 469 467 465 463 461 456 454 451 448 446 449 453 459 462 462 463
04 12 462 461 460 458 456 453 457 471 473 470 469 466 465 460 458 455 453 452 454 457 463 467 467 467
04 13 467 466 465 463 461 459 463 476 479 476 475 473 470 465 464 460 458 456 460 462 468 471 471 472
04 14 472 471 469 468 466 464 469 482 484 482 480 477 475 469 467 464 462 460 464 467 472 476 476 477
04 15 477 476 474 473 470 468 473 487 488 486 484 481 478 472 471 468 465 464 467 470 476 480 480 480
04 16 481 479 477 475 473 471 476 490 491 489 485 482 479 474 472 469 467 466 470 473 479 483 484 484
04 17 484 482 480 479 477 475 480 493 495 493 490 486 483 478 476 473 470 471 474 477 484 488 489 488
04 18 489 487 485 483 481 479 484 497 499 497 494 490 486 482 480 477 475 475 478 481 487 491 492 491
04 19 493 490 489 487 485 483 487 501 503 501 498 493 489 485 483 480 479 478 482 485 490 494 495 494
04 20 495 493 492 489 487 485 491 504 506 503 500 496 492 488 485 483 481 481 484 488 493 498 498 498
04 21 499 497 495 492 490 488 494 507 508 506 502 498 494 490 487 485 482 482 486 490 495 499 500 499
04 22 499 498 496 493 492 489 496 508 510 507 503 499 495 491 489 486 484 484 488 492 497 502 503 501
04 23 501 500 498 496 495 492 499 511 513 511 506 502 498 495 493 490 488 489 493 497 502 507 508 505
04 24 506 505 503 501 500 498 504 516 518 516 511 508 504 500 499 496 494 495 498 502 507 512 511 509
04 25 510 508 507 504 503 501 508 519 521 520 515 512 509 505 503 501 499 500 504 507 513 517 517 515
04 26 515 513 512 510 508 506 513 523 525 524 519 516 513 510 508 506 503 503 508 511 515 519 519 517
04 27 517 516 515 512 511 508 515 525 527 526 521 518 515 512 510 508 505 505 510 514 519 522 522 520
04 28 520 518 517 514 512 510 517 527 529 528 523 520 516 514 512 510 508 509 513 517 522 526 526 524
04 29 524 522 520 517 515 513 520 530 531 530 526 523 520 517 515 514 512 513 518 522 526 530 530 528
04 30 527 526 524 520 519 517 524 534 535 534 530 528 524 521 519 518 517 517 522 527 531 535 535 533
05 01 532 530 529 525 523 520 527 537 537 537 532 530 526 524 522 520 519 520 525 530 534 538 538 536
05 02 535 533 531 528 526 524 532 542 542 541 537 535 531 529 527 526 525 525 531 536 539 543 543 541
05 03 540 538 536 533 531 529 538 547 547 546 542 540 536 533 531 530 529 530 536 540 543 547 547 545
05 04 545 541 540 536 535 533 541 550 550 550 545 543 539 536 534 533 532 533 539 544 547 551 550 548
05 05 548 545 542 539 538 536 545 553 554 553 549 546 542 540 538 537 536 537 543 548 551 554 554 552
05 06 551 548 546 543 541 539 549 557 557 557 554 550 546 544 542 541 541 542 547 553 555 559 559 557
05 07 556 552 550 547 546 544 553 561 562 562 559 555 551 549 547 546 545 546 552 557 560 563 562 561
05 08 560 556 554 550 549 547 556 564 565 565 562 558 554 552 550 549 547 549 554 559 562 565 564 564
05 09 562 559 557 554 552 550 559 567 567 567 564 561 556 555 552 552 550 551 557 562 565 568 568 567
05 10 565 562 559 557 554 553 562 570 570 569 566 563 558 557 554 554 552 553 559 564 567 570 569 568
05 11 566 563 560 558 555 554 564 572 573 572 570 566 562 560 557 556 554 557 562 567 570 573 572 571
05 12 569 567 564 561 558 557 567 576 576 575 572 569 564 563 560 560 557 560 564 569 572 575 574 573
05 13 572 569 566 563 561 559 570 578 578 577 575 571 567 565 563 562 560 562 566 570 574 577 576 575
05 14 573 570 567 565 563 561 572 579 580 578 576 572 568 567 565 564 562 564 568 573 576 578 578 577
05 15 575 573 569 566 564 563 573 581 581 580 578 574 570 569 566 565 564 566 570 574 578 580 579 578
05 16 577 574 571 568 566 565 576 584 585 584 582 577 574 573 570 569 567 569 573 578 581 583 583 582
05 17 580 577 574 571 569 567 579 586 587 586 584 579 576 575 572 571 569 572 575 580 584 585 585 584
05 18 583 580 577 574 572 571 582 589 590 589 587 582 579 578 575 575 573 575 578 584 588 588 589 587
05 19 586 583 580 577 576 574 586 593 593 592 590 586 583 581 579 579 577 579 582 588 591 593 593 591
05 20 590 587 584 581 579 578 589 596 596 595 593 589 586 584 582 581 580 582 585 591 594 595 595 594
05 21 593 590 587 584 582 581 592 599 599 598 596 592 589 587 585 585 583 585 588 593 597 598 598 597
05 22 595 592 589 587 585 583 594 601 601 600 598 594 591 589 587 587 585 586 590 595 598 600 600 599
05 23 597 595 592 589 587 585 597 604 604 603 600 596 594 591 589 589 588 589 592 597 601 603 603 602
05 24 600 597 594 591 590 588 600 606 607 606 604 600 597 594 593 592 591 592 596 601 604 606 607 605
05 25 604 601 598 595 594 592 603 610 611 610 607 604 601 599 597 597 595 596 600 605 609 610 611 610
05 26 608 606 603 600 599 597 608 614 615 614 611 607 604 603 601 601 601 601 605 611 614 616 616 615
05 27 613 611 608 605 604 602 613 619 620 620 617 614 611 609 607 607 606 606 611 616 619 620 620 619
05 28 617 615 612 610 608 606 617 623 625 625 622 619 615 612 610 610 610 610 614 620 623 624 624 623
05 29 620 619 616 613 612 610 620 626 628 628 626 622 618 615 613 613 612 613 618 622 625 627 626 625
05 30 623 621 618 616 614 613 623 629 631 631 628 625 621 618 616 616 615 616 621 625 628 629 629 628
05 31 626 624 621 619 618 616 626 632 634 633 631 628 623 621 620 620 618 619 624 628 631 633 632 631
06 01 629 628 625 623 621 620 630 635 638 637 634 631 627 623 622 622 621 621 626 631 634 636 636 635
06 02 633 631 628 626 624 622 632 638 641 640 636 634 629 626 624 624 623 624 628 634 637 639 638 637
06 03 635 633 630 628 626 624 635 641 643 642 638 635 630 627 625 625 624 625 630 635 638 641 641 639
06 04 637 635 633 631 629 627 638 643 645 644 640 637 633 630 628 627 627 627 633 638 641 644 643 642
06 05 640 638 635 633 631 630 640 645 647 646 643 639 635 632 630 630 629 629 634 639 643 645 645 644
06 06 642 641 638 636 634 632 643 648 650 649 646 642 637 634 632 631 631 632 636 642 645 648 648 647
06 07 645 643 641 639 637 635 646 650 653 652 649 645 640 637 635 634 634 635 639 645 648 651 651 650
06 08 648 646 643 641 639 638 649 653 656 655 652 647 642 639 637 636 636 637 642 648 651 654 654 652
06 09 651 648 646 644 642 640 651 656 658 658 655 650 644 642 639 637 638 639 644 649 653 656 656 654
06 10 652 650 647 645 643 642 652 657 660 660 657 651 646 643 640 638 638 640 645 650 653 656 656 654
06 11 653 650 647 646 643 642 653 657 660 659 656 650 645 642 639 637 638 639 644 650 654 657 657 655
06 12 654 650 648 646 644 643 654 658 661 659 657 651 646 643 640 638 639 640 645 651 655 658 659 657
06 13 655 652 650 648 645 645 656 660 663 662 659 653 648 645 642 640 641 642 647 653 657 661 662 660
06 14 658 655 653 651 648 647 658 663 666 664 661 655 650 647 644 642 642 644 648 655 659 663 664 662
06 15 660 657 655 653 650 649 660 665 667 667 663 657 652 649 645 643 644 645 649 656 661 664 665 663
06 16 661 658 656 654 651 651 662 666 669 668 665 658 653 651 646 644 645 646 651 658 662 665 666 665
06 17 662 660 658 655 653 652 663 667 670 669 666 659 654 652 647 645 646 648 652 659 663 667 668 666
06 18 663 661 659 657 654 654 665 669 672 671 668 661 656 653 649 647 648 650 654 661 665 668 669 667
06 19 664 662 660 658 655 655 666 671 673 673 669 662 657 655 651 648 650 651 655 662 666 669 670 668
06 20 665 663 661 659 656 656 666 672 674 674 670 663 658 655 652 649 650 652 657 664 668 670 671 669
06 21 667 664 663 660 658 657 668 674 676 675 671 665 660 657 653 651 652 654 658 665 669 671 672 670
06 22 668 665 664 662 659 659 669 675 677 676 672 666 661 658 655 652 653 655 659 667 670 672 673 672
06 23 669 667 665 663 660 660 670 676 677 677 673 668 663 660 657 654 655 656 660 668 671 673 674 672
06 24 670 668 666 664 661 661 671 677 678 678 674 669 665 661 658 656 656 657 661 670 672 674 675 674
06 25 671 669 668 665 662 662 672 678 679 679 676 670 666 663 659 657 658 659 663 672 674 676 676 676
06 26 673 672 670 668 665 664 674 681 682 682 678 673 669 665 662 659 660 661 666 674 676 678 678 677
06 27 675 673 671 669 667 666 676 682 684 684 681 675 671 667 664 662 662 662 667 675 677 679 679 678
06 28 676 674 673 671 668 668 678 684 685 686 683 678 674 670 667 665 665 666 670 678 680 681 681 680
06 29 678 676 674 673 670 670 680 686 687 688 686 681 677 673 670 667 667 668 672 679 681 682 682 681
06 30 679 677 675 673 671 670 680 687 689 690 688 683 679 675 672 669 669 670 674 681 683 684 683 682
07 01 680 679 677 675 673 672 682 688 690 692 690 685 681 677 674 671 671 672 676 683 684 685 685 684
07 02 682 680 678 676 674 673 683 690 692 694 692 688 684 680 677 675 674 675 679 685 686 687 687 686
07 03 684 682 680 678 676 675 685 692 694 696 695 690 687 683 679 677 677 677 682 688 689 690 689 688
07 04 686 684 682 680 678 677 687 693 696 698 697 693 690 685 682 680 679 680 685 690 691 692 692 690
07 05 688 686 684 682 680 679 689 695 699 701 701 696 693 689 686 683 682 683 687 694 694 695 694 692
07 06 690 688 686 684 682 681 691 697 700 703 703 698 695 691 688 685 684 685 689 695 696 696 695 693
07 07 691 689 687 685 683 682 692 698 701 703 703 700 696 692 689 686 686 687 691 696 696 697 696 694
07 08 692 690 688 686 684 683 692 699 702 704 704 700 697 692 689 687 686 687 692 697 697 698 697 695
07 09 693 691 689 687 685 684 693 699 703 706 705 701 697 694 690 688 687 689 694 698 699 700 699 697
07 10 695 693 690 688 686 685 695 701 705 707 706 703 698 694 692 689 689 690 694 699 700 701 700 698
07 11 696 693 691 689 687 686 695 702 705 707 707 703 699 695 692 689 689 690 695 700 700 701 700 699
07 12 696 694 692 690 688 686 696 703 706 708 707 704 699 695 692 689 689 691 696 701 701 703 702 700
07 13 698 696 693 691 688 687 697 704 707 709 707 703 698 695 691 689 689 690 696 701 702 703 702 701
07 14 698 696 694 691 689 688 697 705 708 709 707 704 699 696 692 689 689 690 697 703 703 704 703 702
07 15 699 697 695 692 690 689 698 706 709 710 708 704 700 696 692 690 689 691 697 703 703 705 704 702
07 16 699 697 695 692 690 689 698 706 708 709 708 704 699 696 692 689 689 690 697 702 703 704 703 701
07 17 699 697 695 692 690 688 698 706 708 709 707 703 698 695 691 688 687 689 696 701 703 704 702 701
07 18 698 697 694 692 689 688 698 705 708 709 707 703 697 694 690 688 687 689 696 702 703 704 703 701
07 19 699 697 695 692 690 688 697 706 708 709 707 703 697 693 690 687 686 688 695 702 703 704 703 702
07 20 699 697 695 692 690 689 698 706 708 709 706 702 696 692 689 687 686 688 695 701 703 704 703 702
07 21 699 697 695 692 690 688 698 706 708 708 706 702 696 692 688 686 685 687 694 700 703 704 703 702
07 22 699 697 695 693 690 689 698 706 709 709 707 703 696 692 688 686 686 687 695 701 703 704 703 702
07 23 700 698 695 693 691 689 699 707 710 710 708 704 698 693 689 687 687 688 695 702 704 704 703 702
07 24 700 698 695 693 691 689 699 707 710 710 708 704 698 693 689 687 687 688 695 702 703 704 703 702
07 25 699 697 695 692 691 689 699 707 710 710 708 704 698 693 689 688 687 688 696 702 704 704 703 702
07 26 699 697 695 692 691 689 698 707 709 710 708 704 698 693 690 687 687 688 696 701 704 704 703 701
07 27 699 697 695 692 690 689 698 706 708 710 708 703 698 693 689 687 686 688 696 701 704 703 702 701
07 28 698 696 694 692 690 688 697 705 708 710 708 703 697 692 689 687 686 688 696 701 703 703 702 701
07 29 698 696 694 691 689 688 697 704 708 710 707 703 697 692 689 688 687 688 695 701 704 703 702 701
07 30 698 696 694 691 689 688 696 704 707 709 707 702 697 692 689 687 686 687 695 701 703 702 701 700
07 31 697 695 693 690 689 687 695 703 707 708 706 701 696 691 688 687 686 687 695 700 702 701 701 699
08 01 696 694 692 689 688 686 694 702 706 707 705 701 696 690 688 686 686 686 694 700 701 700 699 698
08 02 695 693 691 688 687 686 693 701 705 707 704 700 695 690 687 685 684 685 693 698 699 698 698 696
08 03 694 692 689 687 686 684 692 700 704 705 703 698 694 689 685 683 682 683 692 697 698 697 697 695
08 04 693 691 688 686 685 683 691 699 703 705 702 697 693 687 685 682 681 682 690 696 696 696 695 693
08 05 691 689 687 685 684 682 689 698 702 703 701 695 691 686 683 681 680 680 689 694 695 694 694 692
08 06 690 688 685 683 682 680 687 696 700 701 698 693 689 684 681 679 677 678 687 692 693 693 692 690
08 07 688 686 683 682 680 679 685 694 698 700 697 691 686 682 678 676 674 676 685 691 691 692 691 689
08 08 687 685 682 680 679 677 684 693 697 698 695 689 685 680 677 674 673 675 684 689 690 691 690 688
08 09 686 684 682 680 679 677 683 693 697 698 695 688 684 679 675 673 672 674 683 689 689 690 690 688
08 10 686 684 681 680 679 677 683 693 697 698 695 688 684 679 676 673 672 674 684 689 690 691 690 688
08 11 686 684 682 680 679 677 683 693 697 698 695 689 684 679 676 673 673 674 684 689 689 690 690 688
08 12 686 684 682 680 679 677 683 693 697 698 695 689 684 679 676 672 672 674 684 688 689 690 689 687
08 13 686 684 681 680 679 677 682 693 697 697 694 689 683 678 675 671 671 673 683 687 688 689 688 687
08 14 685 683 681 679 678 676 681 692 696 697 694 688 683 678 674 671 671 673 683 687 688 689 688 687
08 15 685 683 680 679 677 675 681 692 696 696 693 687 682 677 673 669 669 672 682 686 688 689 687 686
08 16 685 683 680 678 677 674 680 692 696 696 693 687 681 676 673 669 669 672 682 686 687 688 687 685
08 17 684 682 679 678 676 674 679 691 695 695 692 686 680 675 671 668 668 671 681 685 686 687 686 684
08 18 683 681 678 677 675 673 678 690 694 694 692 686 680 674 671 668 668 672 681 684 685 687 685 684
08 19 682 680 678 676 674 672 677 689 693 693 691 685 679 674 671 668 668 672 681 684 686 687 685 684
08 20 683 680 678 676 674 673 677 690 694 694 692 686 680 675 671 669 669 672 682 685 687 688 686 685
08 21 684 681 679 677 675 673 678 691 694 695 693 687 680 675 672 669 669 672 683 686 687 688 687 686
08 22 684 682 680 678 676 674 678 691 695 695 693 688 682 676 673 671 671 674 684 686 687 688 687 686
08 23 684 681 679 678 675 673 678 690 694 694 693 687 681 676 672 670 670 673 683 685 686 687 685 684
08 24 682 680 677 676 674 672 676 688 692 692 691 686 680 674 671 669 669 672 682 684 685 686 684 683
08 25 681 678 676 674 672 670 674 686 690 691 690 684 679 673 670 668 668 670 680 682 683 684 682 680
08 26 679 676 674 672 670 668 672 684 688 689 688 682 677 671 668 666 666 669 677 680 681 681 680 678
08 27 676 674 672 670 668 666 670 681 685 686 685 679 674 669 666 664 664 666 674 677 678 678 677 675
08 28 674 671 669 667 665 663 667 678 682 682 681 676 671 666 663 661 660 663 671 673 674 674 673 671
08 29 670 667 665 663 661 660 663 675 678 679 678 673 668 663 660 658 657 659 668 670 671 671 670 668
08 30 667 664 663 661 659 657 661 672 675 677 676 671 666 660 656 655 654 657 665 667 669 668 668 666
08 31 664 662 660 658 656 655 658 670 673 674 673 669 664 658 655 653 652 654 663 665 667 666 666 664
09 01 663 660 658 656 654 653 656 667 671 672 671 667 662 656 653 651 650 653 661 663 665 665 664 663
09 02 661 658 656 654 652 650 653 665 668 670 669 664 659 654 650 648 647 651 659 661 663 662 662 660
09 03 658 656 654 651 649 648 650 662 665 667 666 662 657 652 648 645 644 648 655 658 659 659 659 657
09 04 655 652 650 648 646 644 646 659 662 664 663 659 654 649 645 642 641 645 652 654 656 656 655 654
09 05 651 649 647 645 643 641 643 655 659 660 660 656 651 647 643 639 639 642 650 652 654 653 653 651
09 06 649 647 645 642 640 638 640 653 656 658 658 653 648 644 640 637 636 640 647 650 652 651 651 649
09 07 647 645 643 640 638 636 638 651 654 656 656 651 646 641 638 634 634 638 645 648 650 649 649 648
09 08 645 643 641 638 636 633 635 648 651 653 652 647 642 638 634 630 630 633 641 644 646 646 645 644
09 09 641 639 637 634 632 630 632 644 647 649 648 644 639 635 630 627 626 630 638 641 643 643 642 641
09 10 638 636 634 631 629 627 628 641 644 645 644 640 635 631 627 623 622 626 635 637 639 639 639 637
09 11 634 632 630 627 625 622 623 638 641 642 641 637 632 627 623 619 619 623 632 635 637 637 636 635
09 12 631 629 627 624 622 619 620 635 638 640 639 635 629 625 621 617 617 621 630 634 636 636 635 633
09 13 630 628 625 623 620 618 618 633 637 638 637 633 627 623 619 616 616 621 629 633 635 635 633 632
09 14 629 626 624 621 619 616 616 631 635 636 635 631 625 622 618 615 614 619 628 632 633 633 631 630
09 15 627 624 621 618 616 614 613 628 632 633 632 628 622 618 614 612 611 616 625 629 631 630 628 627
09 16 624 621 618 616 613 611 610 624 629 629 628 624 619 616 612 609 608 613 621 625 627 626 624 623
09 17 620 617 614 611 609 606 606 620 625 626 625 620 615 612 608 606 605 609 618 622 623 623 621 620
09 18 617 614 611 608 606 603 603 617 622 622 621 617 612 608 605 603 602 606 615 619 620 619 617 616
09 19 613 610 607 604 602 599 599 613 618 618 617 613 608 605 601 599 598 602 611 615 617 616 614 612
09 20 609 607 603 600 598 595 595 609 614 614 612 608 604 600 597 595 594 598 606 611 612 611 609 607
09 21 605 602 599 595 593 590 589 603 608 609 607 603 598 595 591 589 588 592 600 605 606 605 603 601
09 22 598 595 592 589 587 584 583 598 602 602 600 595 592 588 584 583 581 585 593 597 599 598 596 594
09 23 592 589 586 582 580 578 577 592 597 597 595 590 587 583 580 578 577 581 589 594 596 594 592 590
09 24 587 585 581 578 576 573 572 588 593 592 590 586 582 578 574 573 572 576 584 589 591 590 587 585
09 25 582 579 576 572 570 568 567 583 589 588 586 582 578 574 570 569 568 573 581 586 587 586 583 581
09 26 578 576 572 569 567 564 563 579 586 585 583 579 575 571 567 566 565 571 577 583 584 583 580 578
09 27 575 572 569 566 564 561 560 576 583 582 580 576 572 568 564 562 561 567 573 579 580 579 576 574
09 28 571 568 565 562 560 557 556 572 579 578 576 571 567 563 560 558 557 562 568 574 575 573 571 568
09 29 565 563 560 557 555 552 552 568 574 573 571 566 562 558 555 553 552 557 564 569 570 568 566 563
09 30 560 558 555 552 549 547 546 562 568 567 565 560 556 552 549 547 546 551 558 563 564 563 561 558
10 01 554 552 549 546 544 542 541 557 563 562 560 555 552 548 544 542 542 548 554 560 561 560 558 555
10 02 552 549 547 543 541 539 538 554 560 559 556 552 548 544 541 539 539 545 551 557 558 557 555 552
10 03 548 546 543 540 537 535 534 550 556 555 552 548 545 541 538 536 536 542 548 554 555 554 552 548
10 04 546 543 540 537 534 532 530 546 554 553 549 545 541 536 534 532 532 539 544 550 551 550 548 544
10 05 542 539 536 534 531 529 527 543 551 550 546 541 537 533 531 529 530 537 542 548 548 548 545 542
10 06 539 536 534 531 528 526 525 541 549 548 544 539 535 531 529 528 528 535 540 546 547 546 544 540
10 07 537 534 531 528 526 523 522 537 546 545 541 537 533 528 526 525 526 533 538 544 545 544 542 538
10 08 535 532 529 526 523 521 520 535 544 543 539 534 529 525 523 522 522 530 535 541 541 541 538 535
10 09 532 528 526 523 520 518 517 531 540 539 535 530 526 522 520 520 520 527 532 538 538 538 535 532
10 10 529 525 523 520 518 515 514 528 537 536 532 527 523 519 518 517 518 525 530 536 536 536 533 530
10 11 527 523 521 518 516 513 511 524 533 533 528 523 520 516 514 514 514 521 526 531 532 531 529 525
10 12 523 519 516 513 511 508 506 519 528 528 523 519 516 512 511 511 511 518 523 528 529 528 525 522
10 13 519 516 513 510 508 505 503 516 525 525 520 516 513 508 506 507 507 514 519 524 525 525 521 519
10 14 516 513 510 507 505 502 500 513 523 523 518 514 510 506 504 504 505 512 517 522 523 522 519 516
10 15 514 511 509 506 504 501 499 511 522 522 517 513 510 506 504 504 505 511 516 520 521 521 518 515
10 16 512 509 507 504 501 498 497 509 519 520 515 511 507 503 501 501 502 508 512 516 517 516 513 510
10 17 507 505 502 499 497 494 492 503 514 514 510 506 503 499 496 497 498 504 508 512 513 512 509 507
10 18 504 501 498 495 494 490 489 500 511 511 506 502 499 494 492 492 493 499 504 508 509 508 506 503
10 19 499 497 494 492 490 487 485 497 508 508 504 499 496 491 489 489 490 496 500 505 506 505 503 500
10 20 496 494 491 488 486 483 481 492 503 503 499 495 493 488 485 486 486 492 496 500 501 501 498 496
10 21 492 490 487 484 482 479 477 488 499 499 495 491 488 484 481 481 481 487 491 495 496 495 493 491
10 22 488 485 483 480 478 475 473 485 496 497 493 489 487 482 479 479 480 485 489 493 494 493 491 489
10 23 486 484 481 479 477 474 472 482 494 495 493 489 487 483 479 479 480 485 489 492 493 493 491 488
10 24 486 483 480 478 476 474 471 482 494 495 493 489 488 483 480 479 480 484 488 492 493 493 491 488
10 25 485 483 480 478 476 473 471 481 494 496 494 490 488 483 480 479 479 483 487 490 491 490 488 486
10 26 483 480 478 475 473 471 469 478 491 493 491 488 485 480 476 475 476 480 484 487 488 488 485 483
10 27 480 477 474 472 469 467 465 475 488 490 488 484 482 477 473 472 472 476 479 483 483 483 481 478
10 28 475 473 470 467 465 463 462 471 484 486 484 481 478 474 470 468 469 472 476 479 479 479 477 474
10 29 472 469 466 464 462 460 458 467 480 482 480 476 473 469 465 463 463 467 470 473 473 473 472 469
10 30 466 463 460 457 455 453 451 460 473 475 473 469 466 462 458 456 456 459 463 466 467 467 466 463
10 31 460 457 455 452 450 448 446 456 470 472 469 465 462 458 455 452 452 455 459 462 463 464 462 459
11 01 456 454 451 448 446 445 443 451 467 470 466 463 459 455 451 448 448 451 455 458 459 459 457 454
11 02 452 449 447 444 442 441 439 447 462 465 463 461 457 453 450 447 447 449 453 456 456 457 455 451
11 03 448 446 443 441 439 437 435 443 457 461 459 457 453 450 445 443 443 445 448 451 451 452 450 447
11 04 444 442 439 437 435 434 432 438 453 457 455 452 448 444 440 437 437 440 443 445 446 446 445 441
11 05 439 436 434 432 430 429 427 433 448 452 450 448 444 440 437 434 434 436 439 441 442 442 441 438
11 06 435 432 430 427 426 425 423 428 443 447 445 443 439 437 433 430 431 433 436 438 438 438 437 434
11 07 431 428 426 424 422 422 419 424 439 444 441 439 436 433 430 428 428 430 432 434 435 434 433 429
11 08 426 424 422 419 418 417 415 420 435 439 437 435 432 430 426 424 424 426 428 429 429 429 427 424
11 09 421 419 416 414 413 411 409 414 429 433 431 429 426 424 421 419 419 421 423 424 425 424 423 419
11 10 416 414 411 409 408 407 405 410 424 429 427 425 422 421 418 416 417 419 419 421 421 420 419 415
11 11 413 410 408 406 405 404 402 407 422 426 425 424 421 419 416 414 415 417 418 420 420 418 417 414
11 12 412 409 407 406 404 404 402 406 421 426 425 424 422 419 417 415 417 419 420 420 421 419 418 415
11 13 412 410 407 405 404 403 401 404 419 424 423 423 421 418 416 415 416 418 419 420 420 419 417 414
11 14 412 409 407 406 404 403 402 404 419 424 424 424 421 419 416 415 417 419 419 420 420 418 416 413
11 15 410 408 406 404 403 402 400 402 416 422 422 421 419 416 413 412 414 416 416 417 417 415 413 410
11 16 408 406 404 402 401 400 398 400 414 420 420 420 419 417 414 414 416 417 417 417 417 415 413 411
11 17 409 406 404 402 400 399 397 399 413 419 419 419 417 414 412 411 413 414 413 414 413 412 409 407
11 18 406 403 401 399 398 397 395 397 412 418 418 418 415 413 410 410 412 414 413 413 413 412 408 406
11 19 406 402 400 399 397 396 394 396 412 418 419 419 417 415 413 413 415 416 415 416 415 414 410 409
11 20 408 405 403 402 399 398 397 399 414 421 421 422 420 418 416 416 418 419 418 419 418 416 413 412
11 21 411 408 406 404 402 400 398 400 415 422 422 423 421 419 416 416 418 418 416 417 416 414 412 409
11 22 408 406 403 401 399 397 396 398 412 418 419 420 418 416 413 412 414 414 413 413 412 411 408 406
11 23 405 403 401 400 398 396 394 396 410 416 417 417 415 413 410 409 411 411 410 411 409 408 406 404
11 24 403 401 398 397 395 392 391 392 406 412 413 413 411 409 405 404 407 406 405 406 404 403 400 400
11 25 398 397 394 393 391 388 387 388 403 409 410 410 409 407 404 402 405 405 404 404 403 401 399 398
11 26 396 395 391 390 388 385 384 385 399 406 407 408 407 405 402 400 402 402 401 401 399 398 396 395
11 27 393 391 387 386 384 381 380 381 395 401 402 402 401 399 395 393 396 395 394 394 392 391 388 388
11 28 386 384 380 379 377 374 373 374 389 396 397 397 397 395 390 389 391 390 389 389 387 386 383 382
11 29 381 378 375 374 372 369 368 369 383 390 391 392 391 390 385 384 386 386 385 385 383 382 379 378
11 30 377 375 371 370 368 365 363 364 379 386 388 389 389 388 384 383 385 384 383 382 381 379 376 376
12 01 374 371 368 368 365 362 361 362 376 383 385 385 385 383 380 378 381 380 379 378 377 375 373 372
12 02 371 369 366 365 363 360 358 359 373 381 383 384 384 382 379 378 380 379 378 378 376 375 372 372
12 03 370 368 365 364 362 359 357 358 372 379 381 382 383 380 378 376 377 375 375 374 372 371 369 369
12 04 366 365 362 361 359 356 354 355 368 375 378 378 379 377 374 372 373 371 372 370 369 367 365 364
12 05 361 360 356 356 353 350 348 349 361 368 370 371 372 370 367 366 367 365 365 364 363 361 359 359
12 06 357 354 352 351 349 347 345 346 358 365 367 368 369 367 365 363 365 363 364 362 361 360 357 357
12 07 356 353 350 350 348 346 344 344 356 363 365 366 367 365 363 362 363 362 362 361 360 358 356 356
12 08 355 351 348 348 345 343 341 342 353 360 363 364 366 364 363 361 362 361 360 359 358 357 354 353
12 09 351 348 345 345 342 340 339 340 351 358 362 363 365 364 362 361 362 361 360 358 358 357 354 353
12 10 352 348 345 345 342 340 339 339 350 358 361 362 364 362 361 360 360 359 358 356 356 354 352 350
12 11 349 346 344 343 340 338 337 337 348 356 359 359 361 359 357 357 356 355 354 353 352 351 348 346
12 12 346 343 340 340 337 336 334 335 345 353 356 357 359 358 356 355 355 354 353 351 351 349 347 345
12 13 344 341 339 338 336 335 333 334 344 352 355 356 358 356 355 354 355 353 352 351 351 349 346 345
12 14 343 341 339 338 336 335 334 335 346 353 356 358 360 359 358 358 358 356 355 353 352 351 348 346
12 15 344 342 340 340 338 337 336 337 347 354 357 359 361 360 358 358 358 357 355 353 353 351 349 347
12 16 344 342 340 339 337 336 334 335 345 351 355 357 359 358 356 355 355 354 352 350 350 348 346 343
12 17 341 338 337 336 334 333 331 331 340 347 350 352 354 353 352 351 350 348 347 345 344 342 340 337
12 18 335 332 331 329 327 326 324 324 333 339 342 345 347 347 346 345 345 344 342 340 340 338 336 333
12 19 331 328 326 324 322 321 318 318 327 334 337 340 342 342 341 340 340 339 338 336 336 333 332 329
12 20 328 325 324 322 320 319 318 318 327 334 338 340 342 343 341 340 341 340 338 336 336 334 332 329
12 21 328 326 324 323 320 319 317 317 327 334 338 341 343 343 341 339 340 339 337 335 335 332 331 328
12 22 326 324 323 321 319 317 315 316 326 333 337 341 343 343 341 339 339 338 337 334 333 331 329 326
12 23 324 322 321 319 317 315 313 313 323 331 335 338 340 340 339 337 337 337 335 333 332 330 329 327
12 24 325 324 323 321 319 317 315 315 325 333 337 341 342 342 341 339 340 339 338 336 334 332 331 329
12 25 326 324 323 322 319 318 316 316 325 334 338 341 342 342 341 339 340 339 338 336 334 332 331 329
12 26 326 325 324 322 320 319 318 317 327 335 339 342 343 344 343 342 342 341 340 338 335 334 333 331
12 27 328 327 326 325 322 321 319 319 328 336 340 344 345 346 345 344 344 343 342 340 338 336 336 333
12 28 331 329 328 326 324 323 320 319 329 337 342 345 346 347 347 345 345 344 342 340 338 336 336 333
12 29 331 329 328 325 323 321 318 317 326 335 339 342 343 344 343 341 342 341 339 337 335 334 333 331
12 30 330 328 326 324 321 320 318 317 326 335 339 342 343 343 343 341 341 340 338 337 335 334 334 332
12 31 330 329 327 325 322 321 319 319 328 336 340 342 343 344 344 342 342 341 339 337 335 334 334 332
