01 01 -9999 247 246 244 243 244 244 244 243 248 253 255 254 253 253 253 251 252 250 249 250 249 248 247
01 02 -9999 247 247 245 244 245 245 245 244 250 254 256 256 255 255 255 253 253 251 251 251 250 248 247
01 03 -9999 247 247 245 243 244 244 244 244 250 254 257 256 256 256 256 253 254 252 251 251 250 248 247
01 04 -9999 247 246 244 242 242 242 242 241 247 252 254 254 253 253 252 250 250 248 247 247 246 244 244
01 05 -9999 242 241 240 237 238 239 239 238 245 248 251 250 250 250 249 247 247 245 244 245 243 242 241
01 06 -9999 240 239 238 236 238 238 239 238 244 248 250 250 249 249 248 246 246 245 244 244 243 241 240
01 07 -9999 238 237 238 235 237 237 237 237 243 246 249 249 248 248 247 245 246 244 243 244 242 241 240
01 08 229 237 236 237 234 235 235 234 233 238 241 243 243 242 242 242 240 241 239 238 239 237 236 235
01 09 -9999 232 231 232 228 229 229 229 228 234 237 239 240 239 239 238 237 237 234 233 233 232 230 229
01 10 -9999 227 226 227 224 225 226 226 225 230 234 236 237 236 236 235 234 235 233 231 231 230 228 226
01 11 -9999 223 222 223 220 221 221 221 220 226 230 231 232 231 232 232 231 231 229 228 227 226 224 223
01 12 -9999 220 219 220 216 217 217 217 216 221 225 227 228 227 228 228 227 227 225 224 223 222 221 218
01 13 -9999 214 213 216 212 212 213 213 212 217 221 222 224 224 225 225 224 224 222 221 220 218 217 215
01 14 -9999 209 209 211 208 207 208 208 208 212 217 218 219 218 219 219 218 218 216 216 214 212 211 210
01 15 -9999 204 203 206 203 203 203 204 204 208 213 215 217 216 218 218 217 217 215 215 213 211 211 209
01 16 -9999 204 204 206 203 202 203 204 203 209 213 215 218 218 220 220 220 219 217 217 215 213 213 211
01 17 -9999 206 205 208 205 204 204 205 205 210 215 217 219 220 222 221 221 220 219 217 216 214 214 212
01 18 -9999 206 207 209 206 205 206 206 206 211 216 218 220 221 222 221 220 220 218 217 215 214 213 211
01 19 -9999 206 206 207 204 204 204 205 204 210 214 215 218 220 221 221 220 220 218 217 215 213 213 210
01 20 -9999 205 204 205 203 201 201 202 202 207 211 212 215 217 218 218 217 216 216 214 212 211 209 208
01 21 -9999 202 201 202 200 197 197 198 198 204 209 210 213 215 216 216 215 214 213 211 209 208 207 205
01 22 -9999 200 200 200 198 197 197 198 198 204 209 210 213 216 216 217 216 215 214 212 210 209 208 206
01 23 -9999 202 202 203 201 199 200 201 202 208 213 214 218 219 220 220 218 217 216 214 212 210 210 207
01 24 -9999 204 205 205 203 202 201 202 203 209 214 215 218 220 220 220 219 218 217 215 214 212 212 210
01 25 -9999 207 207 208 205 204 203 204 205 212 216 218 220 223 222 222 220 218 217 216 214 213 212 211
01 26 -9999 208 209 210 208 207 207 207 208 215 219 221 224 226 225 225 222 221 220 217 216 214 214 213
01 27 -9999 211 211 211 210 209 209 210 211 218 222 225 227 229 229 229 227 225 224 221 221 218 218 218
01 28 -9999 215 216 216 214 214 213 214 214 222 225 228 230 231 230 230 228 227 225 223 222 220 220 219
01 29 -9999 217 217 218 216 216 215 215 215 223 226 229 230 232 231 231 228 227 225 223 223 221 221 219
01 30 -9999 218 218 218 217 216 215 215 215 223 226 228 230 232 230 230 228 227 225 222 222 220 220 219
01 31 -9999 219 219 218 217 217 215 215 215 223 226 228 229 231 229 228 226 226 224 221 221 219 219 217
02 01 -9999 218 217 217 215 215 214 214 214 221 224 226 227 229 227 227 225 225 223 220 220 218 217 217
02 02 -9999 217 217 215 215 214 213 212 213 221 224 226 227 229 228 228 226 226 224 221 221 219 219 218
02 03 -9999 220 219 218 217 216 215 215 216 224 227 229 230 231 229 230 228 227 225 223 222 220 220 220
02 04 -9999 222 221 221 220 219 218 217 218 226 229 232 232 233 232 232 230 230 227 225 224 223 223 223
02 05 -9999 224 224 222 222 221 219 218 219 226 228 230 230 232 230 231 229 230 226 225 224 224 224 225
02 06 -9999 226 225 223 223 222 219 218 218 225 227 229 228 230 228 229 227 227 224 223 222 222 222 223
02 07 -9999 224 223 221 220 220 217 216 217 223 225 228 227 229 228 229 227 228 225 224 224 223 223 224
02 08 -9999 225 224 222 222 222 219 218 219 226 228 231 231 232 232 233 231 232 230 228 228 227 227 228
02 09 -9999 229 228 225 226 225 222 221 221 227 230 232 232 234 234 235 233 234 231 230 229 229 228 228
02 10 -9999 229 228 225 225 224 221 219 220 227 229 232 231 233 233 234 234 234 232 231 231 230 229 230
02 11 -9999 230 228 226 225 224 221 220 221 227 229 231 231 234 234 235 234 234 232 231 230 230 229 230
02 12 -9999 231 230 226 226 224 222 221 223 229 232 234 235 237 237 238 237 238 236 234 235 234 234 235
02 13 -9999 235 233 230 230 228 227 227 229 235 238 241 241 244 244 245 244 245 243 241 241 241 241 242
02 14 -9999 242 241 237 237 235 234 233 236 242 245 247 247 249 249 250 249 249 247 246 246 245 245 246
02 15 -9999 245 244 241 241 238 238 237 240 246 249 251 251 254 254 255 254 254 252 251 251 251 251 252
02 16 -9999 251 250 247 246 244 242 242 244 250 252 254 255 256 258 259 257 257 255 255 255 255 255 255
02 17 -9999 254 253 250 250 247 245 244 246 251 254 256 256 258 260 260 259 258 257 256 256 256 257 257
02 18 -9999 255 254 251 251 248 246 245 247 252 254 257 257 258 261 260 259 259 257 256 257 256 257 258
02 19 -9999 256 254 251 251 248 247 246 248 253 255 258 259 261 263 262 261 260 258 257 258 257 258 258
02 20 -9999 257 255 253 252 249 249 248 251 256 259 263 263 266 267 266 265 263 262 260 260 259 260 260
02 21 -9999 258 257 255 253 252 253 252 255 260 263 266 267 269 270 268 267 265 263 262 262 261 262 262
02 22 -9999 259 258 256 255 252 253 252 255 260 264 266 267 269 269 268 267 265 263 263 262 261 262 263
02 23 -9999 260 258 257 256 253 254 253 256 261 265 267 267 270 270 269 267 264 263 263 262 262 262 263
02 24 -9999 260 259 258 257 254 255 254 258 263 267 268 269 270 271 269 267 264 263 263 263 262 263 263
02 25 -9999 261 260 259 257 255 255 254 258 263 266 268 268 270 271 270 267 265 264 264 263 263 263 264
02 26 -9999 263 261 260 259 257 258 256 261 266 269 272 272 274 274 273 271 268 267 267 267 266 267 267
02 27 -9999 264 263 261 260 259 260 258 263 268 272 274 274 275 276 275 273 271 270 269 269 269 269 269
02 28 -9999 266 264 263 262 260 261 259 264 269 272 274 274 275 276 274 272 270 269 268 268 267 267 268
03 01 -9999 265 263 263 261 260 260 258 263 268 271 273 273 273 274 273 271 269 268 268 267 266 267 267
03 02 -9999 263 261 261 259 258 259 257 262 267 269 271 272 272 272 270 269 267 266 265 265 264 264 265
03 03 -9999 260 258 259 257 257 257 255 261 266 268 270 270 271 272 270 268 266 265 264 264 264 263 264
03 04 -9999 260 258 258 257 258 258 256 262 267 269 271 272 273 272 271 270 268 266 265 265 265 265 265
03 05 -9999 261 260 261 259 260 260 258 265 270 272 274 274 274 273 273 271 269 269 268 269 269 269 269
03 06 -9999 264 264 265 263 264 264 262 269 274 276 278 277 276 277 276 275 272 272 272 272 273 273 272
03 07 -9999 268 268 268 267 267 267 266 272 278 280 282 281 281 282 282 280 277 277 277 278 278 278 277
03 08 -9999 273 273 273 271 272 271 270 277 282 285 286 286 285 286 285 284 281 280 279 281 281 281 281
03 09 -9999 278 278 278 276 277 276 274 282 287 289 290 289 288 289 287 286 283 282 281 283 284 283 283
03 10 -9999 279 280 279 277 278 277 275 283 288 290 291 290 287 289 288 287 284 284 283 284 285 284 285
03 11 -9999 281 282 281 279 280 279 278 286 291 293 294 293 291 293 292 291 288 287 286 288 288 288 288
03 12 -9999 284 285 284 281 283 281 281 289 294 295 296 295 293 294 293 291 288 288 287 288 289 288 289
03 13 -9999 285 285 285 283 284 283 282 291 295 297 298 296 293 295 293 291 288 288 288 289 290 289 290
03 14 -9999 287 288 288 285 286 284 282 290 295 296 297 295 293 294 292 291 288 287 287 287 288 287 288
03 15 -9999 286 286 286 283 284 282 281 289 293 295 296 293 291 293 291 289 286 286 285 286 287 287 287
03 16 -9999 286 286 285 283 284 282 281 290 294 295 296 294 292 293 292 289 285 285 285 286 287 287 287
03 17 -9999 286 287 286 284 285 283 283 291 295 296 298 295 293 294 293 291 287 287 287 289 289 289 290
03 18 -9999 289 290 289 287 289 287 287 296 301 302 304 301 299 299 298 296 293 292 293 294 294 295 295
03 19 -9999 295 295 294 292 293 291 292 300 305 306 308 304 302 304 303 300 296 296 296 298 298 298 299
03 20 -9999 299 299 298 297 297 295 296 305 309 310 313 309 308 309 308 305 301 301 300 301 302 302 303
03 21 -9999 303 303 303 301 301 299 300 309 313 314 316 313 311 312 312 308 305 304 303 304 305 305 307
03 22 -9999 307 307 307 305 306 304 304 313 317 317 319 317 315 316 315 312 309 308 307 308 309 309 310
03 23 -9999 310 310 311 309 309 307 308 317 321 321 324 321 320 321 320 317 314 313 312 313 314 314 314
03 24 -9999 314 313 314 313 312 311 312 321 325 325 328 325 324 325 325 321 319 318 317 318 318 318 318
03 25 -9999 318 317 317 316 315 314 316 325 329 329 331 329 328 329 328 324 321 320 319 320 320 320 320
03 26 -9999 319 319 319 318 317 316 318 327 330 330 332 330 328 329 329 325 322 321 319 321 321 321 321
03 27 -9999 321 321 321 320 319 319 321 330 332 333 335 333 331 331 331 328 324 323 322 323 324 324 324
03 28 -9999 325 324 325 323 322 322 323 332 335 335 337 335 333 332 333 329 325 324 322 325 325 325 325
03 29 -9999 327 325 326 325 323 323 325 334 337 337 339 337 335 334 334 330 327 326 324 328 329 329 330
03 30 -9999 332 330 331 329 327 328 331 339 342 343 344 342 340 340 340 335 332 331 329 333 334 334 336
03 31 -9999 337 335 335 334 331 331 334 343 346 346 347 346 344 343 344 339 336 335 333 337 338 338 339
04 01 -9999 340 338 338 336 334 334 338 347 350 351 351 350 348 347 347 342 339 338 336 339 341 341 342
04 02 -9999 343 340 341 339 337 337 340 349 352 352 352 352 350 348 347 343 340 339 338 340 342 341 342
04 03 -9999 343 341 341 339 337 338 342 350 353 354 354 354 352 350 348 344 341 340 339 342 343 343 344
04 04 -9999 344 342 342 340 339 340 344 352 356 356 356 356 353 350 349 344 340 340 338 342 344 343 344
04 05 -9999 345 343 343 341 340 341 345 354 357 358 357 356 355 351 350 344 341 341 339 343 344 344 345
04 06 -9999 345 343 342 341 340 340 346 354 357 359 358 358 355 352 349 345 341 341 339 343 345 344 346
04 07 -9999 346 344 343 342 341 342 347 356 359 361 360 359 357 354 351 347 344 343 342 345 347 346 348
04 08 -9999 349 347 346 345 344 345 351 359 363 363 362 361 359 356 354 349 345 344 343 347 348 349 351
04 09 -9999 351 348 348 347 345 345 352 360 363 364 363 362 359 355 354 350 346 345 344 348 349 350 353
04 10 -9999 353 351 350 349 348 348 355 363 366 367 366 364 361 358 355 352 348 347 346 350 351 353 354
04 11 -9999 354 352 351 350 350 349 357 365 369 369 368 367 364 359 357 353 349 347 347 351 352 354 355
04 12 -9999 355 353 352 352 351 350 360 368 372 372 371 370 367 363 360 356 353 351 350 354 355 358 358
04 13 -9999 358 357 356 355 356 355 365 373 377 377 376 375 372 368 366 362 360 357 356 359 360 363 362
04 14 -9999 362 362 360 360 361 360 370 378 382 382 382 380 377 373 371 366 364 361 360 363 364 367 367
04 15 -9999 366 366 365 365 366 365 376 383 387 387 387 384 381 377 374 370 366 364 363 365 366 369 369
04 16 -9999 368 369 367 368 367 367 378 384 387 387 387 385 383 378 376 372 369 366 365 367 367 371 371
04 17 -9999 370 370 369 370 369 369 381 386 389 389 389 387 385 381 379 374 371 368 367 369 370 374 374
04 18 -9999 373 374 373 373 373 373 385 389 392 392 392 391 388 384 382 377 374 372 370 373 374 378 379
04 19 -9999 378 378 377 378 378 378 390 394 397 397 396 395 392 388 387 383 380 378 376 378 379 382 384
04 20 -9999 382 382 381 381 381 381 393 397 400 400 399 397 395 392 391 387 384 381 379 382 382 386 387
04 21 -9999 385 384 384 384 384 384 396 401 403 402 401 399 397 393 392 388 386 383 381 384 385 389 390
04 22 -9999 388 387 386 387 386 386 399 403 404 404 402 400 398 394 392 389 386 383 382 384 385 390 391
04 23 -9999 389 388 387 388 388 387 400 404 406 406 404 402 400 396 393 389 386 384 382 384 386 391 392
04 24 -9999 391 391 390 390 391 390 404 408 409 409 408 407 405 401 399 395 392 390 389 390 392 395 397
04 25 -9999 396 395 394 394 394 395 408 412 413 414 413 411 410 406 404 400 397 396 394 396 398 400 403
04 26 -9999 402 401 400 400 400 399 413 416 417 417 415 414 413 409 407 404 400 399 398 399 402 405 407
04 27 -9999 406 405 403 403 403 402 416 418 418 417 417 415 414 411 409 406 402 402 400 401 404 408 410
04 28 -9999 408 408 406 406 406 406 419 421 421 420 419 419 417 415 412 409 405 405 404 405 408 411 413
04 29 -9999 411 411 409 410 410 409 423 425 425 423 423 422 420 418 414 411 408 408 407 408 411 414 416
04 30 -9999 414 414 413 412 412 412 426 427 428 426 425 425 424 421 418 415 411 412 411 413 416 419 421
05 01 -9999 420 420 418 418 418 417 430 433 433 431 430 429 427 425 422 419 416 416 414 417 421 424 426
05 02 -9999 424 425 423 423 422 422 435 438 438 436 436 435 432 430 427 425 421 422 420 423 427 429 431
05 03 -9999 430 430 428 428 428 427 440 443 443 441 440 439 437 434 432 430 427 427 426 427 432 434 435
05 04 -9999 433 434 433 432 431 431 444 446 447 445 444 442 440 437 435 433 430 429 428 430 435 437 438
05 05 -9999 437 438 436 436 435 435 449 452 452 450 449 447 445 441 439 437 435 434 433 435 440 442 443
05 06 -9999 442 443 442 441 440 440 453 456 456 455 454 452 450 446 445 442 440 440 439 441 445 447 447
05 07 -9999 446 447 446 445 445 445 458 460 460 459 459 457 455 451 450 447 446 446 445 447 451 452 452
05 08 -9999 451 452 451 450 449 450 463 465 465 463 463 461 459 456 455 453 452 452 451 453 457 458 457
05 09 -9999 455 457 456 455 454 455 467 470 470 468 467 465 463 460 459 457 456 456 455 458 461 462 462
05 10 -9999 460 461 460 459 458 459 471 474 474 472 472 469 467 464 464 462 460 460 460 462 465 466 465
05 11 -9999 463 465 463 462 461 463 475 478 478 477 477 474 472 469 469 467 466 465 465 467 470 470 469
05 12 -9999 468 470 468 467 466 468 479 483 484 483 482 479 477 474 473 472 470 469 470 471 474 474 473
05 13 -9999 471 473 472 471 470 471 483 487 487 486 484 481 480 476 476 475 473 472 473 474 476 476 476
05 14 -9999 473 475 473 472 471 473 484 488 488 487 485 483 481 479 479 478 476 476 476 478 480 480 478
05 15 -9999 476 477 475 474 474 476 487 492 492 491 488 485 484 481 481 481 480 479 481 482 483 483 481
05 16 -9999 479 479 478 476 476 479 491 496 495 494 492 489 488 485 485 485 484 484 486 487 488 488 486
05 17 -9999 483 483 482 480 480 483 496 500 500 498 496 493 492 489 489 489 488 488 490 490 492 491 489
05 18 -9999 487 486 485 484 483 487 500 504 504 503 501 498 497 495 494 494 494 493 496 496 497 496 494
05 19 -9999 492 492 490 489 488 492 504 508 509 508 506 504 502 501 499 499 499 499 501 502 503 502 499
05 20 -9999 496 496 494 493 493 496 508 512 512 512 510 508 505 505 504 504 503 503 506 506 507 506 503
05 21 -9999 500 500 498 497 496 500 512 516 517 516 514 512 509 509 508 508 507 507 510 511 511 510 507
05 22 -9999 504 504 501 500 500 503 516 520 521 520 518 516 513 513 511 511 510 511 514 514 514 513 510
05 23 -9999 507 506 504 503 502 505 518 523 524 522 521 518 516 515 514 514 513 514 517 517 517 516 514
05 24 -9999 510 510 508 506 506 509 522 528 529 527 525 523 521 521 519 518 518 519 522 521 521 520 517
05 25 -9999 514 513 511 510 509 514 527 532 533 532 529 527 525 525 523 522 522 523 526 525 525 524 521
05 26 -9999 518 517 515 514 513 517 530 536 538 536 534 532 529 529 528 527 528 528 531 531 530 528 525
05 27 -9999 522 521 519 518 517 521 534 540 542 540 538 537 534 534 533 532 533 534 536 536 536 534 530
05 28 -9999 527 526 523 522 521 525 539 544 546 545 543 542 539 539 537 536 538 539 541 541 540 538 535
05 29 -9999 532 530 528 527 525 530 543 549 551 550 548 547 544 543 542 541 542 543 545 545 544 542 539
05 30 -9999 536 535 532 531 530 534 547 553 555 554 552 551 548 548 547 545 546 547 549 549 548 546 543
05 31 -9999 540 539 536 535 533 538 550 556 559 558 556 555 552 552 550 549 550 550 552 552 551 549 546
06 01 -9999 543 542 540 539 537 542 554 560 563 562 560 559 556 556 555 553 554 554 557 557 555 553 550
06 02 -9999 547 546 543 543 541 545 558 564 567 567 564 563 560 560 559 557 558 558 561 561 559 557 553
06 03 -9999 550 549 546 545 543 547 560 566 569 568 566 564 562 561 560 559 560 561 563 563 562 559 556
06 04 -9999 552 551 548 547 545 549 563 569 572 571 568 567 564 563 562 561 562 563 565 566 565 562 558
06 05 -9999 555 554 551 550 548 553 566 572 575 574 571 571 568 568 567 566 567 567 569 569 568 565 562
06 06 -9999 559 557 555 554 552 556 569 576 578 578 575 575 572 571 571 569 570 570 572 573 572 569 566
06 07 -9999 563 561 559 557 555 559 573 579 582 581 578 578 575 575 575 573 574 574 576 577 575 572 569
06 08 -9999 566 564 562 561 559 562 576 582 584 584 581 579 577 577 577 576 576 577 579 579 577 575 572
06 09 -9999 569 567 565 564 561 565 578 585 587 586 584 582 580 579 579 579 579 580 582 582 580 577 576
06 10 -9999 572 570 568 567 565 568 581 587 589 588 585 583 581 581 581 580 580 581 583 584 582 579 578
06 11 -9999 574 571 570 568 566 570 584 589 592 590 587 585 583 582 582 582 582 583 584 586 584 581 579
06 12 -9999 576 573 572 570 568 572 586 591 594 592 589 587 585 584 585 584 584 585 588 589 587 584 582
06 13 -9999 578 575 574 572 570 574 588 594 596 594 591 589 587 586 587 587 587 588 590 591 590 587 585
06 14 -9999 581 578 576 574 572 576 590 596 599 597 594 591 589 589 589 589 589 591 593 594 592 589 587
06 15 -9999 583 580 578 576 574 578 592 598 601 599 597 594 592 591 592 591 592 593 596 597 594 591 589
06 16 -9999 585 581 579 577 575 579 593 600 602 599 597 594 592 591 592 592 592 594 596 598 595 592 590
06 17 -9999 586 582 580 578 576 580 594 600 602 600 597 594 593 592 593 593 593 595 597 598 596 593 591
06 18 -9999 587 583 582 579 578 582 596 603 605 602 600 597 595 594 595 595 595 596 599 600 597 594 593
06 19 -9999 588 585 583 581 579 583 597 604 606 604 602 598 597 595 596 596 596 598 601 601 598 595 593
06 20 -9999 589 585 582 580 579 583 598 604 606 603 602 598 596 595 595 595 596 598 601 601 598 595 593
06 21 -9999 588 585 582 581 579 583 598 605 607 604 603 599 598 596 596 597 597 599 602 602 599 596 594
06 22 -9999 590 586 584 582 580 585 599 605 607 605 604 600 598 597 597 598 599 600 603 603 601 598 595
06 23 -9999 590 587 585 583 581 586 600 606 608 606 605 601 599 597 598 598 598 600 603 603 601 598 595
06 24 -9999 590 588 585 583 581 586 600 606 607 605 604 601 599 598 598 598 599 600 603 603 602 599 596
06 25 -9999 590 588 585 583 581 586 600 606 608 605 605 601 600 598 599 599 599 600 603 604 602 599 596
06 26 -9999 591 589 586 584 582 587 600 607 609 607 606 603 601 600 600 599 600 602 604 605 603 600 597
06 27 -9999 592 590 587 584 583 588 601 608 610 608 608 605 603 601 601 601 602 603 606 607 605 602 599
06 28 -9999 594 592 589 587 585 590 603 610 613 611 611 607 606 604 604 603 604 606 608 610 607 604 602
06 29 -9999 596 594 591 589 587 592 605 612 614 613 612 609 607 605 605 604 605 607 609 611 608 605 603
06 30 -9999 597 595 592 590 588 592 606 613 615 613 612 609 607 605 605 605 605 607 609 611 608 605 603
07 01 -9999 597 595 593 591 589 594 607 614 616 614 613 610 608 606 607 606 607 608 610 611 609 607 604
07 02 -9999 598 597 594 593 591 595 609 616 618 616 616 613 611 609 609 608 609 610 612 613 611 609 607
07 03 -9999 601 600 597 596 594 598 611 618 620 619 618 615 613 611 611 609 611 612 614 615 613 611 609
07 04 -9999 603 602 600 598 596 600 613 620 622 620 619 617 614 613 612 611 612 614 615 617 614 612 611
07 05 -9999 605 604 602 600 598 602 614 621 624 622 621 619 617 615 615 613 615 616 618 619 617 614 612
07 06 -9999 607 606 604 603 601 604 616 623 626 624 623 620 618 616 616 614 616 618 620 621 618 616 614
07 07 -9999 609 608 606 604 602 606 617 625 627 625 624 622 619 617 616 615 616 618 620 622 619 616 614
07 08 -9999 609 608 606 605 602 605 618 625 628 626 625 622 620 618 617 616 617 620 622 623 620 618 615
07 09 -9999 611 610 607 606 604 607 619 628 630 628 626 623 621 619 618 617 619 621 623 624 622 619 617
07 10 -9999 612 611 609 608 606 609 621 630 633 631 629 626 624 621 621 620 621 624 626 627 624 621 619
07 11 -9999 614 613 610 610 608 610 623 631 634 632 631 627 625 622 622 622 623 625 628 628 625 623 621
07 12 -9999 616 614 612 611 609 611 625 633 636 633 631 628 626 623 623 623 624 626 629 629 626 624 622
07 13 -9999 616 614 612 611 609 612 625 633 635 633 632 628 625 623 623 623 624 626 629 629 626 624 622
07 14 -9999 617 615 613 612 610 612 625 634 637 635 633 630 628 625 625 625 626 628 631 630 628 626 624
07 15 -9999 619 617 615 614 612 615 627 636 639 637 636 633 630 628 628 627 628 630 633 632 630 628 626
07 16 -9999 622 620 617 616 614 616 628 636 640 639 637 634 631 629 629 628 630 631 634 633 631 629 626
07 17 -9999 622 620 617 616 614 617 628 636 640 638 636 633 630 628 628 627 629 631 634 633 631 628 625
07 18 -9999 621 619 616 615 613 615 627 636 639 637 636 632 629 628 628 628 630 632 635 633 631 629 626
07 19 -9999 622 619 617 615 614 616 628 636 640 639 637 633 631 629 629 629 631 633 636 634 633 630 627
07 20 -9999 623 621 618 617 616 618 630 638 642 640 639 634 631 630 630 630 632 634 637 635 633 631 628
07 21 -9999 623 621 619 617 616 618 630 638 642 641 639 635 632 630 630 630 632 634 637 634 633 631 627
07 22 -9999 623 621 618 617 616 617 629 638 642 641 639 635 632 631 630 630 632 634 637 635 634 631 628
07 23 -9999 624 621 619 617 617 618 629 638 642 641 639 635 632 631 631 630 633 634 637 635 633 631 628
07 24 -9999 624 622 619 617 617 618 629 638 642 641 639 636 633 631 631 631 634 635 637 635 634 632 628
07 25 -9999 624 622 620 618 617 618 629 638 642 641 638 635 632 630 630 630 633 634 637 635 633 631 628
07 26 -9999 623 621 619 617 616 617 627 637 641 640 638 635 631 630 629 629 632 634 637 635 633 631 627
07 27 -9999 623 620 618 616 615 616 627 637 640 640 637 633 630 628 627 627 630 633 636 633 632 630 626
07 28 624 622 619 617 615 614 616 627 637 641 640 637 633 629 628 626 627 630 633 635 633 632 629 626
07 29 623 621 619 617 615 614 615 627 637 641 639 636 632 629 628 626 626 630 632 635 632 631 629 625
07 30 622 620 618 616 614 613 614 625 636 639 638 635 631 628 627 624 626 628 631 634 632 630 628 624
07 31 620 619 616 614 613 612 612 624 635 638 637 633 630 627 626 624 625 627 630 633 631 629 626 623
08 01 618 618 615 613 612 611 611 623 634 638 636 632 630 627 625 623 624 627 629 632 630 628 626 622
08 02 616 617 615 613 612 611 611 622 634 637 636 632 629 626 625 622 624 626 628 632 630 627 625 621
08 03 615 617 614 612 611 610 610 622 633 636 635 630 628 625 624 621 623 625 627 630 629 626 624 620
08 04 614 615 613 611 609 608 608 620 632 635 633 629 626 624 623 620 622 624 626 630 628 625 623 620
08 05 613 614 612 610 609 608 607 619 631 634 632 628 624 622 621 618 620 622 624 628 627 624 621 618
08 06 612 613 610 608 607 606 606 618 629 633 632 628 624 622 621 618 620 621 624 628 626 623 621 618
08 07 612 612 609 608 607 605 605 617 629 633 632 627 624 621 620 617 619 620 623 627 625 622 620 617
08 08 611 611 608 606 605 604 604 616 628 633 631 627 623 621 619 616 618 619 623 627 625 622 620 617
08 09 611 611 608 606 605 604 604 616 628 634 632 627 624 622 620 617 619 620 623 627 625 623 620 617
08 10 612 612 609 607 606 605 604 616 628 634 632 628 624 622 620 617 619 620 622 626 624 622 619 616
08 11 612 611 608 607 606 605 604 616 628 633 631 628 624 621 620 617 619 620 622 625 623 621 618 615
08 12 611 610 608 606 605 604 603 614 626 631 630 627 624 620 620 617 619 620 622 624 623 621 617 615
08 13 611 609 607 605 604 603 602 613 625 631 629 627 623 620 619 617 618 619 621 624 623 620 617 614
08 14 611 609 607 605 604 603 601 612 625 630 629 626 622 618 617 615 616 618 620 623 621 618 615 612
08 15 608 607 605 603 602 601 599 611 623 629 627 625 621 617 616 614 615 616 619 622 620 617 614 612
08 16 608 606 604 603 601 600 598 610 622 628 626 625 620 616 616 614 614 616 618 620 619 617 613 611
08 17 608 605 604 602 601 599 598 608 621 627 625 624 619 614 614 612 613 614 616 619 618 616 613 610
08 18 607 604 603 601 599 598 596 607 620 626 625 623 618 613 613 611 612 613 615 618 617 614 611 609
08 19 607 603 601 600 598 596 595 606 619 625 624 623 618 612 612 611 611 612 615 617 616 614 611 609
08 20 607 603 602 600 599 597 596 606 620 626 625 624 619 614 614 613 613 614 617 618 618 616 613 611
08 21 609 604 603 601 600 598 597 607 621 627 625 624 619 613 614 612 613 614 617 618 618 616 613 611
08 22 608 605 603 601 600 598 597 607 620 626 624 623 618 613 613 612 613 614 617 618 618 615 612 610
08 23 607 604 602 600 599 597 596 605 619 625 624 622 618 612 613 612 612 613 616 617 616 613 610 608
08 24 605 602 601 599 597 596 594 603 617 623 622 620 616 610 611 609 610 611 615 615 614 611 608 606
08 25 602 600 599 597 595 593 592 601 614 620 619 618 614 608 609 607 607 609 613 613 613 610 607 604
08 26 600 598 596 594 593 591 589 599 612 617 617 615 611 606 606 605 605 607 611 612 611 608 605 603
08 27 599 597 595 592 591 589 588 597 611 616 614 612 609 604 604 602 603 605 609 609 608 605 602 600
08 28 597 594 592 590 588 586 585 595 608 613 611 609 605 601 600 599 600 602 605 606 605 602 599 597
08 29 595 591 589 586 585 583 582 591 605 610 608 605 602 599 598 596 597 599 603 603 603 600 597 595
08 30 594 589 587 585 584 582 581 590 603 608 607 604 601 598 596 594 596 598 602 602 601 598 596 594
08 31 593 588 586 583 582 581 580 588 602 607 605 602 599 596 594 592 593 596 600 601 600 597 594 592
09 01 591 585 583 580 579 578 577 585 599 604 603 599 597 594 592 589 590 593 598 598 598 595 592 589
09 02 589 582 580 578 577 575 574 582 597 602 601 597 595 592 589 587 588 591 596 597 596 593 590 588
09 03 587 580 578 576 574 573 572 580 594 600 598 594 592 590 586 584 585 589 593 594 593 590 587 584
09 04 584 577 575 572 571 569 568 577 591 596 594 590 587 585 581 579 581 584 589 590 588 585 582 580
09 05 579 573 571 568 567 565 563 572 586 591 589 585 583 581 576 575 576 580 584 586 584 581 579 577
09 06 577 570 567 565 563 562 560 568 583 589 587 583 580 578 575 573 574 578 582 584 582 580 578 575
09 07 576 568 566 564 562 560 559 567 582 587 585 582 579 577 573 571 572 576 580 581 580 578 575 573
09 08 574 566 564 561 560 558 556 563 579 583 581 578 575 573 569 567 568 573 577 579 577 575 572 570
09 09 571 563 561 558 556 555 553 560 576 581 579 575 572 570 566 564 566 570 574 575 574 571 569 567
09 10 568 560 558 555 554 552 550 557 573 578 576 572 569 567 563 561 563 568 570 572 571 569 566 564
09 11 565 557 555 552 551 549 547 554 569 575 573 569 566 564 560 559 560 565 568 570 569 566 564 562
09 12 562 555 553 551 549 548 546 552 567 573 571 567 564 562 558 557 558 563 566 568 567 565 562 560
09 13 560 554 552 549 548 546 544 550 565 571 571 567 564 562 558 557 558 563 566 568 567 564 561 559
09 14 559 553 550 547 546 544 542 548 564 570 569 565 562 559 556 555 556 560 564 566 564 561 559 557
09 15 555 550 547 545 544 542 540 545 561 566 566 562 559 557 554 553 554 558 561 563 561 558 555 553
09 16 550 548 545 542 541 540 537 542 558 563 562 559 555 553 550 549 550 554 557 559 557 554 551 549
09 17 545 544 542 539 538 536 534 539 554 558 558 555 551 549 546 545 546 550 553 554 552 549 547 544
09 18 539 540 538 535 535 533 530 535 549 554 554 551 547 545 542 542 542 545 549 550 548 546 543 541
09 19 536 537 535 532 532 530 528 531 546 551 551 548 545 543 541 540 540 543 547 548 546 543 541 538
09 20 533 534 532 530 529 527 525 529 543 548 548 545 542 541 539 538 538 541 544 545 543 541 538 535
09 21 529 531 528 526 526 524 522 525 539 544 544 541 538 536 534 533 533 535 539 540 538 535 532 529
09 22 523 526 523 520 520 518 516 519 532 537 537 534 531 529 527 526 526 529 532 534 532 529 526 523
09 23 518 519 516 514 514 512 510 513 527 532 533 529 526 525 524 523 522 525 529 530 528 525 522 519
09 24 513 515 513 511 510 508 507 509 523 528 529 525 522 521 519 518 518 520 524 526 524 520 517 514
09 25 510 511 508 507 506 504 503 505 519 524 525 522 520 517 515 514 515 517 521 523 520 517 515 512
09 26 507 508 505 503 502 501 499 502 515 520 522 519 516 514 512 511 511 513 518 519 517 514 511 508
09 27 503 504 501 499 498 497 496 498 512 517 519 516 514 510 508 507 508 509 514 516 513 510 507 504
09 28 499 501 498 496 495 493 492 494 508 513 514 511 509 506 504 503 503 504 509 511 508 505 503 500
09 29 494 496 494 492 491 489 488 489 503 508 510 506 504 501 499 498 498 499 503 505 502 500 497 494
09 30 488 490 488 486 484 482 481 483 497 502 502 499 497 494 492 491 491 493 497 499 496 494 491 489
10 01 483 485 483 481 480 478 476 478 492 498 497 495 493 490 488 488 487 489 493 495 493 490 488 486
10 02 481 483 480 478 477 475 474 476 490 496 496 493 491 488 486 486 486 487 491 493 491 489 487 484
10 03 479 481 477 475 474 472 471 472 487 493 493 490 488 484 483 481 482 483 487 489 487 485 483 480
10 04 476 477 474 472 470 469 468 469 484 489 489 485 483 479 477 475 476 478 481 483 482 480 477 475
10 05 472 473 470 467 466 465 463 464 479 485 485 481 478 474 472 470 471 473 477 479 477 475 474 472
10 06 469 470 467 465 464 463 461 462 477 483 482 478 476 472 470 468 468 470 474 476 475 473 471 469
10 07 466 467 465 462 461 460 459 460 474 480 479 476 473 469 466 465 465 467 470 472 471 469 467 465
10 08 462 464 461 459 458 457 455 456 471 476 475 472 469 465 461 459 459 461 464 467 465 463 461 460
10 09 457 458 456 454 453 452 450 451 466 471 471 467 464 460 457 454 455 456 459 461 460 458 457 455
10 10 452 454 452 449 449 448 446 447 462 467 466 462 459 455 452 450 450 451 454 456 456 454 453 451
10 11 447 450 448 446 445 444 442 444 458 463 463 458 455 451 448 446 445 446 448 451 450 448 448 446
10 12 442 445 443 441 440 440 437 439 453 458 458 454 451 447 444 441 441 441 443 446 446 444 443 442
10 13 438 441 439 437 436 435 433 434 448 454 453 449 445 441 438 435 435 436 437 441 440 439 438 437
10 14 434 436 434 432 431 430 428 429 443 449 449 445 441 436 433 430 430 431 433 436 436 435 434 433
10 15 432 432 430 428 428 428 425 427 440 446 446 442 439 434 431 428 428 428 430 433 433 431 430 430
10 16 430 428 427 425 425 424 422 423 437 443 443 438 435 430 427 424 423 423 425 428 428 427 426 425
10 17 425 424 423 421 420 420 418 419 432 438 438 433 430 426 422 419 418 418 419 422 423 422 421 420
10 18 422 419 418 417 416 416 413 415 428 435 434 429 426 422 418 415 413 413 415 418 418 417 416 416
10 19 416 414 413 412 412 411 409 410 423 430 429 424 421 417 413 411 410 409 411 414 415 413 413 412
10 20 413 411 410 409 408 407 405 406 419 426 425 421 417 414 411 409 407 407 407 410 411 410 409 408
10 21 408 406 406 404 404 403 401 402 414 421 419 415 412 408 405 402 401 400 400 403 404 403 402 402
10 22 402 399 399 398 398 397 395 396 409 416 414 409 406 402 399 396 394 393 394 397 398 398 397 397
10 23 397 395 395 394 394 393 392 393 406 413 411 406 402 399 396 394 392 391 391 394 395 395 395 395
10 24 396 393 393 392 392 392 391 392 404 411 409 405 401 398 395 393 391 390 389 392 393 394 393 393
10 25 396 392 392 391 391 392 391 391 404 411 410 405 402 399 396 393 391 389 388 391 393 393 392 392
10 26 396 390 390 390 390 390 389 389 401 408 407 402 398 395 392 388 386 385 384 388 389 390 389 389
10 27 394 387 387 387 387 387 386 386 397 405 402 397 393 391 387 384 382 381 380 383 385 385 384 384
10 28 389 382 382 382 382 382 381 381 393 400 397 393 390 387 383 380 378 377 377 379 381 381 380 380
10 29 386 379 379 379 379 379 378 379 389 396 394 390 386 383 379 376 375 374 373 376 378 378 377 377
10 30 382 375 375 375 375 375 375 375 385 391 389 386 382 379 375 371 370 368 368 371 372 373 372 372
10 31 377 370 370 370 370 369 369 369 379 386 385 381 378 375 371 368 366 364 364 367 368 368 367 367
11 01 372 365 364 364 364 364 363 364 374 381 379 375 372 369 365 362 360 359 359 361 362 362 362 362
11 02 367 360 359 359 359 359 359 359 369 376 374 371 368 365 361 358 356 355 355 358 359 359 359 359
11 03 364 358 357 356 356 356 356 356 366 373 371 368 365 362 358 355 353 352 352 354 355 355 355 355
11 04 360 354 352 353 352 353 353 353 362 369 368 365 362 358 354 350 348 347 347 349 349 350 350 350
11 05 356 349 347 348 347 347 348 348 357 364 364 361 358 355 351 348 346 345 345 348 347 348 347 347
11 06 352 346 344 344 343 344 344 345 353 360 360 358 355 352 348 345 344 343 343 346 345 346 345 345
11 07 347 343 342 341 340 341 341 341 349 355 356 355 352 349 345 342 340 340 340 342 342 342 341 342
11 08 341 339 338 337 336 336 336 336 343 351 351 350 348 345 341 338 337 337 337 339 339 339 338 339
11 09 335 336 334 333 332 332 332 331 338 345 346 345 343 339 336 333 332 332 333 334 334 334 334 334
11 10 330 331 329 328 327 327 327 327 333 341 341 341 339 335 333 330 330 330 330 331 330 330 330 330
11 11 325 327 325 324 323 324 324 323 330 337 338 338 337 334 331 328 327 328 328 329 328 328 328 328
11 12 323 325 324 323 322 322 322 322 328 336 337 338 336 333 330 328 327 328 328 329 329 329 328 329
11 13 323 325 324 324 323 323 323 323 328 336 337 338 336 333 331 328 327 327 327 328 327 327 327 328
11 14 -9999 324 323 322 321 321 322 322 327 335 337 337 335 333 330 328 327 327 328 328 327 328 327 327
11 15 -9999 323 322 321 320 321 321 321 325 334 335 336 334 331 329 326 325 326 326 326 326 325 324 324
11 16 -9999 321 320 319 319 319 319 319 322 331 333 334 332 330 327 324 324 325 324 325 325 325 324 324
11 17 -9999 321 319 319 318 319 318 317 320 330 332 333 331 328 325 322 321 322 321 322 322 321 320 321
11 18 -9999 318 316 315 314 314 313 313 316 325 329 330 328 326 323 320 319 319 319 320 320 320 319 319
11 19 -9999 317 316 314 314 314 313 312 315 325 328 329 327 326 323 320 320 320 320 321 320 320 319 320
11 20 -9999 316 315 314 314 314 313 312 315 325 328 329 327 326 323 320 320 321 321 322 322 323 322 323
11 21 -9999 320 320 319 319 318 317 317 318 329 331 332 330 328 325 322 322 322 322 323 323 323 321 322
11 22 -9999 321 320 319 319 318 317 317 318 329 331 331 329 327 323 321 320 321 320 321 321 321 320 320
11 23 -9999 319 319 317 318 316 316 316 317 327 329 330 327 326 322 319 318 318 319 319 319 318 317 317
11 24 -9999 317 317 315 316 314 313 313 314 324 325 325 323 320 316 313 312 312 312 313 313 312 311 312
11 25 -9999 312 312 310 311 309 307 307 308 318 320 320 318 316 311 309 308 308 309 310 310 310 309 310
11 26 -9999 311 311 309 309 306 305 305 305 315 316 316 314 312 308 307 306 306 306 308 307 308 307 307
11 27 -9999 308 308 305 304 302 301 300 301 310 311 311 309 307 303 302 301 300 300 302 302 301 301 301
11 28 -9999 301 301 298 297 295 295 294 295 305 305 306 304 302 299 298 297 296 296 298 297 297 296 296
11 29 -9999 296 296 293 292 290 289 288 290 299 300 300 298 296 294 293 291 291 290 292 292 291 291 291
11 30 -9999 292 291 289 288 286 285 284 285 294 295 295 294 293 291 290 288 288 287 289 289 289 288 289
12 01 -9999 289 289 287 286 284 283 282 284 292 292 293 292 290 288 287 286 286 286 287 286 285 285 284
12 02 -9999 284 284 283 282 280 280 279 281 289 289 290 289 287 286 286 284 284 284 285 284 284 283 283
12 03 -9999 282 283 282 282 280 280 279 281 289 289 290 289 288 286 286 284 284 284 285 283 283 281 280
12 04 -9999 278 278 278 278 275 275 275 276 284 284 286 285 284 281 282 280 280 280 281 280 279 278 277
12 05 -9999 276 276 275 274 272 271 271 272 279 280 281 280 279 277 277 275 274 274 275 274 273 272 270
12 06 -9999 270 269 269 268 266 265 265 266 273 275 277 277 276 275 275 273 272 273 272 271 271 269 268
12 07 -9999 268 268 267 266 264 263 262 264 271 272 275 275 274 273 273 272 270 271 271 270 269 268 266
12 08 -9999 266 266 266 265 262 261 261 262 269 271 273 274 273 272 272 270 269 269 269 268 267 266 263
12 09 -9999 263 262 263 261 259 258 258 259 266 268 271 272 271 270 270 269 268 268 268 267 266 265 263
12 10 -9999 262 262 263 262 260 259 259 261 267 269 272 273 272 271 271 270 268 268 268 267 265 264 261
12 11 -9999 260 259 260 260 258 257 257 259 266 267 270 271 270 269 269 267 265 265 266 264 263 262 259
12 12 -9999 258 258 259 259 257 256 257 258 265 267 270 271 270 268 267 266 264 264 264 262 260 259 256
12 13 -9999 256 256 257 256 254 253 253 254 261 263 265 266 265 264 263 263 260 260 260 259 257 256 253
12 14 -9999 254 254 256 255 254 252 252 253 259 262 264 265 264 263 263 263 260 261 260 259 257 256 254
12 15 -9999 255 255 256 255 254 252 253 253 260 263 265 266 265 263 263 263 261 262 261 259 258 257 255
12 16 -9999 256 256 257 255 255 253 254 254 261 265 266 266 265 264 263 263 260 261 260 259 257 256 255
12 17 -9999 255 254 255 254 253 252 251 252 258 261 263 263 262 261 260 260 257 257 257 256 254 253 251
12 18 -9999 251 250 251 249 248 246 246 246 252 255 256 256 254 253 253 253 250 250 250 249 247 247 246
12 19 -9999 246 246 246 244 243 242 242 242 248 250 252 251 249 248 248 248 245 246 246 244 243 243 241
12 20 -9999 241 241 242 241 240 240 240 240 245 249 250 250 249 248 248 248 246 246 246 245 244 244 242
12 21 -9999 242 242 242 241 240 240 240 239 245 248 249 249 248 247 247 247 245 245 246 245 244 244 242
12 22 -9999 242 241 241 240 239 239 239 239 244 248 249 249 248 247 247 247 245 245 245 244 243 243 241
12 23 -9999 241 240 240 238 237 237 237 236 241 245 246 245 244 243 244 244 242 242 243 242 240 241 239
12 24 -9999 239 239 238 237 237 237 237 237 243 247 249 248 248 248 248 248 246 246 245 244 243 243 241
12 25 -9999 241 240 239 238 238 238 238 237 243 247 249 248 248 248 248 247 246 246 245 244 243 243 241
12 26 -9999 240 239 239 238 238 238 238 237 243 248 249 248 248 248 248 247 246 246 246 245 244 244 243
12 27 -9999 242 241 240 239 239 239 239 238 244 248 250 249 249 250 250 249 248 248 248 247 247 247 246
12 28 -9999 245 244 243 243 243 244 243 243 248 253 255 253 253 254 253 252 251 252 251 250 250 249 248
12 29 -9999 248 247 245 244 244 245 245 244 250 254 256 255 255 255 254 252 252 252 251 251 251 249 248
12 30 -9999 248 247 245 244 245 245 245 244 249 253 256 255 255 255 254 253 253 252 252 252 252 250 249
12 31 -9999 248 248 246 244 245 245 245 244 249 253 255 254 254 254 254 252 252 251 251 250 250 249 247
