01 01 -9999 -9999 -9999 -9999 -9999 -9999 373 368 378 401 403 403 402 408 415 427 436 439 435 429 419 412 406 402
01 02 -9999 -9999 -9999 -9999 -9999 -9999 377 372 382 406 408 408 406 413 420 432 440 442 439 433 423 416 410 405
01 03 -9999 -9999 -9999 -9999 -9999 -9999 379 374 385 410 411 411 409 416 423 436 444 446 441 435 426 419 412 408
01 04 -9999 -9999 -9999 -9999 -9999 -9999 381 376 386 412 413 413 411 418 425 437 444 445 441 434 425 419 413 410
01 05 -9999 -9999 -9999 -9999 -9999 -9999 381 377 386 412 414 414 411 418 426 438 445 447 441 434 425 419 412 409
01 06 -9999 -9999 -9999 -9999 -9999 -9999 380 376 385 412 413 414 412 419 426 438 446 447 442 435 425 418 412 409
01 07 -9999 -9999 -9999 -9999 -9999 -9999 380 376 384 411 412 413 412 418 426 437 444 447 441 434 424 417 411 409
01 08 -9999 -9999 -9999 -9999 -9999 -9999 379 375 383 410 410 412 411 417 426 436 443 445 440 433 423 416 411 -9999 
01 09 -9999 -9999 -9999 -9999 -9999 -9999 378 374 383 409 410 412 411 417 426 435 442 443 438 431 421 414 409 -9999 
01 10 -9999 -9999 -9999 -9999 -9999 -9999 376 372 381 408 409 411 410 418 427 436 441 443 437 430 420 413 408 -9999 
01 11 -9999 -9999 -9999 -9999 -9999 -9999 376 372 381 408 409 411 411 419 429 437 443 444 438 432 421 414 409 -9999 
01 12 -9999 -9999 -9999 -9999 -9999 -9999 375 372 381 408 409 411 410 418 427 436 441 442 437 430 420 413 409 -9999 
01 13 -9999 -9999 -9999 -9999 -9999 -9999 375 371 381 407 409 411 411 419 429 436 441 443 438 431 421 415 410 -9999 
01 14 -9999 -9999 -9999 -9999 -9999 -9999 376 374 383 409 410 413 413 419 430 437 441 444 439 432 422 415 410 -9999 
01 15 -9999 -9999 -9999 -9999 -9999 -9999 376 373 383 408 410 412 412 419 428 435 441 444 439 432 422 415 410 -9999 
01 16 -9999 -9999 -9999 -9999 -9999 -9999 376 374 383 409 410 412 412 418 428 434 439 443 438 432 421 414 409 -9999 
01 17 -9999 -9999 -9999 -9999 -9999 -9999 376 374 383 409 409 412 412 419 428 434 439 443 438 431 420 413 409 -9999 
01 18 -9999 -9999 -9999 -9999 -9999 -9999 376 375 384 409 410 412 413 419 428 433 438 442 438 431 421 413 408 -9999 
01 19 -9999 -9999 -9999 -9999 -9999 -9999 377 376 386 410 411 414 415 421 430 435 439 444 440 433 423 416 411 -9999 
01 20 -9999 -9999 -9999 -9999 -9999 -9999 378 377 387 411 412 415 416 421 429 434 439 444 440 434 424 417 412 -9999 
01 21 -9999 -9999 -9999 -9999 -9999 -9999 379 378 388 412 414 415 415 420 429 434 438 443 440 434 425 418 413 -9999 
01 22 -9999 -9999 -9999 -9999 -9999 -9999 378 378 388 412 415 415 415 421 430 434 438 443 440 434 425 418 414 -9999 
01 23 -9999 -9999 -9999 -9999 -9999 -9999 378 378 388 412 415 416 416 423 431 435 439 444 441 435 426 419 415 -9999 
01 24 -9999 -9999 -9999 -9999 -9999 -9999 378 378 388 412 416 416 416 422 432 436 440 446 444 436 428 420 416 411
01 25 -9999 -9999 -9999 -9999 -9999 -9999 380 378 389 413 417 417 417 423 433 438 442 447 445 438 430 422 418 412
01 26 -9999 -9999 -9999 -9999 -9999 -9999 381 379 390 414 418 418 418 422 432 437 441 446 443 436 429 421 417 412
01 27 -9999 -9999 -9999 -9999 -9999 -9999 381 379 390 414 418 418 419 422 433 439 442 448 445 438 430 423 418 413
01 28 -9999 -9999 -9999 -9999 -9999 -9999 381 379 391 415 419 419 419 422 432 438 443 448 445 438 430 423 417 413
01 29 -9999 -9999 -9999 -9999 -9999 -9999 382 379 391 415 420 420 420 423 433 439 443 448 445 439 431 423 418 414
01 30 -9999 -9999 -9999 -9999 -9999 -9999 382 379 393 417 421 420 420 424 433 439 442 448 444 439 431 424 419 415
01 31 -9999 -9999 -9999 -9999 -9999 -9999 383 380 394 416 421 420 419 423 432 439 442 448 444 439 431 424 419 415
02 01 -9999 -9999 -9999 -9999 -9999 -9999 384 382 395 418 421 420 419 423 431 438 442 448 444 439 432 425 420 416
02 02 -9999 -9999 -9999 -9999 -9999 -9999 384 382 397 418 422 421 420 423 431 438 442 448 443 439 432 425 420 414
02 03 -9999 -9999 -9999 -9999 -9999 -9999 384 382 397 419 422 421 420 423 431 438 443 448 444 439 432 426 421 414
02 04 -9999 -9999 -9999 -9999 -9999 -9999 385 383 399 420 424 422 421 426 433 440 445 450 445 441 434 427 423 416
02 05 -9999 -9999 -9999 -9999 -9999 -9999 388 385 402 422 425 424 423 428 435 443 448 452 448 443 436 430 424 419
02 06 -9999 -9999 -9999 -9999 -9999 -9999 392 389 406 425 427 426 426 429 436 445 449 454 449 445 438 432 427 422
02 07 -9999 -9999 -9999 -9999 -9999 -9999 394 390 408 426 428 427 425 430 436 445 450 454 450 446 439 433 428 422
02 08 -9999 -9999 -9999 -9999 -9999 -9999 395 393 409 427 429 427 427 431 437 447 451 455 451 448 441 435 430 426
02 09 -9999 -9999 -9999 -9999 -9999 -9999 399 397 413 430 431 431 430 434 439 448 451 455 451 448 442 437 431 427
02 10 -9999 -9999 -9999 -9999 -9999 -9999 402 400 417 433 434 433 433 438 443 450 454 458 454 451 445 440 434 429
02 11 -9999 -9999 -9999 -9999 -9999 -9999 405 404 420 436 436 436 436 441 445 452 455 459 455 452 446 441 436 432
02 12 -9999 -9999 -9999 -9999 -9999 -9999 407 406 422 437 437 437 437 442 446 453 457 461 456 453 448 442 439 434
02 13 -9999 -9999 -9999 -9999 -9999 -9999 408 408 424 438 438 437 437 442 445 452 455 459 455 452 447 442 439 434
02 14 -9999 -9999 -9999 -9999 -9999 -9999 408 408 425 438 438 439 439 444 448 454 457 460 457 454 450 444 440 435
02 15 -9999 -9999 -9999 -9999 -9999 -9999 410 409 427 440 440 441 441 446 450 456 459 460 458 455 450 445 441 436
02 16 -9999 -9999 -9999 -9999 -9999 -9999 411 409 428 440 440 441 443 447 451 458 460 461 459 456 451 446 441 437
02 17 -9999 -9999 -9999 -9999 -9999 -9999 412 409 428 441 441 442 444 449 453 458 460 461 459 457 452 447 443 439
02 18 -9999 -9999 -9999 -9999 -9999 -9999 413 411 430 442 442 442 446 450 454 459 460 462 460 458 453 448 444 442
02 19 -9999 -9999 -9999 -9999 -9999 -9999 414 412 431 443 443 443 446 450 454 458 459 461 459 457 453 448 444 442
02 20 -9999 -9999 -9999 -9999 -9999 -9999 415 413 432 444 444 444 447 451 455 458 460 461 459 457 454 448 445 442
02 21 -9999 -9999 -9999 -9999 -9999 -9999 415 412 433 445 445 445 449 452 457 460 461 461 461 458 455 449 445 442
02 22 -9999 -9999 -9999 -9999 -9999 -9999 417 415 436 447 448 448 452 455 460 462 463 463 462 460 457 452 447 445
02 23 -9999 -9999 -9999 -9999 -9999 -9999 420 418 440 450 451 452 455 458 461 463 465 464 463 461 458 452 448 444
02 24 -9999 -9999 -9999 -9999 -9999 -9999 419 417 439 450 451 451 455 458 462 464 466 465 464 463 458 452 448 444
02 25 -9999 -9999 -9999 -9999 -9999 -9999 419 415 439 449 450 450 454 456 461 463 465 464 463 462 458 452 448 445
02 26 -9999 -9999 -9999 -9999 -9999 -9999 419 415 439 448 449 450 453 457 461 463 464 463 464 463 459 453 448 445
02 27 -9999 -9999 -9999 -9999 -9999 -9999 419 416 441 450 451 451 456 460 463 466 466 464 465 464 459 454 448 446
02 28 -9999 -9999 -9999 -9999 -9999 -9999 421 417 442 451 453 453 458 463 467 469 469 468 468 466 461 456 451 448
03 01 -9999 -9999 -9999 -9999 -9999 -9999 422 419 445 454 455 456 461 465 469 470 470 470 469 467 462 457 452 448
03 02 -9999 -9999 -9999 -9999 -9999 -9999 423 420 446 455 457 458 463 467 471 472 471 470 470 468 463 458 453 449
03 03 -9999 -9999 -9999 -9999 -9999 -9999 423 421 448 456 458 459 464 469 472 474 473 472 471 469 465 459 455 450
03 04 -9999 -9999 -9999 -9999 -9999 -9999 425 423 450 458 459 460 465 470 474 475 475 473 473 470 466 461 456 450
03 05 -9999 -9999 -9999 -9999 -9999 -9999 426 424 452 459 461 462 466 472 475 477 476 475 473 471 466 461 455 450
03 06 -9999 -9999 -9999 -9999 -9999 -9999 425 424 452 459 461 463 467 472 475 477 476 475 474 471 466 461 456 450
03 07 -9999 -9999 -9999 -9999 -9999 -9999 425 424 452 459 461 463 467 473 476 477 476 474 474 471 466 461 455 450
03 08 -9999 -9999 -9999 -9999 -9999 -9999 424 424 451 458 460 462 467 472 475 475 473 473 473 470 465 460 454 448
03 09 -9999 -9999 -9999 -9999 -9999 -9999 423 423 450 457 459 462 466 472 474 474 473 473 472 469 464 459 454 449
03 10 -9999 -9999 -9999 -9999 -9999 -9999 422 423 450 456 459 462 466 471 474 474 473 472 471 468 464 459 453 449
03 11 -9999 -9999 -9999 -9999 -9999 -9999 422 424 451 457 460 462 467 473 476 476 473 472 471 468 463 459 453 449
03 12 -9999 -9999 -9999 -9999 -9999 -9999 423 425 453 459 462 465 469 475 477 476 474 473 472 469 465 460 455 451
03 13 -9999 -9999 -9999 -9999 -9999 -9999 424 427 454 460 463 466 471 476 478 478 475 474 473 470 466 461 455 -9999 
03 14 -9999 -9999 -9999 -9999 -9999 -9999 425 429 455 461 464 467 472 477 478 477 475 473 473 470 466 461 455 -9999 
03 15 -9999 -9999 -9999 -9999 -9999 -9999 425 430 455 461 464 467 472 477 478 477 474 471 471 469 465 460 454 450
03 16 -9999 -9999 -9999 -9999 -9999 -9999 425 430 455 460 463 467 471 477 477 476 474 471 471 468 465 460 453 451
03 17 -9999 -9999 -9999 -9999 -9999 -9999 425 431 456 461 464 467 471 477 477 476 474 471 471 469 465 460 454 -9999 
03 18 -9999 -9999 -9999 -9999 -9999 -9999 426 432 456 461 464 468 472 477 477 475 473 470 469 467 464 460 454 -9999 
03 19 -9999 -9999 -9999 -9999 -9999 -9999 425 433 456 461 464 467 471 476 477 475 472 469 469 467 464 460 454 452
03 20 -9999 -9999 -9999 -9999 -9999 -9999 425 434 456 460 463 466 471 475 475 474 471 468 468 466 463 459 453 450
03 21 -9999 -9999 -9999 -9999 -9999 -9999 424 433 455 459 462 465 470 474 474 473 470 467 468 465 463 458 453 -9999 
03 22 -9999 -9999 -9999 -9999 -9999 -9999 423 434 455 459 461 465 469 474 474 473 469 467 467 465 463 459 452 -9999 
03 23 -9999 -9999 -9999 -9999 -9999 -9999 423 434 456 459 460 463 468 473 473 473 470 467 467 464 462 458 451 -9999 
03 24 -9999 -9999 -9999 -9999 -9999 -9999 422 435 455 458 459 462 467 471 471 472 468 466 466 464 462 457 451 -9999 
03 25 -9999 -9999 -9999 -9999 -9999 -9999 422 436 455 457 458 460 466 470 471 471 467 465 465 463 461 457 450 -9999 
03 26 -9999 -9999 -9999 -9999 -9999 -9999 421 436 454 456 456 459 465 469 469 469 466 464 465 463 462 457 450 -9999 
03 27 -9999 -9999 -9999 -9999 -9999 -9999 421 436 454 455 455 458 464 468 469 469 466 463 464 462 461 456 450 -9999 
03 28 -9999 -9999 -9999 -9999 -9999 -9999 421 437 453 455 455 457 464 467 468 468 464 462 463 461 460 455 449 -9999 
03 29 -9999 -9999 -9999 -9999 -9999 -9999 420 437 452 453 453 456 462 466 466 466 463 461 462 460 459 455 449 -9999 
03 30 -9999 -9999 -9999 -9999 -9999 -9999 421 438 453 453 453 456 462 465 466 466 463 462 462 460 459 455 449 -9999 
03 31 -9999 -9999 -9999 -9999 -9999 -9999 421 439 453 453 453 456 461 465 466 467 463 462 463 460 459 455 449 -9999 
04 01 -9999 -9999 -9999 -9999 -9999 -9999 421 439 452 451 451 455 461 464 466 466 462 460 462 459 458 454 448 -9999 
04 02 -9999 -9999 -9999 -9999 -9999 -9999 420 439 452 450 450 455 460 464 465 466 462 460 462 459 458 454 447 -9999 
04 03 -9999 -9999 -9999 -9999 -9999 -9999 421 441 452 450 450 455 461 465 466 466 462 461 463 460 458 454 448 -9999 
04 04 -9999 -9999 -9999 -9999 -9999 -9999 421 441 452 450 450 455 462 465 466 465 461 461 463 460 459 454 448 -9999 
04 05 -9999 -9999 -9999 -9999 -9999 -9999 422 443 453 450 450 456 463 466 467 466 463 462 463 461 460 456 450 -9999 
04 06 -9999 -9999 -9999 -9999 -9999 426 423 444 453 451 451 458 464 467 468 466 462 461 463 461 460 455 451 -9999 
04 07 -9999 -9999 -9999 -9999 -9999 428 425 447 454 452 454 460 466 469 469 467 463 462 464 462 461 456 451 -9999 
04 08 -9999 -9999 -9999 -9999 -9999 428 425 448 455 453 454 461 467 470 469 467 464 462 464 463 462 457 453 -9999 
04 09 -9999 -9999 -9999 -9999 -9999 429 426 449 456 454 455 463 468 471 470 468 465 464 465 464 463 458 454 -9999 
04 10 -9999 -9999 -9999 -9999 -9999 432 429 451 458 456 457 465 469 472 472 469 465 464 466 464 462 458 454 -9999 
04 11 -9999 -9999 -9999 -9999 -9999 432 429 452 459 456 457 464 469 471 471 469 466 465 466 465 463 459 456 -9999 
04 12 -9999 -9999 -9999 -9999 -9999 432 429 453 458 455 457 463 468 470 471 469 466 465 466 465 464 460 457 -9999 
04 13 -9999 -9999 -9999 -9999 -9999 433 430 454 459 457 458 465 470 471 471 470 467 466 467 466 464 460 458 -9999 
04 14 -9999 -9999 -9999 -9999 -9999 434 430 455 459 457 458 465 470 472 471 469 467 465 467 466 465 461 459 -9999 
04 15 -9999 -9999 -9999 -9999 -9999 433 431 456 460 458 460 466 471 472 471 469 467 466 467 466 465 461 459 -9999 
04 16 -9999 -9999 -9999 -9999 -9999 435 432 457 460 459 461 467 471 473 471 470 467 467 468 467 466 463 461 -9999 
04 17 -9999 -9999 -9999 -9999 -9999 436 433 459 461 459 461 467 472 473 472 470 468 467 468 468 466 463 462 -9999 
04 18 -9999 -9999 -9999 -9999 -9999 437 434 459 462 459 462 467 472 473 471 469 467 466 467 467 465 463 461 -9999 
04 19 -9999 -9999 -9999 -9999 -9999 437 434 460 462 460 463 468 472 474 472 470 468 466 468 468 466 464 463 -9999 
04 20 -9999 -9999 -9999 -9999 -9999 439 436 461 463 460 464 469 473 474 473 471 468 467 469 469 467 464 463 -9999 
04 21 -9999 -9999 -9999 -9999 -9999 441 437 462 464 462 465 469 474 474 473 471 470 469 470 469 468 466 464 -9999 
04 22 -9999 -9999 -9999 -9999 -9999 441 438 462 465 461 465 469 474 474 473 471 470 469 470 470 469 466 465 -9999 
04 23 -9999 -9999 -9999 -9999 -9999 441 439 463 465 462 466 470 476 476 475 473 471 470 471 470 469 467 466 -9999 
04 24 -9999 -9999 -9999 -9999 -9999 442 441 464 466 463 466 470 476 477 475 474 472 470 471 472 470 467 467 -9999 
04 25 -9999 -9999 -9999 -9999 -9999 441 442 466 466 463 467 471 477 478 476 475 473 472 473 473 471 469 468 -9999 
04 26 -9999 -9999 -9999 -9999 -9999 443 444 467 467 465 469 475 480 481 478 477 475 473 474 474 473 470 469 -9999 
04 27 -9999 -9999 -9999 -9999 -9999 445 446 469 470 468 471 477 482 483 480 478 476 475 476 475 474 471 471 -9999 
04 28 -9999 -9999 -9999 -9999 -9999 447 448 471 471 469 473 478 483 484 482 479 477 476 477 477 476 473 472 -9999 
04 29 -9999 -9999 -9999 -9999 -9999 448 450 472 472 470 473 479 484 484 482 480 478 476 477 477 476 473 472 -9999 
04 30 -9999 -9999 -9999 -9999 -9999 449 451 473 473 471 474 479 484 485 483 480 479 477 478 478 477 475 473 -9999 
05 01 -9999 -9999 -9999 -9999 -9999 450 453 474 474 473 475 481 486 486 484 481 480 478 478 478 477 476 474 -9999 
05 02 -9999 -9999 -9999 -9999 -9999 451 454 475 475 474 476 481 486 486 484 481 480 479 479 478 478 476 475 -9999 
05 03 -9999 -9999 -9999 -9999 -9999 452 455 475 475 474 477 482 486 486 484 482 481 479 480 479 478 477 475 -9999 
05 04 -9999 -9999 -9999 -9999 -9999 452 456 476 476 475 478 483 487 487 485 483 482 480 481 480 479 478 476 -9999 
05 05 -9999 -9999 -9999 -9999 -9999 452 458 477 477 476 479 484 488 487 485 484 483 481 481 481 480 478 477 -9999 
05 06 -9999 -9999 -9999 -9999 -9999 453 460 478 477 477 480 484 488 488 486 484 484 482 481 481 479 478 477 -9999 
05 07 -9999 -9999 -9999 -9999 -9999 454 461 479 478 478 481 485 489 489 487 485 485 483 483 482 480 479 478 -9999 
05 08 -9999 -9999 -9999 -9999 -9999 457 464 481 480 480 483 488 491 490 488 487 486 485 485 484 481 481 480 -9999 
05 09 -9999 -9999 -9999 -9999 -9999 459 465 483 482 482 485 490 492 491 489 488 487 486 486 484 482 482 480 -9999 
05 10 -9999 -9999 -9999 -9999 -9999 461 467 484 482 483 486 490 492 491 490 488 488 486 485 484 482 482 481 -9999 
05 11 -9999 -9999 -9999 -9999 -9999 461 467 484 483 483 487 490 492 491 490 488 488 486 486 485 483 483 481 -9999 
05 12 -9999 -9999 -9999 -9999 -9999 462 468 484 483 484 487 491 493 492 491 489 489 488 487 486 484 484 482 -9999 
05 13 -9999 -9999 -9999 -9999 -9999 463 470 485 484 484 488 492 494 493 491 491 490 489 488 487 485 485 483 -9999 
05 14 -9999 -9999 -9999 -9999 -9999 465 471 486 485 485 490 493 494 494 493 492 491 490 489 488 485 486 484 -9999 
05 15 -9999 -9999 -9999 -9999 -9999 466 473 487 485 486 491 493 495 494 493 492 491 490 490 489 486 486 484 -9999 
05 16 -9999 -9999 -9999 -9999 -9999 467 474 487 486 487 492 494 495 495 494 493 493 491 491 490 487 486 485 -9999 
05 17 -9999 -9999 -9999 -9999 -9999 467 475 488 486 487 492 495 496 496 495 494 494 492 492 491 488 488 486 -9999 
05 18 -9999 -9999 -9999 -9999 -9999 469 478 489 487 489 493 495 497 497 496 495 495 494 493 492 489 489 488 -9999 
05 19 -9999 -9999 -9999 -9999 -9999 472 480 490 489 490 494 496 497 497 496 495 495 494 493 492 490 490 489 -9999 
05 20 -9999 -9999 -9999 -9999 477 474 481 491 489 490 494 497 498 498 497 496 497 496 494 494 491 492 490 -9999 
05 21 -9999 -9999 -9999 -9999 479 475 483 492 490 492 496 498 499 499 498 498 498 497 496 495 493 493 492 -9999 
05 22 -9999 -9999 -9999 -9999 481 477 484 493 491 493 496 499 499 500 499 498 498 497 496 496 494 494 491 -9999 
05 23 -9999 -9999 -9999 -9999 -9999 477 485 493 491 493 496 499 500 500 499 498 498 497 496 496 494 494 492 -9999 
05 24 -9999 -9999 -9999 -9999 -9999 477 486 494 492 493 497 500 501 501 500 499 499 498 497 497 495 495 493 -9999 
05 25 -9999 -9999 -9999 -9999 -9999 479 487 495 493 495 498 501 502 502 501 500 500 499 498 498 496 496 494 -9999 
05 26 -9999 -9999 -9999 -9999 -9999 480 489 496 494 496 499 502 503 503 502 500 500 500 499 498 497 497 495 -9999 
05 27 -9999 -9999 -9999 -9999 -9999 482 490 497 495 497 500 503 503 504 502 502 501 501 500 499 497 498 496 -9999 
05 28 -9999 -9999 -9999 -9999 -9999 482 491 497 496 498 501 504 504 505 503 502 502 502 501 500 498 499 496 -9999 
05 29 -9999 -9999 -9999 -9999 -9999 484 492 499 498 499 502 506 506 506 504 503 503 503 501 500 499 499 497 -9999 
05 30 -9999 -9999 -9999 -9999 489 484 493 500 499 500 503 506 507 507 505 504 504 504 502 501 499 500 497 -9999 
05 31 -9999 -9999 -9999 -9999 -9999 485 493 500 499 500 503 506 506 506 505 504 504 504 502 502 500 501 498 -9999 
06 01 -9999 -9999 -9999 -9999 490 486 494 501 500 501 503 507 507 508 506 505 505 504 503 502 501 501 498 -9999 
06 02 -9999 -9999 -9999 -9999 490 486 495 502 501 503 505 509 509 509 507 506 506 506 504 504 502 502 499 -9999 
06 03 -9999 -9999 -9999 -9999 491 487 495 503 502 504 506 510 510 510 508 507 507 507 505 504 502 502 499 -9999 
06 04 -9999 -9999 -9999 -9999 491 487 496 503 503 505 507 510 510 510 508 507 506 506 505 504 502 502 499 -9999 
06 05 -9999 -9999 -9999 -9999 -9999 486 496 503 503 505 507 510 510 510 508 507 506 506 505 504 502 502 499 -9999 
06 06 -9999 -9999 -9999 -9999 491 487 496 503 504 505 508 511 511 511 509 508 507 507 506 504 502 502 500 -9999 
06 07 -9999 -9999 -9999 -9999 491 488 497 504 505 506 508 511 512 511 510 508 508 508 507 505 503 502 500 -9999 
06 08 -9999 -9999 -9999 -9999 492 489 497 504 505 507 509 512 512 512 510 509 508 508 507 506 503 502 501 -9999 
06 09 -9999 -9999 -9999 -9999 492 489 498 504 506 507 509 513 513 513 511 509 509 509 508 506 504 502 501 -9999 
06 10 -9999 -9999 -9999 -9999 493 491 498 505 507 508 510 513 514 513 511 510 510 510 508 506 504 502 501 -9999 
06 11 -9999 -9999 -9999 -9999 493 491 499 506 507 509 510 514 514 513 511 510 510 510 508 507 504 503 502 -9999 
06 12 -9999 -9999 -9999 -9999 493 491 499 506 507 509 511 514 515 514 512 510 510 510 508 506 504 502 502 -9999 
06 13 -9999 -9999 -9999 -9999 493 491 499 505 507 508 510 513 515 514 512 511 510 510 509 507 504 503 503 -9999 
06 14 -9999 -9999 -9999 -9999 494 492 500 505 507 509 511 514 515 515 513 512 511 510 509 508 505 504 504 -9999 
06 15 -9999 -9999 -9999 -9999 495 493 501 507 509 511 513 517 517 517 515 513 512 512 511 509 506 505 505 -9999 
06 16 -9999 -9999 -9999 -9999 497 495 502 508 510 512 514 518 518 518 516 515 514 513 512 510 507 506 506 -9999 
06 17 -9999 -9999 -9999 -9999 498 496 503 509 510 512 515 519 519 519 517 516 514 514 513 510 508 507 507 -9999 
06 18 -9999 -9999 -9999 -9999 498 496 504 509 511 513 515 520 520 519 518 517 515 515 513 512 509 508 508 -9999 
06 19 -9999 -9999 -9999 -9999 500 498 506 511 513 515 518 522 522 522 520 519 517 516 515 513 511 509 510 -9999 
06 20 -9999 -9999 -9999 -9999 501 500 507 512 514 516 520 524 524 523 522 521 519 518 517 515 512 511 512 -9999 
06 21 -9999 -9999 -9999 -9999 504 503 509 514 516 518 521 526 526 525 524 522 521 520 518 517 514 512 514 -9999 
06 22 -9999 -9999 -9999 -9999 506 505 511 516 517 520 523 527 527 526 524 523 522 521 519 517 515 513 515 -9999 
06 23 -9999 -9999 -9999 -9999 507 506 512 517 518 521 524 528 528 527 525 525 523 522 520 518 516 515 516 -9999 
06 24 -9999 -9999 -9999 -9999 508 506 513 517 519 521 525 529 529 528 526 525 524 522 521 519 517 515 517 -9999 
06 25 -9999 -9999 -9999 -9999 508 506 513 518 519 522 526 530 529 528 527 526 524 523 521 519 517 516 518 -9999 
06 26 -9999 -9999 -9999 -9999 509 506 513 518 519 522 526 530 531 529 528 526 525 523 522 520 518 517 518 -9999 
06 27 -9999 -9999 -9999 -9999 510 507 514 519 521 523 528 531 532 530 528 527 526 525 523 521 519 518 519 -9999 
06 28 -9999 -9999 -9999 -9999 510 508 515 520 522 525 530 534 533 531 530 529 528 526 525 522 520 519 520 -9999 
06 29 -9999 -9999 -9999 -9999 511 510 516 521 523 526 532 535 535 533 531 530 530 528 526 523 521 520 521 -9999 
06 30 -9999 -9999 -9999 -9999 512 510 517 522 524 527 533 537 536 534 532 531 530 529 527 524 522 520 522 -9999 
07 01 -9999 -9999 -9999 -9999 512 512 518 523 525 528 534 537 537 535 533 532 530 530 528 525 523 521 523 -9999 
07 02 -9999 -9999 -9999 -9999 513 513 519 525 527 530 535 539 539 537 534 532 532 531 529 526 524 522 524 -9999 
07 03 -9999 -9999 -9999 -9999 516 515 520 526 528 532 536 540 540 538 536 533 533 532 530 527 525 523 525 -9999 
07 04 -9999 -9999 -9999 -9999 516 515 520 527 529 533 537 541 541 539 537 535 534 533 531 528 526 525 523 -9999 
07 05 -9999 -9999 -9999 -9999 516 515 521 528 530 533 537 543 542 541 538 536 535 534 532 528 527 526 524 -9999 
07 06 -9999 -9999 -9999 -9999 516 516 521 528 530 534 539 544 544 541 539 537 535 535 533 530 528 527 525 -9999 
07 07 -9999 -9999 -9999 -9999 517 517 522 529 531 535 540 545 545 543 541 538 537 537 534 531 529 528 525 -9999 
07 08 -9999 -9999 -9999 -9999 518 518 523 530 532 536 541 546 546 544 542 540 539 538 536 532 530 529 527 -9999 
07 09 -9999 -9999 -9999 -9999 519 520 524 531 534 537 542 546 547 545 543 541 540 539 537 533 531 530 528 -9999 
07 10 -9999 -9999 -9999 -9999 521 521 525 532 534 538 543 547 548 546 544 542 541 540 538 534 532 531 529 -9999 
07 11 -9999 -9999 -9999 -9999 522 524 527 533 536 540 544 549 549 547 545 544 543 541 539 536 533 532 532 -9999 
07 12 -9999 -9999 -9999 -9999 525 525 528 534 537 542 545 550 550 549 547 545 545 543 540 537 534 533 533 -9999 
07 13 -9999 -9999 -9999 -9999 526 527 529 535 538 542 546 551 551 550 548 546 545 543 541 538 536 535 534 -9999 
07 14 -9999 -9999 -9999 -9999 527 527 530 536 539 542 546 551 552 550 548 547 546 544 542 539 537 536 535 -9999 
07 15 -9999 -9999 -9999 -9999 530 529 531 537 539 543 547 552 553 552 549 548 545 545 543 540 538 537 536 -9999 
07 16 -9999 -9999 -9999 -9999 531 530 532 538 540 544 549 553 553 553 550 549 548 546 544 541 539 537 537 -9999 
07 17 -9999 -9999 -9999 -9999 531 530 532 538 541 545 550 553 554 553 551 550 549 546 545 542 540 538 538 -9999 
07 18 -9999 -9999 -9999 -9999 532 532 533 539 542 546 550 554 554 553 551 551 549 547 545 542 540 539 538 -9999 
07 19 -9999 -9999 -9999 -9999 532 532 534 539 542 546 551 554 554 554 552 551 550 547 546 543 541 539 539 -9999 
07 20 -9999 -9999 -9999 -9999 533 533 534 539 542 546 550 555 554 554 552 552 551 548 546 543 541 540 539 -9999 
07 21 -9999 -9999 -9999 -9999 534 534 535 540 542 546 550 555 554 554 552 551 551 548 546 543 541 540 540 -9999 
07 22 -9999 -9999 -9999 -9999 533 533 535 540 542 546 550 554 554 554 552 551 551 548 546 544 541 541 540 -9999 
07 23 -9999 -9999 -9999 -9999 533 534 535 540 542 546 550 555 554 554 553 552 551 549 547 544 542 541 541 -9999 
07 24 -9999 -9999 -9999 -9999 533 534 535 540 542 546 550 555 555 555 553 552 552 549 548 545 542 542 541 -9999 
07 25 -9999 -9999 -9999 -9999 534 535 536 541 543 546 551 556 556 555 554 553 552 550 548 545 543 542 541 -9999 
07 26 -9999 -9999 -9999 -9999 534 535 536 541 543 547 551 556 556 555 554 553 552 550 548 545 543 543 542 -9999 
07 27 -9999 -9999 -9999 -9999 534 535 536 541 543 547 551 556 556 555 554 553 553 550 548 545 543 543 542 -9999 
07 28 -9999 -9999 -9999 -9999 534 536 536 541 544 547 552 557 557 556 555 553 553 551 549 545 543 543 542 -9999 
07 29 -9999 -9999 -9999 -9999 535 536 536 542 544 547 552 557 557 556 555 553 553 550 549 545 543 543 542 -9999 
07 30 -9999 -9999 -9999 -9999 535 536 536 541 544 547 552 557 557 556 555 553 553 551 549 546 544 543 542 -9999 
07 31 -9999 -9999 -9999 -9999 536 536 536 541 544 547 552 557 556 556 555 553 553 551 549 546 544 543 542 -9999 
08 01 -9999 -9999 -9999 -9999 537 536 536 542 544 547 552 557 557 556 555 553 553 551 549 546 544 543 542 -9999 
08 02 -9999 -9999 -9999 -9999 537 536 536 541 544 547 552 558 557 556 555 553 553 551 550 546 544 544 543 -9999 
08 03 -9999 -9999 -9999 -9999 537 536 536 541 544 547 552 558 557 556 555 553 553 551 550 547 545 544 543 -9999 
08 04 -9999 -9999 -9999 -9999 536 536 536 541 544 547 553 557 557 556 555 553 553 551 550 547 545 544 542 -9999 
08 05 -9999 -9999 -9999 -9999 536 536 536 541 544 547 553 557 557 556 555 553 553 551 550 547 545 544 542 -9999 
08 06 -9999 -9999 -9999 -9999 536 536 536 542 544 547 553 558 558 556 555 554 553 552 550 547 545 544 542 -9999 
08 07 -9999 -9999 -9999 -9999 536 536 536 542 545 548 553 558 558 556 555 553 553 551 550 547 545 545 542 -9999 
08 08 -9999 -9999 -9999 -9999 536 536 536 542 545 548 553 558 558 556 555 553 553 551 550 547 545 545 542 -9999 
08 09 -9999 -9999 -9999 -9999 536 536 536 542 545 548 553 558 558 556 555 554 553 552 550 547 545 545 542 -9999 
08 10 -9999 -9999 -9999 -9999 536 536 536 542 545 548 554 558 558 557 555 554 553 552 551 547 546 545 543 -9999 
08 11 -9999 -9999 -9999 -9999 536 536 536 542 545 548 553 558 558 557 555 554 553 552 550 547 546 546 543 -9999 
08 12 -9999 -9999 -9999 -9999 536 536 536 543 545 548 553 558 558 556 554 553 553 552 551 547 546 546 543 -9999 
08 13 -9999 -9999 -9999 -9999 535 536 536 543 545 548 553 557 558 556 555 554 553 552 551 547 546 546 543 -9999 
08 14 -9999 -9999 -9999 -9999 535 537 536 543 545 548 552 557 558 556 554 553 553 552 550 547 546 546 542 -9999 
08 15 -9999 -9999 -9999 -9999 535 536 535 542 544 547 552 557 557 556 554 553 553 551 550 547 546 546 542 -9999 
08 16 -9999 -9999 -9999 -9999 535 535 535 542 544 547 551 556 557 555 554 553 552 551 550 546 545 546 542 -9999 
08 17 -9999 -9999 -9999 -9999 534 535 535 542 544 547 551 556 556 555 554 553 552 551 550 546 545 545 541 -9999 
08 18 -9999 -9999 -9999 -9999 534 535 534 541 543 546 550 555 556 555 553 552 552 551 549 546 545 545 541 -9999 
08 19 -9999 -9999 -9999 -9999 534 534 533 541 543 546 550 555 556 554 553 552 551 551 549 546 545 545 542 -9999 
08 20 -9999 -9999 -9999 -9999 534 534 533 541 543 546 549 555 556 554 553 552 551 550 549 545 545 545 541 -9999 
08 21 -9999 -9999 -9999 -9999 534 534 533 540 543 545 549 555 556 555 553 553 551 551 549 546 545 545 542 -9999 
08 22 -9999 -9999 -9999 -9999 534 534 532 540 543 545 550 555 556 554 553 553 551 550 549 546 545 545 542 -9999 
08 23 -9999 -9999 -9999 -9999 -9999 534 532 540 543 545 550 555 556 554 553 552 551 550 549 545 545 545 542 -9999 
08 24 -9999 -9999 -9999 -9999 -9999 533 532 540 543 544 549 555 556 554 553 552 551 550 548 545 545 544 542 -9999 
08 25 -9999 -9999 -9999 -9999 -9999 533 532 540 542 544 548 555 555 554 553 552 551 549 548 545 545 544 542 -9999 
08 26 -9999 -9999 -9999 -9999 -9999 533 532 539 542 544 549 555 556 554 553 553 551 550 549 545 545 544 542 -9999 
08 27 -9999 -9999 -9999 -9999 -9999 533 532 539 543 544 549 555 556 554 553 553 551 550 549 545 545 544 542 -9999 
08 28 -9999 -9999 -9999 -9999 534 532 532 539 543 544 549 555 556 554 554 553 551 550 549 545 545 544 542 -9999 
08 29 -9999 -9999 -9999 -9999 534 531 531 539 542 544 549 555 556 554 553 553 551 550 549 545 545 544 542 -9999 
08 30 -9999 -9999 -9999 -9999 -9999 531 531 538 542 543 547 553 556 554 554 552 551 550 548 545 545 543 542 -9999 
08 31 -9999 -9999 -9999 -9999 -9999 530 530 537 541 542 547 553 555 554 554 553 551 549 548 545 545 543 542 -9999 
09 01 -9999 -9999 -9999 -9999 -9999 530 529 538 541 541 546 553 555 554 553 552 551 549 548 545 545 543 543 -9999 
09 02 -9999 -9999 -9999 -9999 -9999 530 529 537 540 540 545 552 553 552 552 552 550 548 547 544 544 543 542 -9999 
09 03 -9999 -9999 -9999 -9999 -9999 528 528 536 539 539 544 551 552 551 551 551 549 548 547 544 544 542 541 -9999 
09 04 -9999 -9999 -9999 -9999 -9999 528 527 536 539 539 543 550 552 551 551 550 549 548 547 544 544 542 541 -9999 
09 05 -9999 -9999 -9999 -9999 -9999 527 527 535 538 539 543 549 550 550 551 549 548 547 546 543 544 541 540 -9999 
09 06 -9999 -9999 -9999 -9999 -9999 526 526 534 537 538 542 548 549 550 550 549 547 546 546 543 543 541 540 -9999 
09 07 -9999 -9999 -9999 -9999 -9999 526 525 534 537 538 542 548 550 550 550 549 547 546 546 544 543 541 540 -9999 
09 08 -9999 -9999 -9999 -9999 -9999 524 523 533 536 537 540 546 548 548 549 547 546 545 546 543 543 541 538 -9999 
09 09 -9999 -9999 -9999 -9999 -9999 524 523 532 535 536 539 545 547 547 548 546 545 544 545 542 543 540 538 -9999 
09 10 -9999 -9999 -9999 -9999 -9999 523 522 531 535 535 538 543 545 546 547 545 544 543 545 541 543 539 537 -9999 
09 11 -9999 -9999 -9999 -9999 -9999 521 520 530 534 534 537 543 545 546 546 545 544 543 544 541 542 538 537 -9999 
09 12 -9999 -9999 -9999 -9999 -9999 520 519 529 533 533 535 541 544 545 545 544 543 543 544 541 542 540 537 -9999 
09 13 -9999 -9999 -9999 -9999 -9999 520 518 528 533 533 535 541 544 545 545 545 544 543 544 541 543 540 537 -9999 
09 14 -9999 -9999 -9999 -9999 -9999 520 518 528 533 533 535 541 544 546 546 546 544 544 544 542 543 540 537 -9999 
09 15 -9999 -9999 -9999 -9999 -9999 520 518 528 533 533 535 540 543 546 546 545 544 544 543 542 543 539 537 -9999 
09 16 -9999 -9999 -9999 -9999 -9999 520 518 528 533 533 535 540 543 545 545 545 543 544 543 542 542 538 535 -9999 
09 17 -9999 -9999 -9999 -9999 -9999 519 516 527 533 534 535 540 543 546 545 545 544 543 543 541 542 538 536 -9999 
09 18 -9999 -9999 -9999 -9999 -9999 519 516 527 533 533 534 540 543 546 545 546 544 543 542 541 542 538 536 -9999 
09 19 -9999 -9999 -9999 -9999 -9999 519 516 526 533 533 534 539 543 546 545 545 544 544 543 541 542 538 535 -9999 
09 20 -9999 -9999 -9999 -9999 -9999 519 516 526 532 532 533 539 543 546 545 545 544 544 543 541 542 538 535 -9999 
09 21 -9999 -9999 -9999 -9999 -9999 519 516 526 532 532 533 538 543 545 545 545 544 544 543 541 542 538 534 -9999 
09 22 -9999 -9999 -9999 -9999 -9999 518 515 525 531 530 531 537 542 544 544 544 542 543 542 540 540 537 533 -9999 
09 23 -9999 -9999 -9999 -9999 -9999 517 514 524 530 530 530 536 541 543 543 543 541 541 540 538 539 536 532 -9999 
09 24 -9999 -9999 -9999 -9999 -9999 516 512 522 529 528 529 534 541 543 542 543 541 541 540 538 538 535 531 -9999 
09 25 -9999 -9999 -9999 -9999 -9999 515 512 521 528 526 527 533 538 541 541 541 540 540 539 537 537 534 530 -9999 
09 26 -9999 -9999 -9999 -9999 -9999 512 509 519 525 524 525 530 536 539 539 540 538 538 538 536 535 533 528 -9999 
09 27 -9999 -9999 -9999 -9999 -9999 511 508 517 524 522 522 528 533 536 537 537 536 536 535 534 533 530 525 -9999 
09 28 -9999 -9999 -9999 -9999 -9999 509 505 515 521 519 519 524 529 533 534 535 533 533 533 532 531 528 523 -9999 
09 29 -9999 -9999 -9999 -9999 -9999 506 503 513 519 517 517 521 527 531 533 534 531 532 532 531 530 527 521 -9999 
09 30 -9999 -9999 -9999 -9999 -9999 505 501 511 517 514 514 519 525 529 531 532 530 530 531 529 528 525 519 -9999 
10 01 -9999 -9999 -9999 -9999 -9999 502 497 508 514 511 510 515 522 526 529 530 528 529 530 528 527 523 517 -9999 
10 02 -9999 -9999 -9999 -9999 -9999 500 496 506 512 508 508 513 520 524 528 528 527 528 529 527 525 521 514 -9999 
10 03 -9999 -9999 -9999 -9999 -9999 494 492 502 509 505 505 509 517 522 525 526 524 525 526 524 523 518 510 -9999 
10 04 -9999 -9999 -9999 -9999 -9999 491 488 498 506 502 502 506 514 519 522 524 522 523 524 522 521 516 509 -9999 
10 05 -9999 -9999 -9999 -9999 -9999 490 485 495 503 499 499 502 510 516 520 521 520 521 521 519 518 512 506 -9999 
10 06 -9999 -9999 -9999 -9999 -9999 486 481 491 500 496 495 499 507 513 517 519 517 519 519 517 515 510 503 -9999 
10 07 -9999 -9999 -9999 -9999 -9999 483 478 488 498 493 492 495 504 511 516 518 517 518 518 516 514 508 501 -9999 
10 08 -9999 -9999 -9999 -9999 -9999 481 476 486 495 491 490 493 501 510 515 517 516 518 518 515 513 506 499 -9999 
10 09 -9999 -9999 -9999 -9999 -9999 479 474 483 493 488 487 490 499 507 513 515 514 516 516 514 511 504 497 -9999 
10 10 -9999 -9999 -9999 -9999 -9999 476 471 480 490 486 485 488 498 506 512 514 513 516 515 513 510 503 495 -9999 
10 11 -9999 -9999 -9999 -9999 -9999 475 470 479 489 486 484 487 498 506 512 514 513 516 515 513 509 502 495 -9999 
10 12 -9999 -9999 -9999 -9999 -9999 474 468 477 488 485 483 487 499 507 513 515 514 516 515 513 509 502 495 -9999 
10 13 -9999 -9999 -9999 -9999 -9999 474 468 477 488 485 483 488 499 507 512 515 515 516 515 512 508 501 494 -9999 
10 14 -9999 -9999 -9999 -9999 -9999 473 467 475 487 484 483 487 497 504 510 513 513 515 513 511 506 499 492 -9999 
10 15 -9999 -9999 -9999 -9999 -9999 470 465 472 484 481 479 483 494 501 507 511 512 513 511 509 505 497 492 -9999 
10 16 -9999 -9999 -9999 -9999 -9999 470 465 471 484 480 479 482 493 500 505 509 510 511 509 507 503 495 491 -9999 
10 17 -9999 -9999 -9999 -9999 -9999 468 463 469 482 478 477 481 492 500 505 509 511 511 510 508 503 496 490 -9999 
10 18 -9999 -9999 -9999 -9999 -9999 468 463 469 482 479 476 481 492 499 505 509 511 512 510 508 503 495 490 -9999 
10 19 -9999 -9999 -9999 -9999 -9999 466 461 467 481 477 474 479 490 497 503 506 509 510 508 506 500 492 487 -9999 
10 20 -9999 -9999 -9999 -9999 -9999 464 459 465 479 475 472 477 488 495 501 504 508 509 507 505 500 492 485 -9999 
10 21 -9999 -9999 -9999 -9999 -9999 462 457 463 478 473 470 475 485 493 499 503 506 508 506 504 498 491 483 -9999 
10 22 -9999 -9999 -9999 -9999 -9999 461 456 462 477 473 470 475 484 492 498 501 505 507 506 503 497 490 483 -9999 
10 23 -9999 -9999 -9999 -9999 -9999 459 455 460 476 472 469 473 482 490 496 500 504 507 505 503 497 490 482 -9999 
10 24 -9999 -9999 -9999 -9999 -9999 458 454 459 476 471 468 472 481 488 494 498 503 506 504 502 495 488 481 -9999 
10 25 -9999 -9999 -9999 -9999 -9999 456 453 457 474 469 466 469 477 485 492 496 501 504 502 500 493 485 478 -9999 
10 26 -9999 -9999 -9999 -9999 -9999 454 450 454 472 465 462 465 473 481 489 493 498 501 499 497 490 482 475 -9999 
10 27 -9999 -9999 -9999 -9999 -9999 451 448 451 469 462 459 460 468 477 485 489 495 498 496 494 487 478 471 -9999 
10 28 -9999 -9999 -9999 -9999 -9999 447 444 447 466 459 455 456 465 475 484 488 493 497 495 493 485 477 470 -9999 
10 29 -9999 -9999 -9999 -9999 -9999 445 443 445 464 457 453 455 464 474 483 488 493 496 494 493 484 477 469 -9999 
10 30 -9999 -9999 -9999 -9999 -9999 445 442 445 463 458 453 455 463 473 483 487 492 496 494 492 484 476 468 -9999 
10 31 -9999 -9999 -9999 -9999 -9999 443 442 444 462 457 453 454 463 473 483 488 493 497 494 492 483 476 468 -9999 
11 01 -9999 -9999 -9999 -9999 -9999 442 441 442 462 457 452 452 460 471 482 486 491 495 493 490 483 475 467 -9999 
11 02 -9999 -9999 -9999 -9999 -9999 442 440 441 461 456 451 450 458 469 479 484 489 493 491 488 481 473 465 465
11 03 -9999 -9999 -9999 -9999 -9999 440 437 439 459 454 449 449 456 467 478 483 488 492 489 487 480 472 465 465
11 04 -9999 -9999 -9999 -9999 -9999 439 437 437 458 454 449 448 455 466 477 482 487 491 489 486 478 471 464 464
11 05 -9999 -9999 -9999 -9999 -9999 -9999 436 435 457 454 449 448 455 466 476 482 487 490 488 484 476 468 463 463
11 06 -9999 -9999 -9999 -9999 -9999 -9999 433 432 456 452 447 446 453 464 474 480 485 489 487 484 474 467 462 461
11 07 -9999 -9999 -9999 -9999 -9999 432 431 429 454 450 445 444 451 461 471 478 483 487 484 481 472 464 459 458
11 08 -9999 -9999 -9999 -9999 -9999 -9999 428 426 451 448 442 442 449 459 470 477 482 486 484 480 471 464 458 457
11 09 -9999 -9999 -9999 -9999 -9999 -9999 427 425 450 448 442 442 448 459 469 476 482 486 484 480 471 464 459 458
11 10 -9999 -9999 -9999 -9999 -9999 -9999 427 426 451 450 445 445 451 461 471 478 483 488 485 481 472 466 460 459
11 11 -9999 -9999 -9999 -9999 -9999 -9999 426 425 451 450 446 445 451 460 471 477 483 486 484 479 470 464 460 457
11 12 -9999 -9999 -9999 -9999 -9999 -9999 425 423 450 449 444 444 449 457 468 475 481 485 483 478 469 462 457 455
11 13 -9999 -9999 -9999 -9999 -9999 -9999 421 420 448 448 442 441 445 453 465 472 478 483 481 475 466 460 455 453
11 14 -9999 -9999 -9999 -9999 -9999 -9999 419 417 446 446 441 439 442 450 462 468 476 481 479 473 463 458 452 450
11 15 -9999 -9999 -9999 -9999 -9999 -9999 416 414 443 444 438 436 439 447 458 465 473 478 476 470 460 454 449 446
11 16 -9999 -9999 -9999 -9999 -9999 -9999 412 410 439 441 435 434 436 443 455 462 471 476 473 467 456 450 446 443
11 17 -9999 -9999 -9999 -9999 -9999 -9999 409 407 436 438 432 431 433 441 452 460 469 474 471 465 454 448 444 441
11 18 -9999 -9999 -9999 -9999 -9999 -9999 408 405 434 436 430 429 431 439 451 459 468 473 470 462 452 445 441 437
11 19 -9999 -9999 -9999 -9999 -9999 -9999 404 401 430 432 426 425 427 435 447 456 465 469 466 459 447 441 437 434
11 20 -9999 -9999 -9999 -9999 -9999 -9999 401 398 426 428 421 421 422 430 442 452 462 466 463 456 445 439 433 431
11 21 -9999 -9999 -9999 -9999 -9999 -9999 397 394 421 423 417 415 417 424 437 447 457 461 458 451 440 435 429 427
11 22 -9999 -9999 -9999 -9999 -9999 -9999 394 391 418 420 414 412 415 423 435 445 455 459 456 449 438 432 429 426
11 23 -9999 -9999 -9999 -9999 -9999 -9999 392 389 415 417 411 410 412 420 431 441 451 455 453 444 434 427 424 422
11 24 -9999 -9999 -9999 -9999 -9999 -9999 388 384 410 414 407 406 408 416 428 438 448 452 449 440 429 423 418 417
11 25 -9999 -9999 -9999 -9999 -9999 -9999 384 380 405 410 403 401 404 411 423 433 444 449 446 437 426 419 415 413
11 26 -9999 -9999 -9999 -9999 -9999 -9999 381 377 402 406 400 398 400 407 418 430 440 447 444 435 424 417 411 410
11 27 -9999 -9999 -9999 -9999 -9999 -9999 379 374 398 404 399 397 398 406 417 428 439 445 442 432 422 415 410 409
11 28 -9999 -9999 -9999 -9999 -9999 -9999 378 374 397 403 399 397 398 406 418 428 440 445 440 431 422 413 409 407
11 29 -9999 -9999 -9999 -9999 -9999 -9999 377 373 395 402 399 397 399 408 418 429 440 445 440 431 422 414 410 408
11 30 -9999 -9999 -9999 -9999 -9999 -9999 377 373 395 402 399 397 399 408 419 429 440 443 439 430 421 413 409 407
12 01 -9999 -9999 -9999 -9999 -9999 -9999 375 371 393 400 397 394 397 406 416 428 438 442 437 428 420 412 407 405
12 02 -9999 -9999 -9999 -9999 -9999 -9999 374 371 391 400 398 395 397 406 416 427 437 442 437 428 420 412 406 405
12 03 -9999 -9999 -9999 -9999 -9999 -9999 375 371 391 401 399 395 398 406 416 428 438 442 438 429 421 413 407 407
12 04 -9999 -9999 -9999 -9999 -9999 -9999 376 373 392 403 401 398 400 408 418 430 440 444 440 430 423 415 409 409
12 05 -9999 -9999 -9999 -9999 -9999 -9999 377 373 393 405 403 400 403 411 421 431 442 445 441 431 424 416 410 410
12 06 -9999 -9999 -9999 -9999 -9999 -9999 378 375 393 407 406 403 406 414 422 432 443 446 442 432 424 417 411 411
12 07 -9999 -9999 -9999 -9999 -9999 -9999 378 375 394 408 407 404 407 415 423 433 443 446 442 432 424 416 410 411
12 08 -9999 -9999 -9999 -9999 -9999 -9999 378 375 393 409 409 405 408 417 424 434 444 447 442 433 424 418 412 411
12 09 -9999 -9999 -9999 -9999 -9999 -9999 377 376 393 409 409 406 409 417 425 434 444 446 441 432 424 417 412 410
12 10 -9999 -9999 -9999 -9999 -9999 -9999 377 376 393 409 409 407 409 417 425 435 444 445 440 432 424 417 412 410
12 11 -9999 -9999 -9999 -9999 -9999 -9999 377 377 393 410 410 409 412 420 428 437 447 447 441 433 425 418 414 411
12 12 -9999 -9999 -9999 -9999 -9999 -9999 378 377 393 411 411 410 413 420 427 435 445 446 440 432 424 417 413 410
12 13 -9999 -9999 -9999 -9999 -9999 -9999 377 376 391 410 410 409 412 419 426 434 444 445 440 432 423 416 412 408
12 14 -9999 -9999 -9999 -9999 -9999 -9999 375 373 388 407 407 406 409 415 422 430 440 442 438 429 420 414 408 406
12 15 -9999 -9999 -9999 -9999 -9999 -9999 372 371 385 405 404 404 406 412 419 427 437 439 435 427 417 411 405 404
12 16 -9999 -9999 -9999 -9999 -9999 -9999 371 368 382 403 402 402 404 409 416 424 433 436 433 424 413 408 403 400
12 17 -9999 -9999 -9999 -9999 -9999 -9999 367 365 378 399 398 398 400 406 412 420 430 432 429 420 409 404 401 397
12 18 -9999 -9999 -9999 -9999 -9999 -9999 363 360 374 395 394 394 396 401 407 415 425 427 424 416 406 399 396 394
12 19 -9999 -9999 -9999 -9999 -9999 -9999 359 356 369 391 390 391 392 398 404 412 422 425 422 414 403 397 395 391
12 20 -9999 -9999 -9999 -9999 -9999 -9999 358 355 368 389 388 390 390 396 402 411 421 424 420 413 402 395 393 388
12 21 -9999 -9999 -9999 -9999 -9999 -9999 357 355 368 389 387 389 389 395 402 411 421 423 420 413 403 396 393 388
12 22 -9999 -9999 -9999 -9999 -9999 -9999 358 355 367 388 387 389 389 395 402 411 421 423 420 413 403 396 392 388
12 23 -9999 -9999 -9999 -9999 -9999 -9999 359 354 367 389 388 390 389 395 402 412 422 424 421 415 404 398 393 390
12 24 -9999 -9999 -9999 -9999 -9999 -9999 361 357 369 391 390 391 390 396 403 414 423 426 422 416 406 400 394 392
12 25 -9999 -9999 -9999 -9999 -9999 -9999 362 358 370 392 391 392 391 397 403 414 423 427 423 417 406 400 395 392
12 26 -9999 -9999 -9999 -9999 -9999 -9999 362 358 370 392 390 391 389 395 400 411 422 426 423 417 406 399 394 391
12 27 -9999 -9999 -9999 -9999 -9999 -9999 362 358 370 392 390 392 389 395 399 412 422 425 423 417 406 400 394 391
12 28 -9999 -9999 -9999 -9999 -9999 -9999 363 359 370 393 391 393 390 395 401 413 422 426 423 417 407 401 395 391
12 29 -9999 -9999 -9999 -9999 -9999 -9999 365 361 372 395 394 395 393 397 403 415 424 428 424 418 408 401 395 391
12 30 -9999 -9999 -9999 -9999 -9999 -9999 365 361 372 394 394 395 393 399 405 417 427 430 427 420 410 403 398 393
12 31 -9999 -9999 -9999 -9999 -9999 -9999 368 364 376 398 398 399 397 404 410 422 431 434 430 424 415 408 402 398
