01 01 342 340 337 336 332 330 330 331 332 341 342 344 346 343 345 345 343 346 344 346 345 344 343 343
01 02 338 336 333 333 329 328 327 329 331 340 342 344 346 346 347 347 345 348 346 347 346 345 344 343
01 03 339 338 336 335 332 331 330 331 332 343 345 346 349 348 347 347 345 348 346 348 346 345 344 344
01 04 340 338 336 335 332 330 329 329 331 342 344 346 347 346 345 345 342 346 343 346 344 343 342 341
01 05 337 334 333 332 328 326 324 326 328 338 340 342 343 341 340 340 337 341 339 342 341 340 339 339
01 06 334 331 330 329 324 323 321 323 326 336 337 340 342 339 339 339 336 339 338 340 340 339 338 338
01 07 331 328 327 326 322 321 318 320 323 333 335 338 340 338 337 337 334 338 336 339 339 338 338 337
01 08 331 327 325 324 320 319 315 318 320 330 333 335 336 334 333 333 329 332 330 333 332 333 332 331
01 09 324 322 319 319 315 314 311 314 317 326 328 330 331 328 328 328 325 327 325 329 328 329 328 327
01 10 321 319 316 316 312 311 308 311 313 324 325 326 328 324 325 325 321 323 322 327 326 327 326 325
01 11 319 316 313 313 311 309 306 309 312 322 322 324 326 323 323 324 319 320 320 324 323 324 324 322
01 12 317 314 310 310 309 307 304 307 310 321 321 321 323 320 319 320 317 318 316 321 321 322 321 320
01 13 315 313 309 310 308 306 302 304 308 318 318 319 320 317 315 317 313 313 311 316 317 317 317 316
01 14 312 311 306 306 305 303 299 300 304 313 314 313 314 311 309 311 307 308 306 311 311 312 311 310
01 15 305 304 299 299 298 297 293 295 297 307 309 308 310 306 305 308 303 305 304 309 310 311 311 309
01 16 303 303 299 299 298 296 292 294 296 307 309 309 310 306 306 309 305 305 307 311 310 312 312 310
01 17 306 307 302 302 300 298 293 296 296 308 311 311 312 307 308 310 306 306 308 312 312 312 312 311
01 18 307 308 302 301 301 299 292 295 296 307 309 309 310 305 307 309 305 305 307 311 311 311 311 309
01 19 306 306 301 300 298 296 291 293 295 304 307 306 308 303 305 306 303 302 304 308 308 308 308 307
01 20 306 305 300 300 299 296 291 292 294 303 305 304 306 302 305 305 301 299 301 305 305 305 305 304
01 21 304 305 299 298 297 295 289 290 292 302 304 302 303 300 302 303 299 297 299 304 304 304 304 303
01 22 306 306 301 300 299 296 290 290 293 303 305 303 304 301 303 304 300 299 301 306 306 306 306 305
01 23 308 308 303 302 300 299 293 294 297 307 309 308 309 306 309 309 306 305 307 312 312 312 311 310
01 24 313 312 307 306 303 302 296 296 299 310 311 309 309 307 310 310 307 306 308 314 314 313 312 312
01 25 315 313 309 307 305 303 298 298 301 313 315 313 313 312 314 312 311 309 311 315 315 314 313 313
01 26 315 314 311 309 306 304 300 300 303 315 318 317 316 314 316 315 314 312 315 319 319 318 318 318
01 27 320 319 316 314 311 309 303 303 306 318 320 319 318 317 320 318 317 316 318 322 322 322 321 322
01 28 324 324 321 319 316 314 308 308 310 323 325 323 322 322 324 322 321 319 322 326 325 324 323 324
01 29 326 325 322 320 317 314 309 309 311 324 326 324 322 322 324 321 320 319 322 326 327 326 325 325
01 30 329 326 323 321 318 315 311 310 312 325 327 324 323 323 325 321 321 319 323 327 328 327 325 325
01 31 330 327 324 323 320 317 313 312 315 325 326 322 322 322 323 319 320 318 321 326 327 326 325 325
02 01 329 326 323 322 319 317 314 312 314 323 324 320 319 319 320 316 316 315 318 323 325 325 323 323
02 02 326 323 321 320 317 315 313 311 313 324 325 321 319 320 320 317 317 316 319 324 327 327 326 326
02 03 330 327 324 322 320 318 317 313 316 327 328 325 323 324 324 320 321 320 323 328 330 330 330 331
02 04 333 331 327 326 323 322 320 316 319 331 331 327 326 326 325 322 324 323 326 332 334 334 333 333
02 05 335 332 329 328 325 323 321 317 319 330 331 328 326 326 324 322 322 321 324 330 332 331 331 330
02 06 331 328 326 325 323 321 320 316 319 328 330 327 326 325 324 321 322 321 324 330 331 331 330 329
02 07 330 328 325 325 322 320 319 314 317 326 328 324 324 324 323 321 322 321 324 330 331 331 330 329
02 08 331 330 327 327 325 322 321 316 320 328 331 329 328 329 327 326 325 325 328 334 334 334 334 333
02 09 335 333 330 330 328 325 324 319 323 330 333 330 330 330 328 327 327 327 331 336 337 337 336 335
02 10 337 335 331 331 328 325 324 318 322 329 331 328 327 327 325 323 323 323 327 332 333 333 333 332
02 11 335 333 329 328 326 324 323 317 322 328 330 327 326 328 326 324 324 324 327 332 333 334 333 332
02 12 336 334 330 329 327 325 323 317 322 329 330 328 329 329 328 327 327 326 331 336 338 339 339 337
02 13 342 339 335 335 333 332 330 324 329 336 337 335 336 336 335 333 333 332 336 342 343 344 344 343
02 14 347 344 340 340 338 337 335 329 334 342 341 340 340 340 339 336 336 335 339 344 346 346 348 347
02 15 349 347 344 344 342 340 338 332 338 347 348 347 347 347 345 342 343 341 345 349 351 351 352 352
02 16 354 351 348 347 345 343 342 338 344 353 353 353 353 354 352 348 348 346 349 354 355 356 357 356
02 17 359 356 353 352 349 347 346 342 349 357 357 356 356 356 353 349 349 348 351 355 356 357 357 356
02 18 358 355 352 352 349 347 345 343 350 357 356 355 355 355 352 348 347 347 350 354 355 356 356 356
02 19 355 353 350 349 347 345 344 343 349 356 355 354 353 355 352 348 345 347 350 353 354 355 356 356
02 20 356 353 351 349 348 346 346 344 351 358 356 354 355 356 353 350 348 350 354 358 360 360 362 363
02 21 363 360 357 355 354 351 352 350 356 364 361 359 361 362 357 354 352 354 357 362 363 363 365 366
02 22 366 363 359 357 356 353 353 351 358 364 362 360 360 361 356 353 350 352 356 361 362 363 365 366
02 23 366 363 360 358 356 353 354 352 359 365 362 360 360 361 357 353 350 352 356 362 364 365 367 367
02 24 366 363 360 359 357 354 355 354 360 364 362 360 360 362 357 353 350 352 355 361 363 364 365 365
02 25 365 362 359 358 356 354 356 353 361 364 362 360 360 362 358 354 352 354 357 363 366 366 368 368
02 26 366 363 360 359 358 355 358 356 363 366 364 362 362 363 358 355 353 355 359 365 368 368 370 370
02 27 367 364 361 360 358 355 360 357 365 366 365 363 362 364 360 356 354 357 359 366 369 370 371 371
02 28 367 364 361 360 358 355 360 357 366 367 365 362 362 364 360 357 353 356 358 365 369 369 371 369
03 01 369 367 364 362 360 358 362 358 367 367 366 364 363 365 360 358 354 357 359 367 370 370 372 370
03 02 367 365 361 359 356 355 358 355 364 362 360 357 357 358 355 354 349 353 355 363 367 369 370 368
03 03 366 365 361 358 356 354 357 353 363 361 358 356 355 356 353 352 349 352 355 364 368 370 371 369
03 04 367 366 362 359 357 356 358 354 364 364 360 358 357 358 355 354 351 354 357 366 370 372 374 372
03 05 370 368 364 361 359 359 360 357 367 365 362 360 360 360 357 357 354 356 358 368 373 374 376 374
03 06 372 371 368 365 363 363 364 362 373 372 371 368 367 366 363 362 359 360 363 372 378 380 381 379
03 07 376 375 371 369 366 366 366 366 376 375 374 372 370 370 367 365 362 363 366 375 381 383 383 381
03 08 379 378 375 372 370 370 370 368 380 378 377 374 372 371 370 368 365 366 368 378 384 386 386 385
03 09 381 380 378 375 372 372 373 371 383 383 380 378 376 375 373 371 368 370 371 382 387 388 388 386
03 10 383 382 379 376 374 373 373 372 384 384 381 379 378 376 375 373 370 371 372 382 387 389 390 388
03 11 384 384 382 378 376 374 373 372 384 385 382 379 378 377 376 373 370 373 374 384 389 392 392 390
03 12 387 387 385 381 379 377 375 375 387 387 384 382 381 379 378 375 371 374 375 386 390 392 392 391
03 13 389 388 387 382 380 379 375 374 387 387 383 382 382 380 378 375 371 374 375 385 390 393 394 392
03 14 390 389 388 384 382 380 376 376 388 388 384 382 383 380 378 375 372 374 376 386 390 393 393 392
03 15 390 389 388 383 381 379 375 375 386 386 383 381 381 378 376 373 371 373 375 385 389 392 392 392
03 16 390 389 387 383 381 378 375 375 386 385 382 379 379 377 376 373 371 373 375 385 391 393 393 393
03 17 391 391 389 385 384 380 377 378 389 388 384 382 382 379 377 373 372 374 376 387 392 394 394 395
03 18 392 392 390 387 386 382 380 380 392 391 389 386 386 384 381 378 376 379 381 393 398 400 400 400
03 19 397 397 395 392 391 389 386 387 397 397 395 393 392 390 387 384 382 384 386 398 403 405 404 405
03 20 404 403 402 399 398 396 393 393 404 404 402 400 399 397 395 391 390 391 393 404 408 410 410 410
03 21 411 410 408 405 404 401 399 398 408 408 404 403 402 400 398 395 393 395 397 408 412 414 415 415
03 22 415 414 412 410 408 406 403 403 413 413 409 408 407 405 403 400 399 400 403 413 417 419 420 419
03 23 419 417 415 414 413 410 407 407 417 417 414 413 412 410 407 404 403 404 407 416 421 423 424 422
03 24 423 421 420 418 417 414 412 412 422 421 418 417 416 413 411 408 406 407 410 419 424 427 428 427
03 25 427 425 423 421 421 419 416 417 426 425 422 421 420 417 414 411 409 410 413 422 427 429 431 430
03 26 432 430 428 426 426 423 420 422 431 429 425 424 422 418 415 412 410 411 414 424 429 432 434 433
03 27 434 434 430 430 428 427 424 426 435 433 429 427 426 422 418 416 415 415 418 427 433 436 438 438
03 28 438 438 434 434 433 431 428 431 441 438 434 432 430 425 422 418 417 418 421 430 436 438 439 440
03 29 440 441 437 436 435 433 429 433 443 440 435 432 430 425 422 419 417 418 421 431 438 441 442 444
03 30 444 445 442 441 441 439 435 439 449 446 440 438 436 430 426 423 421 423 426 435 442 445 447 449
03 31 449 448 447 446 445 443 440 445 454 452 446 443 441 434 430 427 425 426 429 438 444 447 450 451
04 01 451 450 449 448 447 446 443 448 457 455 449 446 443 436 432 430 428 429 433 441 447 450 454 454
04 02 455 454 453 452 450 450 446 451 459 455 449 447 444 437 433 431 428 429 431 439 446 449 453 453
04 03 453 453 452 451 449 450 446 452 459 455 448 445 443 436 432 431 426 428 431 439 446 450 454 453
04 04 453 452 451 450 448 449 445 452 460 455 449 445 442 435 432 431 426 427 430 439 447 451 454 453
04 05 452 451 450 449 448 449 446 453 461 455 450 446 443 436 432 431 426 427 430 439 447 452 455 453
04 06 452 451 450 449 447 449 446 453 462 456 450 445 443 435 433 431 426 428 430 439 447 452 455 454
04 07 453 452 452 449 447 450 446 454 462 457 451 446 443 436 434 433 428 430 432 441 449 454 457 456
04 08 456 455 454 451 450 452 448 456 465 460 454 448 446 440 436 436 431 433 436 445 453 456 460 458
04 09 458 458 458 455 453 455 451 459 467 462 456 450 447 441 437 437 432 433 435 446 454 457 460 458
04 10 457 457 457 454 453 455 452 461 469 464 459 452 450 444 441 440 435 435 438 448 457 459 461 458
04 11 458 456 457 454 454 455 452 461 468 463 458 451 449 444 440 439 435 434 438 447 456 459 462 458
04 12 459 457 458 455 455 456 454 463 470 464 459 452 450 445 441 441 436 436 440 450 459 462 464 462
04 13 462 460 462 459 458 460 458 467 474 469 465 458 454 449 446 445 441 441 445 455 464 467 469 465
04 14 466 465 466 463 462 464 463 472 479 475 471 463 460 455 452 452 447 447 451 461 470 473 474 471
04 15 471 470 470 467 466 468 468 476 484 479 475 467 464 459 456 455 450 450 454 465 473 476 477 475
04 16 474 473 473 470 469 470 469 478 485 481 477 470 467 463 460 458 453 453 456 467 477 479 479 477
04 17 476 475 475 472 472 473 472 482 488 484 481 474 470 466 463 461 456 456 461 472 482 484 483 480
04 18 479 479 479 475 475 475 475 485 491 488 485 478 474 470 466 465 460 461 465 476 486 487 487 483
04 19 483 483 483 480 479 479 480 490 495 492 488 481 479 474 471 470 465 466 471 481 491 491 491 487
04 20 488 488 488 485 484 483 484 494 499 496 492 486 483 479 475 475 470 470 476 486 495 495 494 492
04 21 493 493 493 490 489 487 487 498 502 499 495 489 486 482 478 478 473 473 479 488 498 498 497 496
04 22 497 497 496 493 493 491 491 501 504 501 496 490 487 483 479 478 473 473 478 488 497 498 496 496
04 23 497 497 496 494 492 491 491 502 504 501 496 490 487 482 479 477 472 472 478 488 499 500 498 499
04 24 500 499 499 497 495 494 494 505 508 504 500 494 492 487 483 483 479 479 486 495 505 507 506 506
04 25 507 506 505 503 501 500 499 510 513 509 505 499 497 491 488 489 484 484 490 499 509 511 512 512
04 26 513 512 511 509 507 506 506 516 519 515 511 506 503 497 494 494 490 490 495 504 515 516 517 517
04 27 517 517 515 513 511 510 509 520 522 519 514 509 507 500 497 497 493 492 497 506 517 519 520 518
04 28 519 518 516 515 512 511 511 522 525 520 515 511 510 503 501 500 496 495 501 510 520 522 522 520
04 29 521 520 518 516 514 512 513 524 526 521 517 513 512 506 503 502 498 498 503 512 522 523 524 522
04 30 523 521 520 518 516 514 514 526 527 524 520 516 515 509 507 506 503 502 508 517 527 528 529 527
05 01 528 527 526 524 522 519 519 531 533 530 526 521 520 515 513 512 508 507 512 520 529 531 531 530
05 02 530 529 528 526 523 522 522 534 536 533 528 524 523 519 517 516 512 512 516 524 533 534 535 534
05 03 534 532 531 529 526 525 526 537 540 536 532 528 527 523 521 519 516 516 520 528 536 537 538 537
05 04 536 534 533 531 528 527 528 539 542 538 535 530 529 525 524 521 518 517 522 530 538 538 540 539
05 05 538 536 535 532 529 529 530 541 544 540 537 533 531 527 527 523 521 521 525 533 541 541 543 541
05 06 539 538 537 535 532 532 533 544 547 543 541 536 534 530 530 526 525 525 529 537 545 545 547 544
05 07 542 542 540 539 536 535 536 548 551 547 544 540 539 535 534 531 529 530 534 542 551 550 552 550
05 08 548 547 545 544 541 540 541 552 554 551 549 545 543 540 539 535 533 534 538 546 554 554 555 552
05 09 550 550 548 546 543 542 544 555 557 553 551 546 545 542 541 537 535 536 539 548 555 555 556 554
05 10 551 551 549 547 545 544 546 557 559 556 554 550 548 545 545 539 538 538 543 551 558 558 559 557
05 11 555 554 551 550 547 546 548 560 561 559 558 553 551 549 548 543 541 542 547 555 561 561 562 559
05 12 557 557 555 552 550 549 551 563 564 562 561 557 554 553 551 547 546 547 551 559 565 564 565 563
05 13 561 561 559 556 554 552 555 565 567 565 565 560 557 557 555 550 549 550 554 562 568 567 568 566
05 14 565 565 563 559 557 556 557 568 570 568 566 563 559 558 557 552 551 552 556 565 570 570 571 570
05 15 568 569 566 563 560 559 561 571 573 571 569 566 562 561 558 555 554 555 559 568 574 573 573 572
05 16 571 571 569 566 562 562 563 573 575 572 570 567 563 562 560 556 555 556 561 571 577 576 576 576
05 17 575 575 573 570 567 566 567 577 579 576 574 571 567 565 562 559 557 558 563 573 580 579 580 580
05 18 579 579 577 574 572 569 571 581 583 581 578 575 571 569 566 563 562 563 567 577 585 584 585 585
05 19 585 585 583 580 577 574 576 585 588 586 583 580 576 575 571 569 567 567 571 581 589 588 589 590
05 20 589 589 588 585 582 578 580 589 592 589 586 583 578 577 574 571 570 570 574 583 591 591 592 593
05 21 593 592 590 587 585 581 583 592 595 592 589 586 582 580 577 574 573 573 577 586 594 594 595 595
05 22 595 595 593 590 587 584 587 596 599 596 593 590 585 585 582 579 577 576 580 590 597 598 598 597
05 23 598 597 596 592 590 587 590 600 603 599 595 592 587 586 584 581 580 579 583 591 598 600 600 599
05 24 599 598 597 594 592 589 591 603 606 602 598 595 590 589 588 585 584 583 587 595 604 605 605 604
05 25 604 603 601 598 596 594 596 607 610 606 602 598 593 592 591 589 587 586 590 598 607 608 608 607
05 26 607 606 605 603 600 597 600 611 614 610 605 601 597 595 594 592 590 590 594 602 611 613 612 612
05 27 612 611 609 607 604 601 604 615 618 614 609 606 601 600 598 596 594 594 599 607 616 618 617 617
05 28 616 615 613 612 609 607 610 620 623 618 613 609 605 603 602 600 598 598 603 611 619 621 621 619
05 29 619 618 616 615 612 610 614 624 627 622 618 613 609 608 606 605 602 603 607 614 622 624 624 622
05 30 622 620 619 618 616 613 618 628 631 626 621 617 613 612 610 609 607 607 612 618 626 628 628 626
05 31 625 624 622 621 619 617 622 632 635 630 626 621 617 616 614 613 611 612 616 623 630 632 632 630
06 01 630 629 627 626 623 621 626 636 638 634 629 624 621 620 618 617 615 616 621 626 633 636 637 634
06 02 634 633 631 630 627 625 630 640 641 636 632 628 624 622 620 619 618 619 624 630 635 638 639 637
06 03 637 635 633 633 630 628 633 642 643 638 634 629 625 623 621 620 619 620 625 631 637 640 641 639
06 04 638 637 635 634 632 630 635 644 645 640 636 632 628 626 623 622 621 622 627 634 640 643 643 640
06 05 640 638 638 637 634 632 638 647 648 643 639 636 631 629 627 626 624 626 631 638 643 646 646 644
06 06 644 642 641 640 637 635 641 650 651 647 642 639 634 631 629 629 627 629 634 641 646 649 650 647
06 07 646 645 644 643 640 638 645 653 653 650 646 643 637 635 633 632 631 632 638 645 650 652 653 651
06 08 650 648 648 647 644 642 648 657 658 654 649 646 641 638 636 635 634 635 640 647 652 654 655 653
06 09 653 651 651 650 647 645 651 660 660 657 652 648 643 641 639 639 637 638 644 650 654 656 657 656
06 10 655 654 653 653 650 648 653 662 662 659 654 650 646 644 642 642 640 641 646 652 656 659 659 658
06 11 657 656 656 655 652 651 655 663 664 662 656 652 648 646 644 643 642 643 648 654 658 660 661 660
06 12 659 658 658 657 654 652 657 665 666 664 658 654 649 647 646 645 643 644 649 656 660 663 663 662
06 13 661 660 660 659 657 655 659 668 668 666 661 656 652 650 649 646 645 646 651 658 663 665 665 664
06 14 664 662 663 661 659 657 661 670 671 668 663 659 653 651 650 648 646 647 652 659 664 666 667 666
06 15 666 665 665 664 662 659 663 672 673 670 665 661 656 653 652 650 649 650 654 661 666 668 669 668
06 16 667 665 666 665 663 660 664 673 675 672 667 662 658 654 654 652 650 652 655 662 667 669 670 669
06 17 667 666 666 665 663 661 665 674 675 673 668 663 658 655 654 652 651 652 655 663 668 670 670 669
06 18 668 667 667 666 664 662 666 675 677 675 670 664 659 657 656 654 654 655 658 665 670 672 672 672
06 19 670 670 669 668 666 665 669 678 680 678 673 667 662 660 658 657 657 658 661 667 671 674 675 674
06 20 673 673 672 670 669 667 670 679 682 680 675 669 664 661 659 657 657 659 662 668 672 675 676 675
06 21 673 673 673 671 670 668 671 680 683 681 676 669 665 663 660 658 659 659 663 669 673 676 676 676
06 22 674 674 674 672 671 669 673 681 684 682 677 670 666 664 661 658 660 660 664 670 674 677 677 676
06 23 675 675 675 673 672 671 674 682 684 682 677 670 666 664 661 659 659 661 664 670 675 678 678 677
06 24 676 676 675 674 673 671 674 682 684 682 677 670 666 663 661 658 660 661 665 671 675 679 678 677
06 25 676 676 675 674 673 672 675 682 685 682 677 671 667 663 661 658 659 661 664 671 675 678 678 677
06 26 676 676 675 674 673 671 675 682 685 682 677 671 667 663 661 659 660 661 665 672 675 678 679 677
06 27 676 675 674 673 672 671 675 683 685 682 677 672 667 663 661 659 659 661 665 671 675 678 679 677
06 28 676 676 675 674 672 672 676 683 686 683 678 672 668 664 662 660 660 662 666 674 677 680 681 679
06 29 678 678 676 676 674 674 678 685 688 685 680 675 670 666 664 663 662 664 668 675 679 681 682 681
06 30 680 680 678 677 676 676 680 687 689 685 680 675 670 666 664 662 662 664 668 676 679 682 682 682
07 01 682 681 680 679 677 677 681 688 690 686 681 677 671 667 665 663 663 665 670 677 681 683 684 684
07 02 683 683 682 681 680 679 683 690 692 688 684 679 674 670 667 665 665 667 672 680 684 686 687 687
07 03 686 685 684 683 682 682 685 692 694 691 686 682 677 672 670 668 667 670 675 683 686 688 689 689
07 04 688 686 685 685 683 684 687 694 695 692 688 683 679 674 672 670 669 671 677 683 687 689 690 689
07 05 688 687 686 686 685 685 687 694 696 693 688 684 679 675 673 671 671 672 678 685 688 690 692 691
07 06 690 689 688 687 687 686 689 695 697 695 690 687 682 677 675 673 673 674 680 687 690 692 693 693
07 07 693 692 690 689 689 688 690 697 699 696 692 688 683 678 677 675 674 675 680 688 691 693 694 695
07 08 694 693 692 690 690 688 691 697 700 697 693 689 685 680 677 676 675 676 681 688 692 694 695 697
07 09 696 695 693 692 691 690 692 699 702 700 696 692 687 682 680 677 676 678 682 690 695 696 697 699
07 10 699 698 696 694 693 692 694 701 704 702 699 695 689 685 682 680 679 681 686 693 697 699 700 702
07 11 702 701 699 697 696 695 697 704 707 705 701 698 692 687 685 682 681 683 688 695 700 701 702 704
07 12 704 703 701 699 698 697 699 706 709 707 704 700 695 690 687 684 684 686 691 698 702 703 704 707
07 13 706 706 703 701 700 698 700 707 709 708 705 701 697 692 689 686 686 687 692 699 703 704 705 708
07 14 708 707 705 703 701 699 700 707 710 708 706 702 698 694 690 687 687 689 694 701 705 706 706 709
07 15 709 708 706 704 703 700 701 708 712 711 708 705 701 697 694 691 691 693 697 704 707 708 709 711
07 16 711 710 708 706 705 702 704 710 714 714 711 707 704 700 697 694 694 696 700 707 709 710 711 713
07 17 713 711 709 707 706 703 705 711 715 714 712 709 706 702 698 696 696 698 702 708 710 711 712 713
07 18 713 712 710 708 707 704 705 712 716 715 713 710 707 703 699 697 697 699 703 708 711 712 712 715
07 19 714 713 711 709 707 704 706 712 716 716 714 711 707 703 699 697 697 700 703 710 713 713 714 716
07 20 716 715 713 711 709 706 708 714 718 717 716 712 710 706 702 700 699 702 705 712 714 715 715 717
07 21 717 716 713 711 710 708 709 716 720 719 717 713 710 706 703 701 700 703 707 713 715 716 716 718
07 22 717 716 714 712 710 708 709 716 721 720 718 715 711 708 704 702 702 705 709 715 716 717 717 718
07 23 717 716 714 713 711 708 710 717 721 720 718 716 712 709 706 703 703 706 710 716 717 717 717 718
07 24 717 716 714 713 711 708 710 717 721 720 717 715 712 709 705 703 703 706 710 716 717 717 717 717
07 25 716 715 714 712 711 708 709 716 720 720 717 714 712 708 705 702 702 705 710 715 716 717 717 716
07 26 715 714 713 711 709 706 708 715 719 719 716 713 711 707 703 701 701 704 709 714 715 717 717 715
07 27 715 714 712 710 709 705 707 714 719 719 715 713 710 707 702 701 701 703 708 714 715 716 716 714
07 28 713 712 711 709 708 705 707 715 719 719 716 712 709 706 701 699 700 703 707 713 715 716 716 713
07 29 712 711 710 708 707 704 706 714 719 719 716 712 707 705 701 699 700 702 707 713 715 715 716 713
07 30 712 711 710 708 706 704 706 714 719 719 715 711 707 704 699 699 698 700 705 712 714 715 714 712
07 31 711 710 708 707 705 703 705 712 717 717 713 710 705 702 697 696 696 698 703 710 713 713 713 711
08 01 710 709 707 706 704 701 703 711 715 716 712 708 703 700 695 694 693 695 700 708 711 712 712 710
08 02 709 708 707 705 704 700 702 710 715 715 711 707 702 699 693 692 692 694 699 707 709 710 710 708
08 03 708 706 705 704 703 699 701 709 714 715 710 706 701 698 693 691 691 693 698 706 709 710 709 708
08 04 707 705 704 703 702 698 700 708 714 714 709 705 700 697 691 689 689 691 696 705 708 709 708 707
08 05 706 705 704 702 701 696 698 706 712 712 708 704 698 695 689 688 687 690 695 704 707 707 707 706
08 06 705 704 702 701 700 696 697 705 711 711 707 702 697 694 688 686 686 688 693 702 706 707 707 705
08 07 704 703 701 700 699 695 696 704 710 711 707 702 697 694 687 686 686 688 693 702 706 707 706 705
08 08 704 702 701 700 699 695 695 704 710 711 707 702 696 693 687 686 686 689 694 702 706 707 706 705
08 09 703 702 701 700 698 695 695 704 711 711 707 703 697 694 688 687 687 690 695 704 707 707 706 706
08 10 704 703 701 701 699 696 696 704 711 712 708 704 698 696 689 688 689 691 696 704 708 707 707 707
08 11 705 703 702 701 700 697 696 705 712 713 709 705 699 696 690 689 690 692 696 705 708 708 707 707
08 12 705 704 702 701 700 697 696 704 712 713 709 705 699 697 691 689 690 692 696 704 707 707 707 706
08 13 704 703 702 701 699 696 695 703 711 712 709 704 699 696 690 688 689 691 695 704 707 706 706 705
08 14 703 702 701 699 698 695 694 702 710 711 707 703 698 695 689 687 688 690 695 703 706 705 706 704
08 15 702 700 699 698 696 694 693 701 709 710 706 702 696 693 687 685 687 688 693 701 704 703 704 701
08 16 699 698 697 695 694 692 691 700 708 709 705 701 695 692 687 686 687 688 693 700 703 702 703 699
08 17 697 697 695 693 692 691 690 698 706 708 704 699 694 690 686 684 685 687 692 699 703 702 702 698
08 18 696 696 694 691 690 689 688 696 705 706 702 697 692 688 684 682 684 685 690 697 701 700 700 696
08 19 694 693 691 689 687 688 686 695 703 704 701 695 690 687 683 681 683 684 689 696 700 699 699 695
08 20 693 692 691 688 687 687 685 694 704 705 702 696 691 687 683 682 684 685 691 697 700 700 700 696
08 21 694 693 691 688 687 687 686 695 704 706 702 697 692 687 684 683 684 685 691 697 701 700 700 696
08 22 694 693 691 688 686 686 685 694 704 706 702 696 691 687 683 682 683 683 690 696 700 699 699 695
08 23 693 692 690 687 685 685 684 693 702 704 700 695 690 686 682 681 681 682 688 695 698 698 698 693
08 24 691 690 688 686 683 683 682 691 700 701 698 693 687 683 680 679 679 680 686 692 695 696 695 690
08 25 688 687 685 683 680 680 680 688 697 698 695 689 684 680 677 675 676 676 683 689 692 692 692 686
08 26 685 684 682 679 676 677 676 684 694 696 692 686 681 677 674 672 673 674 680 687 690 690 690 684
08 27 682 681 679 676 674 674 673 682 691 693 689 683 678 674 671 669 670 671 678 685 687 688 688 682
08 28 680 678 677 674 671 672 671 679 688 690 685 679 675 670 667 665 667 667 674 681 684 684 684 679
08 29 677 675 673 671 668 669 668 676 685 687 682 676 672 668 665 663 664 665 672 678 682 682 682 676
08 30 674 673 671 669 667 667 666 674 683 685 681 675 671 667 664 662 662 664 671 677 681 681 680 676
08 31 674 672 671 668 666 666 664 672 681 683 679 673 670 666 663 660 661 663 669 676 679 679 679 675
09 01 672 671 670 667 665 664 663 670 680 682 678 673 668 665 662 659 660 662 668 674 677 678 677 674
09 02 671 670 668 666 663 663 661 669 678 680 676 670 666 663 660 656 659 660 667 672 676 676 676 673
09 03 671 669 667 665 662 662 660 667 677 678 674 670 665 662 658 655 657 658 664 671 674 674 674 671
09 04 669 666 665 663 660 659 657 664 673 673 670 665 661 657 654 651 652 653 659 666 670 670 670 668
09 05 666 663 662 659 656 655 653 660 669 669 665 660 655 653 650 647 648 649 655 663 666 666 666 665
09 06 662 660 658 656 653 652 649 657 666 666 663 657 653 650 647 644 645 647 653 660 664 664 663 662
09 07 660 658 656 654 651 650 647 655 665 666 662 656 651 647 644 641 643 644 651 659 663 663 662 661
09 08 660 657 655 652 650 648 646 654 663 664 660 654 649 645 642 639 640 642 648 657 660 660 659 658
09 09 657 654 652 649 648 646 643 651 661 662 658 652 647 643 640 637 639 641 647 655 658 658 657 656
09 10 654 652 650 647 646 644 641 649 658 658 655 650 644 640 637 634 636 637 644 652 655 655 654 653
09 11 651 649 647 644 642 641 638 646 655 656 652 646 641 638 634 632 633 634 641 649 653 652 651 650
09 12 649 647 644 642 640 638 636 644 653 654 650 645 639 636 633 630 632 633 640 648 652 651 650 649
09 13 648 645 642 640 638 636 634 642 652 653 649 643 637 635 631 630 631 631 638 647 650 649 649 648
09 14 647 644 641 638 636 635 633 641 650 651 647 641 635 633 630 628 630 631 638 646 649 648 648 646
09 15 645 642 639 637 634 634 632 639 648 650 645 640 634 631 628 626 628 629 636 644 647 647 646 643
09 16 642 638 635 633 631 630 628 635 644 645 641 636 629 627 624 623 623 624 631 640 643 642 642 638
09 17 636 633 630 627 625 625 623 630 639 641 637 632 626 623 620 619 619 620 627 636 639 638 637 633
09 18 632 629 625 623 621 620 619 626 635 637 633 628 622 620 617 616 616 618 625 633 636 635 635 631
09 19 630 627 623 621 619 618 616 623 632 636 632 627 622 619 617 616 616 618 625 633 635 634 634 629
09 20 628 624 622 619 616 616 615 621 630 634 630 626 620 618 614 614 614 616 623 630 632 632 632 625
09 21 624 621 618 616 613 613 612 618 627 631 627 622 617 614 611 610 610 612 620 626 629 627 627 621
09 22 620 615 614 611 608 608 607 612 621 624 620 615 610 608 605 604 604 607 614 621 623 622 623 616
09 23 615 610 609 606 603 603 602 607 616 620 616 611 606 604 600 600 601 603 611 618 620 618 619 613
09 24 612 607 606 603 599 598 598 602 612 616 611 606 601 600 596 596 596 598 606 614 616 614 615 610
09 25 608 603 602 598 595 594 593 597 608 613 608 603 597 596 591 591 591 595 603 610 612 611 612 607
09 26 605 601 599 596 593 590 589 594 605 610 605 601 595 593 589 589 588 591 601 608 611 609 610 604
09 27 602 597 596 592 589 587 585 590 602 607 604 599 593 591 586 586 586 588 599 606 608 607 607 602
09 28 599 595 594 590 587 585 583 587 599 605 601 596 590 587 583 583 582 585 596 603 606 604 604 597
09 29 594 591 590 585 582 579 579 582 595 600 597 592 586 583 579 578 577 580 592 598 600 599 598 591
09 30 589 585 583 579 576 573 573 576 588 594 590 585 580 577 572 571 571 574 585 593 594 592 592 586
10 01 583 580 579 574 571 567 567 572 584 589 586 581 576 574 568 568 567 571 582 590 592 590 590 584
10 02 581 578 576 572 568 565 565 570 583 588 584 579 575 572 566 566 566 570 582 590 591 590 589 582
10 03 579 576 574 570 566 563 563 567 581 586 582 577 571 568 563 562 563 567 579 587 588 586 586 578
10 04 575 571 570 565 561 559 559 563 576 581 578 572 566 563 558 557 557 562 574 582 583 582 582 573
10 05 570 566 564 560 556 553 553 556 571 576 573 567 561 558 553 551 552 557 569 577 578 577 576 568
10 06 566 561 559 555 551 549 548 551 566 571 568 563 558 555 551 549 550 554 567 575 576 575 574 567
10 07 564 560 557 554 549 547 546 549 565 570 567 562 558 554 550 548 549 553 566 573 574 573 572 564
10 08 561 556 553 550 545 542 541 544 560 565 562 556 552 547 544 541 542 547 562 568 569 568 567 560
10 09 557 552 549 545 540 538 537 539 556 560 557 552 547 542 539 537 537 543 558 565 566 564 563 556
10 10 553 549 546 542 537 533 533 535 553 557 553 548 543 538 536 533 534 540 555 561 562 561 559 552
10 11 549 544 542 538 533 529 530 531 549 553 550 544 540 535 533 530 531 538 552 558 559 557 555 546
10 12 544 539 536 533 527 524 525 527 544 549 545 539 535 530 528 524 526 533 547 553 554 552 550 541
10 13 538 533 530 527 521 518 519 520 539 544 541 534 530 526 524 519 521 528 542 548 549 547 546 537
10 14 534 528 526 522 517 515 515 516 535 540 537 530 525 520 518 514 515 523 538 544 544 543 541 533
10 15 530 524 522 518 513 510 511 511 531 537 533 526 522 516 514 511 512 520 535 541 541 540 538 530
10 16 527 522 519 515 511 508 507 507 527 534 530 523 517 511 510 506 508 517 532 537 538 536 534 528
10 17 525 520 517 513 509 505 504 503 523 530 526 520 514 508 507 503 504 512 528 533 534 532 531 526
10 18 522 518 516 512 508 504 501 500 520 527 522 516 512 506 504 500 500 509 524 529 529 528 526 522
10 19 519 515 513 508 505 500 497 496 516 523 519 513 509 503 500 496 496 506 521 525 526 525 522 519
10 20 516 513 511 506 503 499 495 495 515 522 518 512 508 503 500 497 496 505 520 524 525 524 521 519
10 21 515 511 509 505 502 497 494 494 513 520 516 510 505 500 497 494 492 501 515 519 520 518 516 512
10 22 507 504 502 497 495 490 488 487 506 514 510 504 499 494 490 487 486 495 509 514 515 513 511 507
10 23 502 499 498 492 490 487 485 484 503 511 507 502 497 492 489 486 485 494 508 513 513 512 509 504
10 24 501 498 497 492 490 486 484 483 502 510 507 501 497 492 489 486 484 494 507 512 513 512 508 504
10 25 501 499 497 493 491 488 484 484 502 511 507 503 499 494 490 487 487 495 508 513 513 511 508 505
10 26 501 498 497 492 490 488 484 483 501 509 506 502 498 493 489 485 484 493 505 510 510 508 506 502
10 27 500 497 496 491 490 487 482 480 498 506 504 499 495 491 486 484 483 491 503 507 507 506 504 501
10 28 498 496 494 489 488 485 480 477 495 503 501 497 493 489 485 482 482 490 502 506 506 504 502 499
10 29 497 494 493 487 486 483 477 474 491 500 497 494 490 486 482 480 479 487 498 502 502 500 499 496
10 30 494 491 489 485 484 479 474 471 487 496 493 491 487 483 478 476 476 482 493 497 496 495 494 492
10 31 488 485 483 479 478 473 470 466 483 491 489 486 482 479 474 472 471 478 488 491 492 490 489 487
11 01 483 480 478 473 473 468 465 462 478 485 483 480 475 472 467 466 465 472 483 485 485 484 482 479
11 02 476 471 471 466 464 460 459 456 472 480 479 475 470 468 463 463 462 469 480 482 483 481 480 477
11 03 473 469 468 464 462 457 456 454 470 478 477 472 467 465 461 461 460 466 477 478 479 478 477 474
11 04 470 466 465 460 459 453 452 449 465 473 473 467 462 459 456 455 456 461 472 473 474 472 471 468
11 05 464 461 459 454 452 446 446 443 459 467 465 461 456 454 451 451 451 458 469 469 470 469 469 465
11 06 461 458 456 452 449 444 444 441 456 464 463 458 454 452 449 448 449 454 464 465 466 465 464 461
11 07 458 455 453 449 446 441 440 438 451 460 460 455 450 449 446 445 446 451 460 461 462 461 461 457
11 08 454 450 447 444 441 436 435 433 447 457 456 451 446 445 442 442 442 447 456 456 457 457 457 453
11 09 449 444 441 438 435 430 430 429 442 452 451 447 442 441 437 437 437 441 451 451 452 452 451 448
11 10 443 438 435 433 429 424 425 424 436 446 444 440 435 434 431 431 431 435 445 445 446 446 446 442
11 11 436 432 429 427 422 418 419 418 430 440 438 435 431 430 427 426 426 430 440 441 442 441 441 438
11 12 432 428 425 423 419 414 416 416 427 437 436 433 429 427 424 423 423 427 436 438 438 438 438 435
11 13 430 426 423 421 418 413 415 415 427 437 436 433 429 428 424 423 423 427 436 437 438 437 437 434
11 14 429 426 422 420 417 413 414 414 426 436 435 433 429 427 424 422 422 426 435 436 437 436 435 433
11 15 428 425 421 420 416 413 413 412 424 434 434 433 429 427 423 421 420 425 432 434 434 434 433 431
11 16 426 423 419 418 414 412 412 410 422 433 433 431 428 426 423 421 420 424 431 433 434 434 433 430
11 17 426 423 418 418 414 411 411 409 420 431 431 430 426 424 420 419 418 421 427 430 430 430 429 426
11 18 421 419 414 413 410 407 407 405 416 426 426 425 423 421 416 416 414 418 425 428 428 428 427 424
11 19 420 418 414 412 410 408 406 404 414 426 427 426 425 423 418 418 417 421 427 430 431 430 430 427
11 20 424 422 418 416 413 411 408 407 416 428 430 429 428 424 419 420 419 423 429 432 433 433 431 429
11 21 427 425 421 419 417 415 411 411 421 432 434 434 432 428 423 424 423 428 433 436 436 436 434 433
11 22 429 426 422 420 419 417 414 412 422 433 434 434 432 429 424 425 423 428 433 435 436 435 433 432
11 23 427 423 421 418 416 414 411 410 418 429 432 432 431 427 422 423 422 426 431 435 435 434 432 430
11 24 425 422 419 417 416 414 410 408 416 428 430 429 427 424 419 420 418 423 427 431 432 431 429 427
11 25 423 420 418 414 413 412 406 404 412 424 427 426 424 420 415 417 415 420 424 429 431 430 427 426
11 26 423 420 418 414 414 413 406 403 411 424 426 424 421 417 413 414 413 418 422 426 427 426 423 422
11 27 420 417 415 411 412 411 402 400 407 419 421 418 415 412 407 408 406 411 416 420 421 420 418 416
11 28 414 411 409 406 406 405 396 394 400 412 413 409 407 404 400 400 399 404 408 413 414 415 412 410
11 29 409 406 406 403 402 400 392 389 395 407 408 404 402 400 396 397 396 401 405 410 409 410 408 405
11 30 405 402 402 398 397 395 388 384 391 403 404 400 398 396 392 393 393 398 402 406 405 406 403 400
12 01 401 398 397 393 392 390 382 379 386 398 398 395 392 391 387 388 388 392 397 400 400 401 398 396
12 02 397 394 393 390 388 386 378 375 382 394 395 392 389 388 385 385 386 390 395 398 398 399 396 394
12 03 396 392 391 388 387 384 376 374 379 393 394 393 389 388 385 385 385 389 394 397 397 397 394 392
12 04 392 388 387 385 383 379 373 370 376 388 388 386 383 381 379 379 379 382 386 390 390 392 388 385
12 05 385 381 380 379 377 374 368 365 371 383 383 382 377 376 374 373 372 376 380 383 383 385 382 379
12 06 379 375 373 373 371 367 361 358 364 377 376 377 371 372 369 369 368 371 374 377 377 380 376 373
12 07 375 371 370 369 367 363 357 353 359 372 372 374 368 368 365 366 365 368 371 374 373 376 373 370
12 08 373 371 368 367 365 362 356 353 358 370 370 373 367 367 365 364 364 367 369 372 371 373 370 368
12 09 371 368 366 365 363 359 353 349 355 366 367 369 363 363 361 361 360 363 366 368 367 369 367 364
12 10 367 364 361 361 359 355 351 347 353 363 363 366 362 362 359 359 359 362 364 365 364 366 364 361
12 11 363 361 358 357 355 352 349 345 350 360 361 364 360 361 358 357 356 359 362 363 362 364 362 359
12 12 359 357 354 354 352 349 346 343 348 358 359 363 359 361 358 358 357 360 362 363 362 363 360 357
12 13 356 354 351 351 348 345 344 340 345 356 358 362 358 359 355 355 355 358 360 360 360 360 357 354
12 14 354 352 349 348 346 344 342 338 343 354 357 360 356 357 353 353 353 355 357 358 358 359 356 354
12 15 354 352 349 348 347 344 342 339 343 354 356 360 357 358 355 354 353 356 357 358 357 359 355 354
12 16 352 351 348 347 346 344 342 340 344 355 358 363 360 361 358 357 356 359 360 361 360 361 357 355
12 17 353 351 348 348 347 345 343 341 344 355 358 362 359 359 356 355 354 357 358 359 358 359 354 353
12 18 351 349 345 345 343 342 340 337 341 351 354 356 353 352 349 348 346 349 350 352 351 352 349 348
12 19 345 343 339 339 337 336 334 333 335 346 348 351 348 348 346 343 343 346 348 348 347 347 344 343
12 20 341 340 335 335 333 332 330 329 331 341 344 347 345 344 343 341 342 344 346 347 345 346 343 342
12 21 340 339 335 334 332 331 330 329 330 340 343 345 345 343 342 341 342 345 347 348 346 346 343 342
12 22 339 339 335 335 332 331 331 330 331 341 344 345 345 344 343 341 341 344 346 347 345 345 342 342
12 23 337 337 333 332 330 329 329 328 329 339 341 341 341 339 338 337 337 339 342 342 340 340 337 338
12 24 334 334 330 330 328 327 328 326 328 339 341 341 341 340 339 338 338 341 343 343 343 342 340 341
12 25 337 336 333 332 330 328 328 327 328 339 342 343 343 341 340 339 339 342 344 344 343 342 340 340
12 26 337 336 332 331 329 327 328 326 327 337 341 341 342 341 340 340 339 343 343 344 343 343 341 342
12 27 339 338 334 334 330 329 330 328 328 339 343 343 344 341 341 341 340 344 344 344 344 344 342 343
12 28 340 339 336 336 332 331 331 330 330 341 345 345 346 345 345 345 343 346 347 347 345 345 344 344
12 29 341 339 336 335 331 330 331 332 332 342 345 346 347 345 346 345 344 347 348 349 347 346 345 344
12 30 341 338 335 334 330 329 330 331 331 341 344 346 348 346 347 347 346 349 350 351 349 348 347 347
12 31 344 342 339 339 335 333 333 333 334 344 345 346 348 345 346 346 345 348 348 348 347 346 345 345
