01 01 -9999 219 217 215 215 211 210 209 209 212 217 224 226 227 233 231 233 232 230 226 225 223 225 223
01 02 -9999 220 218 215 216 212 211 209 210 212 217 224 227 229 233 232 234 233 231 226 226 225 226 225
01 03 -9999 222 220 217 217 213 213 210 210 212 218 224 226 229 234 231 234 232 229 226 225 224 224 223
01 04 -9999 220 218 215 215 211 211 207 208 210 216 222 224 226 231 229 231 229 227 223 222 223 223 222
01 05 -9999 217 216 213 213 209 209 206 206 208 214 221 222 225 229 228 230 228 226 223 222 223 223 221
01 06 -9999 218 216 213 213 209 209 206 205 207 213 220 222 225 227 226 228 225 224 222 220 222 222 220
01 07 -9999 216 214 212 212 208 208 204 203 205 211 218 220 222 226 223 226 223 222 219 218 218 218 216
01 08 -9999 211 210 208 207 202 202 199 198 199 205 213 215 218 221 218 220 218 216 215 214 213 212 211
01 09 -9999 206 205 205 202 197 197 194 193 195 201 207 210 213 216 213 216 214 212 211 211 209 207 208
01 10 -9999 202 201 201 198 193 194 190 190 192 198 204 207 211 212 210 212 210 207 206 207 206 203 205
01 11 -9999 198 197 197 194 188 191 186 186 188 193 199 205 205 207 205 207 205 203 202 201 201 198 200
01 12 -9999 193 190 190 187 182 183 180 180 182 187 193 198 200 201 200 203 201 198 198 198 198 194 196
01 13 -9999 189 187 186 183 179 180 177 177 179 184 190 195 197 197 197 199 196 194 194 193 195 190 190
01 14 -9999 183 180 180 176 172 173 171 170 172 178 184 190 191 192 192 193 191 189 189 189 190 186 186
01 15 -9999 179 177 177 174 170 172 170 169 171 178 183 190 192 192 194 194 192 190 190 189 190 187 187
01 16 -9999 180 179 179 176 173 174 174 172 175 181 186 193 195 194 196 197 194 193 191 190 192 187 188
01 17 -9999 182 181 180 178 174 176 176 174 176 183 188 193 196 195 197 196 194 192 190 189 191 187 187
01 18 -9999 181 179 179 178 174 174 175 173 176 182 187 194 196 195 198 196 194 192 189 188 190 186 186
01 19 -9999 181 178 179 177 173 174 175 173 175 182 186 193 194 194 196 194 193 191 188 186 188 184 184
01 20 -9999 179 175 176 173 169 170 170 168 171 179 182 190 191 191 193 191 190 187 185 183 184 181 181
01 21 -9999 176 172 173 170 166 166 167 165 169 176 180 187 189 190 191 190 189 186 183 182 182 179 180
01 22 -9999 175 172 173 170 167 167 168 167 171 178 182 189 191 191 192 192 190 188 185 183 183 182 182
01 23 -9999 177 173 175 172 169 168 170 168 172 180 183 191 193 192 193 193 190 188 185 183 184 182 182
01 24 -9999 178 174 174 172 170 169 172 170 174 182 187 194 196 195 196 195 194 192 189 185 187 185 183
01 25 -9999 179 175 175 173 171 171 173 171 175 183 188 195 196 197 198 198 196 194 192 188 189 188 185
01 26 -9999 181 177 176 175 174 173 175 173 177 186 192 197 200 200 202 201 200 197 196 191 192 191 187
01 27 -9999 184 180 180 179 178 177 179 176 180 190 196 200 203 204 205 204 203 200 198 194 194 193 189
01 28 -9999 186 182 182 181 179 179 180 177 182 191 197 203 206 207 207 208 205 202 200 196 195 194 192
01 29 -9999 189 185 184 183 181 181 181 179 184 193 200 204 208 209 208 209 207 203 201 197 197 195 193
01 30 -9999 190 185 185 182 181 180 179 177 182 191 197 202 205 206 206 207 205 201 199 195 195 193 190
01 31 -9999 188 184 183 180 178 177 176 175 179 189 195 200 204 205 205 206 204 200 199 196 195 193 189
02 01 189 186 182 180 178 176 175 174 172 178 188 194 199 203 204 204 206 204 201 199 196 194 191 190
02 02 190 186 183 181 178 176 176 175 174 180 190 196 201 205 207 207 209 208 204 202 199 197 194 192
02 03 192 187 185 182 180 177 177 175 175 181 191 198 203 207 210 210 211 210 206 206 201 198 194 192
02 04 193 188 187 184 182 180 179 178 178 184 193 201 205 209 211 212 213 211 207 207 202 199 196 193
02 05 192 188 186 182 181 180 179 177 176 184 193 200 206 209 210 212 213 212 208 207 203 200 197 193
02 06 191 188 186 181 180 178 178 175 174 182 191 198 204 207 208 211 211 210 207 206 202 199 195 192
02 07 190 188 186 182 181 179 178 176 176 184 193 200 206 210 211 213 214 213 210 210 205 203 199 195
02 08 193 191 190 185 184 182 181 178 178 186 196 203 208 212 214 216 216 214 212 211 207 205 201 197
02 09 193 192 191 187 185 183 181 179 179 187 196 204 208 213 215 217 217 216 213 212 208 205 202 198
02 10 195 194 192 188 187 185 182 179 180 189 197 204 209 214 217 219 219 218 215 213 210 206 203 200
02 11 197 196 194 190 188 187 184 181 182 191 200 207 212 217 220 222 223 221 219 217 213 209 206 204
02 12 202 199 197 194 192 191 188 185 186 195 204 211 216 222 224 227 227 226 223 222 218 215 211 209
02 13 210 205 203 199 198 197 194 192 193 202 211 218 222 228 231 234 233 233 230 228 224 220 216 215
02 14 -9999 210 208 205 203 202 200 198 198 208 217 224 228 233 237 238 239 239 236 234 231 226 223 221
02 15 -9999 215 213 210 209 208 206 204 204 215 223 230 233 238 242 243 244 244 241 239 236 231 227 225
02 16 -9999 221 218 215 214 213 211 209 210 219 227 234 237 243 245 247 247 247 244 242 240 236 232 229
02 17 -9999 225 221 218 217 216 213 212 212 222 229 237 239 244 247 248 248 248 245 243 241 237 234 232
02 18 -9999 227 224 221 219 219 216 214 215 224 231 239 240 245 249 249 250 249 247 244 242 239 236 235
02 19 -9999 230 226 224 221 221 218 217 217 227 233 241 241 246 251 250 251 251 249 246 245 242 238 237
02 20 -9999 234 230 228 226 226 223 221 222 230 237 244 245 250 254 254 255 254 252 249 248 244 242 240
02 21 -9999 236 233 231 229 228 226 224 225 233 240 247 248 252 257 256 257 257 255 251 249 246 243 241
02 22 -9999 237 234 233 230 230 227 225 226 235 241 248 249 252 257 257 258 258 256 253 251 248 245 243
02 23 250 239 235 234 232 232 230 227 229 238 243 249 251 254 258 258 260 259 257 255 252 250 247 245
02 24 -9999 241 237 236 233 232 230 228 229 238 244 248 250 253 257 258 259 258 256 253 251 249 245 244
02 25 253 240 236 235 233 232 230 228 229 238 244 250 252 255 258 258 260 259 257 254 252 250 247 246
02 26 -9999 241 238 237 235 234 232 229 231 239 245 250 253 255 259 258 260 259 258 255 253 252 249 247
02 27 -9999 243 240 238 236 236 234 231 233 242 247 251 254 256 260 259 261 261 259 256 254 252 250 247
02 28 -9999 243 240 238 236 235 233 230 232 241 247 251 255 257 260 259 262 260 258 256 253 252 249 246
03 01 253 243 239 237 235 234 232 229 231 240 245 250 254 257 260 260 262 260 259 256 253 252 250 247
03 02 -9999 242 239 237 234 233 231 228 230 239 245 250 254 256 259 260 261 259 257 255 251 250 248 246
03 03 -9999 241 238 236 234 233 231 228 231 240 245 250 255 258 261 261 263 261 259 257 253 253 250 247
03 04 -9999 243 240 238 235 234 232 230 233 241 247 251 256 259 262 264 265 264 263 260 256 256 253 250
03 05 -9999 245 242 240 238 236 234 232 235 244 250 253 259 263 265 267 268 267 265 264 259 259 256 253
03 06 -9999 247 244 243 241 239 237 235 239 248 254 257 264 268 271 272 272 271 269 268 264 263 260 256
03 07 -9999 251 248 247 245 242 242 240 244 253 260 263 270 274 276 278 277 277 274 273 269 268 264 261
03 08 -9999 256 253 252 250 247 246 244 249 257 264 267 274 277 280 281 281 280 277 276 273 272 267 264
03 09 -9999 259 256 254 252 248 248 246 250 257 264 267 274 277 280 282 281 281 277 276 273 272 268 264
03 10 -9999 260 257 254 253 248 248 246 251 258 264 268 275 278 280 282 282 281 278 278 275 274 271 267
03 11 -9999 263 261 258 256 251 252 250 256 262 268 272 279 282 285 285 286 286 283 283 281 279 277 272
03 12 -9999 268 266 263 261 255 255 254 259 265 271 275 282 285 288 289 288 288 286 286 283 282 279 274
03 13 -9999 269 268 264 262 257 257 255 260 266 272 276 283 285 289 290 289 290 288 288 284 283 280 275
03 14 -9999 270 269 265 263 258 258 256 261 267 273 277 283 285 288 289 288 289 286 286 284 283 281 276
03 15 -9999 272 270 266 263 259 259 258 263 268 274 277 284 285 289 290 288 290 286 288 286 284 282 278
03 16 -9999 273 272 268 266 262 261 260 265 271 276 279 285 286 289 290 289 290 287 288 287 285 283 278
03 17 -9999 274 274 270 268 264 263 262 268 273 279 281 287 288 292 293 292 294 290 292 291 289 287 283
03 18 -9999 279 279 274 273 270 269 268 274 280 284 287 293 293 297 297 296 297 293 295 294 291 290 285
03 19 -9999 282 282 277 276 273 272 271 278 283 288 291 298 298 301 301 300 300 296 298 298 294 294 289
03 20 287 285 286 281 280 277 276 276 283 288 292 295 302 302 305 304 304 304 299 302 302 299 298 294
03 21 292 290 290 285 284 281 280 280 287 292 297 301 306 306 309 308 308 308 305 307 308 304 303 299
03 22 297 295 295 290 288 285 284 283 290 295 299 303 308 308 312 311 311 311 308 310 311 308 307 302
03 23 302 298 299 294 292 289 288 287 294 299 304 307 312 312 317 315 315 314 311 312 314 312 310 306
03 24 304 302 303 298 296 293 292 292 299 305 310 314 318 318 323 320 320 320 317 318 320 318 316 312
03 25 308 308 309 304 303 300 298 299 305 311 316 318 322 323 327 325 325 324 320 321 324 321 319 315
03 26 -9999 311 312 308 307 304 302 303 310 315 320 323 327 328 332 330 330 329 325 326 329 326 323 320
03 27 -9999 316 317 313 312 309 308 308 316 321 326 328 331 332 336 334 333 333 329 331 333 330 326 324
03 28 -9999 321 321 318 316 313 312 312 320 325 330 333 335 336 339 337 336 335 332 333 335 333 329 327
03 29 321 323 323 320 320 316 314 315 324 329 334 336 339 339 343 341 341 339 337 338 339 337 333 331
03 30 324 327 328 325 324 320 320 320 329 334 340 341 344 344 348 346 345 343 341 341 343 340 336 334
03 31 328 331 331 329 328 324 323 323 333 338 344 346 349 348 351 350 349 347 345 345 346 344 340 338
04 01 332 334 334 332 331 327 326 326 337 342 347 350 351 351 354 353 351 349 347 347 348 346 342 340
04 02 335 337 336 334 333 329 327 327 337 342 347 349 351 351 353 353 352 350 347 348 348 346 343 341
04 03 337 337 336 334 333 329 328 328 338 343 348 350 351 350 353 353 352 349 347 347 347 346 343 341
04 04 338 338 337 336 335 331 330 330 340 344 350 352 352 352 355 356 355 352 350 349 349 347 344 342
04 05 -9999 340 338 337 336 332 331 332 341 346 350 352 353 352 356 357 355 353 350 348 348 346 344 342
04 06 -9999 340 338 337 337 333 332 333 343 347 353 354 355 354 356 357 355 353 351 348 348 347 345 343
04 07 -9999 341 340 339 339 336 335 337 347 352 355 357 358 357 359 360 358 357 354 353 352 351 349 347
04 08 346 345 344 343 342 340 339 341 350 355 359 361 361 361 362 364 361 359 357 356 354 353 351 349
04 09 350 347 346 345 345 343 341 344 353 359 364 366 365 366 367 368 365 363 361 360 357 355 353 352
04 10 354 350 349 347 347 345 344 347 355 362 366 368 368 368 369 369 366 363 362 360 357 356 354 352
04 11 355 350 349 348 347 345 344 347 357 363 368 370 370 371 372 372 368 366 363 362 359 358 357 355
04 12 357 352 351 350 350 348 347 352 361 368 371 374 374 375 377 377 373 371 368 367 366 364 363 361
04 13 363 359 357 356 355 354 353 359 367 373 378 380 380 382 381 382 378 376 373 371 370 369 368 366
04 14 369 363 362 361 360 359 357 363 372 378 382 384 383 385 385 385 381 379 376 374 373 373 371 369
04 15 372 366 365 364 363 362 361 367 374 381 385 387 385 387 387 387 383 381 378 375 375 375 374 372
04 16 -9999 369 368 367 366 364 364 371 378 384 388 389 388 390 390 389 385 383 380 377 377 378 376 373
04 17 375 371 370 369 367 366 365 373 380 387 391 392 391 394 393 392 388 386 383 381 380 382 380 378
04 18 379 375 375 374 372 371 370 379 386 393 397 399 398 400 399 398 393 392 389 387 387 389 386 384
04 19 384 380 380 378 377 375 374 383 391 398 401 403 402 403 401 400 395 393 390 388 389 392 390 387
04 20 386 383 383 381 379 378 377 386 394 400 404 406 405 406 403 402 397 395 393 391 391 394 392 389
04 21 387 385 384 383 381 380 378 387 396 403 406 408 407 408 406 405 401 398 395 393 393 396 394 391
04 22 389 388 387 386 383 381 379 389 397 403 407 408 408 409 406 406 402 399 396 395 395 398 396 392
04 23 391 390 390 389 385 384 382 392 400 405 408 409 409 411 408 408 405 401 398 397 398 400 399 396
04 24 393 392 392 392 388 386 386 395 403 408 409 411 411 413 410 411 407 403 401 399 401 403 402 398
04 25 394 395 395 395 392 390 389 399 407 411 413 415 414 416 413 414 410 406 404 402 404 406 405 402
04 26 396 398 398 397 394 393 391 402 409 413 414 415 414 415 413 414 410 406 404 402 405 406 405 402
04 27 396 397 398 398 394 393 392 403 410 414 415 415 415 416 414 414 411 407 405 403 405 406 405 403
04 28 399 399 400 398 395 394 393 404 412 415 416 417 417 418 417 417 414 409 407 406 408 409 408 405
04 29 402 402 401 400 397 396 395 406 413 418 419 421 420 422 419 419 416 412 409 408 410 412 411 409
04 30 406 405 405 404 401 400 399 410 418 422 423 425 424 425 424 424 420 416 414 413 415 416 416 413
05 01 410 409 409 407 404 403 402 413 420 425 427 429 428 430 429 429 425 422 420 419 421 421 420 418
05 02 416 415 415 414 410 409 408 420 427 431 434 435 434 437 436 436 432 429 425 425 427 426 426 424
05 03 422 421 421 418 415 414 413 424 431 436 438 439 438 441 440 439 435 432 429 429 430 429 430 428
05 04 426 426 425 422 419 418 417 429 435 440 441 443 441 444 443 442 439 437 434 434 434 433 434 432
05 05 432 431 430 427 424 423 422 434 439 444 446 447 445 448 446 446 442 440 437 437 438 437 438 437
05 06 437 435 434 430 427 426 426 437 442 447 449 451 449 451 450 448 445 442 440 440 441 441 442 442
05 07 -9999 439 438 434 432 432 431 443 447 453 453 456 453 455 454 452 449 446 444 444 445 445 446 445
05 08 -9999 443 441 437 435 434 433 446 451 456 457 459 457 459 457 454 451 448 446 446 449 448 448 448
05 09 -9999 446 445 440 438 437 436 449 454 459 461 462 460 462 460 456 454 452 450 449 452 452 453 453
05 10 -9999 451 448 444 441 441 440 452 458 463 465 466 465 465 464 461 459 457 455 454 456 457 457 457
05 11 -9999 455 453 449 446 445 445 456 463 468 470 472 471 471 470 467 464 462 459 459 461 462 462 462
05 12 -9999 461 459 454 451 450 450 460 467 472 474 477 476 476 475 473 470 467 464 463 465 466 466 466
05 13 -9999 464 462 458 455 454 454 464 471 476 477 480 480 479 479 475 473 470 467 466 467 468 468 468
05 14 -9999 467 465 461 458 457 457 468 474 479 479 481 482 481 481 478 476 472 470 471 471 471 472 471
05 15 -9999 470 468 464 462 461 461 471 478 482 482 484 484 484 483 479 478 474 472 473 473 474 475 474
05 16 -9999 473 472 469 467 466 467 477 483 487 486 488 488 487 486 482 480 476 475 477 477 477 478 477
05 17 -9999 477 475 472 470 469 469 479 485 489 488 490 489 488 487 483 482 478 477 478 479 479 480 479
05 18 -9999 478 476 473 471 470 471 481 488 491 490 492 492 491 490 486 486 481 480 481 482 481 482 480
05 19 -9999 480 478 476 474 472 474 483 490 494 493 495 495 494 493 488 488 484 482 483 485 484 484 483
05 20 -9999 481 480 479 476 475 477 487 494 497 497 499 498 497 497 491 492 488 487 488 489 488 488 487
05 21 -9999 486 485 484 482 480 482 492 499 502 502 503 502 502 501 497 497 493 492 493 494 493 493 492
05 22 -9999 491 489 487 485 483 485 496 503 506 506 506 507 505 504 500 499 496 495 496 497 496 496 495
05 23 -9999 494 492 491 488 487 490 500 507 510 510 510 512 510 509 505 504 501 500 502 501 501 502 500
05 24 -9999 499 497 496 494 492 495 505 513 515 515 516 517 515 514 509 509 505 504 506 505 505 506 503
05 25 506 502 500 499 496 495 499 510 517 519 519 519 520 518 517 512 512 508 508 510 510 509 511 508
05 26 509 507 505 503 501 499 503 514 521 524 524 523 523 522 521 517 517 513 513 515 514 514 515 512
05 27 512 512 509 507 504 503 507 518 525 527 527 525 525 524 523 519 519 516 516 518 518 517 519 515
05 28 513 513 511 508 506 505 508 520 526 529 529 527 526 526 524 521 521 517 518 519 520 520 522 518
05 29 513 516 513 511 508 508 512 523 530 532 533 531 530 530 529 525 525 522 522 523 524 524 525 523
05 30 517 520 517 515 512 512 515 526 533 535 537 535 535 535 533 530 529 526 526 527 528 528 529 526
05 31 520 523 520 518 515 514 518 530 536 539 541 539 539 539 536 534 533 530 529 531 532 532 533 530
06 01 523 527 525 522 519 519 523 535 541 543 545 544 544 544 541 538 537 534 534 536 536 537 538 536
06 02 528 533 531 528 525 524 528 540 546 548 550 548 547 547 544 542 541 537 536 538 539 540 541 539
06 03 532 536 534 531 528 528 532 543 550 551 553 551 551 551 548 545 544 540 539 542 542 543 545 542
06 04 537 540 537 534 532 532 536 547 553 555 557 555 555 555 551 549 548 544 543 546 547 548 549 546
06 05 541 544 541 538 536 536 540 551 557 559 561 560 560 559 555 554 553 549 548 550 552 553 554 551
06 06 546 548 546 544 541 541 544 556 562 564 566 566 565 565 562 560 559 555 553 555 557 558 559 556
06 07 550 553 551 549 546 546 549 561 567 570 571 571 569 568 565 563 562 559 556 559 560 561 561 559
06 08 553 555 553 551 548 548 551 563 568 571 573 572 570 570 567 565 564 561 558 561 562 563 564 561
06 09 557 557 556 554 551 552 555 566 571 574 576 575 573 572 569 567 566 564 561 562 564 565 565 563
06 10 559 559 558 556 554 554 557 568 573 576 577 577 575 574 571 568 567 565 563 564 566 567 568 566
06 11 563 562 562 560 558 557 560 572 577 580 582 581 579 577 575 571 570 569 567 568 570 571 572 570
06 12 568 567 566 565 563 562 566 577 582 585 587 586 585 582 580 576 575 573 571 572 574 575 576 574
06 13 573 571 570 569 567 566 570 581 586 589 590 589 588 585 582 579 579 576 575 576 577 578 579 577
06 14 578 574 573 573 570 569 573 585 590 593 594 592 591 589 586 583 582 581 579 580 581 582 583 581
06 15 582 578 578 577 574 572 576 588 593 596 596 595 594 591 589 585 584 582 580 581 582 583 584 582
06 16 583 579 578 577 575 573 577 588 594 596 597 595 594 591 589 586 585 584 582 582 584 585 585 584
06 17 586 581 580 578 577 575 579 590 595 598 599 597 596 593 591 588 586 587 585 585 588 588 589 587
06 18 588 584 582 580 580 577 581 593 598 601 602 600 598 595 593 590 588 588 587 587 590 591 591 589
06 19 590 586 584 582 581 579 583 594 601 604 604 602 600 597 595 592 590 590 589 589 591 592 592 591
06 20 590 587 585 584 583 580 585 596 603 605 606 603 600 596 595 591 590 589 588 588 590 592 593 591
06 21 590 588 586 584 584 581 586 597 604 606 606 603 601 597 595 591 590 589 588 588 590 592 593 591
06 22 590 587 585 584 583 580 585 596 603 605 605 602 600 596 594 591 589 588 588 587 590 592 592 590
06 23 589 587 584 583 583 580 585 596 603 606 605 602 601 596 595 592 590 588 588 588 591 592 593 591
06 24 590 588 585 584 584 581 586 597 604 606 606 603 602 598 596 594 591 589 589 589 592 594 594 592
06 25 -9999 589 586 585 584 582 587 598 605 607 608 605 603 599 597 595 593 591 590 591 593 595 595 594
06 26 -9999 590 587 585 585 583 588 599 606 609 609 606 605 601 598 597 594 593 592 592 595 596 596 595
06 27 -9999 591 589 587 587 584 589 601 608 611 611 609 607 602 601 599 597 596 595 596 599 600 600 599
06 28 -9999 595 592 590 590 587 592 603 610 613 612 610 608 604 603 602 599 597 596 597 600 601 601 600
06 29 -9999 595 593 591 591 588 592 603 611 614 612 609 607 604 603 601 598 597 596 596 599 600 601 599
06 30 -9999 595 592 590 591 588 592 603 610 614 613 610 608 605 603 602 599 598 598 598 602 602 603 602
07 01 -9999 597 595 592 593 590 594 605 613 617 615 613 610 607 605 604 602 600 600 600 605 605 606 604
07 02 -9999 599 597 595 596 593 597 608 616 619 618 614 612 610 608 607 605 603 603 604 607 608 609 608
07 03 -9999 602 601 598 597 596 599 610 617 621 619 615 613 612 610 609 607 605 604 606 609 608 610 609
07 04 -9999 603 602 600 599 597 600 611 617 621 619 615 613 612 610 609 608 606 604 606 609 608 610 609
07 05 -9999 604 602 600 599 597 600 611 617 621 619 616 614 614 612 611 609 608 606 607 611 610 611 610
07 06 -9999 605 604 601 599 598 600 611 617 622 619 616 614 614 612 611 610 608 606 609 612 611 612 612
07 07 -9999 607 605 602 601 599 601 613 619 624 621 617 616 615 614 612 611 610 608 611 613 614 615 615
07 08 -9999 609 608 605 603 601 603 615 621 626 623 619 617 617 615 613 613 612 611 614 616 616 617 616
07 09 -9999 611 609 606 604 603 605 617 623 628 625 621 619 619 617 615 614 613 613 616 619 618 619 619
07 10 -9999 613 611 609 606 605 607 619 626 630 627 624 622 622 619 617 617 616 615 618 621 621 622 621
07 11 -9999 616 614 612 609 608 609 622 629 633 629 627 624 624 622 619 619 618 617 620 623 623 624 623
07 12 -9999 617 616 613 610 609 610 623 630 634 630 627 624 625 622 620 620 619 618 620 623 624 624 623
07 13 -9999 618 617 614 611 610 611 624 631 635 633 630 627 627 623 622 622 621 620 623 626 626 626 625
07 14 -9999 620 619 616 614 612 614 626 633 637 635 633 630 630 626 624 624 625 623 626 629 630 629 628
07 15 -9999 623 621 619 615 614 615 627 635 639 637 634 632 631 628 627 626 627 625 628 630 631 630 629
07 16 -9999 624 622 620 616 615 616 628 635 639 637 634 632 631 628 627 626 626 624 627 629 630 628 628
07 17 -9999 622 620 618 615 614 614 626 633 637 635 633 631 629 626 625 624 625 623 626 628 629 628 627
07 18 -9999 621 620 618 615 614 613 626 633 638 636 634 631 630 627 626 625 626 625 627 629 631 629 628
07 19 -9999 622 621 618 616 615 615 628 636 640 639 637 634 632 630 629 628 628 628 630 632 633 631 630
07 20 -9999 623 623 620 618 616 616 629 637 641 639 637 635 632 630 628 628 629 629 631 633 633 631 630
07 21 -9999 623 622 620 618 616 616 629 637 642 641 639 636 634 631 630 630 630 630 632 633 634 632 630
07 22 -9999 624 623 621 618 617 616 629 637 642 641 640 637 635 632 630 630 630 630 632 634 634 632 630
07 23 -9999 624 623 621 618 617 616 629 638 642 642 640 637 635 632 631 630 630 631 633 634 635 633 631
07 24 -9999 625 624 622 619 618 617 629 638 642 642 641 638 636 633 632 630 630 631 634 634 635 632 631
07 25 -9999 625 624 622 619 617 616 629 638 643 642 641 638 635 633 631 631 630 630 633 634 634 632 631
07 26 -9999 624 623 620 618 617 616 628 638 642 642 640 637 634 632 630 630 629 630 633 634 634 632 631
07 27 -9999 624 623 620 618 616 615 628 638 643 642 640 637 634 632 630 630 629 631 634 634 635 633 631
07 28 -9999 624 623 620 617 616 615 628 639 643 642 640 637 635 633 631 630 629 631 634 634 635 632 630
07 29 -9999 624 622 620 617 615 614 628 637 642 641 639 635 634 632 629 628 627 629 633 633 633 631 629
07 30 -9999 622 621 618 615 613 612 626 636 640 639 637 633 632 629 626 626 625 628 632 632 632 630 628
07 31 -9999 621 619 616 614 611 611 624 635 639 640 637 633 632 629 627 626 626 628 632 633 632 630 628
08 01 -9999 621 620 617 614 612 611 625 636 641 641 638 635 633 630 629 628 627 628 633 633 632 630 628
08 02 -9999 621 620 616 614 611 610 624 635 640 640 637 634 632 629 628 627 626 627 632 633 632 630 628
08 03 -9999 621 619 616 613 610 609 623 634 639 639 636 633 631 628 627 626 625 627 632 632 631 630 628
08 04 -9999 621 620 616 613 610 609 623 633 639 639 637 633 630 627 627 625 624 626 631 631 630 629 626
08 05 -9999 619 618 614 611 608 607 621 632 637 638 635 631 628 626 625 624 623 625 629 630 629 627 625
08 06 -9999 619 618 614 611 608 607 620 631 637 638 634 630 628 626 625 624 623 625 629 630 629 627 625
08 07 -9999 619 617 614 611 608 606 620 631 637 637 633 630 628 626 624 623 622 625 629 630 628 627 624
08 08 -9999 618 616 613 610 607 605 619 630 637 636 633 629 627 626 624 623 623 626 629 630 629 627 624
08 09 -9999 618 616 613 609 606 604 618 629 636 636 632 629 627 626 623 622 623 625 628 629 628 626 623
08 10 -9999 617 615 612 608 605 603 616 628 634 636 631 628 626 625 622 621 621 623 627 627 626 624 622
08 11 -9999 616 613 611 607 604 601 614 625 631 633 629 627 624 622 621 619 619 621 625 625 624 622 620
08 12 -9999 614 612 609 605 602 599 612 623 629 631 627 624 621 620 618 616 617 618 623 623 622 619 617
08 13 -9999 612 609 607 604 600 598 610 621 628 630 627 624 620 619 617 615 616 617 621 621 620 618 616
08 14 -9999 611 608 606 603 599 597 609 620 627 629 626 623 620 618 616 614 615 616 620 619 619 616 614
08 15 -9999 610 607 605 601 598 596 608 620 626 628 626 623 619 618 615 614 614 615 620 619 618 616 614
08 16 -9999 609 606 604 600 597 596 606 618 625 628 625 622 619 617 614 613 613 615 619 618 618 615 613
08 17 -9999 608 605 603 599 596 595 605 617 624 627 623 621 618 617 613 612 612 614 618 617 617 615 612
08 18 -9999 606 603 601 597 595 593 603 616 622 626 623 620 617 615 611 611 611 612 617 616 616 614 611
08 19 -9999 606 602 600 597 594 593 602 615 621 626 622 620 617 617 612 611 612 613 619 618 617 615 613
08 20 -9999 607 603 601 598 596 594 603 616 623 627 624 622 619 618 614 613 613 615 620 619 618 616 613
08 21 -9999 608 604 601 598 597 595 604 616 622 627 624 623 620 619 615 613 614 615 620 619 618 615 612
08 22 -9999 606 603 600 597 595 594 602 614 621 625 623 622 618 617 614 612 613 614 619 617 617 613 612
08 23 -9999 605 602 600 596 594 593 600 613 619 624 621 620 616 614 611 609 611 612 617 615 614 611 609
08 24 -9999 603 599 597 594 592 591 598 611 617 622 619 617 613 611 609 606 608 610 615 612 611 608 606
08 25 -9999 600 597 594 591 589 588 595 608 614 619 615 614 610 607 605 603 605 608 613 610 610 607 604
08 26 -9999 598 594 592 589 587 586 593 607 614 618 614 612 608 605 603 600 602 605 610 608 608 605 602
08 27 -9999 596 593 591 588 585 584 591 605 612 617 612 610 607 604 602 599 600 604 609 607 606 604 601
08 28 -9999 594 591 589 586 583 582 588 603 611 614 609 606 603 600 598 595 597 601 607 605 605 602 598
08 29 -9999 592 589 587 584 581 580 586 601 610 613 608 604 601 598 597 594 596 600 606 604 603 601 597
08 30 -9999 590 588 586 582 580 578 584 599 608 611 606 602 599 596 594 591 593 599 604 603 602 599 595
08 31 -9999 589 587 585 581 578 576 582 598 606 609 604 599 596 593 591 588 591 597 602 601 599 597 593
09 01 -9999 587 585 583 579 576 574 580 596 605 607 602 597 594 591 589 586 588 594 600 599 598 594 591
09 02 -9999 586 584 581 577 574 572 578 594 603 605 600 594 592 589 588 585 586 593 598 596 595 593 589
09 03 -9999 583 581 579 575 571 570 576 592 601 603 597 591 588 585 583 581 582 588 593 592 591 588 585
09 04 -9999 579 576 574 570 566 565 571 586 596 597 590 584 582 578 576 574 575 582 587 586 585 583 580
09 05 -9999 574 571 569 565 561 560 566 583 592 593 586 580 577 573 572 570 571 577 583 583 582 580 576
09 06 -9999 571 568 566 562 559 558 564 581 590 592 584 578 575 571 570 568 568 574 580 580 579 578 574
09 07 573 568 566 563 560 557 556 562 579 588 591 583 577 573 570 569 567 567 572 578 578 576 575 572
09 08 -9999 566 564 561 557 555 553 559 576 584 587 580 574 570 567 566 564 564 569 574 575 574 573 569
09 09 -9999 563 562 558 555 553 551 557 573 582 584 578 572 568 565 564 563 561 566 571 571 570 568 564
09 10 -9999 559 557 554 551 549 547 552 568 577 579 573 567 563 560 558 557 556 561 565 567 565 563 560
09 11 -9999 554 553 549 546 544 543 548 565 574 576 569 563 559 557 554 554 552 557 561 563 561 560 557
09 12 -9999 551 549 546 543 542 540 545 562 571 573 567 561 557 555 553 552 551 555 558 560 559 558 555
09 13 -9999 548 547 544 542 541 538 543 559 568 570 564 559 555 553 550 550 548 552 555 557 556 554 551
09 14 549 545 544 540 539 537 536 539 556 565 567 560 556 552 549 547 546 545 548 550 553 552 550 547
09 15 -9999 541 540 537 535 534 532 536 552 561 563 556 552 548 544 542 541 539 542 545 548 547 546 543
09 16 538 537 535 533 531 529 528 531 547 557 559 551 546 542 537 535 534 533 535 538 542 541 540 536
09 17 531 530 529 526 525 523 522 524 540 551 552 545 540 536 531 528 527 526 529 531 536 535 534 530
09 18 525 524 522 521 518 516 516 519 535 545 547 539 534 531 526 523 522 522 525 527 532 531 530 526
09 19 520 521 519 518 515 513 513 516 532 542 543 537 531 528 525 521 519 520 523 525 529 528 527 523
09 20 516 518 516 514 512 510 510 512 527 537 539 533 527 525 521 517 515 515 518 520 525 524 522 518
09 21 511 514 511 510 507 505 505 506 521 532 534 527 521 519 515 511 510 510 512 514 520 519 517 513
09 22 506 508 505 504 501 499 499 500 515 526 527 521 516 513 508 504 503 503 507 509 514 514 512 508
09 23 500 503 500 499 497 494 494 495 511 524 524 518 512 509 504 500 499 499 502 504 509 509 507 503
09 24 496 499 496 494 492 490 489 490 507 519 520 514 508 505 499 496 494 494 498 501 505 505 504 500
09 25 493 496 493 492 489 487 486 487 503 516 517 511 506 502 495 492 491 491 494 497 501 501 500 496
09 26 488 492 489 487 485 483 482 482 498 510 512 506 502 498 491 488 487 486 490 493 497 497 495 492
09 27 483 487 485 484 481 480 479 479 494 506 508 502 498 494 487 484 482 482 486 489 492 492 491 487
09 28 477 483 479 478 476 474 473 473 489 501 502 497 492 487 481 477 476 476 479 482 487 487 485 482
09 29 472 478 474 473 471 469 468 469 484 496 497 493 486 483 475 471 471 470 473 477 481 481 479 476
09 30 466 472 468 466 464 462 462 462 477 489 490 486 480 475 469 466 465 465 467 471 476 476 473 470
10 01 461 466 462 461 459 457 457 458 472 483 486 482 477 473 467 465 463 463 467 469 473 474 471 469
10 02 460 465 461 460 459 456 456 456 470 481 483 480 475 470 465 464 462 462 464 467 470 471 468 466
10 03 458 462 459 457 456 454 453 454 468 478 480 477 472 468 463 461 459 458 460 463 466 466 463 461
10 04 454 457 454 452 451 449 448 449 464 473 476 473 468 464 458 457 455 454 456 459 461 462 459 457
10 05 450 453 450 448 447 444 444 445 460 469 472 469 464 460 454 454 451 451 452 455 457 457 455 453
10 06 447 449 447 444 443 441 440 441 457 465 467 464 460 457 451 449 447 447 448 451 453 454 451 449
10 07 444 446 443 442 440 438 438 439 453 461 464 461 456 453 449 447 445 444 444 447 449 450 446 446
10 08 441 442 440 439 437 435 434 436 449 457 459 456 452 451 446 444 442 442 441 445 447 447 444 443
10 09 438 440 437 436 434 431 431 432 447 453 455 452 448 446 442 440 438 439 438 441 443 443 440 439
10 10 434 437 433 432 430 428 428 429 443 450 451 448 444 442 439 436 434 435 434 438 439 440 437 436
10 11 432 433 430 429 428 425 425 426 440 446 448 445 441 438 435 433 431 432 432 434 436 436 434 433
10 12 429 430 427 425 424 421 421 422 435 442 444 443 437 435 432 430 427 428 428 430 432 432 430 429
10 13 426 426 423 422 420 417 417 418 431 438 440 439 434 432 429 427 424 425 425 428 428 428 427 425
10 14 423 422 420 418 417 414 414 415 427 434 437 435 431 429 427 425 422 423 423 424 426 425 424 422
10 15 421 420 417 416 414 412 411 412 424 432 434 433 429 429 425 423 421 422 421 423 423 423 422 420
10 16 420 417 415 413 412 410 409 409 420 429 431 429 426 426 423 420 418 419 418 420 421 419 418 417
10 17 417 414 412 411 409 407 406 406 416 425 428 426 423 423 420 417 415 417 415 417 418 416 415 413
10 18 414 411 408 407 405 403 402 402 412 421 424 423 420 420 417 414 412 414 413 414 415 414 413 411
10 19 412 408 405 405 404 401 400 400 409 419 422 421 419 418 416 412 410 411 411 412 413 412 411 408
10 20 410 406 404 403 403 400 398 399 407 417 420 420 418 416 414 410 408 409 409 410 411 409 407 406
10 21 407 403 401 400 400 397 395 395 403 414 418 418 415 413 411 409 405 406 406 407 408 405 404 402
10 22 404 399 396 396 395 392 390 391 398 409 414 414 411 410 408 404 401 402 403 404 404 402 401 399
10 23 401 395 393 392 391 389 386 387 395 406 411 412 409 408 406 403 400 401 402 402 403 400 399 397
10 24 399 393 392 390 390 388 386 386 393 404 410 412 409 408 406 403 401 402 402 402 402 400 399 397
10 25 400 393 392 390 390 388 385 385 391 403 410 412 409 409 407 404 403 403 403 403 403 401 399 397
10 26 401 392 391 390 389 387 385 384 390 402 409 411 409 408 407 403 402 402 401 402 401 398 396 394
10 27 399 389 388 386 385 383 380 379 385 397 405 406 404 403 402 399 398 398 398 398 398 395 393 391
10 28 396 387 386 384 383 381 378 377 383 394 402 404 402 401 400 397 396 396 395 396 395 392 389 387
10 29 393 384 383 380 380 377 375 374 379 391 399 401 399 398 397 394 393 393 393 393 392 389 386 384
10 30 389 381 380 377 376 374 371 370 375 387 394 397 395 393 393 390 388 389 388 389 387 384 381 380
10 31 384 377 376 373 372 371 368 367 372 384 390 394 391 390 389 386 384 385 384 385 382 379 376 375
11 01 378 371 370 367 366 366 363 362 368 380 386 390 388 387 386 383 381 381 381 381 379 376 373 372
11 02 375 369 368 365 363 363 360 360 365 377 383 388 386 385 384 381 379 379 378 379 377 373 370 369
11 03 372 366 365 361 360 360 358 357 361 373 379 384 383 381 380 378 376 376 375 375 373 369 366 366
11 04 368 362 361 358 355 355 353 352 356 368 374 378 376 376 375 372 371 371 370 370 368 364 362 361
11 05 362 357 356 353 351 350 348 347 351 363 369 373 372 371 370 368 367 368 366 366 364 360 358 357
11 06 357 354 353 350 348 347 346 345 348 360 365 370 370 370 368 367 366 366 364 363 362 358 356 354
11 07 352 352 352 347 346 345 344 343 345 357 362 367 366 366 365 364 362 362 360 359 357 354 352 351
11 08 348 349 349 344 342 342 341 339 341 353 358 363 363 363 362 361 357 358 355 354 353 349 347 346
11 09 340 342 343 338 337 336 335 334 337 347 353 357 357 357 356 355 352 352 350 348 347 343 341 340
11 10 334 336 337 331 330 331 329 328 331 341 347 352 352 352 351 351 348 348 345 344 342 339 336 335
11 11 -9999 333 333 328 327 327 327 327 329 339 345 350 351 352 352 351 349 349 344 344 342 339 337 336
11 12 -9999 333 332 328 327 327 327 327 328 338 344 349 351 352 351 351 349 349 345 345 342 340 337 337
11 13 -9999 333 332 329 326 326 326 325 326 337 342 348 350 351 350 349 348 347 343 343 340 338 335 334
11 14 -9999 331 330 327 325 325 324 324 325 335 341 347 348 350 349 349 348 347 342 342 340 337 335 333
11 15 -9999 330 329 325 323 322 322 322 322 332 338 344 346 347 346 346 345 344 339 339 338 335 333 331
11 16 -9999 326 326 323 321 320 320 320 320 330 336 342 344 345 345 344 343 342 337 336 335 333 330 328
11 17 -9999 323 323 319 318 316 316 315 315 325 331 336 338 339 339 339 338 337 332 331 330 328 325 323
11 18 -9999 318 318 315 313 311 311 311 310 320 326 332 334 335 334 334 334 334 329 328 327 325 321 320
11 19 -9999 315 315 312 311 309 309 309 309 319 325 331 335 335 335 335 334 335 329 329 327 326 323 321
11 20 -9999 316 316 313 312 310 309 310 309 319 326 332 336 337 336 337 336 335 330 330 328 327 324 323
11 21 -9999 317 317 314 312 311 310 310 310 318 325 332 335 336 336 336 335 335 330 330 327 326 322 322
11 22 -9999 315 315 313 311 310 308 308 308 316 323 329 333 334 334 334 333 333 328 328 325 324 321 319
11 23 -9999 314 312 311 310 308 307 307 307 315 321 328 331 332 331 331 330 330 325 326 323 322 318 317
11 24 -9999 311 310 309 307 306 304 304 304 311 317 324 327 329 328 328 327 328 322 323 320 319 315 313
11 25 -9999 308 307 305 303 302 301 301 300 308 314 321 324 325 325 325 325 325 320 321 318 317 313 310
11 26 -9999 307 306 304 302 301 299 298 298 305 311 318 320 321 321 321 319 320 316 317 314 313 309 306
11 27 -9999 302 301 299 297 295 293 293 292 299 306 311 314 314 315 315 313 314 310 310 307 306 303 300
11 28 305 296 295 293 292 291 289 288 288 294 301 306 309 309 310 311 309 310 306 306 301 301 298 295
11 29 302 291 290 288 287 286 285 283 282 289 297 302 304 305 305 306 304 305 302 302 297 297 294 290
11 30 299 286 286 284 282 282 281 278 278 285 292 297 300 300 301 302 299 300 298 298 293 293 290 287
12 01 -9999 284 283 280 279 279 277 274 274 281 288 292 295 295 296 297 294 295 293 293 289 289 287 283
12 02 293 280 279 277 276 276 274 272 271 278 285 290 293 293 294 296 293 293 292 292 288 288 285 282
12 03 292 279 278 276 275 275 273 271 271 277 283 287 290 291 293 293 290 290 288 288 284 284 281 278
12 04 288 275 273 271 270 270 268 266 266 272 277 282 284 286 288 287 286 284 283 283 279 278 276 272
12 05 282 270 268 266 265 265 263 260 260 266 271 276 278 279 281 281 280 279 278 278 274 272 269 266
12 06 276 264 262 260 259 260 258 255 255 261 266 270 273 274 276 276 274 273 273 272 269 267 264 262
12 07 273 260 258 256 255 255 254 252 252 257 262 266 269 270 273 273 271 270 269 269 265 264 261 259
12 08 269 256 255 252 251 251 249 247 247 253 258 262 264 266 269 270 268 266 265 265 261 259 257 255
12 09 267 254 252 251 248 248 246 244 244 250 255 258 261 263 267 268 266 264 262 262 258 257 254 253
12 10 265 253 251 250 247 247 245 242 242 248 253 256 259 261 264 264 262 260 258 258 253 252 250 250
12 11 261 247 246 244 242 241 240 236 237 243 248 251 254 257 259 259 258 254 254 252 249 247 245 246
12 12 256 244 242 241 239 237 236 232 233 240 244 248 251 254 256 256 255 251 250 248 245 244 241 241
12 13 251 239 237 235 234 232 231 227 228 234 239 243 246 249 252 251 250 247 246 244 243 241 238 238
12 14 246 237 235 234 232 231 229 226 228 232 236 240 245 248 251 249 249 246 243 242 241 239 237 236
12 15 241 235 233 233 231 229 228 225 226 230 234 239 243 247 251 248 249 245 242 241 240 238 235 235
12 16 239 234 232 232 230 229 227 224 226 229 232 237 242 245 249 247 248 243 240 239 237 235 233 232
12 17 235 230 229 228 226 226 223 220 222 225 228 233 238 242 245 242 243 239 235 234 232 230 228 227
12 18 228 225 224 223 221 220 217 214 216 218 222 227 232 236 240 237 238 234 230 230 227 225 223 222
12 19 221 220 219 218 216 215 212 208 210 213 217 223 228 230 235 232 233 229 226 226 222 221 220 218
12 20 216 217 216 215 213 212 210 207 209 212 215 221 226 229 233 231 232 228 225 224 221 220 218 218
12 21 213 217 215 214 213 212 209 207 208 211 215 221 226 230 234 231 233 229 226 224 221 221 218 217
12 22 212 216 215 213 212 211 208 206 207 210 214 219 224 228 232 229 231 227 224 222 219 218 216 214
12 23 209 213 210 210 208 207 205 202 205 206 210 216 222 225 230 227 229 226 223 222 219 218 216 215
12 24 208 212 210 208 209 208 206 204 205 207 211 217 223 225 230 228 230 227 224 221 220 219 217 215
12 25 206 212 210 208 209 207 206 203 204 206 210 216 222 225 230 228 230 227 224 220 220 219 218 216
12 26 206 214 211 209 211 210 207 206 207 208 213 219 224 227 232 230 233 230 227 223 223 221 221 217
12 27 208 216 214 211 211 211 208 208 209 210 215 221 225 229 234 232 235 232 229 225 225 223 223 220
12 28 209 218 217 215 215 214 212 211 212 213 218 224 229 232 237 234 237 234 231 227 226 224 225 222
12 29 208 219 218 215 216 213 211 211 210 213 218 224 227 230 235 233 235 233 230 226 226 224 224 223
12 30 209 220 219 217 217 214 212 211 211 214 219 225 228 230 234 233 235 233 231 227 226 224 225 223
12 31 208 220 218 216 216 212 210 210 209 212 217 224 227 228 233 231 233 233 230 225 224 223 224 222
