01 01 126 122 124 121 120 118 118 117 120 138 147 153 155 157 158 160 158 149 143 141 138 135 133 130
01 02 127 123 125 122 120 118 118 116 120 137 147 153 155 158 159 161 159 150 144 142 138 136 133 131
01 03 127 123 124 122 120 118 118 116 120 137 147 152 155 157 158 160 158 149 144 142 138 134 132 129
01 04 126 122 123 120 118 116 116 115 118 135 145 151 153 156 157 159 157 149 143 141 136 132 129 127
01 05 124 120 121 118 117 116 115 113 117 134 144 149 151 155 156 159 157 149 144 141 136 133 130 128
01 06 125 122 122 121 120 118 117 115 119 136 145 150 153 156 157 159 157 149 145 142 137 134 131 131
01 07 128 124 125 123 122 120 119 117 121 138 147 152 154 158 158 160 159 150 146 144 140 136 133 132
01 08 129 126 126 124 123 121 121 119 122 139 149 153 156 160 160 162 161 152 149 146 142 139 136 135
01 09 132 128 128 126 126 124 123 121 123 140 150 153 157 161 161 162 160 152 149 147 142 138 135 134
01 10 131 127 127 125 124 122 121 119 122 140 149 153 157 160 161 162 160 152 149 147 142 139 136 134
01 11 132 128 126 125 123 122 121 119 123 140 150 153 157 162 162 162 161 152 150 147 143 139 136 135
01 12 133 129 127 126 124 123 122 119 123 140 150 152 156 161 161 162 160 151 148 146 142 138 135 135
01 13 132 130 127 127 125 123 123 120 123 141 150 153 157 162 162 162 161 153 150 148 144 140 137 137
01 14 135 132 130 130 129 127 126 123 128 145 154 157 162 166 165 166 165 156 153 150 147 142 139 139
01 15 137 135 132 132 131 129 127 124 129 146 155 158 164 168 168 168 167 159 155 152 149 143 140 141
01 16 138 136 133 133 132 129 128 125 129 146 156 158 162 167 167 167 166 159 156 153 150 144 141 142
01 17 139 137 135 135 134 131 130 127 132 148 157 160 165 170 170 170 168 161 157 155 151 145 142 143
01 18 140 139 136 135 135 132 130 128 132 149 158 160 165 170 170 170 168 161 157 154 150 146 143 144
01 19 142 140 137 136 135 132 131 129 133 149 158 160 166 170 172 170 169 162 157 155 151 147 145 147
01 20 144 143 139 138 136 134 133 131 135 152 162 164 170 173 175 173 171 165 161 159 154 151 149 149
01 21 146 146 143 141 139 137 136 134 138 154 164 166 172 176 176 174 172 167 162 159 155 151 149 149
01 22 145 145 142 141 138 136 135 134 137 153 163 166 172 176 177 174 172 168 162 159 155 151 149 149
01 23 145 144 142 140 138 135 133 132 136 152 161 165 170 174 175 173 171 166 161 158 154 149 147 147
01 24 144 144 141 139 136 134 133 132 137 153 162 166 171 174 175 174 172 167 161 159 155 151 149 148
01 25 144 143 141 139 137 134 134 132 137 153 161 165 169 173 174 172 170 165 159 156 153 149 146 146
01 26 141 141 138 137 135 132 131 130 135 151 158 162 167 170 171 170 167 163 157 154 151 147 144 144
01 27 140 139 137 135 133 131 130 129 134 149 158 162 167 170 171 170 168 163 157 154 150 146 144 144
01 28 140 139 137 135 132 130 129 128 133 148 156 161 165 168 169 167 166 160 155 152 148 144 141 142
01 29 137 137 134 132 129 127 125 125 130 145 154 159 163 166 167 165 163 159 154 151 147 143 141 141
01 30 138 137 134 132 129 127 125 125 129 145 154 158 162 165 166 165 163 158 153 149 145 142 140 140
01 31 137 136 133 131 127 126 124 124 128 143 153 157 162 165 166 165 163 158 153 149 145 142 139 138
02 01 136 135 131 130 125 124 123 122 127 142 152 156 159 162 163 162 160 156 150 146 143 140 137 136
02 02 134 133 130 128 124 123 121 121 126 141 150 155 158 161 162 161 159 156 150 145 142 139 136 135
02 03 132 130 128 126 121 120 118 117 123 137 147 152 154 158 159 158 157 153 146 142 139 136 132 131
02 04 129 126 124 122 118 118 117 115 121 135 144 149 151 154 155 156 154 150 143 139 136 133 130 128
02 05 127 123 121 119 116 114 113 112 118 133 142 147 149 153 155 155 154 150 143 139 137 133 130 128
02 06 127 124 122 121 117 116 115 114 121 135 144 148 151 153 156 156 154 150 144 141 138 134 131 130
02 07 129 126 124 122 119 118 117 116 123 137 146 150 152 155 157 156 155 152 145 143 139 135 133 131
02 08 130 126 124 122 119 118 117 115 124 137 146 150 153 156 157 158 156 154 147 144 141 137 135 133
02 09 133 129 127 125 122 120 119 117 126 139 149 154 156 160 161 161 160 158 151 148 145 141 139 137
02 10 137 135 132 130 127 125 125 122 131 144 153 158 161 164 165 165 164 162 156 152 148 145 143 141
02 11 141 138 136 134 131 130 129 127 137 150 158 162 165 168 169 169 167 166 160 156 152 150 147 146
02 12 145 142 141 138 136 134 134 132 141 155 163 168 170 173 175 174 172 172 166 163 158 156 154 151
02 13 151 148 147 144 141 139 139 137 148 161 168 172 174 177 178 177 176 176 170 167 163 160 158 155
02 14 154 151 150 147 144 142 142 141 152 164 171 175 177 179 180 180 179 179 173 171 167 163 162 159
02 15 157 154 154 150 148 146 146 144 156 169 175 179 181 183 183 183 183 183 177 175 170 168 165 164
02 16 162 158 158 155 152 151 150 148 161 173 178 182 185 187 187 186 186 186 181 179 174 172 170 168
02 17 165 162 161 158 156 155 154 153 166 178 182 186 190 191 190 190 190 190 186 183 179 176 174 171
02 18 169 167 166 162 161 160 158 157 172 183 187 191 195 196 195 195 194 195 191 188 185 181 179 176
02 19 174 171 171 167 166 163 162 162 175 187 190 194 198 201 199 199 198 200 196 193 189 185 183 180
02 20 178 175 174 170 168 166 165 165 179 190 193 196 201 201 201 201 200 201 197 194 190 186 184 181
02 21 178 176 175 170 169 167 166 166 180 191 194 197 201 202 203 202 202 203 199 195 191 188 185 182
02 22 179 177 176 172 170 168 166 167 182 192 195 198 203 204 205 204 204 205 201 197 194 191 188 185
02 23 182 179 178 174 173 170 168 169 184 194 196 201 205 206 207 207 206 208 203 198 195 193 190 187
02 24 184 181 180 176 174 172 170 171 186 196 198 202 206 207 208 208 207 209 204 200 197 195 191 189
02 25 185 182 181 176 174 171 170 171 187 197 199 203 206 207 208 208 208 209 205 202 199 196 192 189
02 26 186 182 180 176 175 171 170 171 187 197 200 204 207 208 209 210 210 210 206 203 200 197 193 189
02 27 186 182 180 177 175 172 170 171 188 197 201 204 207 208 209 209 209 209 205 202 198 196 192 189
02 28 186 183 180 178 176 173 171 172 189 199 202 206 209 210 211 211 211 211 206 203 200 197 193 189
03 01 186 184 182 179 177 174 171 173 189 198 201 206 209 210 212 211 211 211 207 204 200 197 193 189
03 02 186 184 181 179 177 174 172 173 189 198 201 207 209 211 213 213 212 213 208 205 202 199 195 190
03 03 187 185 183 181 178 175 174 174 190 199 202 208 211 213 215 215 216 216 211 208 204 200 196 192
03 04 189 187 186 183 181 177 176 177 194 202 206 212 213 216 218 218 219 220 215 212 208 205 201 197
03 05 194 192 190 188 185 181 181 182 198 206 210 215 217 219 221 221 222 223 219 216 212 209 205 200
03 06 198 195 194 192 189 185 185 186 202 210 214 219 221 222 224 224 224 226 222 219 215 213 209 204
03 07 201 199 197 195 191 188 187 188 206 214 217 222 224 226 227 227 228 229 225 222 218 216 212 208
03 08 205 202 200 198 194 191 190 191 209 216 220 225 227 228 229 229 231 232 228 225 222 219 216 210
03 09 209 205 203 201 198 194 193 195 212 219 223 228 230 230 231 230 232 233 231 228 224 222 219 213
03 10 212 208 207 205 202 198 198 201 216 224 228 232 233 234 234 233 234 235 234 232 227 225 221 216
03 11 215 212 210 208 205 202 201 204 219 226 230 234 234 235 236 235 237 238 236 234 229 227 223 218
03 12 217 214 212 210 207 204 204 208 223 229 232 236 238 239 239 238 239 240 239 236 233 230 227 222
03 13 221 218 216 215 212 209 208 212 227 233 234 238 240 240 241 240 241 243 243 240 236 233 230 225
03 14 223 221 219 218 214 210 210 214 229 234 236 240 242 243 243 242 243 245 246 243 239 236 233 227
03 15 226 224 222 221 217 214 213 219 232 237 238 242 244 244 244 243 244 245 247 244 241 238 235 230
03 16 229 226 225 223 220 216 215 223 236 240 242 245 248 247 247 246 246 247 250 247 244 240 238 233
03 17 232 229 228 227 223 220 218 226 239 243 245 247 250 248 248 246 246 246 249 247 244 241 238 233
03 18 233 230 228 226 223 220 218 228 240 244 246 248 250 247 247 245 244 246 250 248 245 242 239 234
03 19 234 230 228 227 224 221 219 230 241 245 247 249 251 250 250 246 246 247 251 250 247 243 240 236
03 20 235 231 230 228 226 223 221 232 242 247 248 250 253 251 252 248 248 249 253 252 249 245 242 238
03 21 237 234 232 230 228 225 222 234 244 249 250 251 254 252 252 249 249 249 254 252 250 246 242 239
03 22 238 236 234 232 230 227 224 237 246 250 250 252 253 252 252 248 247 248 253 252 250 246 243 240
03 23 239 237 235 233 231 228 226 239 248 251 251 252 254 252 252 247 247 248 253 253 250 246 243 240
03 24 239 237 235 233 231 228 226 240 248 251 251 252 253 252 252 247 247 248 253 253 251 247 244 241
03 25 239 237 235 233 231 228 226 240 249 251 251 251 252 251 251 247 247 249 254 254 252 248 245 243
03 26 241 239 237 235 233 230 227 242 251 252 252 253 254 253 253 249 248 250 255 255 253 249 247 245
03 27 243 241 238 236 234 231 229 244 252 254 254 254 254 253 253 249 249 251 256 256 254 250 248 245
03 28 243 242 239 236 234 231 229 245 252 254 255 257 257 255 255 251 250 252 257 256 254 251 249 246
03 29 244 242 240 237 236 233 232 247 254 256 256 258 258 256 256 252 251 254 258 258 256 253 251 248
03 30 246 244 241 238 237 234 233 249 256 258 258 260 260 259 258 254 254 256 260 259 257 254 251 249
03 31 247 245 241 238 237 235 234 250 257 258 259 261 260 259 259 255 255 256 260 260 258 255 252 250
04 01 247 245 242 239 237 235 234 253 259 260 260 262 261 262 261 258 257 260 264 263 262 258 256 254
04 02 250 248 245 242 240 239 238 256 262 263 263 265 263 264 264 262 261 263 266 266 265 261 259 257
04 03 254 252 248 245 243 241 240 258 264 264 264 266 264 265 263 262 260 262 265 266 265 262 260 258
04 04 254 252 248 245 243 241 241 258 266 266 265 267 264 265 264 262 261 262 265 266 266 263 261 259
04 05 256 254 251 247 245 244 244 262 268 267 267 269 266 267 266 265 264 265 267 268 268 265 264 261
04 06 258 256 252 250 247 246 246 264 270 270 270 271 268 269 268 268 267 267 270 271 270 267 267 264
04 07 260 258 254 252 250 249 249 267 273 272 272 274 271 273 270 270 269 269 272 272 272 269 269 266
04 08 263 260 257 255 252 251 253 270 276 276 275 277 275 276 274 274 272 272 274 275 274 272 272 269
04 09 266 263 260 258 255 255 256 274 279 278 278 280 278 279 277 277 276 275 276 278 277 274 274 271
04 10 269 265 262 260 257 256 259 277 281 281 280 282 280 281 278 279 279 278 280 281 280 277 276 273
04 11 271 268 265 263 261 260 263 281 286 285 284 285 283 285 282 282 283 282 284 285 284 282 280 278
04 12 276 272 269 267 265 264 268 286 290 289 288 288 286 288 285 286 287 286 288 290 290 287 286 284
04 13 282 277 273 271 269 268 273 291 294 294 293 292 290 292 290 290 292 290 292 294 294 292 290 289
04 14 286 282 278 275 274 272 277 294 298 298 297 296 294 295 293 294 295 294 297 298 298 296 294 293
04 15 290 286 282 279 278 276 282 299 303 303 300 300 298 299 297 298 299 299 301 302 302 300 300 298
04 16 296 291 287 284 283 281 289 305 308 308 306 305 303 304 302 303 304 304 306 308 307 306 305 303
04 17 301 296 292 288 287 286 294 310 313 313 310 310 309 309 306 308 308 309 311 312 311 310 309 306
04 18 304 300 296 293 291 290 299 314 317 316 314 313 312 312 309 311 312 313 314 315 314 313 312 310
04 19 307 303 300 296 294 293 301 317 318 318 316 316 314 315 312 314 316 317 318 319 317 316 314 312
04 20 310 305 301 297 295 294 303 318 319 319 317 318 316 316 315 315 318 319 321 322 321 319 317 315
04 21 312 308 304 300 299 297 307 321 323 323 321 321 320 320 319 318 321 322 325 326 324 322 320 317
04 22 316 312 309 305 303 301 311 325 327 326 324 325 324 323 323 323 325 326 329 330 328 327 325 322
04 23 320 316 313 309 307 305 315 328 331 331 328 329 327 327 327 326 328 329 333 333 331 330 328 324
04 24 323 319 316 311 309 308 318 331 333 333 331 331 329 329 330 329 332 332 336 336 335 334 331 328
04 25 325 322 318 314 312 311 322 334 335 336 333 334 331 332 333 332 333 334 338 338 337 336 334 331
04 26 328 324 320 316 314 312 324 336 337 338 336 336 333 334 335 334 336 337 342 342 340 339 338 334
04 27 331 327 323 319 316 315 328 339 341 341 339 339 337 338 338 337 338 339 344 344 342 341 339 335
04 28 332 328 325 321 318 316 330 341 343 342 341 342 339 340 340 339 340 341 347 347 344 343 342 337
04 29 334 330 327 324 321 319 333 343 345 344 344 345 342 344 343 341 343 344 349 350 347 346 345 340
04 30 337 332 330 327 323 321 335 345 347 347 346 347 344 346 346 345 346 347 353 354 351 349 348 343
05 01 341 336 334 331 327 325 338 347 349 349 348 349 346 348 348 345 348 348 355 355 352 351 350 345
05 02 343 338 336 333 329 327 341 350 351 351 350 351 349 350 350 348 351 351 358 359 356 354 353 348
05 03 345 341 339 336 332 330 344 353 354 355 353 355 353 354 354 354 356 356 363 364 361 359 357 353
05 04 351 346 344 341 338 335 350 359 360 360 359 360 358 359 359 359 361 361 368 369 366 364 363 358
05 05 356 351 349 347 343 341 355 364 365 366 364 365 364 364 364 364 365 365 373 374 370 369 367 363
05 06 360 356 353 350 346 345 358 367 368 369 368 369 367 369 368 369 370 370 378 378 375 374 372 368
05 07 364 359 355 352 349 347 362 371 372 373 371 372 371 372 372 373 374 375 383 383 380 378 376 373
05 08 369 364 360 357 353 352 367 376 377 378 376 377 376 379 378 379 380 381 388 389 386 385 382 379
05 09 375 371 366 364 360 359 374 383 385 385 384 385 383 386 385 386 386 387 395 395 391 389 388 384
05 10 381 376 372 369 365 364 380 388 390 390 390 391 390 392 391 391 391 393 400 401 397 394 392 389
05 11 386 382 377 374 370 369 384 392 395 395 394 395 395 396 395 396 396 397 404 405 401 399 396 393
05 12 391 386 382 379 375 374 389 397 398 399 399 400 400 401 400 400 402 403 409 410 405 403 401 398
05 13 395 392 386 383 380 380 394 402 403 404 404 405 405 406 405 406 407 408 414 415 410 409 406 403
05 14 400 397 391 388 385 385 399 407 408 409 409 410 409 412 411 412 412 413 419 420 416 414 411 407
05 15 405 402 396 393 391 391 405 413 414 415 416 416 416 418 417 418 418 418 424 424 419 418 414 411
05 16 408 405 399 396 394 394 408 417 418 418 420 420 420 423 422 423 423 423 428 428 423 421 418 415
05 17 412 409 404 400 399 398 413 421 422 422 425 425 424 426 425 427 426 427 431 432 427 425 421 418
05 18 416 412 407 404 402 402 417 424 425 425 427 428 426 429 429 429 429 429 433 434 429 427 423 420
05 19 418 415 410 406 405 405 420 427 429 429 431 432 431 433 433 433 433 433 437 438 433 431 428 424
05 20 422 418 414 410 409 409 425 432 433 434 437 437 436 438 438 438 438 438 443 444 439 436 433 429
05 21 427 423 418 415 414 415 431 438 439 440 443 443 441 443 443 443 443 444 448 450 445 441 439 435
05 22 433 429 425 421 420 421 437 444 445 446 449 448 447 448 448 449 449 449 452 454 448 444 443 438
05 23 436 432 428 424 423 424 439 446 447 448 451 451 449 450 450 451 452 452 456 458 451 447 445 440
05 24 438 434 430 426 424 425 441 449 449 449 452 451 450 451 451 452 454 453 458 460 453 450 447 442
05 25 440 435 432 427 426 427 443 450 450 450 453 452 452 453 453 455 456 456 459 461 455 452 450 444
05 26 442 438 434 430 428 430 446 453 453 453 454 455 454 456 456 458 458 458 461 463 457 454 452 446
05 27 444 440 436 432 430 432 448 456 456 456 457 458 458 460 460 462 462 461 464 467 462 458 455 450
05 28 447 443 440 435 433 435 451 459 459 459 460 461 461 462 463 464 465 463 466 470 464 460 459 453
05 29 450 445 443 438 437 439 454 461 461 462 463 463 464 464 466 467 468 466 469 473 467 463 461 456
05 30 454 448 445 440 439 441 456 464 464 465 466 467 466 466 468 470 470 469 472 475 470 466 464 460
05 31 458 452 449 444 441 445 460 467 467 468 469 469 469 470 471 473 472 470 475 478 472 469 467 463
06 01 460 455 451 446 444 448 462 470 470 471 471 472 472 473 474 476 475 473 478 481 475 471 470 466
06 02 463 458 454 449 447 451 465 474 473 475 476 477 476 478 478 480 479 478 481 485 479 475 474 470
06 03 467 461 457 452 450 454 468 476 476 477 478 479 479 480 481 483 482 481 484 488 482 478 477 473
06 04 470 464 460 455 452 456 470 478 478 480 480 481 481 483 482 485 483 482 485 489 483 479 477 474
06 05 471 466 462 457 454 458 472 480 480 482 482 483 483 485 483 487 484 483 486 490 484 480 478 475
06 06 471 466 462 458 455 459 474 482 481 484 483 484 484 486 484 488 485 484 488 492 486 483 481 478
06 07 474 470 466 462 458 462 476 485 484 487 486 487 487 488 487 490 487 486 490 494 489 485 482 479
06 08 475 471 467 463 459 464 478 485 485 489 488 489 489 490 489 492 489 487 491 495 491 486 484 481
06 09 477 473 469 465 462 467 481 488 489 493 494 494 493 494 493 496 493 493 496 499 495 491 488 485
06 10 481 477 474 470 466 471 485 492 492 497 497 498 496 497 495 499 496 496 499 501 497 493 489 486
06 11 483 479 475 472 467 472 486 493 493 497 498 499 497 498 496 499 496 497 499 502 499 494 491 487
06 12 484 480 477 473 469 474 488 495 495 499 500 500 499 500 497 501 498 498 501 503 501 497 493 490
06 13 486 483 480 476 471 476 490 497 497 500 502 502 501 502 500 503 500 501 504 507 504 500 497 493
06 14 489 486 482 479 473 478 493 499 500 501 502 503 502 504 501 505 502 504 506 510 507 502 499 495
06 15 490 487 484 480 475 479 494 502 503 504 504 505 504 505 503 507 505 506 508 511 509 504 501 497
06 16 492 490 486 483 477 481 497 504 505 507 507 507 507 507 505 509 508 508 511 514 513 508 505 500
06 17 495 493 490 486 481 484 500 507 508 510 510 510 509 508 506 511 509 509 513 516 515 510 507 503
06 18 497 495 492 489 483 486 502 508 509 511 510 510 509 509 507 511 509 510 513 517 516 511 508 503
06 19 497 495 492 489 483 487 502 509 509 511 510 511 510 509 509 512 512 511 514 518 517 512 509 504
06 20 498 496 493 490 485 488 504 511 511 511 511 511 509 508 509 512 511 512 515 518 518 514 511 505
06 21 501 498 495 492 486 490 505 512 512 512 512 512 510 509 509 511 511 511 514 519 519 514 512 506
06 22 501 498 496 492 487 491 507 513 514 514 514 514 512 511 510 513 512 513 516 520 520 516 514 509
06 23 504 501 499 495 491 494 509 516 517 516 517 517 514 514 513 514 514 515 519 524 523 519 517 512
06 24 508 504 502 499 495 497 512 519 519 519 517 518 516 515 514 516 515 517 520 526 525 521 519 514
06 25 510 507 504 501 497 499 514 521 521 521 519 519 517 517 516 517 517 518 523 529 527 523 522 518
06 26 514 510 508 505 501 503 517 524 525 525 522 522 519 519 517 518 518 519 524 529 528 524 524 519
06 27 516 512 509 507 503 505 519 525 526 526 524 524 520 519 518 519 520 521 526 532 529 525 524 519
06 28 515 512 509 507 503 506 520 526 527 527 524 524 520 519 518 517 518 519 524 530 528 523 522 518
06 29 515 512 509 507 505 507 521 527 528 529 526 526 522 521 519 518 519 520 525 530 528 525 523 519
06 30 517 514 511 509 507 510 523 529 530 530 528 528 524 522 520 519 519 521 526 533 531 526 525 522
07 01 519 516 514 512 509 512 525 531 532 532 529 528 525 523 522 521 520 523 528 534 531 527 526 523
07 02 520 516 515 512 510 513 526 532 533 531 529 529 525 524 523 521 520 524 529 534 531 528 526 523
07 03 521 517 516 513 511 514 527 534 536 534 533 531 528 527 525 522 522 525 529 534 532 529 528 525
07 04 523 520 519 516 514 516 530 536 538 536 535 533 529 528 526 522 522 526 531 535 533 530 529 527
07 05 525 521 520 517 515 517 531 537 538 537 535 533 531 529 526 523 522 525 530 536 534 531 529 528
07 06 526 523 521 518 516 518 531 537 540 538 536 535 531 529 528 523 523 527 531 537 535 532 531 530
07 07 528 525 524 520 518 520 533 539 540 538 536 534 530 528 526 522 522 526 531 537 535 533 531 530
07 08 528 525 524 521 519 520 534 539 541 538 536 533 529 527 526 522 522 526 530 537 535 533 531 530
07 09 527 525 523 520 518 519 533 539 540 537 536 533 528 526 524 519 520 524 528 536 534 533 531 531
07 10 528 525 523 519 518 520 534 539 541 537 536 533 530 526 524 519 519 524 527 536 535 533 531 530
07 11 528 526 524 520 518 521 535 540 542 538 537 534 531 526 526 522 521 526 529 538 536 535 532 532
07 12 530 527 525 521 519 521 536 542 543 540 539 535 532 527 526 522 520 525 528 537 537 535 532 533
07 13 531 528 526 523 521 523 538 544 545 543 541 537 534 528 528 524 523 527 530 539 539 538 535 536
07 14 533 530 528 525 523 525 539 546 547 544 543 538 535 529 528 525 522 527 530 538 539 538 535 536
07 15 534 531 529 526 524 525 539 546 547 545 543 538 534 529 527 523 521 525 528 537 538 537 535 535
07 16 533 531 530 526 525 526 540 547 548 546 544 539 534 529 527 522 520 524 528 536 537 537 535 536
07 17 534 533 531 527 526 527 541 547 548 547 544 539 534 529 527 522 521 524 528 536 538 538 536 536
07 18 534 533 532 528 527 528 542 548 549 548 545 540 535 529 526 523 522 525 529 537 538 539 537 538
07 19 536 535 533 530 529 530 543 549 551 549 546 541 536 530 526 524 522 525 528 537 538 539 538 538
07 20 536 536 534 531 531 531 543 549 551 549 546 542 536 530 526 525 524 527 531 539 539 540 539 539
07 21 537 537 535 533 532 532 544 550 551 550 548 543 536 530 527 525 525 527 530 538 539 540 539 539
07 22 538 537 535 533 532 532 544 550 552 550 548 543 538 531 528 526 526 528 531 538 539 540 540 539
07 23 538 537 535 534 533 533 545 551 553 551 549 544 538 531 528 525 525 527 530 537 538 538 539 540
07 24 538 538 536 534 534 533 546 551 553 552 549 544 538 531 528 526 526 526 531 537 537 539 539 539
07 25 538 537 536 535 534 533 546 551 553 552 549 544 537 531 528 526 526 525 532 537 537 539 539 539
07 26 537 537 536 535 534 533 545 551 552 551 548 542 536 531 528 525 525 524 531 536 537 538 539 538
07 27 538 538 536 535 534 534 546 551 552 551 547 542 537 531 529 525 525 525 532 538 538 541 541 540
07 28 538 539 537 536 535 534 546 551 552 551 547 542 536 531 529 526 525 525 533 538 538 540 540 539
07 29 538 538 536 535 534 533 545 550 551 550 546 542 535 529 527 525 525 525 533 539 539 541 541 540
07 30 539 539 537 536 534 533 545 551 552 551 547 542 537 531 528 526 526 526 533 540 540 541 541 540
07 31 539 539 536 535 533 532 544 551 552 551 546 541 535 529 527 526 525 526 534 539 539 540 540 538
08 01 537 537 535 534 532 531 543 549 550 549 546 541 534 528 528 526 524 526 532 538 538 539 538 536
08 02 536 536 533 532 530 529 540 547 548 547 543 538 532 526 526 523 521 522 530 536 537 537 536 535
08 03 534 534 531 530 528 527 538 544 546 545 541 536 530 524 525 521 520 521 529 536 536 536 536 535
08 04 534 534 532 530 528 526 537 545 546 546 542 536 530 523 525 521 519 519 528 534 535 536 535 535
08 05 534 534 532 530 528 526 537 544 546 545 541 535 530 523 524 521 518 519 528 534 535 534 534 534
08 06 532 533 531 529 527 525 536 544 545 545 540 533 527 521 521 518 515 517 525 531 533 533 532 532
08 07 531 531 529 528 526 524 534 541 543 544 539 532 527 521 522 518 515 516 525 532 533 533 532 531
08 08 530 530 529 527 524 523 533 541 543 543 538 532 527 521 521 518 515 515 524 531 531 531 530 530
08 09 530 530 528 526 523 522 532 540 543 543 538 532 526 519 520 517 514 515 522 529 530 530 529 529
08 10 528 527 525 523 521 519 529 538 540 541 536 530 524 517 517 514 511 513 520 527 528 529 528 528
08 11 526 526 524 522 520 518 528 537 539 540 536 528 522 515 515 512 510 512 519 524 526 526 525 525
08 12 524 523 521 519 518 516 525 534 537 538 533 526 520 514 513 509 508 509 516 522 524 524 523 524
08 13 522 521 520 518 517 516 524 533 535 536 532 525 519 513 512 508 507 508 515 519 522 522 521 522
08 14 521 519 518 515 514 513 521 530 532 533 529 522 516 510 509 505 504 506 513 518 520 521 519 520
08 15 519 518 517 514 514 511 519 528 530 531 527 521 515 509 507 504 503 504 511 516 519 520 518 519
08 16 518 517 516 513 512 509 518 526 529 529 526 521 514 508 505 501 499 501 509 514 517 518 517 518
08 17 517 515 515 511 511 509 516 525 528 529 526 520 513 507 503 499 498 500 508 512 515 516 515 516
08 18 515 513 512 509 508 507 514 523 526 527 523 517 511 505 503 498 497 500 507 511 514 516 514 515
08 19 514 512 511 508 507 505 512 521 524 525 522 516 510 505 501 496 495 498 505 509 511 513 512 512
08 20 511 508 507 504 504 503 509 519 522 522 519 514 508 502 499 494 493 497 503 508 510 512 511 511
08 21 510 507 506 503 504 502 508 517 521 522 519 514 508 502 499 494 493 496 503 507 510 512 511 510
08 22 509 506 505 502 502 500 506 517 520 520 518 512 507 500 497 492 491 495 501 505 508 510 509 508
08 23 507 504 503 500 501 498 504 515 518 519 516 511 506 499 496 490 488 493 499 502 505 508 507 505
08 24 505 501 499 497 498 495 500 510 513 514 511 507 502 496 493 488 485 490 496 499 502 504 503 502
08 25 502 499 497 494 495 492 497 507 511 510 507 504 499 492 489 485 482 486 492 495 499 500 499 498
08 26 497 495 493 490 490 487 492 503 506 506 502 500 493 487 484 480 477 481 487 490 493 495 495 493
08 27 493 489 488 485 485 483 487 498 502 501 498 496 490 484 480 476 473 477 483 486 490 491 491 489
08 28 489 486 484 481 480 478 482 494 498 498 494 492 487 481 477 473 471 475 480 484 487 488 488 485
08 29 486 483 481 478 478 476 480 492 496 495 491 490 484 478 475 471 468 472 478 482 485 485 486 483
08 30 483 480 477 474 474 473 476 489 492 492 488 486 480 475 472 468 465 469 474 478 481 482 482 478
08 31 479 475 473 470 470 469 471 485 488 487 483 480 476 470 467 464 461 465 470 474 476 478 478 475
09 01 475 472 469 466 465 464 466 480 483 482 477 475 471 466 463 461 458 462 467 472 474 474 474 471
09 02 471 468 465 462 461 460 463 476 480 478 474 471 466 461 458 456 454 457 463 467 469 469 469 466
09 03 466 463 460 457 456 455 458 471 475 473 468 466 461 457 454 453 451 454 460 465 466 466 466 463
09 04 463 460 457 454 453 452 455 468 472 469 465 463 458 454 451 451 448 450 457 461 463 462 462 460
09 05 459 457 454 451 449 448 450 465 468 465 461 458 454 450 447 447 445 447 453 458 458 458 458 456
09 06 455 453 450 447 445 445 446 460 464 460 456 454 449 446 443 444 441 443 449 453 454 454 453 452
09 07 451 449 446 443 441 440 442 455 459 455 452 449 445 443 440 441 439 441 447 452 452 451 451 450
09 08 449 446 444 441 439 438 440 454 458 453 449 447 443 440 437 438 437 439 445 449 450 449 448 447
09 09 446 443 441 439 436 435 437 452 455 452 448 445 441 437 434 434 432 435 442 446 446 445 444 444
09 10 443 440 438 435 433 432 434 449 452 448 446 442 439 436 432 432 430 433 439 443 443 443 441 442
09 11 441 438 436 433 430 429 431 446 450 446 443 439 435 432 428 428 426 429 436 438 439 438 437 438
09 12 437 434 432 430 427 425 427 442 445 440 438 434 430 426 423 423 420 423 431 432 433 433 432 433
09 13 432 428 427 424 420 419 421 436 439 435 433 429 426 421 418 418 415 418 425 427 427 427 426 428
09 14 426 423 422 419 416 414 416 430 433 430 427 423 420 416 413 413 410 413 420 422 423 424 423 424
09 15 422 419 418 415 412 411 411 425 429 426 423 418 416 411 408 408 406 409 416 417 418 418 417 419
09 16 417 414 413 411 408 406 407 421 425 422 419 415 412 408 405 404 403 405 412 412 414 414 413 414
09 17 412 409 409 406 403 401 402 418 421 419 416 412 410 405 402 401 400 402 408 408 411 411 409 410
09 18 408 405 404 402 399 397 397 413 417 415 412 408 405 400 397 395 394 397 404 403 406 406 404 406
09 19 403 400 399 396 394 392 393 409 412 410 407 403 400 395 392 390 389 393 399 398 401 401 399 401
09 20 399 396 395 392 389 388 388 404 408 405 403 398 396 391 387 386 385 389 394 393 396 397 396 397
09 21 395 392 391 388 385 383 384 400 403 402 398 394 392 386 382 381 380 384 390 389 392 393 392 393
09 22 391 388 387 384 381 379 379 396 399 398 394 388 386 380 376 375 374 380 385 383 387 388 387 388
09 23 386 384 383 379 376 374 374 390 394 393 390 385 382 376 372 371 370 376 380 378 382 383 382 383
09 24 381 379 377 374 371 369 368 384 388 387 384 379 375 371 368 367 366 373 377 374 377 378 377 377
09 25 376 373 372 369 367 364 364 380 383 383 380 375 371 367 364 363 362 368 372 370 372 374 373 373
09 26 371 369 368 366 363 361 360 376 379 379 376 371 367 363 361 360 359 365 368 367 369 370 369 369
09 27 367 365 364 362 360 358 357 373 377 377 374 369 365 362 360 358 357 364 367 365 368 369 369 368
09 28 365 364 363 360 358 356 355 370 375 374 372 366 363 360 358 356 356 362 365 364 367 367 367 366
09 29 363 361 360 358 356 354 353 368 373 372 370 364 361 358 356 355 355 361 364 362 364 364 364 363
09 30 361 359 357 355 353 351 350 365 372 370 369 364 361 357 355 354 354 362 364 363 364 364 363 362
10 01 360 358 356 354 351 349 348 362 369 368 367 361 358 354 352 351 350 358 360 359 359 361 360 359
10 02 357 355 353 351 349 348 347 360 366 366 364 358 355 351 349 348 348 355 358 357 357 359 357 356
10 03 354 352 350 349 346 345 345 357 364 364 363 357 354 350 348 347 347 355 357 356 356 357 355 353
10 04 352 350 348 347 344 343 342 354 362 362 361 355 353 349 347 346 345 354 355 355 354 355 353 351
10 05 349 348 345 344 341 341 340 351 358 359 358 352 349 346 344 342 342 351 352 352 351 351 348 346
10 06 345 343 341 340 337 337 335 346 355 354 354 349 345 342 341 339 339 347 349 349 348 348 345 343
10 07 342 340 338 337 334 334 332 343 351 351 351 347 343 340 340 337 338 345 346 347 345 345 342 340
10 08 339 337 335 335 332 332 330 340 349 349 349 344 341 338 338 336 337 343 345 346 344 344 341 339
10 09 337 335 334 333 330 331 329 339 349 349 348 344 341 338 338 336 337 343 344 345 343 343 340 337
10 10 336 334 332 330 328 328 326 335 346 347 345 341 338 336 335 334 335 341 342 343 341 340 337 335
10 11 334 332 329 328 325 325 323 332 343 344 342 338 335 334 333 331 332 338 339 341 339 338 335 332
10 12 331 329 326 324 322 322 320 329 341 341 339 335 331 330 329 327 329 335 336 337 335 334 330 327
10 13 327 324 322 320 318 317 315 324 336 337 335 331 328 326 325 323 325 331 332 333 331 329 326 323
10 14 323 321 318 316 314 313 312 320 333 334 332 329 325 323 322 320 322 328 329 331 328 327 324 320
10 15 320 318 315 313 311 311 309 317 330 331 329 326 322 321 319 317 319 324 325 326 324 323 320 317
10 16 316 315 312 310 308 307 306 313 327 328 327 324 320 319 318 317 319 323 324 325 323 322 319 315
10 17 315 313 311 309 307 306 304 311 325 326 324 322 317 317 316 315 317 321 321 322 320 318 316 312
10 18 312 310 308 305 305 303 301 308 323 323 321 318 314 315 313 313 315 318 318 320 317 315 313 310
10 19 309 307 305 303 303 300 298 305 319 320 318 315 311 311 309 310 312 314 314 316 313 311 309 307
10 20 305 304 302 299 299 296 294 301 317 317 316 312 308 309 307 308 310 312 311 313 310 308 307 304
10 21 303 302 300 298 298 295 293 299 316 316 314 311 307 307 305 306 308 310 310 311 308 306 304 301
10 22 300 299 297 295 295 292 290 296 312 313 311 307 303 304 301 302 304 305 305 306 303 301 298 296
10 23 295 293 291 289 288 286 285 290 306 307 305 302 298 299 296 298 299 301 299 300 298 296 294 291
10 24 291 289 286 285 284 281 280 285 301 302 300 297 294 294 292 293 295 296 294 295 293 291 289 287
10 25 287 285 283 282 280 278 277 281 298 299 297 294 291 291 289 290 291 291 290 291 289 287 285 282
10 26 282 280 277 277 275 273 273 277 293 295 293 290 286 287 284 286 288 287 286 286 285 283 281 278
10 27 278 276 274 273 272 270 269 272 288 291 289 286 284 284 281 283 285 284 282 282 281 279 277 275
10 28 274 272 271 270 268 266 265 268 284 287 286 283 280 281 278 281 282 281 279 279 278 276 274 271
10 29 271 269 268 267 266 264 263 265 281 284 283 279 276 277 275 277 278 276 274 274 273 271 269 266
10 30 266 264 263 263 261 259 257 259 276 279 278 274 272 272 270 273 274 272 270 270 270 268 265 263
10 31 262 260 259 259 257 256 254 255 272 275 275 271 269 269 267 269 270 269 266 265 265 263 261 259
11 01 258 256 255 254 253 251 249 251 267 271 270 267 266 266 263 266 266 265 262 262 262 260 258 256
11 02 255 254 253 251 249 248 245 247 262 266 265 264 263 262 259 262 262 261 258 257 257 255 252 251
11 03 250 248 248 246 243 243 241 242 257 262 261 259 259 259 256 258 259 256 253 252 252 250 248 246
11 04 245 243 243 241 239 238 236 237 252 258 257 256 256 255 253 255 256 253 250 250 249 248 245 244
11 05 243 240 238 236 234 234 232 232 248 254 254 252 252 252 251 252 253 250 248 247 246 245 242 240
11 06 240 237 236 234 232 231 229 229 245 251 252 251 251 251 249 252 252 249 247 246 245 244 242 241
11 07 240 238 236 234 233 232 229 229 244 251 252 251 251 251 250 252 252 249 247 246 244 243 240 238
11 08 237 234 233 230 229 229 225 226 240 248 249 248 247 247 247 249 248 245 244 242 241 239 237 235
11 09 233 230 228 226 225 224 221 222 237 245 246 245 245 245 246 248 247 245 242 241 240 238 236 233
11 10 232 230 228 226 225 223 221 221 236 244 246 245 245 244 245 247 246 244 241 240 238 236 234 233
11 11 231 229 226 224 223 221 219 219 234 242 244 243 242 242 243 245 244 242 239 239 237 235 233 231
11 12 230 227 224 221 221 219 217 218 232 241 241 241 240 238 240 242 240 239 236 235 233 232 230 228
11 13 227 223 220 217 216 215 214 214 228 238 238 238 237 237 239 240 239 237 234 233 232 230 228 227
11 14 226 222 219 216 215 215 213 212 226 236 236 236 236 235 237 239 237 235 233 231 230 227 225 224
11 15 222 218 216 213 212 211 209 209 222 232 232 232 231 231 232 235 234 231 229 227 225 222 221 219
11 16 217 213 211 208 207 206 204 204 217 228 228 228 227 228 229 231 231 227 225 222 221 218 216 213
11 17 211 207 205 202 201 199 199 199 212 223 224 224 223 224 226 227 227 224 222 220 218 215 213 210
11 18 208 204 202 199 198 197 196 197 209 221 222 221 220 221 223 224 225 222 220 217 216 213 210 208
11 19 205 202 199 196 195 194 193 194 206 218 219 220 217 218 220 221 222 219 216 214 212 209 206 203
11 20 201 198 196 193 192 191 190 191 202 214 216 217 215 216 217 218 218 215 212 210 208 204 202 199
11 21 197 194 192 188 188 187 186 187 199 210 212 213 211 212 213 215 215 211 208 206 204 199 197 194
11 22 191 189 186 183 182 182 180 181 193 204 207 208 207 207 208 209 210 205 202 200 198 194 192 189
11 23 186 185 183 179 179 178 177 178 189 201 205 206 205 206 205 207 208 203 200 198 195 191 190 187
11 24 184 183 181 177 177 175 174 175 186 198 202 203 202 202 202 204 205 200 197 195 192 188 186 184
11 25 182 179 177 173 173 171 170 170 181 193 197 199 198 199 199 201 202 196 192 191 188 185 183 180
11 26 177 175 173 170 170 167 167 167 177 190 194 196 196 198 197 199 200 194 190 188 185 182 179 177
11 27 174 173 171 168 167 164 163 164 174 187 192 195 195 196 195 197 198 192 188 186 183 179 177 173
11 28 171 170 167 165 165 162 161 161 171 184 190 192 193 194 193 194 194 189 186 183 180 176 174 170
11 29 168 166 164 162 160 158 158 159 167 182 188 190 191 193 192 192 193 186 182 181 177 173 171 167
11 30 166 164 161 159 158 155 155 156 164 180 187 190 191 193 193 193 193 186 181 180 176 173 170 166
12 01 164 162 160 158 156 154 155 155 163 179 187 189 190 192 192 191 191 184 180 179 175 171 169 167
12 02 165 163 161 159 157 155 156 156 163 178 187 189 190 191 191 191 190 183 179 178 173 169 168 165
12 03 163 162 160 158 157 154 155 155 162 177 186 188 190 190 191 191 189 183 178 176 172 168 166 163
12 04 161 161 159 157 156 153 154 154 160 176 184 186 188 189 190 189 187 181 176 173 169 165 163 161
12 05 160 160 158 155 154 151 152 152 158 175 184 185 188 188 189 189 186 180 176 173 168 165 162 160
12 06 158 158 156 155 152 149 150 150 156 173 182 183 186 186 187 187 184 178 174 171 167 164 160 158
12 07 158 157 156 153 151 148 149 149 154 170 179 180 183 184 185 185 182 176 172 169 164 162 158 156
12 08 156 155 154 152 149 146 146 146 151 168 177 179 181 182 184 184 181 175 171 168 163 160 157 156
12 09 154 154 152 150 147 144 144 145 149 165 175 176 179 181 182 181 177 171 167 165 160 157 154 153
12 10 151 151 149 147 144 142 143 144 147 163 173 174 177 179 180 180 176 169 166 162 157 154 151 150
12 11 148 148 147 144 141 139 140 141 144 159 169 170 173 175 175 174 171 164 160 157 152 149 146 145
12 12 143 142 142 139 136 135 134 136 138 153 163 165 168 170 171 170 167 159 156 152 148 145 141 141
12 13 139 138 139 136 133 131 131 133 135 150 160 162 165 167 168 167 164 156 152 149 144 141 138 138
12 14 136 135 136 133 131 128 128 130 131 146 156 158 160 162 163 162 159 151 147 143 139 135 132 132
12 15 130 130 131 128 126 125 124 126 127 142 151 153 155 158 158 157 154 147 143 140 136 131 128 130
12 16 127 127 128 125 123 123 121 123 125 139 149 152 153 155 156 156 152 144 141 137 132 128 125 126
12 17 123 123 124 121 119 119 117 119 121 135 145 148 149 153 154 153 149 142 138 134 130 126 122 125
12 18 122 121 122 119 116 116 114 116 118 133 143 146 147 151 151 150 146 139 135 132 128 124 121 123
12 19 120 119 120 117 114 114 112 115 117 132 141 145 147 150 150 150 146 139 135 132 129 126 123 125
12 20 120 118 120 118 116 115 113 116 118 133 142 146 147 151 151 150 147 139 135 133 130 126 123 125
12 21 120 119 120 118 115 114 112 115 117 132 141 146 147 150 149 149 145 137 132 130 127 123 121 122
12 22 117 115 116 113 112 110 109 111 114 130 139 145 145 149 149 149 145 137 132 130 128 123 121 121
12 23 116 114 115 113 111 110 110 110 113 129 138 143 144 148 147 147 144 135 130 128 126 121 120 119
12 24 114 111 113 111 110 109 108 108 112 128 137 143 144 148 148 148 144 135 130 127 125 119 118 117
12 25 113 110 113 110 108 107 106 106 110 127 136 143 144 147 148 148 145 136 129 126 124 118 117 117
12 26 112 110 113 110 109 109 107 108 111 129 138 145 146 150 150 151 147 139 133 130 127 122 120 120
12 27 115 114 116 114 113 112 111 111 115 132 142 148 149 152 153 154 150 143 136 133 130 125 123 123
12 28 118 116 118 115 114 113 113 112 116 133 143 149 150 154 154 155 152 144 138 136 132 128 126 124
12 29 120 117 120 117 115 114 113 112 117 134 145 150 152 155 156 158 155 147 141 139 135 131 129 128
12 30 123 120 122 119 117 115 114 113 117 135 145 150 152 155 157 159 155 147 141 139 135 131 130 127
12 31 123 120 122 119 117 115 115 114 117 135 144 151 152 155 156 158 156 148 142 140 137 134 132 130
