01 01 -9999 353 351 348 346 346 340 342 343 350 353 348 344 340 342 344 356 366 374 377 371 367 364 363
01 02 -9999 358 355 354 351 350 346 347 348 356 358 355 350 346 347 350 361 371 380 380 375 371 370 368
01 03 -9999 361 359 357 354 353 350 350 352 360 362 359 354 350 351 354 364 374 383 383 378 374 372 371
01 04 -9999 363 361 358 355 354 351 351 354 363 365 362 355 352 353 357 366 374 382 383 378 375 373 371
01 05 -9999 363 361 358 355 354 351 350 355 363 367 363 355 352 354 356 364 374 381 382 377 375 373 370
01 06 -9999 362 360 357 355 353 350 348 354 363 366 361 354 351 351 354 363 372 380 382 377 374 372 369
01 07 -9999 361 358 356 353 351 350 347 353 362 365 361 355 351 351 354 363 372 380 380 374 370 370 367
01 08 -9999 360 356 355 352 350 349 345 351 361 362 359 352 349 349 353 362 370 377 379 374 369 370 368
01 09 -9999 360 356 355 350 350 348 345 351 361 361 359 352 349 349 354 361 369 377 378 373 368 368 367
01 10 -9999 360 356 355 350 350 348 346 351 361 362 359 352 349 350 355 362 370 379 380 376 370 370 369
01 11 -9999 360 356 354 348 350 348 346 352 361 362 360 352 349 350 356 363 372 380 381 376 371 372 370
01 12 -9999 361 357 355 348 349 348 347 353 361 362 359 352 348 349 355 362 373 381 382 378 372 372 371
01 13 -9999 362 358 356 348 350 348 347 353 361 364 360 354 349 350 357 363 375 383 385 382 375 376 374
01 14 -9999 365 362 359 351 353 352 349 356 364 366 362 355 350 351 358 364 375 383 386 382 377 378 374
01 15 -9999 366 362 360 353 354 353 351 358 365 367 363 355 349 351 359 364 374 382 385 381 376 378 375
01 16 -9999 366 362 360 353 353 352 351 357 364 366 361 354 347 350 358 364 373 380 384 382 377 377 374
01 17 -9999 366 363 360 353 354 352 351 357 364 365 362 355 348 352 360 364 374 380 385 382 379 378 375
01 18 -9999 367 364 360 354 355 353 352 358 365 365 362 354 348 353 361 365 375 380 386 383 380 379 376
01 19 -9999 368 363 361 355 356 354 353 358 365 365 362 355 349 354 362 368 378 382 388 386 382 381 379
01 20 -9999 372 366 364 358 359 358 356 361 368 367 363 357 350 354 364 369 379 385 390 388 384 383 382
01 21 -9999 375 370 369 361 362 361 359 363 371 370 366 359 352 357 366 371 382 387 391 390 387 386 384
01 22 -9999 376 372 370 363 364 362 361 364 371 370 366 359 353 357 368 372 383 387 393 392 390 388 386
01 23 -9999 378 374 371 365 365 363 362 365 373 373 368 362 356 359 368 374 386 388 394 393 391 390 387
01 24 -9999 378 375 372 366 366 364 363 366 374 374 369 362 355 357 367 374 385 388 395 393 392 391 388
01 25 -9999 380 376 373 367 368 365 364 368 376 375 369 362 356 358 367 376 387 388 396 395 395 393 389
01 26 -9999 380 376 373 368 368 365 364 368 376 376 368 361 354 357 367 376 385 387 394 394 394 392 388
01 27 -9999 379 375 372 368 367 365 364 366 375 375 366 360 353 355 365 375 383 385 393 393 393 391 387
01 28 -9999 378 374 371 367 366 365 364 366 375 375 366 359 353 354 364 374 382 384 391 391 391 388 386
01 29 -9999 377 371 369 366 365 364 363 366 374 373 366 359 354 355 366 375 382 384 391 394 392 389 388
01 30 -9999 378 374 370 367 366 364 363 367 375 374 366 360 356 357 366 376 383 385 393 395 393 391 389
01 31 -9999 378 374 370 369 367 365 363 368 377 374 367 360 356 356 365 375 382 386 393 394 394 391 389
02 01 -9999 378 374 371 370 368 367 365 369 377 374 366 360 356 355 366 376 381 387 394 396 394 391 390
02 02 -9999 379 375 372 370 368 367 366 370 379 377 368 361 358 356 367 378 382 388 394 396 394 392 390
02 03 -9999 379 375 372 370 368 368 366 370 379 378 369 362 359 358 369 378 382 388 393 395 393 392 389
02 04 -9999 379 375 372 370 368 367 367 371 381 379 370 364 361 360 371 380 383 389 394 397 394 392 388
02 05 -9999 378 375 371 370 369 367 367 372 379 379 370 364 361 361 372 379 382 388 394 397 394 391 388
02 06 -9999 379 376 373 372 370 369 369 374 382 381 372 367 363 364 374 381 383 390 397 399 395 393 390
02 07 -9999 380 378 374 373 372 371 372 376 382 382 373 368 364 365 376 382 383 391 398 400 397 395 392
02 08 -9999 383 380 376 375 373 373 373 378 385 385 376 371 369 370 381 386 388 396 401 404 401 399 395
02 09 -9999 386 384 380 379 376 376 377 381 388 388 380 374 372 374 385 390 391 399 404 407 404 402 398
02 10 -9999 390 387 383 382 379 380 379 385 392 392 385 379 377 380 389 393 395 402 407 410 407 405 402
02 11 -9999 394 391 387 386 384 383 383 390 397 396 390 385 384 386 394 398 400 405 411 413 410 408 405
02 12 -9999 398 394 390 389 387 386 386 392 399 398 392 386 386 389 397 400 401 408 413 415 412 411 407
02 13 -9999 400 398 392 391 389 388 389 394 402 401 395 389 389 391 398 403 403 409 414 415 413 412 408
02 14 -9999 401 398 393 391 390 388 389 395 403 401 395 389 389 392 400 403 404 409 415 416 415 413 409
02 15 -9999 404 401 396 393 393 390 392 397 404 403 397 391 391 395 402 405 406 411 417 418 415 413 410
02 16 -9999 407 402 396 393 394 390 392 399 405 404 398 392 391 396 404 406 406 411 416 418 415 414 410
02 17 -9999 406 402 396 394 394 390 392 399 405 403 398 392 392 397 404 406 407 413 417 420 417 416 412
02 18 -9999 409 405 399 397 396 392 395 403 409 406 400 394 394 399 405 408 409 415 420 423 421 419 415
02 19 -9999 412 407 401 399 399 395 397 404 410 408 401 394 395 402 406 410 411 416 421 423 422 421 418
02 20 -9999 414 410 404 401 401 398 399 406 413 410 403 396 397 404 409 413 413 419 423 426 425 423 420
02 21 -9999 417 412 407 405 404 400 402 409 415 412 405 398 398 406 411 414 414 420 423 427 427 425 422
02 22 -9999 420 414 410 407 407 403 404 412 418 415 409 401 401 409 414 416 416 422 425 429 428 426 425
02 23 -9999 421 415 412 410 410 405 407 415 418 415 410 403 403 410 415 418 418 423 426 431 429 428 426
02 24 -9999 422 417 414 411 412 406 408 416 419 416 410 404 403 410 414 416 416 421 425 430 428 428 427
02 25 -9999 422 418 415 412 412 407 408 417 419 416 410 403 403 411 415 417 417 422 425 431 429 429 428
02 26 -9999 423 419 415 413 412 407 409 418 419 416 410 403 403 412 417 418 418 423 426 432 431 431 429
02 27 -9999 425 421 418 415 415 410 412 420 422 419 412 405 405 414 419 421 421 425 429 435 434 433 430
02 28 -9999 427 423 420 417 417 412 413 422 424 420 414 407 407 416 421 422 423 426 431 436 436 435 432
03 01 -9999 428 424 422 419 417 414 415 424 425 421 415 408 408 416 422 424 425 427 431 436 437 436 434
03 02 -9999 431 426 423 421 419 416 418 426 427 424 418 411 411 419 424 426 428 430 434 438 438 438 436
03 03 -9999 432 426 425 422 420 417 419 427 428 425 419 413 413 421 425 427 430 431 434 438 439 439 437
03 04 -9999 434 428 427 424 422 417 421 429 429 426 419 415 414 421 425 427 429 431 435 438 439 439 438
03 05 -9999 434 429 427 424 423 419 421 429 429 426 420 416 416 422 426 427 429 431 435 439 439 440 438
03 06 -9999 434 430 428 424 423 418 422 430 430 426 421 418 418 423 427 428 430 432 436 440 440 441 440
03 07 -9999 436 431 429 425 423 420 423 431 431 427 422 418 419 424 427 426 429 430 435 438 438 440 440
03 08 -9999 435 431 428 424 421 418 422 430 430 426 420 416 419 423 427 426 428 430 435 438 438 441 440
03 09 -9999 435 432 428 425 421 417 421 431 430 425 419 417 419 422 426 425 427 430 435 438 439 442 442
03 10 -9999 435 432 428 424 421 417 422 431 431 425 420 416 419 422 425 424 426 429 436 438 441 442 442
03 11 -9999 435 432 428 424 421 417 423 431 430 425 419 416 420 422 426 427 428 431 438 438 442 443 442
03 12 -9999 436 432 428 425 421 417 423 432 431 425 421 417 422 424 427 427 428 432 438 439 443 445 443
03 13 -9999 437 434 430 426 422 418 424 432 431 425 420 418 422 424 428 428 429 432 438 439 443 447 445
03 14 -9999 437 434 429 426 422 418 424 432 432 425 420 419 424 425 428 428 428 432 437 439 444 447 446
03 15 -9999 438 435 430 427 423 420 426 434 432 426 421 420 426 426 429 428 429 433 438 440 444 448 447
03 16 -9999 438 435 430 428 424 420 427 434 432 426 422 420 426 427 429 426 428 433 438 441 444 448 447
03 17 -9999 437 436 431 429 424 420 427 435 432 426 423 420 426 427 429 426 427 433 438 441 445 449 448
03 18 -9999 438 438 433 431 427 423 428 437 434 428 425 422 428 429 431 428 428 434 440 443 446 450 450
03 19 -9999 440 439 434 433 428 424 428 437 435 429 426 423 428 430 433 429 430 433 441 443 446 451 450
03 20 -9999 440 440 435 435 429 424 430 438 435 429 426 423 427 428 431 428 428 432 439 441 445 450 449
03 21 -9999 441 440 435 435 429 424 429 437 435 428 424 421 425 426 429 425 427 430 436 439 442 447 446
03 22 -9999 438 436 432 432 428 422 427 435 432 426 423 421 424 425 427 425 426 430 435 439 441 447 445
03 23 -9999 438 436 432 432 428 423 428 435 432 426 423 422 424 426 427 425 425 428 434 438 439 445 443
03 24 -9999 437 434 431 431 426 421 426 432 431 424 421 419 422 424 425 423 422 426 431 435 437 443 441
03 25 -9999 436 432 430 430 425 420 426 431 430 424 421 420 421 423 424 422 422 424 429 434 435 441 439
03 26 -9999 435 431 429 431 425 420 427 431 432 426 422 421 423 425 425 421 421 424 427 434 434 441 439
03 27 -9999 435 432 431 432 425 421 427 432 432 426 421 421 423 425 426 423 422 423 427 433 434 439 438
03 28 -9999 434 431 431 432 426 421 428 432 433 427 422 422 423 426 426 423 422 424 427 434 434 439 438
03 29 -9999 436 433 432 433 428 423 430 433 433 427 423 422 423 426 426 423 422 424 427 433 434 438 438
03 30 -9999 435 432 432 432 427 423 429 432 433 426 423 422 423 426 426 423 423 424 426 433 434 439 439
03 31 -9999 437 434 433 434 428 424 431 433 434 427 423 423 424 427 428 426 425 425 428 434 435 441 440
04 01 -9999 439 435 434 434 428 425 431 434 434 428 423 424 426 428 428 428 426 425 428 434 436 442 441
04 02 -9999 439 435 434 433 426 424 432 433 433 426 421 423 424 427 428 427 425 424 427 433 435 441 440
04 03 -9999 439 434 435 432 426 424 432 434 433 426 420 422 424 427 427 427 425 424 428 434 437 441 442
04 04 -9999 440 435 435 434 426 425 433 435 434 427 421 423 426 430 428 428 426 427 430 436 439 442 443
04 05 -9999 441 436 435 434 426 425 434 436 435 428 423 424 428 431 429 429 427 427 432 439 441 444 446
04 06 -9999 443 438 438 435 428 427 436 438 436 429 425 426 428 432 431 430 428 429 433 439 443 445 447
04 07 -9999 444 440 439 437 429 428 438 440 438 431 427 428 430 434 433 432 430 431 435 441 446 447 449
04 08 -9999 446 443 442 440 433 432 441 444 440 434 429 431 434 438 436 435 433 433 437 443 448 449 451
04 09 -9999 449 446 444 442 436 435 444 446 442 436 431 433 437 442 439 437 435 436 441 447 451 453 454
04 10 -9999 452 449 447 444 438 437 445 448 443 437 433 434 438 442 440 439 437 437 443 448 452 453 456
04 11 -9999 453 449 447 443 439 438 446 449 443 437 433 434 437 440 438 437 436 436 441 447 451 452 456
04 12 -9999 454 449 446 442 437 437 446 449 443 436 432 432 436 439 437 436 434 435 440 446 451 452 457
04 13 -9999 453 449 446 442 438 438 446 450 443 437 433 434 437 441 438 437 435 436 441 447 452 452 456
04 14 -9999 453 449 445 442 437 438 446 449 443 437 432 433 436 440 437 436 434 436 441 446 451 452 455
04 15 -9999 453 448 446 442 437 438 446 449 442 436 432 433 436 439 436 435 434 436 441 446 451 451 455
04 16 -9999 454 449 446 442 438 439 447 450 443 437 432 434 437 441 437 436 433 436 440 447 452 452 455
04 17 -9999 455 450 447 443 441 442 449 451 444 438 434 436 439 442 437 437 434 437 440 447 453 454 456
04 18 -9999 456 451 449 444 442 443 450 452 444 439 435 436 440 442 438 437 434 437 438 446 452 456 456
04 19 -9999 456 451 448 444 443 444 451 453 445 439 437 437 441 444 441 440 438 439 440 449 453 457 457
04 20 -9999 457 453 450 445 445 446 452 454 446 442 438 439 444 447 444 442 440 441 441 450 455 459 458
04 21 -9999 459 455 452 448 447 448 454 456 449 444 439 441 445 448 446 445 443 444 445 452 456 462 460
04 22 -9999 462 457 454 450 448 449 456 458 450 445 441 442 447 449 446 446 445 445 447 454 457 464 463
04 23 -9999 463 458 455 451 450 451 459 460 452 447 443 444 449 451 449 449 448 449 450 457 461 467 466
04 24 -9999 466 461 458 454 453 454 461 463 455 450 446 447 452 454 451 451 449 451 451 457 462 468 467
04 25 -9999 468 464 460 457 455 456 464 465 458 452 450 450 455 458 455 454 453 455 453 459 464 471 469
04 26 -9999 472 466 463 460 458 459 466 468 461 455 453 454 460 463 458 457 457 459 458 463 468 476 473
04 27 -9999 475 470 467 464 463 464 470 470 464 459 458 459 465 467 464 462 462 463 462 466 471 478 475
04 28 -9999 479 473 471 468 466 467 473 474 468 462 461 463 470 470 468 466 465 466 466 470 474 482 479
04 29 -9999 482 478 476 472 470 470 477 478 471 465 465 467 474 475 472 469 469 468 469 473 477 484 482
04 30 -9999 484 481 478 474 473 472 480 480 474 469 468 471 477 477 473 472 471 471 471 476 480 487 485
05 01 -9999 486 484 481 478 476 476 483 484 476 471 473 474 481 480 477 474 475 475 475 478 482 489 489
05 02 -9999 488 486 483 481 478 477 485 486 479 474 475 478 484 484 480 477 479 478 478 480 484 491 491
05 03 -9999 491 490 486 485 482 481 489 490 483 478 479 482 489 488 483 480 481 481 483 483 487 492 493
05 04 -9999 493 492 488 486 483 484 490 491 485 480 482 485 491 488 484 481 482 482 484 484 488 493 495
05 05 -9999 495 493 490 489 485 486 493 493 487 482 484 488 494 491 485 483 483 484 485 485 490 494 496
05 06 -9999 496 495 493 490 487 489 494 495 489 485 488 492 498 494 489 485 485 486 487 488 492 497 499
05 07 -9999 499 497 496 492 490 491 497 496 490 487 490 495 500 495 491 487 486 488 488 490 495 499 501
05 08 -9999 501 500 498 495 492 493 499 499 493 490 493 498 503 498 494 490 489 490 491 492 497 500 502
05 09 -9999 503 502 500 497 494 495 501 501 495 493 495 501 505 500 497 493 493 493 494 496 500 503 504
05 10 -9999 504 503 502 499 496 497 502 502 496 494 497 502 506 501 499 495 495 494 495 498 501 505 505
05 11 -9999 505 504 502 500 497 498 504 504 498 496 499 504 508 502 500 497 496 496 497 499 502 506 507
05 12 -9999 506 506 503 501 498 500 506 506 500 499 501 506 510 505 502 499 498 498 500 503 505 508 510
05 13 -9999 509 509 506 503 501 502 508 508 502 501 504 509 512 508 504 501 500 500 501 503 507 510 512
05 14 -9999 511 510 508 505 503 504 509 510 504 503 506 512 514 509 506 504 503 503 503 506 510 513 514
05 15 -9999 513 512 511 507 505 508 512 513 506 505 510 515 518 513 511 507 506 506 506 510 513 516 517
05 16 -9999 516 515 513 509 507 510 514 514 509 508 512 518 520 515 513 510 509 508 509 513 514 518 518
05 17 -9999 518 517 515 512 511 513 516 517 511 511 515 520 522 518 516 513 512 511 512 516 516 520 520
05 18 -9999 520 519 518 515 513 515 518 518 513 513 518 523 525 520 519 516 515 514 515 519 519 523 522
05 19 -9999 522 522 520 517 515 518 521 521 516 516 521 526 528 524 522 519 518 517 518 522 521 525 525
05 20 -9999 525 525 523 520 518 520 523 524 519 519 524 528 530 527 526 522 521 520 520 524 523 527 527
05 21 -9999 526 526 524 522 520 521 525 526 521 520 526 530 531 529 527 524 523 520 522 525 525 527 527
05 22 -9999 527 527 525 523 520 523 526 527 522 522 527 531 533 531 528 525 524 521 522 526 525 527 527
05 23 -9999 527 528 526 523 521 523 527 526 523 522 527 532 534 531 528 525 525 522 523 527 525 528 528
05 24 -9999 528 528 526 523 521 524 527 527 523 523 528 533 534 531 528 525 525 523 524 527 526 528 528
05 25 -9999 528 529 527 523 522 525 528 528 524 524 530 534 536 533 529 526 526 524 525 529 528 530 531
05 26 -9999 531 532 530 526 524 526 529 530 526 527 532 537 538 535 531 528 527 525 527 531 530 532 532
05 27 -9999 532 534 531 528 526 528 531 531 527 528 533 537 538 535 531 529 529 527 529 532 532 533 533
05 28 -9999 533 535 531 528 526 529 532 531 528 529 535 539 540 537 534 531 531 530 531 534 533 534 535
05 29 -9999 534 536 533 531 529 531 534 534 531 533 539 542 543 541 537 534 534 532 534 536 535 536 536
05 30 -9999 536 537 534 532 530 531 536 535 533 534 540 543 544 541 538 535 535 533 535 536 535 537 536
05 31 -9999 536 538 535 533 530 533 537 537 534 535 541 545 545 542 539 536 535 533 535 536 537 538 537
06 01 -9999 537 539 535 533 531 533 538 538 535 536 542 546 546 543 540 537 536 535 536 537 538 540 539
06 02 -9999 539 540 536 534 532 533 540 539 537 538 543 547 547 545 541 539 538 536 538 539 541 542 540
06 03 -9999 540 542 538 536 534 535 541 540 539 540 545 549 550 547 544 541 540 538 540 541 543 544 542
06 04 -9999 542 542 540 537 536 537 543 542 541 542 547 550 551 549 545 543 542 540 542 543 544 545 544
06 05 -9999 543 544 542 539 537 539 545 544 543 544 549 552 554 551 547 545 543 542 544 544 545 546 545
06 06 -9999 545 545 543 540 539 541 547 545 545 546 552 554 556 552 549 547 545 544 546 546 547 548 547
06 07 -9999 546 546 544 542 540 542 548 547 546 548 553 555 556 553 550 547 545 544 545 548 548 549 547
06 08 -9999 548 547 546 543 541 543 549 549 548 550 555 557 558 554 551 549 546 545 547 549 549 550 548
06 09 -9999 548 548 546 544 542 544 550 550 549 551 555 557 559 556 552 550 547 546 548 550 550 551 549
06 10 -9999 549 549 547 545 542 544 550 550 550 552 556 558 560 557 553 550 548 547 549 551 551 552 551
06 11 -9999 551 550 548 546 543 545 551 551 551 553 558 559 562 558 554 551 549 548 550 552 552 554 552
06 12 -9999 552 552 550 547 544 546 552 553 552 554 559 560 563 558 554 550 549 548 550 553 553 555 554
06 13 -9999 553 553 550 547 544 545 552 553 552 555 559 561 562 557 554 550 548 547 549 553 554 556 555
06 14 -9999 555 554 552 548 545 547 553 554 553 556 560 561 563 558 555 551 549 548 550 554 555 556 557
06 15 -9999 556 554 552 548 546 547 554 554 554 557 561 562 564 559 555 551 550 549 551 555 556 557 558
06 16 -9999 557 556 554 549 547 548 554 555 555 559 562 563 564 560 555 551 549 549 552 557 557 559 560
06 17 -9999 559 557 554 550 547 549 554 555 555 559 562 564 565 559 555 551 549 550 552 557 558 560 561
06 18 -9999 560 557 555 550 548 549 555 556 555 559 562 564 564 559 554 550 549 550 552 558 559 561 562
06 19 -9999 561 558 555 550 548 549 555 556 555 559 562 564 564 558 553 549 548 550 553 559 560 562 563
06 20 -9999 562 560 556 551 549 550 556 557 556 560 563 565 564 559 553 549 547 549 553 560 562 564 565
06 21 -9999 563 562 558 553 551 551 557 558 557 561 564 567 565 560 554 550 548 550 554 561 564 565 567
06 22 -9999 565 563 560 555 552 553 558 560 559 562 565 568 566 560 555 552 549 552 555 561 565 566 568
06 23 -9999 566 564 561 556 553 553 559 560 559 561 565 569 566 560 555 552 549 552 555 561 566 567 570
06 24 -9999 568 566 562 557 555 555 560 561 560 562 566 570 568 561 556 553 550 553 556 562 567 567 570
06 25 -9999 569 567 563 558 556 556 561 562 561 563 568 572 569 562 557 554 551 554 558 564 568 569 571
06 26 -9999 570 567 564 559 557 557 562 563 562 564 568 573 569 563 558 556 552 555 558 564 569 569 573
06 27 -9999 570 568 565 559 557 558 563 564 563 565 569 573 570 564 559 557 554 556 560 565 570 570 573
06 28 -9999 571 569 566 560 558 559 564 565 564 566 571 574 571 566 561 558 555 558 562 567 571 572 575
06 29 -9999 573 570 568 562 560 561 565 567 566 568 572 577 573 568 562 560 558 560 564 570 573 574 577
06 30 -9999 575 573 570 565 563 562 566 568 567 569 573 579 574 570 564 562 560 563 566 572 575 576 579
07 01 -9999 577 574 572 566 565 564 569 570 569 571 576 581 577 572 567 564 563 566 569 574 577 578 580
07 02 -9999 578 576 573 568 566 566 571 572 571 573 579 583 579 574 569 566 565 567 570 575 579 580 582
07 03 -9999 579 577 575 570 567 567 572 573 572 574 580 584 581 574 571 567 566 567 571 576 580 581 583
07 04 -9999 581 579 576 572 569 568 573 574 573 576 582 586 582 576 572 569 567 569 572 578 581 583 584
07 05 -9999 582 580 578 573 570 568 574 575 574 577 583 586 583 576 573 570 569 571 575 580 583 584 585
07 06 -9999 583 581 578 574 570 568 575 575 574 577 583 587 583 577 573 570 570 572 575 581 584 585 586
07 07 -9999 585 582 579 575 571 570 576 576 574 578 584 588 585 579 575 572 572 574 577 583 586 588 589
07 08 -9999 588 585 582 577 574 572 578 579 577 581 587 590 588 581 578 575 574 576 579 585 588 590 591
07 09 -9999 589 586 583 579 576 574 581 581 579 583 589 592 589 582 579 576 576 578 581 586 590 592 592
07 10 -9999 591 588 586 582 578 577 582 582 581 585 590 593 590 583 580 577 577 579 582 588 591 593 594
07 11 -9999 591 589 587 583 580 578 584 584 582 586 592 594 591 584 580 577 578 579 582 589 593 594 595
07 12 -9999 593 590 588 585 581 579 585 585 583 587 593 596 592 586 581 577 578 579 582 589 593 595 596
07 13 -9999 593 591 588 586 581 579 586 586 584 587 593 596 592 586 581 578 578 580 583 589 594 596 596
07 14 -9999 594 592 589 585 581 579 586 586 584 588 594 597 593 587 581 578 578 580 583 590 595 597 597
07 15 -9999 594 593 589 586 581 581 587 587 586 588 595 597 594 587 581 579 578 579 583 591 596 597 598
07 16 -9999 595 594 590 587 582 581 588 587 587 589 596 597 595 588 582 578 578 579 584 591 596 597 598
07 17 -9999 595 594 590 588 583 582 588 588 587 590 596 598 596 589 583 579 579 580 584 592 596 597 599
07 18 -9999 596 595 591 588 584 583 589 589 589 590 597 600 597 591 584 581 581 582 586 593 597 598 599
07 19 -9999 596 596 591 588 585 583 590 590 590 592 598 600 598 592 585 581 581 582 587 593 598 598 600
07 20 -9999 596 596 590 589 585 584 591 592 591 593 599 602 600 594 586 582 582 583 587 594 598 599 601
07 21 -9999 598 597 593 591 587 586 592 593 593 594 600 603 602 596 587 583 584 584 590 595 599 600 601
07 22 -9999 598 598 593 591 588 587 593 594 594 595 601 604 603 596 588 584 584 585 591 596 599 600 601
07 23 -9999 599 598 594 592 588 587 593 595 594 596 601 604 603 597 588 584 585 585 591 597 600 601 602
07 24 -9999 599 599 594 591 588 586 593 595 595 597 602 605 603 597 589 584 585 585 592 598 601 602 603
07 25 -9999 600 599 594 591 588 585 593 595 594 597 602 605 604 598 589 585 585 584 592 599 602 602 603
07 26 -9999 601 600 594 592 589 585 593 596 595 598 603 606 605 598 590 586 585 586 593 600 602 604 604
07 27 -9999 601 600 594 590 589 585 593 596 596 598 603 605 605 598 590 586 586 587 594 600 603 604 605
07 28 -9999 603 600 595 591 590 586 594 597 597 598 604 606 606 598 590 586 586 587 594 600 604 605 606
07 29 -9999 603 600 595 592 589 585 593 597 596 597 603 605 604 597 589 585 586 586 593 601 604 604 606
07 30 -9999 602 600 595 592 588 584 593 597 596 597 603 605 604 596 589 584 585 587 594 600 604 604 606
07 31 -9999 602 600 595 591 588 584 593 597 595 597 602 605 604 596 589 585 585 587 594 601 604 605 607
08 01 -9999 602 600 595 591 587 582 592 597 595 597 602 604 604 595 587 583 584 586 594 601 604 605 606
08 02 -9999 603 600 595 590 586 581 592 596 595 596 601 604 603 594 587 582 583 586 593 600 604 606 606
08 03 -9999 602 600 595 589 586 582 592 595 595 595 601 604 603 594 587 582 583 586 594 601 605 605 606
08 04 -9999 602 599 595 590 585 581 592 595 595 596 601 603 603 594 587 582 583 586 594 601 605 605 606
08 05 -9999 602 599 594 589 584 581 592 595 594 596 600 603 602 594 587 582 582 586 593 601 605 605 606
08 06 -9999 602 598 594 589 583 580 591 595 594 595 600 602 601 593 586 581 582 586 593 601 604 604 606
08 07 -9999 601 597 593 588 582 579 590 594 593 594 599 601 601 592 584 579 581 585 592 600 604 603 604
08 08 -9999 600 597 593 588 582 579 590 594 593 594 598 601 600 591 584 579 581 585 591 599 603 602 604
08 09 -9999 600 596 592 586 581 579 589 593 593 594 598 601 600 591 584 579 581 586 592 599 604 602 604
08 10 -9999 600 596 592 586 580 578 589 593 592 594 598 601 600 591 584 579 581 586 592 599 604 602 603
08 11 -9999 599 596 593 586 581 578 590 594 593 594 598 601 600 592 585 580 582 587 594 600 604 602 602
08 12 -9999 599 596 593 586 581 579 590 594 593 594 599 601 600 592 585 580 583 587 594 600 604 601 602
08 13 -9999 599 595 592 585 581 579 590 593 593 595 599 601 600 592 585 580 582 587 594 600 603 601 602
08 14 -9999 598 595 591 584 580 578 589 592 592 593 597 600 599 591 583 578 581 585 593 599 602 599 600
08 15 -9999 597 593 589 583 578 577 587 591 590 592 595 598 596 589 580 575 579 584 591 598 600 598 599
08 16 -9999 596 591 586 580 577 576 586 589 588 590 594 597 596 588 579 573 577 582 590 596 599 597 598
08 17 -9999 595 590 585 580 577 575 585 588 588 589 592 596 594 586 577 573 576 581 588 594 598 596 598
08 18 -9999 594 589 584 579 576 573 583 587 586 587 590 594 592 585 576 571 574 578 586 592 596 596 597
08 19 -9999 594 588 583 577 575 572 582 586 584 585 589 592 590 582 573 569 572 576 584 590 595 594 595
08 20 -9999 593 587 580 576 573 571 580 584 582 583 587 589 588 580 570 567 571 575 583 589 593 593 594
08 21 -9999 591 585 578 574 572 569 578 582 580 581 585 588 586 578 568 565 569 573 581 587 592 592 592
08 22 -9999 590 584 577 573 571 568 577 581 580 580 584 587 585 576 567 563 567 570 580 586 591 591 592
08 23 -9999 589 582 576 572 570 567 576 580 579 579 583 585 584 576 567 563 566 570 579 585 591 590 591
08 24 -9999 588 581 575 572 570 567 576 580 578 578 582 584 584 576 565 561 564 569 578 584 589 589 590
08 25 -9999 588 581 574 571 569 567 575 579 577 576 580 582 582 574 564 561 563 568 576 583 589 589 590
08 26 -9999 587 580 572 570 568 566 574 578 576 575 578 581 581 574 563 560 562 567 575 583 589 589 590
08 27 -9999 587 580 572 569 567 565 573 577 576 574 577 580 580 572 561 559 561 566 575 582 587 587 588
08 28 -9999 586 578 571 568 567 564 572 576 574 572 576 579 578 571 560 558 560 565 574 580 586 587 588
08 29 -9999 585 577 570 568 565 564 571 574 573 572 575 577 577 570 559 557 559 564 572 579 585 586 587
08 30 -9999 584 576 569 567 564 563 570 574 573 571 573 575 575 567 557 556 557 563 571 577 584 584 586
08 31 -9999 583 575 568 566 562 562 569 573 572 570 572 574 573 566 556 556 557 563 570 577 584 584 585
09 01 -9999 583 574 568 565 561 561 567 572 571 569 572 573 572 566 556 555 557 563 571 578 583 583 584
09 02 -9999 581 573 567 564 560 561 566 571 571 569 572 572 572 565 555 555 557 564 571 579 584 582 583
09 03 -9999 580 572 566 563 559 560 565 570 570 569 570 571 571 564 556 555 558 565 572 578 584 581 583
09 04 -9999 579 571 565 561 558 559 564 570 570 568 569 571 571 565 556 555 556 563 571 577 582 580 582
09 05 -9999 578 571 565 560 557 558 562 568 569 568 568 571 570 564 557 555 557 564 570 577 582 579 582
09 06 -9999 577 571 564 560 556 556 561 567 568 567 566 569 569 563 556 555 556 565 570 577 581 579 582
09 07 -9999 576 569 563 558 554 553 558 565 565 564 565 568 567 561 554 555 555 564 570 575 580 578 580
09 08 -9999 574 568 561 556 551 551 556 563 564 563 562 566 565 559 553 554 555 564 569 575 579 578 580
09 09 -9999 572 566 559 554 549 550 555 561 563 563 562 565 565 559 553 553 556 564 569 575 578 577 579
09 10 -9999 571 565 558 553 548 548 553 560 562 561 560 563 563 558 551 552 555 563 568 573 576 576 578
09 11 -9999 570 564 557 553 547 547 552 559 561 560 560 562 561 557 551 552 555 564 567 572 576 575 578
09 12 -9999 569 563 556 552 546 547 552 559 561 560 558 561 561 557 551 551 555 564 568 573 576 575 577
09 13 -9999 568 563 557 552 546 546 552 560 561 559 558 561 561 558 552 552 556 565 569 573 576 575 578
09 14 -9999 568 562 555 551 546 544 550 558 560 558 557 561 561 558 553 552 557 565 569 574 576 575 577
09 15 -9999 568 562 556 551 545 544 550 558 560 557 556 559 559 557 553 552 557 565 568 572 575 573 576
09 16 -9999 566 561 555 550 545 544 549 557 559 557 554 558 558 557 551 550 556 565 567 570 572 572 574
09 17 -9999 565 559 554 550 544 542 549 556 557 555 551 556 557 554 550 549 555 564 566 570 571 572 574
09 18 -9999 564 557 552 548 543 541 547 554 556 554 549 554 555 553 548 548 554 562 565 568 569 572 574
09 19 -9999 564 556 551 548 542 540 547 553 555 553 548 552 553 552 547 547 554 562 565 568 570 572 574
09 20 -9999 564 555 550 548 542 541 547 554 556 552 548 551 552 552 546 546 554 561 564 567 568 571 572
09 21 -9999 563 554 549 547 542 540 546 552 554 551 546 550 551 551 545 545 554 560 563 566 568 570 572
09 22 -9999 562 553 548 547 542 540 546 552 553 549 544 547 549 550 544 543 552 558 561 565 567 569 571
09 23 -9999 560 551 546 545 541 539 545 551 551 547 542 545 546 548 542 540 549 555 560 563 565 567 569
09 24 -9999 559 550 544 544 540 538 543 549 549 544 539 542 543 545 540 538 546 552 557 560 562 565 567
09 25 -9999 556 547 541 541 537 536 540 546 547 542 537 540 541 543 538 536 544 549 554 557 560 562 564
09 26 -9999 552 544 539 538 535 532 537 543 544 540 534 537 539 540 537 535 543 549 553 556 558 560 562
09 27 -9999 550 543 537 536 533 531 534 541 543 539 533 535 537 539 536 535 542 547 550 554 557 558 560
09 28 -9999 549 540 534 533 530 528 532 538 540 535 528 532 533 535 532 532 539 544 547 550 554 555 557
09 29 -9999 546 537 531 530 527 525 530 535 536 532 526 528 531 533 530 529 536 542 544 548 550 553 554
09 30 -9999 543 534 528 528 524 523 527 532 533 528 522 524 526 530 526 526 533 538 542 545 547 549 551
10 01 -9999 540 530 524 524 520 519 523 528 529 524 518 519 521 525 522 522 530 536 540 543 545 547 549
10 02 -9999 537 527 520 520 517 517 521 527 526 521 516 517 518 523 521 521 529 532 538 540 542 543 546
10 03 -9999 535 526 519 517 515 515 518 524 523 518 512 514 517 521 519 518 526 530 535 537 539 539 541
10 04 -9999 530 523 517 514 511 512 514 521 520 514 509 510 514 518 517 516 523 529 533 535 536 535 538
10 05 -9999 528 520 514 511 508 507 510 518 517 512 506 508 511 516 514 514 521 527 532 533 534 533 536
10 06 -9999 524 517 510 506 504 503 507 514 514 509 503 504 508 512 511 511 518 524 528 530 530 529 531
10 07 -9999 519 512 507 502 501 500 503 511 511 506 501 501 505 508 509 508 516 522 526 527 527 526 528
10 08 -9999 518 511 505 500 500 498 501 509 510 505 499 500 504 508 508 508 515 521 526 526 525 525 526
10 09 -9999 516 508 503 498 497 495 499 507 508 503 496 497 501 506 506 506 513 520 524 526 524 522 523
10 10 -9999 514 507 501 496 495 494 498 504 506 500 492 495 498 502 503 503 511 518 523 524 522 520 522
10 11 -9999 512 504 498 493 492 491 495 501 503 496 488 492 494 499 501 501 507 514 519 520 519 517 518
10 12 -9999 508 500 494 491 489 489 492 498 500 492 485 489 491 498 497 498 505 512 517 518 516 516 517
10 13 -9999 505 497 492 488 487 488 490 497 500 493 485 488 491 497 498 499 506 511 517 517 514 514 515
10 14 -9999 503 496 491 488 486 486 489 496 500 492 484 487 489 494 496 498 505 508 515 515 513 512 514
10 15 -9999 499 493 488 484 484 483 486 494 498 490 482 484 486 490 493 495 501 505 511 511 510 509 510
10 16 -9999 495 490 485 481 482 479 482 491 495 487 479 480 483 487 490 492 498 502 508 508 507 505 507
10 17 -9999 492 488 483 479 480 477 479 488 494 486 476 478 480 486 488 490 496 501 507 507 505 504 506
10 18 -9999 490 486 482 478 479 474 477 486 492 484 475 476 477 484 486 488 494 499 504 505 503 503 503
10 19 -9999 487 483 479 476 476 472 474 482 489 480 471 473 472 480 483 484 492 497 501 503 500 500 500
10 20 -9999 482 479 474 473 473 469 471 479 484 476 468 468 468 476 479 481 487 492 497 499 496 495 495
10 21 -9999 477 475 471 469 469 465 468 475 480 473 464 464 463 472 476 479 484 489 494 496 494 494 493
10 22 -9999 475 473 469 468 467 464 466 474 478 470 461 461 462 470 474 478 484 489 493 496 493 492 492
10 23 -9999 472 471 466 465 464 461 463 470 474 466 458 458 458 467 470 475 482 487 491 493 491 489 489
10 24 -9999 470 468 464 462 461 459 459 468 471 464 455 454 455 464 468 473 479 485 488 489 487 485 486
10 25 -9999 467 464 460 459 456 454 454 462 467 460 452 449 450 461 464 470 476 481 485 485 482 481 481
10 26 -9999 462 459 455 454 452 450 450 458 462 455 448 444 446 457 460 465 472 477 481 481 478 476 476
10 27 -9999 457 454 450 449 447 444 445 452 456 450 443 438 439 449 455 458 466 472 476 475 471 470 469
10 28 -9999 452 450 446 445 442 438 439 448 450 444 437 432 434 446 451 455 463 469 474 473 469 466 467
10 29 -9999 449 445 442 440 438 435 435 445 447 441 435 430 431 443 449 453 462 469 474 472 468 465 465
10 30 -9999 448 445 441 440 437 435 434 443 445 440 433 430 433 443 449 453 461 469 473 472 467 465 465
10 31 -9999 449 445 441 440 437 435 435 444 445 442 435 431 434 446 450 455 461 471 475 474 467 467 466
11 01 -9999 450 445 441 440 438 434 434 443 445 441 435 431 434 444 449 454 461 470 474 473 467 465 465
11 02 -9999 449 444 440 439 436 432 432 441 443 440 435 429 433 443 449 455 461 471 475 473 467 465 465
11 03 -9999 449 444 439 438 436 432 432 441 443 441 435 429 432 442 446 452 457 466 470 469 464 462 462
11 04 -9999 448 442 439 436 435 431 431 439 442 441 434 427 430 440 444 451 457 465 469 467 464 462 462
11 05 -9999 448 441 438 435 433 429 429 437 440 439 433 426 430 438 443 449 455 463 467 465 460 458 458
11 06 -9999 443 438 435 431 431 427 425 434 436 437 429 422 425 434 440 445 451 460 464 462 456 455 454
11 07 -9999 440 436 433 428 427 423 422 431 435 434 426 419 421 429 436 441 447 456 460 457 451 449 449
11 08 -9999 434 430 429 424 423 418 417 426 429 428 420 415 416 424 431 436 442 450 455 453 447 446 447
11 09 -9999 430 426 424 420 420 415 415 425 427 425 418 412 413 421 429 434 440 449 453 452 446 444 445
11 10 -9999 430 427 424 420 419 416 415 424 428 426 418 412 413 419 428 435 441 450 455 453 448 447 447
11 11 -9999 431 429 425 421 420 417 416 425 428 426 418 412 412 419 429 436 440 449 453 451 447 445 446
11 12 -9999 428 426 421 417 418 413 413 421 424 423 415 408 408 413 424 431 435 443 447 445 441 440 440
11 13 -9999 422 420 417 412 413 409 408 416 419 418 410 403 402 408 418 426 429 437 441 439 436 434 434
11 14 -9999 418 415 411 407 408 403 403 411 414 413 405 398 396 404 414 422 426 434 438 436 432 430 430
11 15 -9999 413 411 407 402 402 398 399 407 410 408 400 393 391 398 409 416 422 428 431 430 427 424 423
11 16 -9999 407 405 400 395 395 392 394 401 404 402 395 388 387 392 403 411 416 424 427 425 422 419 416
11 17 -9999 400 398 394 389 389 386 389 397 399 397 390 384 381 386 398 407 412 420 423 420 418 415 413
11 18 -9999 396 394 390 384 384 381 383 391 393 392 383 376 374 380 395 404 409 416 420 415 413 411 408
11 19 -9999 391 389 384 380 378 376 378 386 389 385 377 370 367 373 389 397 402 409 414 409 406 404 400
11 20 -9999 384 381 377 374 370 369 371 379 383 380 370 363 360 365 381 390 396 403 409 403 400 399 395
11 21 -9999 380 376 372 370 364 364 364 372 377 373 364 357 354 357 373 383 388 395 400 395 391 390 387
11 22 -9999 373 369 365 363 358 358 359 366 371 368 358 350 348 350 366 378 384 391 396 391 387 385 382
11 23 -9999 369 365 361 358 354 354 355 362 369 365 356 348 345 347 363 374 382 389 393 387 383 380 377
11 24 -9999 365 360 357 355 350 351 352 359 366 363 353 345 342 344 360 372 379 387 390 384 379 376 374
11 25 -9999 361 357 354 351 346 347 347 355 362 360 351 342 339 341 356 368 376 384 386 381 375 372 370
11 26 -9999 357 353 350 347 342 344 344 353 359 358 349 339 336 338 352 364 373 382 384 380 374 370 367
11 27 -9999 356 351 348 345 341 342 342 350 357 356 347 336 334 336 348 362 371 380 383 380 374 370 366
11 28 -9999 356 350 347 344 340 341 340 349 355 354 344 333 333 335 348 362 371 380 383 379 373 371 366
11 29 -9999 356 350 347 343 340 341 339 348 355 353 344 333 333 333 347 362 371 381 382 379 373 371 366
11 30 -9999 357 350 347 346 341 342 339 348 355 353 345 333 332 332 346 360 369 379 380 375 369 369 364
12 01 -9999 354 348 345 344 339 340 336 346 352 350 342 330 329 329 345 357 367 376 377 373 367 368 362
12 02 -9999 354 348 345 344 340 340 336 345 351 349 341 329 328 328 343 354 364 374 375 371 365 366 360
12 03 -9999 353 348 345 344 340 340 337 346 352 349 342 332 331 330 344 355 365 375 377 374 366 367 361
12 04 -9999 354 350 347 345 343 344 338 348 354 352 344 335 335 333 347 359 369 378 380 376 370 370 365
12 05 -9999 356 356 351 349 347 347 344 352 358 356 348 339 339 339 352 362 372 381 382 379 372 372 368
12 06 -9999 357 357 352 351 348 348 346 353 360 358 350 343 342 342 354 365 376 384 384 381 374 374 369
12 07 -9999 360 358 354 352 349 349 347 355 361 360 353 346 344 344 356 367 378 386 385 382 376 377 372
12 08 -9999 361 360 355 353 350 351 349 356 363 361 355 347 347 347 357 369 379 387 387 384 377 378 373
12 09 -9999 362 362 356 354 351 350 349 356 363 361 354 347 347 347 356 367 376 384 385 382 376 378 372
12 10 -9999 360 360 354 353 350 349 348 355 361 360 352 346 345 345 355 366 375 383 383 380 375 376 370
12 11 -9999 360 360 355 352 349 349 349 354 360 359 352 345 346 347 356 368 376 384 385 380 375 377 371
12 12 -9999 361 361 356 354 350 350 350 355 362 361 353 348 348 349 359 369 377 385 386 381 376 378 371
12 13 -9999 362 363 357 355 351 352 351 356 364 363 355 351 350 350 360 369 378 386 385 381 375 376 371
12 14 -9999 361 362 356 354 350 351 351 354 361 361 353 350 348 349 358 367 376 383 383 378 373 373 367
12 15 -9999 357 358 353 350 346 347 348 351 358 359 351 348 345 346 355 365 375 381 382 378 373 371 366
12 16 -9999 355 356 351 347 344 345 346 350 356 356 349 346 343 344 350 361 372 378 379 375 369 367 363
12 17 -9999 350 351 347 343 341 342 342 346 353 353 345 343 340 342 347 358 370 376 376 372 365 364 359
12 18 -9999 347 348 343 339 337 337 338 341 347 349 339 337 334 336 340 352 364 370 371 367 361 360 355
12 19 -9999 343 343 339 335 333 333 335 337 343 345 337 334 330 333 336 349 361 368 369 365 358 357 351
12 20 -9999 342 341 338 333 332 331 333 334 340 342 335 332 329 330 333 346 360 367 368 363 357 357 352
12 21 -9999 342 340 338 333 332 331 332 334 339 341 334 332 328 330 334 348 360 368 369 364 359 357 353
12 22 -9999 343 341 338 334 334 332 334 335 339 341 335 333 330 332 337 349 361 369 370 365 360 358 354
12 23 -9999 345 343 340 335 335 332 334 336 339 341 335 333 329 332 336 349 361 368 371 366 362 360 355
12 24 -9999 347 345 341 337 336 333 336 339 341 343 337 334 331 334 338 350 364 371 373 368 364 360 356
12 25 -9999 349 346 343 338 337 334 337 339 341 345 339 335 331 333 337 349 363 370 372 367 363 359 355
12 26 -9999 347 345 341 337 336 333 335 338 340 343 338 335 330 330 334 346 360 367 370 363 359 355 352
12 27 -9999 346 344 342 338 336 333 334 336 339 342 338 335 329 331 334 345 358 366 369 363 358 355 352
12 28 -9999 346 343 341 338 337 333 333 335 339 342 338 335 329 332 334 345 357 364 368 362 358 355 351
12 29 -9999 346 344 342 339 338 333 334 337 342 343 340 336 330 333 334 345 355 364 367 361 357 354 351
12 30 -9999 346 344 343 340 339 333 334 337 342 344 340 337 331 334 335 347 357 365 369 362 358 355 353
12 31 -9999 349 347 345 343 342 336 337 339 345 347 343 340 335 339 340 351 362 370 374 367 362 359 357
