01 01 206 213 212 210 209 208 207 207 209 216 220 222 223 225 224 224 223 221 219 219 217 216 215 214
01 02 204 211 211 209 208 207 207 207 208 215 219 221 222 223 223 223 222 219 218 218 216 215 214 213
01 03 205 210 210 208 207 206 207 206 208 215 219 220 221 222 222 221 221 218 217 217 215 214 214 213
01 04 205 210 210 208 206 205 205 205 207 214 218 219 220 221 221 220 219 216 215 214 212 211 211 209
01 05 202 207 207 205 203 202 202 202 204 211 215 217 217 218 218 217 216 214 212 212 210 209 208 206
01 06 198 204 203 202 201 200 201 201 203 210 214 215 216 217 218 216 215 213 211 210 208 206 205 204
01 07 194 202 201 200 199 198 199 199 201 208 213 215 216 217 218 216 214 212 210 209 207 206 204 203
01 08 193 201 200 199 198 197 198 198 200 208 212 213 214 215 216 214 212 208 206 205 203 202 200 199
01 09 189 197 196 195 194 193 194 194 196 203 208 209 211 212 212 211 208 205 203 202 200 198 196 195
01 10 186 192 191 190 188 187 189 189 191 198 203 204 206 207 208 207 205 202 201 200 197 197 195 193
01 11 183 190 189 188 186 185 187 186 189 196 200 201 203 204 205 204 202 199 197 196 194 192 190 189
01 12 178 187 186 185 183 183 184 184 186 193 198 199 201 202 203 202 199 196 195 194 191 189 188 186
01 13 176 183 183 181 180 180 181 181 183 191 195 196 197 199 200 199 196 193 191 190 187 185 184 182
01 14 174 179 178 176 175 175 175 175 177 184 190 191 192 193 194 193 190 187 185 183 180 179 177 176
01 15 168 173 172 171 169 169 169 169 171 179 184 187 188 189 191 190 188 185 183 181 178 177 176 174
01 16 167 171 171 170 168 168 168 167 170 178 184 186 187 188 190 189 188 185 183 181 179 178 177 175
01 17 170 173 172 171 169 169 169 169 171 179 185 188 189 190 192 192 190 187 185 183 180 179 178 176
01 18 171 174 174 173 171 170 170 170 172 180 186 189 190 192 193 193 190 188 185 183 181 180 178 176
01 19 173 174 174 172 171 171 170 170 173 180 185 188 189 191 192 193 190 186 184 183 180 179 177 175
01 20 173 173 172 171 169 168 167 167 170 177 182 185 186 188 189 189 187 184 181 180 177 176 175 173
01 21 171 170 169 168 167 165 164 164 166 174 179 182 183 184 185 186 183 181 179 177 175 173 172 171
01 22 171 168 167 165 164 163 162 162 164 172 177 180 182 183 184 185 183 180 178 177 175 173 172 171
01 23 172 169 167 166 164 164 163 163 165 172 178 182 183 184 186 187 184 183 182 180 178 176 175 174
01 24 177 171 170 168 167 166 164 164 166 174 179 182 184 185 186 187 185 183 182 182 179 178 177 176
01 25 179 174 173 171 170 169 167 167 170 177 182 186 187 188 189 190 188 186 185 185 182 181 180 179
01 26 183 176 174 173 172 171 169 169 171 178 183 188 189 190 191 193 190 189 188 188 186 184 183 182
01 27 185 179 177 175 174 172 171 171 173 181 185 190 191 192 193 194 192 190 190 190 188 187 185 185
01 28 187 181 179 177 176 174 173 172 174 181 186 190 192 193 194 195 193 192 192 192 190 188 187 186
01 29 187 183 180 178 177 175 175 174 176 183 187 191 193 194 196 197 195 195 195 195 193 191 189 189
01 30 190 185 182 180 180 177 176 176 178 185 188 192 194 196 197 198 196 195 195 195 193 190 189 189
01 31 190 184 181 179 178 175 175 175 177 184 187 191 193 195 196 196 194 194 194 194 192 189 187 187
02 01 188 182 179 176 175 173 172 172 174 182 185 188 190 193 193 194 192 192 192 192 190 187 186 185
02 02 185 179 176 173 172 170 170 169 171 179 183 186 189 191 193 193 192 193 192 193 191 189 188 186
02 03 185 181 177 175 174 172 171 170 173 182 185 188 191 194 195 196 195 195 195 196 194 191 190 189
02 04 188 184 180 177 176 174 174 172 176 184 187 190 193 195 197 198 196 197 197 197 196 193 191 189
02 05 188 184 180 177 176 174 173 172 176 183 185 188 192 195 196 197 197 197 197 197 195 193 191 189
02 06 187 184 180 177 176 174 173 172 176 182 184 187 191 194 195 195 195 195 195 195 193 191 190 187
02 07 184 181 178 175 174 172 172 170 174 181 183 186 189 193 194 195 195 195 195 195 194 191 189 187
02 08 183 181 178 174 173 171 170 169 174 181 183 187 191 195 196 196 196 197 196 196 195 193 191 188
02 09 183 182 179 175 174 172 172 170 175 182 185 188 192 196 197 197 196 197 196 195 195 192 191 187
02 10 183 182 178 175 173 172 171 170 175 182 184 187 190 194 195 194 194 196 194 194 194 191 190 187
02 11 183 181 178 175 173 172 172 170 175 182 184 187 191 194 195 194 194 195 194 194 194 191 190 187
02 12 185 181 178 175 174 173 172 171 177 183 186 190 193 197 197 197 196 198 196 197 197 195 194 191
02 13 192 186 184 181 180 180 179 177 183 190 192 196 200 202 203 202 202 203 202 203 203 200 199 196
02 14 199 192 189 187 185 185 184 183 189 195 198 201 205 208 208 208 207 208 207 208 208 206 205 202
02 15 206 198 196 194 192 191 190 188 194 200 203 206 210 212 213 213 212 212 211 212 212 210 210 207
02 16 212 204 202 199 198 197 195 194 200 205 208 211 215 217 218 218 217 217 215 216 216 214 214 212
02 17 218 209 207 204 202 201 199 198 204 209 211 214 217 219 219 219 218 218 217 217 217 215 214 212
02 18 219 208 206 203 201 200 198 197 203 208 210 212 216 217 218 217 216 216 215 216 215 213 213 211
02 19 217 207 206 203 201 200 198 197 203 209 211 213 216 218 218 218 216 217 215 216 216 215 214 213
02 20 219 209 208 205 203 203 200 199 206 212 214 216 218 219 220 219 219 219 219 220 219 218 218 217
02 21 223 213 212 209 207 206 204 203 210 215 218 220 221 222 222 222 221 221 221 223 222 221 221 220
02 22 228 217 215 212 210 209 206 205 212 217 219 221 222 223 222 222 221 221 221 223 222 221 222 221
02 23 230 218 218 215 213 212 210 209 216 221 223 225 226 225 225 225 223 223 223 225 224 223 223 223
02 24 234 221 220 217 215 214 212 211 218 222 225 226 227 227 227 226 224 224 224 226 224 224 224 224
02 25 234 221 220 218 215 215 212 212 219 223 226 227 229 229 228 228 226 225 225 227 225 225 225 225
02 26 236 223 221 218 216 215 214 213 220 225 228 229 230 230 230 230 228 227 226 228 227 227 227 227
02 27 237 225 223 221 218 217 215 215 222 226 229 230 231 231 232 232 230 229 228 230 228 228 228 227
02 28 237 224 223 220 218 216 215 214 222 226 229 230 231 231 232 231 229 228 227 228 227 227 227 226
03 01 235 224 223 220 217 216 215 215 223 227 229 230 231 232 232 232 231 230 229 228 227 227 227 226
03 02 233 222 221 217 215 214 213 213 221 224 226 227 228 229 230 230 228 227 226 226 225 225 224 223
03 03 230 220 218 215 212 211 210 210 219 222 223 225 227 228 228 228 227 226 226 226 225 226 225 224
03 04 229 221 220 217 214 213 213 214 222 224 225 227 229 230 231 231 229 229 228 228 227 228 227 226
03 05 231 224 223 220 218 217 217 218 226 228 230 232 234 235 236 235 234 233 233 233 232 233 231 230
03 06 235 228 227 224 222 221 221 223 231 232 234 235 238 239 240 240 238 237 236 236 235 237 235 234
03 07 236 232 231 228 226 225 225 227 235 236 237 239 241 243 244 244 242 241 240 240 240 241 239 238
03 08 240 237 235 233 231 231 231 234 241 243 244 245 249 250 251 251 248 247 246 245 245 245 243 243
03 09 244 241 239 236 234 233 233 236 244 246 246 248 250 252 253 252 250 248 247 246 246 246 245 244
03 10 245 242 240 237 235 234 234 237 244 246 246 247 249 251 252 251 249 248 246 246 245 246 244 243
03 11 244 241 239 237 235 235 234 237 245 246 246 247 249 252 252 252 250 250 249 248 247 248 247 245
03 12 246 244 242 240 239 238 237 240 248 249 248 249 251 253 254 254 252 252 251 251 250 251 250 248
03 13 247 247 245 243 241 240 239 242 250 249 248 249 251 254 254 255 253 253 252 252 251 252 251 249
03 14 247 248 246 244 242 241 240 244 251 250 249 250 252 255 255 255 253 253 253 254 253 253 252 250
03 15 248 249 248 246 245 243 242 246 253 252 249 250 251 254 254 254 253 253 253 253 253 253 252 250
03 16 247 249 247 245 245 244 242 246 253 252 249 249 250 253 253 252 251 251 251 253 253 253 252 250
03 17 247 249 248 246 246 245 244 248 255 254 251 251 252 255 254 254 253 253 253 255 255 255 254 253
03 18 250 252 251 249 249 248 247 252 258 257 255 255 255 258 257 257 256 256 257 259 259 260 260 258
03 19 256 257 256 255 254 253 251 256 262 262 259 258 258 261 260 260 259 258 259 262 262 263 263 262
03 20 260 261 259 258 258 256 255 259 266 266 263 262 262 265 264 264 263 262 264 266 267 268 269 268
03 21 267 267 266 265 264 262 260 265 272 272 268 267 267 270 268 269 267 266 268 271 271 272 273 272
03 22 273 272 270 269 269 266 265 270 277 276 273 272 272 275 275 274 273 272 273 276 276 277 278 276
03 23 278 275 273 272 272 269 269 274 281 279 276 275 274 278 277 277 277 275 277 280 281 281 282 281
03 24 284 280 278 278 277 275 274 280 286 284 281 281 280 283 283 283 282 282 284 286 287 287 288 286
03 25 288 285 284 284 283 280 280 286 293 291 288 288 287 290 290 289 288 288 290 292 294 294 294 293
03 26 293 292 291 290 289 287 286 293 299 297 294 293 293 295 296 295 295 294 296 298 299 299 300 299
03 27 298 298 296 296 295 292 292 299 305 304 300 300 300 302 303 302 301 301 302 304 306 305 306 305
03 28 304 304 302 301 300 298 297 304 310 309 307 307 306 308 308 307 306 305 306 308 309 309 309 308
03 29 306 307 305 304 303 301 300 308 314 313 310 310 309 311 312 310 309 308 309 310 312 312 313 312
03 30 310 312 310 309 307 305 304 312 318 318 316 316 315 317 317 316 314 313 314 315 317 317 318 317
03 31 316 317 315 314 312 310 310 318 324 323 321 321 320 322 323 321 319 318 320 320 322 322 323 322
04 01 320 323 321 320 318 315 315 324 329 328 326 326 325 326 327 325 324 322 323 323 325 325 326 325
04 02 323 327 325 323 321 319 319 327 332 332 330 330 329 330 331 329 327 325 327 326 328 327 328 326
04 03 324 328 325 323 322 319 319 328 333 332 331 331 331 332 333 330 328 326 327 328 329 328 329 327
04 04 325 328 326 324 323 321 320 329 334 333 331 332 332 334 335 331 330 328 329 329 331 330 330 328
04 05 327 329 327 325 323 321 321 331 335 333 333 333 333 335 335 332 330 329 330 330 331 330 329 328
04 06 327 329 327 325 323 321 321 331 334 333 332 332 333 333 333 330 328 327 328 328 330 329 328 327
04 07 326 329 328 326 324 322 322 332 336 334 334 334 334 335 334 331 330 329 330 330 332 331 331 329
04 08 328 331 330 328 326 324 324 335 338 337 337 337 337 338 338 334 333 332 332 332 335 334 334 333
04 09 333 334 334 332 329 327 328 338 341 339 339 339 340 340 340 337 336 334 335 335 338 337 337 335
04 10 338 337 336 334 332 330 330 341 344 343 343 343 343 344 343 340 339 338 338 338 340 340 339 338
04 11 342 339 338 336 334 331 332 343 346 344 344 344 344 344 343 340 339 337 338 338 339 339 339 338
04 12 342 339 339 337 335 333 334 346 348 347 347 347 348 348 347 345 343 342 342 342 344 344 345 344
04 13 349 344 343 342 340 338 339 352 354 352 353 353 354 353 353 350 348 347 347 347 349 349 349 349
04 14 354 350 348 348 347 344 345 357 360 359 359 359 360 359 358 356 354 352 352 352 353 353 354 353
04 15 359 353 353 352 351 348 349 362 364 364 364 364 365 364 363 361 359 357 356 355 357 357 358 357
04 16 363 357 355 355 354 351 353 365 368 368 368 369 370 369 368 365 364 362 361 360 361 361 362 361
04 17 365 360 359 359 357 355 356 369 371 371 371 372 372 371 370 367 366 363 363 361 363 363 363 363
04 18 366 362 361 361 360 358 360 373 375 374 375 376 376 375 375 372 371 369 368 366 368 369 369 369
04 19 372 368 367 367 366 363 366 379 381 381 382 382 382 380 380 378 376 374 373 371 372 373 373 373
04 20 375 372 372 371 370 367 370 383 385 385 386 387 386 385 384 382 380 377 377 375 376 377 377 378
04 21 379 376 376 375 374 371 374 388 389 389 390 391 391 390 389 387 385 382 381 379 381 381 382 383
04 22 383 380 379 378 378 375 378 391 392 393 394 395 395 394 394 391 389 385 384 382 383 384 384 385
04 23 386 383 382 381 380 378 382 395 395 396 397 399 399 397 398 395 393 390 388 386 387 387 387 388
04 24 388 385 384 383 383 381 385 398 398 400 401 402 402 401 401 399 397 394 392 389 391 391 391 393
04 25 391 390 389 388 387 386 390 403 403 404 405 407 406 406 406 403 402 397 396 393 395 396 396 397
04 26 394 394 393 392 391 390 394 406 406 407 408 410 410 409 409 407 405 401 399 396 397 399 399 399
04 27 398 397 396 395 394 392 397 409 408 409 410 411 411 410 409 408 407 402 402 398 400 401 401 401
04 28 400 400 400 398 397 396 400 412 411 413 413 415 415 414 413 412 410 406 405 402 404 405 405 405
04 29 404 404 403 401 400 398 404 416 415 416 417 418 418 417 416 415 413 409 408 405 407 409 409 408
04 30 409 407 406 404 402 401 407 419 418 419 420 420 420 419 418 416 415 411 410 407 409 410 411 411
05 01 412 410 409 407 405 405 410 422 422 422 423 423 423 423 421 420 418 415 414 411 413 414 415 415
05 02 417 414 413 411 409 409 415 426 426 427 428 428 429 430 428 427 425 422 421 418 420 422 422 423
05 03 426 421 421 418 417 416 422 434 434 434 434 435 436 436 434 433 431 428 426 424 426 427 428 427
05 04 432 425 425 423 421 420 427 438 438 439 439 440 441 440 438 438 435 432 431 429 430 432 433 432
05 05 437 429 429 427 426 425 432 443 443 443 444 444 445 445 443 442 440 437 435 432 434 436 437 436
05 06 441 433 432 430 429 428 435 446 446 447 448 447 448 448 446 446 444 442 440 437 439 441 441 440
05 07 445 437 436 434 432 431 439 449 449 449 450 450 451 451 449 448 447 446 444 440 443 445 446 445
05 08 448 441 440 438 436 435 443 452 454 454 454 453 454 454 451 450 449 447 445 443 444 447 449 448
05 09 450 445 444 442 440 438 446 455 457 457 457 456 457 456 454 453 452 450 448 446 447 450 452 451
05 10 453 447 447 444 442 441 449 457 459 459 460 459 460 459 457 456 455 454 452 450 452 454 455 454
05 11 458 451 450 448 446 445 453 461 463 464 464 463 464 463 462 460 459 458 456 455 456 458 460 459
05 12 463 455 454 452 450 449 457 465 467 467 468 467 469 467 466 464 464 462 460 458 460 462 463 462
05 13 467 458 458 456 454 452 460 468 470 470 471 470 471 470 469 467 467 465 463 461 463 464 465 465
05 14 470 461 460 458 456 454 463 470 472 473 473 473 474 472 471 469 469 468 466 464 466 467 468 468
05 15 473 465 464 462 460 458 467 474 476 477 477 478 478 477 475 474 474 473 472 470 471 473 474 473
05 16 479 470 469 467 465 463 472 478 481 482 482 482 483 481 480 479 479 478 477 474 476 478 478 478
05 17 484 475 474 472 470 468 477 484 486 487 487 487 487 485 484 483 483 482 480 478 479 481 482 482
05 18 487 478 477 475 473 472 481 487 489 490 490 490 490 489 488 486 486 485 484 481 482 485 485 486
05 19 490 482 481 478 477 475 484 490 492 493 494 494 493 493 492 490 490 490 488 486 487 489 490 491
05 20 494 487 485 482 480 479 488 494 496 498 498 498 497 496 495 493 494 493 492 491 492 494 494 495
05 21 498 492 491 488 486 484 494 499 502 503 503 503 503 502 500 498 499 498 497 495 496 498 498 499
05 22 501 497 495 493 491 490 499 505 507 509 509 508 508 506 505 503 503 501 501 500 500 503 503 503
05 23 506 501 500 497 495 494 503 508 511 511 512 512 511 510 509 507 507 506 505 504 504 507 507 507
05 24 511 505 504 501 499 498 507 513 515 516 517 517 517 516 514 513 512 511 510 510 510 512 511 511
05 25 516 510 509 506 504 503 513 519 521 521 521 521 521 520 518 516 516 515 514 514 513 515 515 515
05 26 519 514 513 510 508 506 517 523 525 525 526 525 524 523 522 520 519 519 518 517 517 519 519 519
05 27 520 518 516 513 511 509 520 526 528 528 528 527 527 526 524 523 523 522 521 521 521 523 523 523
05 28 523 522 520 517 515 513 523 529 531 531 531 530 529 529 527 526 526 525 525 525 524 526 527 527
05 29 525 526 524 520 518 516 527 532 534 534 534 533 533 532 531 530 530 530 529 529 529 531 531 531
05 30 527 530 528 525 522 521 531 537 538 539 539 538 538 538 537 536 536 535 533 534 533 535 535 534
05 31 530 533 531 528 526 524 534 539 541 542 542 541 541 541 540 539 539 538 536 537 536 538 538 537
06 01 533 536 535 531 529 527 537 543 545 545 545 544 544 544 543 542 542 541 540 541 541 542 542 541
06 02 535 540 538 534 532 530 541 546 548 549 550 549 548 548 548 546 546 546 545 545 545 545 545 544
06 03 538 543 541 537 536 533 544 549 550 552 552 551 550 550 549 548 548 547 546 546 546 546 547 545
06 04 538 544 542 539 537 535 546 551 552 554 554 553 552 553 552 550 550 550 549 550 549 550 550 549
06 05 542 548 546 542 541 538 550 554 556 558 558 558 557 557 557 555 555 556 555 555 555 556 556 555
06 06 547 553 551 547 545 543 554 559 561 563 563 563 562 563 562 561 561 561 560 560 560 560 560 558
06 07 551 556 554 550 549 547 558 563 565 568 568 568 566 567 566 565 566 565 564 564 564 564 565 562
06 08 554 560 557 553 552 550 561 565 566 569 570 570 567 568 567 566 566 566 566 566 566 566 566 564
06 09 556 561 559 555 554 552 563 567 569 572 573 574 571 572 571 571 571 570 570 571 570 570 571 569
06 10 562 566 563 559 557 556 566 571 572 576 577 577 574 575 574 574 575 574 574 574 574 574 575 572
06 11 566 569 566 563 560 560 570 575 577 580 582 582 580 581 580 579 579 578 579 579 579 579 579 577
06 12 572 573 570 567 565 565 575 580 582 586 588 587 586 586 585 584 584 584 584 584 584 584 584 582
06 13 578 577 574 571 568 569 579 584 586 590 592 592 590 590 588 587 588 587 588 588 587 587 587 585
06 14 582 580 577 574 571 571 581 586 589 592 594 594 592 591 590 589 589 589 590 591 590 590 590 589
06 15 586 584 581 578 574 574 584 589 591 595 597 597 595 595 593 592 592 592 593 594 593 593 593 591
06 16 588 586 583 580 576 576 585 590 592 597 598 598 596 595 593 593 593 591 592 593 592 592 593 592
06 17 590 587 584 581 577 577 587 592 594 598 599 598 597 596 595 594 594 592 593 594 594 594 594 594
06 18 593 590 586 584 580 580 589 594 597 601 602 601 600 599 597 596 596 594 596 597 596 597 597 597
06 19 596 593 590 587 583 583 592 598 601 604 606 604 603 602 600 599 598 597 598 600 599 599 600 599
06 20 599 595 592 590 586 586 595 601 603 607 608 606 604 603 601 601 600 598 599 601 601 600 601 601
06 21 600 597 594 592 588 588 597 603 605 609 609 606 606 604 602 602 600 599 600 602 602 602 602 602
06 22 601 599 596 594 589 590 599 605 607 609 609 607 606 604 602 602 600 599 600 602 602 602 602 603
06 23 602 600 597 595 591 591 600 606 608 611 610 608 607 605 603 602 601 600 601 602 602 603 603 604
06 24 603 601 598 596 591 591 600 606 608 611 610 607 606 604 602 601 600 599 600 602 602 602 602 603
06 25 603 600 598 596 592 591 601 606 609 611 611 607 606 605 603 602 600 600 600 603 602 603 603 604
06 26 604 602 600 598 594 593 603 608 610 613 612 608 607 605 603 602 600 599 600 603 603 603 604 605
06 27 606 603 601 599 596 594 604 609 612 614 613 610 608 606 604 603 602 601 602 604 604 605 606 607
06 28 608 605 603 601 598 596 606 611 614 616 614 611 610 608 606 605 603 603 603 606 606 607 607 608
06 29 609 608 605 603 600 598 608 614 615 618 617 613 611 609 607 607 604 604 604 607 608 608 608 609
06 30 610 609 606 604 601 600 610 616 617 619 617 614 612 610 607 607 605 605 605 608 608 609 610 611
07 01 611 611 609 606 603 602 612 618 619 621 620 616 614 613 611 610 608 608 609 612 612 613 613 614
07 02 614 614 612 609 607 605 615 621 621 623 622 619 617 615 613 612 611 611 612 614 615 615 616 616
07 03 617 616 614 612 609 607 617 622 623 623 622 619 616 614 613 612 611 611 612 614 615 616 616 617
07 04 617 616 613 611 608 606 616 621 621 622 621 618 616 613 612 611 610 610 611 614 614 615 616 616
07 05 616 615 613 610 607 606 615 620 620 620 620 617 614 612 610 610 609 609 610 613 613 615 616 616
07 06 617 615 613 611 607 606 615 620 620 621 620 617 614 612 611 611 610 610 611 614 614 617 617 618
07 07 619 617 614 611 608 606 616 620 621 622 621 619 616 614 613 612 612 612 613 616 616 618 619 619
07 08 620 619 616 613 610 608 618 623 623 625 624 621 618 617 615 615 614 614 615 618 619 621 622 622
07 09 622 621 618 616 613 611 620 625 626 628 627 624 621 619 617 617 616 616 617 620 621 623 624 624
07 10 623 623 621 618 615 613 623 628 628 630 629 627 624 621 619 619 618 619 620 623 624 626 627 628
07 11 625 626 623 621 618 616 625 630 631 633 632 630 626 625 622 621 620 621 622 625 626 628 629 629
07 12 626 628 625 623 620 618 627 631 632 634 633 631 627 626 623 622 621 621 623 626 627 629 630 630
07 13 626 628 626 624 620 618 627 632 633 635 633 631 627 626 623 622 621 621 622 626 627 630 631 631
07 14 627 629 626 624 621 619 628 634 634 636 635 633 629 627 625 623 623 623 625 628 629 632 633 632
07 15 629 630 628 626 623 620 630 635 635 637 636 634 630 628 626 624 624 624 626 629 630 633 634 634
07 16 629 631 629 627 624 621 630 636 636 638 637 635 631 629 626 625 624 624 627 630 631 634 634 634
07 17 630 631 629 627 624 621 629 635 636 638 636 633 630 628 625 623 623 623 625 629 630 633 634 634
07 18 630 631 628 626 623 621 629 635 636 638 637 635 632 630 626 625 625 625 627 631 632 635 636 635
07 19 633 633 631 629 627 624 632 639 640 642 641 638 635 634 630 628 628 629 631 635 636 638 639 638
07 20 636 636 634 632 629 626 634 641 642 644 643 641 638 636 632 631 631 632 634 638 638 640 641 640
07 21 637 637 635 633 630 627 634 641 643 645 644 642 639 637 633 632 632 633 635 639 638 640 641 640
07 22 637 637 635 633 630 627 634 641 643 645 644 642 639 637 633 632 631 632 635 638 638 640 641 640
07 23 636 636 634 632 630 627 634 640 642 643 643 641 638 635 632 631 631 632 634 638 638 640 641 640
07 24 636 636 635 632 630 627 633 640 642 643 643 641 638 636 632 632 632 632 635 639 638 640 641 641
07 25 637 637 635 632 630 627 633 640 642 643 644 641 639 636 633 632 631 632 635 638 637 639 640 639
07 26 636 636 633 631 629 626 632 639 641 643 643 641 638 636 632 632 631 632 635 638 637 639 640 639
07 27 636 636 633 631 629 626 632 639 642 643 644 641 638 636 633 632 632 633 635 638 638 640 641 640
07 28 637 637 634 632 630 627 633 640 643 645 645 643 640 637 634 633 633 634 636 639 639 641 642 641
07 29 638 638 635 633 630 628 633 641 643 645 645 642 640 636 634 633 633 633 635 638 637 640 640 640
07 30 636 636 633 631 628 626 631 639 642 643 643 641 638 634 632 631 631 631 633 636 635 638 639 638
07 31 635 635 632 629 627 624 629 638 641 642 642 639 636 633 630 629 629 630 632 635 635 637 638 638
08 01 634 634 631 629 626 624 629 637 641 642 642 639 636 633 630 628 628 629 631 635 635 637 638 637
08 02 634 634 632 629 626 624 629 637 641 643 642 639 635 632 630 628 628 629 631 634 634 637 638 637
08 03 634 634 631 628 625 623 628 636 640 642 642 639 635 631 629 628 627 628 630 633 633 636 637 637
08 04 634 634 630 628 625 622 627 636 640 642 642 639 635 631 629 627 627 627 629 632 633 636 636 637
08 05 635 633 630 627 625 622 627 636 640 642 642 639 635 632 629 628 627 627 629 632 634 636 636 636
08 06 635 633 630 627 625 622 627 637 641 643 642 639 636 632 629 628 627 628 629 632 634 637 637 636
08 07 636 634 630 627 625 622 626 637 642 644 643 640 637 633 631 629 628 629 631 633 635 637 637 637
08 08 637 633 630 627 625 622 626 637 641 644 643 640 637 633 631 629 628 629 630 633 634 637 637 636
08 09 637 634 631 628 625 623 626 638 642 644 643 640 637 634 631 630 628 629 630 633 634 637 636 636
08 10 637 634 631 628 625 623 625 637 641 643 642 640 636 633 631 629 628 628 630 632 633 636 635 635
08 11 636 632 629 626 623 620 623 634 638 640 639 637 633 631 628 626 624 625 627 629 630 632 632 631
08 12 633 629 625 622 619 617 619 631 634 637 636 634 631 628 625 624 622 623 625 627 628 630 629 629
08 13 630 626 623 620 617 614 617 628 632 635 634 631 628 625 623 621 620 621 623 624 626 627 627 627
08 14 628 625 621 619 616 613 615 627 631 634 633 630 627 624 621 620 619 619 622 622 624 626 626 625
08 15 626 622 619 616 613 610 612 624 629 631 631 628 625 622 620 619 617 618 620 621 622 624 624 623
08 16 624 620 616 613 610 608 609 621 626 629 629 627 624 621 619 618 616 617 619 619 620 622 622 622
08 17 621 618 614 611 608 605 607 619 624 627 626 624 622 619 617 616 614 615 617 617 618 619 619 618
08 18 617 614 611 608 605 602 604 616 621 624 624 621 619 616 614 613 611 612 614 614 615 616 617 616
08 19 614 612 609 605 602 600 601 614 619 622 622 619 616 614 612 611 609 610 612 612 613 614 615 614
08 20 613 610 607 604 600 598 599 612 618 621 621 619 616 613 611 611 610 610 613 612 613 614 614 614
08 21 613 610 607 603 599 598 598 611 618 621 621 618 615 613 611 610 610 610 612 612 613 614 614 613
08 22 612 609 606 603 599 597 598 610 616 619 619 617 614 611 609 609 608 608 610 610 610 612 612 611
08 23 608 607 604 600 597 595 596 608 614 617 617 614 612 609 607 606 606 605 608 607 608 609 610 609
08 24 606 604 601 597 593 592 592 605 610 614 614 612 609 605 603 603 603 603 605 605 605 607 607 606
08 25 603 601 598 594 590 588 589 601 607 611 610 608 604 600 598 598 598 598 601 600 602 603 603 603
08 26 600 598 594 591 587 585 586 599 605 609 608 605 602 598 596 596 596 597 599 599 600 601 602 601
08 27 598 596 593 589 585 584 583 597 603 607 606 604 600 596 595 594 595 595 597 597 598 600 600 600
08 28 597 595 592 587 584 582 582 595 602 606 605 603 599 595 594 593 593 594 596 595 598 599 599 599
08 29 596 593 591 586 583 581 580 594 600 604 604 601 597 593 592 592 592 592 594 594 596 598 598 597
08 30 595 592 589 585 582 580 579 593 599 603 603 600 596 592 591 590 590 591 593 593 596 597 597 596
08 31 594 592 589 585 582 580 579 592 599 603 603 600 595 591 590 590 590 591 592 593 595 597 597 596
09 01 594 591 588 584 581 578 577 591 598 602 602 599 594 590 589 589 588 590 592 592 596 597 597 596
09 02 595 591 588 584 581 578 576 591 598 602 602 599 594 590 589 589 589 590 592 593 596 597 597 596
09 03 595 590 587 583 581 577 576 590 597 601 601 598 594 590 588 588 587 588 590 591 594 595 594 593
09 04 592 587 584 580 577 574 572 586 594 597 597 594 589 585 583 582 581 583 584 585 588 590 589 588
09 05 586 581 579 575 572 569 567 582 589 592 591 588 584 579 578 577 576 578 580 581 584 585 585 584
09 06 582 578 575 571 568 565 563 578 586 589 589 586 581 578 577 575 575 577 579 580 583 585 584 582
09 07 582 576 573 570 567 563 562 576 586 589 589 586 581 578 576 575 574 576 578 579 582 583 583 581
09 08 580 575 572 568 565 562 560 575 584 587 587 584 579 577 575 573 573 575 577 578 581 582 582 579
09 09 579 574 571 567 564 560 558 573 582 585 586 582 579 576 575 573 573 575 576 578 581 582 581 578
09 10 577 572 569 565 562 558 556 570 580 583 584 580 577 575 573 571 570 572 574 576 578 579 578 576
09 11 575 569 566 562 558 554 553 567 577 580 581 577 574 573 571 569 568 570 572 573 576 576 575 572
09 12 571 566 562 558 554 550 549 563 573 576 577 574 570 570 568 566 565 567 568 570 573 573 572 570
09 13 569 563 559 556 551 547 546 560 571 575 576 573 570 569 567 565 564 567 568 570 572 573 572 569
09 14 569 562 558 554 550 546 544 558 569 573 574 571 568 567 565 564 563 565 567 568 570 571 570 567
09 15 568 560 555 552 548 544 542 556 567 571 572 569 567 566 564 563 562 564 566 566 568 568 567 564
09 16 564 557 553 550 545 541 540 552 563 567 568 566 564 563 561 560 559 561 562 563 564 563 562 559
09 17 559 553 548 545 540 536 535 547 558 562 562 561 558 557 555 554 552 555 556 556 558 557 556 554
09 18 552 547 542 539 534 530 529 541 552 556 557 555 553 552 550 549 548 551 552 552 553 553 552 550
09 19 548 543 539 536 532 527 526 538 550 554 556 554 552 551 549 548 547 550 552 552 553 552 551 549
09 20 547 542 538 535 531 527 525 537 549 553 555 554 552 551 549 548 547 550 551 551 552 552 550 548
09 21 545 540 536 533 529 525 522 534 546 549 552 550 548 547 545 544 543 545 546 546 547 546 544 542
09 22 538 534 530 527 523 519 516 528 539 542 544 543 541 540 538 537 535 538 539 539 540 539 537 535
09 23 532 527 523 520 516 512 510 521 533 537 539 538 536 534 532 531 530 533 533 534 535 534 532 530
09 24 526 522 518 514 511 508 506 517 529 533 535 534 532 530 528 527 526 529 529 529 530 530 528 525
09 25 522 518 514 510 507 504 502 513 526 529 531 531 529 527 525 523 522 525 525 526 527 527 525 522
09 26 518 515 511 507 504 501 499 510 523 526 528 527 525 523 520 519 518 521 521 522 523 523 522 519
09 27 515 512 508 504 501 499 497 507 520 524 525 525 523 520 518 517 516 519 519 520 521 520 519 516
09 28 511 509 505 502 498 496 494 504 516 519 520 520 518 515 513 512 511 514 513 514 515 514 513 510
09 29 504 503 500 496 492 490 488 498 510 513 515 514 512 510 508 506 504 507 507 508 509 508 506 503
09 30 496 496 493 488 486 483 481 490 503 506 507 506 504 502 499 497 496 499 499 501 501 500 499 496
10 01 489 489 485 482 479 476 474 484 498 501 502 502 500 498 496 493 492 495 495 497 498 497 496 493
10 02 486 487 483 479 477 474 473 482 496 500 501 501 500 498 496 494 493 495 494 497 498 497 495 492
10 03 485 485 482 479 476 473 471 480 494 498 499 498 497 495 493 491 489 492 491 494 495 494 492 488
10 04 480 481 477 474 471 468 467 475 489 494 494 492 491 489 487 485 483 485 484 487 488 488 486 482
10 05 473 475 471 468 465 462 460 469 483 488 488 486 485 483 480 478 476 479 478 481 481 480 479 475
10 06 469 470 466 463 460 457 456 464 479 484 484 483 481 479 476 474 473 475 474 478 478 477 476 473
10 07 467 467 463 460 457 454 453 461 476 482 482 481 479 477 474 472 471 473 472 476 476 475 474 470
10 08 465 465 461 458 455 451 450 457 472 478 479 478 476 473 470 468 467 468 468 471 471 470 469 466
10 09 461 460 456 453 450 447 445 452 467 474 475 474 472 469 466 465 463 464 464 467 467 466 464 461
10 10 456 455 451 449 445 442 441 447 462 469 470 469 467 464 462 461 459 461 460 463 463 462 460 457
10 11 453 452 448 445 441 439 438 444 459 466 466 466 464 461 458 457 456 457 456 459 459 458 455 453
10 12 448 447 443 440 437 434 433 439 454 461 462 461 460 457 454 453 451 452 451 454 453 452 450 447
10 13 443 441 438 434 432 429 428 434 449 457 459 458 457 453 451 449 448 448 447 450 449 448 446 443
10 14 440 437 434 431 428 426 425 430 445 453 455 455 454 451 448 446 445 446 444 446 446 445 442 440
10 15 437 434 431 428 425 422 422 426 442 450 453 452 451 448 444 443 442 442 441 443 443 441 440 437
10 16 434 432 429 425 422 420 419 423 439 447 449 448 447 444 440 439 438 438 436 439 438 437 435 433
10 17 431 428 424 421 418 415 414 418 434 442 444 443 441 438 434 433 432 432 431 433 433 432 431 429
10 18 427 424 420 416 413 411 409 413 429 437 440 439 438 434 431 430 429 429 428 429 429 428 427 425
10 19 423 420 417 413 410 408 407 410 427 435 437 437 435 431 429 427 427 427 425 427 427 426 425 423
10 20 423 419 416 412 409 407 406 409 425 434 436 436 435 430 428 427 426 426 424 425 426 425 424 422
10 21 419 416 413 410 407 405 403 407 422 430 432 432 430 425 423 421 420 419 418 418 419 418 418 415
10 22 412 409 407 403 400 398 397 400 416 424 425 425 423 419 416 415 414 413 411 411 412 412 412 409
10 23 406 403 401 397 394 392 392 395 411 419 420 420 418 414 412 411 410 410 408 408 408 407 408 405
10 24 402 399 397 394 391 389 388 392 407 415 417 417 415 412 409 408 407 407 405 405 406 405 405 403
10 25 400 397 395 392 390 388 386 389 405 413 415 416 415 411 409 408 407 406 404 404 404 403 403 401
10 26 398 395 393 390 388 385 384 386 402 411 413 414 412 409 407 405 404 403 401 400 401 400 400 397
10 27 396 391 390 387 384 382 381 383 399 407 409 410 408 404 402 400 399 398 396 395 396 395 395 393
10 28 392 387 386 383 380 378 377 378 395 404 406 406 404 400 398 397 396 395 393 393 393 393 392 390
10 29 389 385 383 381 378 375 374 376 392 401 403 404 401 397 395 394 392 391 390 390 391 391 391 389
10 30 388 384 382 379 375 373 372 374 390 399 400 401 398 393 392 390 389 387 387 386 386 386 386 384
10 31 383 379 377 374 371 369 368 369 384 393 395 395 392 388 386 385 384 382 382 381 382 381 381 379
11 01 378 375 373 370 367 365 363 365 379 388 389 390 387 383 381 380 379 377 377 376 376 376 376 374
11 02 374 370 368 365 363 361 359 361 375 384 385 386 384 379 377 376 375 373 373 372 372 372 372 370
11 03 369 366 364 361 358 356 355 355 370 379 380 381 379 375 373 371 370 368 368 367 367 366 366 365
11 04 364 361 359 356 353 350 349 350 364 373 374 374 372 369 366 365 364 361 361 361 360 359 358 357
11 05 358 354 352 349 346 343 343 343 357 366 367 368 367 364 362 361 360 358 358 358 357 357 356 355
11 06 355 353 351 347 345 342 341 341 354 363 365 365 364 361 360 358 357 355 355 355 355 354 353 353
11 07 350 350 348 346 343 340 339 339 352 361 363 363 363 360 359 357 357 354 354 354 354 353 352 352
11 08 348 350 348 345 343 340 339 339 351 360 361 361 361 358 357 355 354 352 352 352 352 351 350 350
11 09 344 347 346 342 340 338 337 336 348 357 358 356 355 352 351 349 348 346 346 346 346 346 345 345
11 10 337 342 340 337 335 333 332 331 343 351 352 350 349 347 345 343 342 340 341 340 340 340 340 340
11 11 331 337 336 333 331 328 328 327 338 346 347 345 345 343 341 340 340 337 338 338 338 338 338 338
11 12 330 335 334 331 329 326 326 325 335 343 343 342 342 340 339 338 337 335 335 335 335 335 335 335
11 13 327 332 331 329 326 324 323 322 332 340 341 340 340 339 338 337 336 333 334 334 333 333 332 332
11 14 323 327 326 325 323 320 319 318 328 336 337 337 338 337 336 335 335 332 332 332 332 331 330 330
11 15 322 326 325 324 322 319 318 317 326 335 337 336 337 335 334 333 333 330 330 329 329 328 328 328
11 16 321 323 322 321 319 317 316 315 324 333 334 334 334 333 332 332 331 328 328 327 328 327 326 325
11 17 320 322 320 320 317 315 314 313 322 330 332 331 331 331 330 329 328 325 325 324 324 323 323 322
11 18 319 319 317 316 314 311 310 310 318 326 329 328 328 328 327 326 325 322 322 321 322 321 320 319
11 19 315 316 315 313 311 309 308 308 316 325 328 327 327 327 326 326 325 321 321 321 322 320 320 319
11 20 314 316 314 313 311 309 308 307 315 323 328 327 328 328 326 326 325 320 321 321 321 320 320 319
11 21 315 316 314 314 312 311 310 309 316 326 330 331 331 331 330 329 328 323 324 323 323 321 321 320
11 22 318 317 315 314 312 311 309 309 316 325 329 329 329 329 327 327 326 321 321 321 320 319 318 317
11 23 316 313 312 311 308 307 306 305 312 321 326 326 326 326 324 324 323 318 318 317 316 315 314 313
11 24 314 310 309 308 306 305 303 303 309 318 323 324 323 323 321 321 320 315 315 314 313 311 311 309
11 25 312 306 305 304 302 301 299 299 306 315 319 320 320 319 317 317 316 311 311 311 310 308 308 306
11 26 309 304 302 302 300 299 297 296 303 313 317 318 317 317 315 314 313 308 308 307 306 304 305 303
11 27 305 301 299 298 297 296 294 294 299 310 314 315 314 313 311 311 309 304 304 304 303 301 301 300
11 28 303 298 296 294 293 292 290 290 296 305 309 309 309 308 307 306 305 299 299 299 298 296 297 296
11 29 301 295 293 292 291 289 288 287 293 302 306 306 305 305 303 302 301 296 296 296 295 293 294 292
11 30 298 291 289 288 287 285 283 283 287 297 301 301 300 301 298 298 297 292 292 291 290 287 288 287
12 01 293 285 284 283 281 280 278 277 282 291 295 295 295 295 293 292 291 286 286 286 284 282 283 282
12 02 286 279 278 276 275 274 272 271 275 285 289 289 290 290 288 287 286 281 281 282 280 278 279 278
12 03 282 275 275 274 273 271 270 269 273 283 287 287 288 288 286 285 284 280 280 280 278 276 277 276
12 04 281 272 272 271 270 268 266 265 269 278 282 282 283 282 281 280 279 276 276 276 273 272 272 272
12 05 277 268 269 267 267 265 264 263 266 275 278 278 278 278 277 276 275 271 271 271 268 266 267 266
12 06 271 262 262 260 260 258 256 256 259 268 271 270 270 271 269 269 268 264 264 264 261 259 260 260
12 07 266 256 257 255 255 254 252 251 254 263 266 266 266 266 265 265 264 260 260 260 257 255 257 256
12 08 263 252 252 251 250 249 247 247 250 259 262 263 263 264 262 262 261 258 258 258 255 254 255 255
12 09 262 249 250 248 247 246 244 243 246 255 258 259 260 261 260 259 258 255 256 256 253 252 253 252
12 10 260 248 248 246 246 244 242 242 245 254 257 258 259 260 260 259 258 255 256 255 252 251 251 250
12 11 258 246 246 244 243 241 240 240 243 251 255 255 257 257 257 256 255 252 252 252 249 247 247 246
12 12 254 242 242 240 239 237 236 236 239 247 250 251 253 254 253 253 252 249 249 248 245 243 243 242
12 13 249 237 237 236 235 233 232 232 234 243 246 248 248 249 249 248 246 243 244 244 240 238 238 237
12 14 243 232 232 231 230 228 227 227 230 239 243 245 245 245 245 244 243 240 240 239 237 234 234 233
12 15 239 230 230 229 228 227 226 226 229 238 242 244 244 244 244 243 242 238 239 238 236 234 233 232
12 16 237 229 229 228 227 227 226 227 230 239 243 245 245 246 246 245 244 240 240 239 236 234 234 233
12 17 237 230 229 229 229 228 228 228 231 239 243 245 245 246 246 245 243 240 240 238 236 233 233 232
12 18 235 229 228 227 227 226 225 226 228 236 240 242 242 242 241 240 239 236 235 234 232 229 229 227
12 19 228 224 223 222 222 222 221 221 223 232 236 237 237 238 236 236 234 231 231 229 227 225 224 223
12 20 222 220 218 218 217 216 216 216 218 227 231 233 233 234 233 233 231 229 229 227 226 224 223 222
12 21 220 218 217 217 216 216 215 215 217 226 231 233 233 234 233 233 232 229 229 227 226 224 223 222
12 22 220 219 218 217 216 216 215 215 216 226 231 233 233 233 233 232 231 228 228 226 226 223 222 221
12 23 218 217 217 216 215 214 214 213 214 222 226 228 228 228 227 227 225 223 223 221 220 218 217 215
12 24 212 213 212 212 210 210 210 209 210 219 223 226 225 226 225 225 224 222 221 220 219 217 216 215
12 25 210 212 212 211 209 209 208 208 209 218 222 225 224 225 224 224 223 220 220 218 218 215 215 214
12 26 209 212 211 210 209 209 208 208 209 217 221 224 224 225 225 224 223 221 220 218 218 215 215 214
12 27 209 212 211 210 209 210 209 208 209 218 222 225 226 227 226 226 224 222 221 220 219 217 217 215
12 28 211 213 213 212 211 211 210 209 210 218 223 226 226 228 228 228 226 224 223 221 220 219 218 217
12 29 212 215 215 214 213 212 211 211 212 220 224 227 228 229 228 228 226 224 223 222 220 219 219 218
12 30 210 215 214 213 212 211 210 210 211 219 223 226 227 228 229 229 227 225 224 223 221 220 220 219
12 31 211 216 215 214 212 211 210 210 211 218 222 224 225 226 226 226 224 222 221 220 219 218 217 216
