01 01 241 237 236 235 231 233 234 237 241 241 238 237 235 230 233 233 230 240 240 246 247 246 246 245
01 02 244 239 239 238 234 236 237 239 244 245 242 240 236 231 234 235 234 241 245 250 252 250 251 250
01 03 249 243 243 241 239 240 242 243 248 248 247 243 239 234 237 238 236 245 249 254 255 253 253 253
01 04 253 247 248 244 244 244 243 245 249 251 249 245 238 235 237 238 235 245 248 254 256 254 254 254
01 05 254 249 250 244 247 246 245 247 251 252 249 246 237 234 235 236 234 244 250 253 256 256 255 255
01 06 255 250 251 245 247 246 245 247 251 253 249 245 237 233 234 235 233 245 252 254 257 257 256 256
01 07 256 251 251 245 248 247 245 247 251 254 250 244 234 232 233 234 231 244 252 255 257 257 256 256
01 08 256 250 251 245 248 249 244 247 253 255 251 245 233 230 230 231 228 241 251 256 258 259 257 257
01 09 255 250 252 244 248 248 242 244 252 255 252 245 233 230 229 230 228 242 251 258 260 259 257 258
01 10 256 249 252 244 249 247 242 244 251 254 252 244 232 230 228 230 228 242 251 258 262 262 260 261
01 11 259 252 255 247 252 249 244 247 254 258 255 246 234 232 230 232 230 243 255 262 264 265 261 261
01 12 261 253 256 248 252 250 244 246 255 258 256 246 234 231 230 231 228 241 253 260 262 263 261 261
01 13 259 252 253 245 250 247 244 244 253 256 254 243 232 230 228 228 228 238 252 260 261 262 261 259
01 14 258 253 254 245 249 247 244 244 253 256 252 242 232 230 229 230 229 239 254 262 263 264 262 261
01 15 259 254 255 246 249 247 244 244 253 255 251 239 230 230 228 228 226 235 251 261 262 263 261 260
01 16 259 254 255 246 249 246 243 244 252 254 248 237 229 229 228 227 226 234 252 262 264 264 261 261
01 17 260 255 255 245 250 247 243 245 253 254 248 238 231 231 229 228 227 236 251 261 263 264 262 261
01 18 260 254 254 246 252 247 244 245 253 254 248 237 231 231 230 229 227 236 252 262 263 265 263 261
01 19 261 255 255 248 251 247 245 246 254 254 248 237 231 231 230 229 227 235 252 262 263 265 264 262
01 20 262 256 256 249 252 248 246 246 255 254 249 237 233 232 230 229 228 236 253 265 266 266 265 261
01 21 260 255 256 250 252 249 245 245 255 253 251 238 232 234 231 231 228 237 253 263 265 266 265 262
01 22 260 255 257 251 253 250 246 245 254 252 250 240 233 234 233 232 228 236 252 261 264 266 264 260
01 23 259 255 257 250 253 249 246 245 254 251 250 240 235 237 235 235 231 240 255 262 266 266 265 262
01 24 261 256 258 252 254 251 248 248 255 251 251 242 237 238 236 235 230 239 254 261 265 266 265 261
01 25 260 256 258 251 254 251 248 248 256 251 251 242 238 240 237 236 231 239 253 261 263 263 263 259
01 26 259 254 256 250 253 251 248 247 254 248 248 242 238 239 237 235 231 237 250 258 261 262 262 258
01 27 258 254 255 249 252 251 248 247 254 248 248 243 238 240 235 233 229 236 251 259 261 262 262 259
01 28 258 254 255 250 252 252 248 247 254 247 249 244 239 241 236 233 228 238 252 258 261 262 261 259
01 29 257 254 253 250 251 251 247 245 254 247 248 244 239 240 234 231 226 237 250 255 259 259 259 258
01 30 256 253 252 249 250 250 247 243 253 247 249 246 240 240 233 231 229 239 252 256 259 259 259 257
01 31 255 252 251 249 250 250 247 243 253 247 250 246 238 239 231 229 227 237 249 254 257 255 257 255
02 01 253 251 250 247 248 247 245 241 251 245 247 245 237 238 229 228 226 236 247 253 256 253 254 254
02 02 251 250 250 247 244 244 242 238 248 242 246 244 236 237 229 228 226 235 245 251 254 252 255 254
02 03 252 251 251 248 246 246 244 239 249 243 247 246 237 236 228 228 226 236 246 252 255 252 254 252
02 04 252 251 251 250 247 247 245 241 250 245 249 248 237 236 230 230 227 236 247 250 254 253 254 254
02 05 255 253 251 251 248 248 247 243 251 248 250 249 240 237 230 230 227 236 247 251 254 254 256 256
02 06 257 255 253 253 249 249 250 245 254 251 252 251 242 239 230 230 230 238 251 255 257 256 258 259
02 07 260 258 254 256 252 251 252 248 256 252 253 250 241 238 230 229 229 236 249 254 258 257 259 259
02 08 259 259 256 256 252 251 254 249 258 254 252 249 240 237 230 230 230 236 249 255 257 257 260 260
02 09 261 261 257 257 253 252 255 251 260 254 252 249 240 237 231 231 231 237 251 256 258 260 262 262
02 10 262 261 258 261 256 256 258 254 261 256 255 251 242 239 233 234 233 239 253 258 260 263 265 267
02 11 267 266 262 265 261 260 262 257 265 259 257 251 243 240 236 236 236 241 253 258 260 263 267 269
02 12 269 268 265 267 263 261 263 259 267 261 258 252 244 240 236 238 237 240 253 257 260 264 270 271
02 13 271 271 268 271 267 265 267 265 271 264 261 254 245 241 238 240 239 242 255 259 262 267 273 275
02 14 275 275 271 274 271 269 270 269 275 266 262 256 246 242 240 240 238 242 255 260 262 268 275 278
02 15 278 278 274 278 274 272 273 273 277 268 264 256 248 242 241 240 238 240 253 258 261 269 275 279
02 16 278 278 275 279 275 274 274 275 279 268 264 255 248 241 240 239 236 238 252 257 261 268 274 278
02 17 278 277 275 278 278 274 275 275 279 267 263 255 247 240 238 236 234 236 250 254 262 269 273 279
02 18 278 277 276 279 278 274 276 276 279 269 264 253 247 241 240 237 235 237 249 254 264 272 276 282
02 19 280 279 276 281 281 277 278 278 282 270 264 252 247 241 240 237 235 237 247 255 264 270 275 282
02 20 279 280 277 281 281 277 278 280 283 271 265 252 248 242 240 237 236 237 250 257 266 272 276 283
02 21 280 281 278 281 282 280 280 284 286 272 266 252 247 241 239 237 235 236 248 257 267 272 277 284
02 22 280 280 280 281 282 280 280 284 285 273 268 254 249 243 241 238 236 239 249 258 267 272 279 287
02 23 283 283 282 284 285 285 282 287 288 274 270 259 255 247 245 241 239 243 254 262 271 277 281 290
02 24 286 287 285 287 289 288 286 290 291 277 273 261 258 250 245 241 239 244 257 265 274 277 282 292
02 25 288 290 288 285 288 288 286 291 293 279 274 261 256 248 244 239 237 243 257 266 275 277 281 289
02 26 285 287 285 283 285 285 283 290 292 277 273 262 257 248 244 240 238 243 257 266 275 277 280 286
02 27 283 286 285 282 285 286 283 289 291 276 273 262 257 249 244 240 238 243 258 268 277 278 281 286
02 28 283 285 285 281 284 283 283 288 290 276 273 261 258 250 246 241 239 244 259 270 280 280 282 287
03 01 283 285 287 282 285 283 283 287 288 276 272 260 257 250 245 242 239 244 259 270 284 282 285 289
03 02 285 287 289 283 286 285 285 289 290 278 274 262 259 253 248 244 241 245 260 271 284 283 287 288
03 03 287 289 290 285 287 287 287 291 292 281 276 264 261 255 251 247 244 248 263 275 286 284 290 290
03 04 289 292 291 286 289 289 288 293 294 284 278 267 262 256 252 248 245 248 263 276 287 284 290 289
03 05 289 292 290 286 288 289 288 293 294 284 278 267 260 255 250 247 243 245 260 275 284 283 287 286
03 06 288 290 290 284 286 287 286 292 292 281 277 267 260 255 249 245 241 243 258 272 282 281 285 283
03 07 285 288 287 281 285 285 284 290 290 278 274 265 258 253 248 243 239 241 252 269 278 277 281 280
03 08 283 285 284 280 284 283 282 289 288 277 272 263 256 251 248 242 239 240 252 267 276 276 281 279
03 09 283 286 285 281 285 284 283 289 288 278 271 263 257 252 248 242 239 239 251 266 275 275 278 279
03 10 282 283 282 278 283 281 281 287 287 277 269 260 251 247 244 239 237 235 246 261 272 272 278 277
03 11 280 280 279 277 281 279 279 285 284 278 268 259 250 246 244 239 237 235 244 258 270 272 278 275
03 12 279 279 279 278 282 279 280 285 283 277 268 260 251 248 247 240 238 236 245 257 272 273 279 278
03 13 281 281 282 281 285 281 282 288 285 279 270 262 253 248 246 240 238 237 244 259 273 274 281 282
03 14 283 281 284 283 286 283 284 290 285 282 273 265 254 250 248 242 239 238 244 258 272 275 281 282
03 15 283 281 284 283 286 284 285 291 285 283 273 266 255 250 248 241 239 237 243 256 269 274 278 279
03 16 281 280 281 281 285 284 285 292 285 283 273 265 254 249 247 239 237 236 241 255 266 272 275 278
03 17 280 279 280 280 285 283 284 292 284 283 272 264 253 247 244 238 236 235 239 254 265 272 276 281
03 18 281 280 282 281 286 285 286 293 284 281 272 264 253 248 245 238 235 234 239 252 265 273 274 281
03 19 280 280 281 281 285 286 287 295 285 282 273 264 256 248 246 239 236 235 240 254 264 273 274 281
03 20 280 280 281 280 285 286 289 294 285 282 273 264 257 248 246 240 237 236 241 252 266 272 274 281
03 21 278 278 282 281 286 285 288 295 283 282 271 263 256 247 245 239 236 236 241 254 267 272 278 283
03 22 281 280 284 283 286 286 289 296 283 281 270 262 255 247 245 240 237 237 242 251 264 270 275 281
03 23 279 278 284 281 284 283 287 293 281 279 269 260 254 245 242 239 234 235 240 248 260 266 272 278
03 24 276 276 281 279 282 281 284 291 279 275 266 257 252 243 240 236 231 232 237 244 256 263 270 275
03 25 274 275 281 279 281 280 283 289 277 273 265 256 253 245 242 238 232 234 238 245 256 263 269 275
03 26 274 276 281 279 281 281 285 291 278 272 265 255 254 245 242 239 233 235 239 248 259 263 269 275
03 27 274 275 281 280 282 280 285 292 279 271 264 254 253 242 240 238 232 233 237 247 255 261 267 273
03 28 274 275 279 279 282 281 287 293 280 272 263 253 251 242 240 238 232 233 237 245 253 259 265 273
03 29 274 276 279 280 282 282 287 293 280 271 261 251 250 241 238 236 230 231 236 243 251 256 262 270
03 30 273 276 279 278 281 280 286 292 280 269 260 250 249 240 238 237 232 233 237 245 254 257 264 272
03 31 274 277 280 279 280 279 284 290 280 269 259 249 250 241 239 238 233 234 238 245 253 255 263 270
04 01 272 276 278 278 278 278 283 287 278 267 261 250 251 242 241 239 234 234 238 247 254 255 262 268
04 02 270 274 277 277 278 277 282 285 277 267 260 248 248 240 239 237 233 232 236 244 250 252 262 265
04 03 269 272 275 276 277 275 280 283 275 264 257 246 245 238 236 235 231 230 233 240 247 249 258 261
04 04 266 269 272 273 274 273 277 282 274 263 255 245 245 239 236 234 230 229 232 241 245 248 257 261
04 05 265 268 272 272 274 274 278 279 274 262 256 245 244 238 236 234 229 227 230 236 243 246 253 258
04 06 263 266 270 271 273 273 278 278 273 260 255 243 242 237 235 232 228 226 229 237 243 246 254 258
04 07 263 268 272 272 274 273 279 279 274 261 256 246 244 239 237 234 229 227 230 239 245 248 254 258
04 08 263 268 272 273 277 275 282 281 276 265 258 248 245 240 238 235 231 227 231 240 246 248 254 257
04 09 263 269 273 274 278 276 282 281 277 266 259 248 245 240 238 234 231 227 230 239 244 248 254 258
04 10 263 269 274 273 278 275 282 280 276 265 258 248 243 239 236 233 229 226 227 235 241 247 254 258
04 11 263 269 273 273 278 276 282 280 274 265 257 247 243 239 236 232 229 225 226 235 239 244 250 256
04 12 261 267 271 270 276 274 279 278 272 263 256 246 241 237 234 231 227 224 224 235 239 245 249 256
04 13 261 266 271 269 275 272 280 276 271 262 256 246 242 237 234 230 228 224 226 237 241 246 251 258
04 14 261 266 273 271 276 274 282 277 272 262 255 246 242 237 234 230 227 224 225 235 240 246 249 257
04 15 260 266 272 270 276 274 281 277 271 262 255 247 242 237 234 231 227 225 226 236 241 248 250 259
04 16 262 267 274 272 278 275 283 280 273 263 256 249 244 239 235 232 228 226 227 235 240 248 251 260
04 17 264 268 274 271 277 274 283 280 273 264 258 251 247 242 238 235 231 229 229 237 243 249 252 261
04 18 265 269 276 273 279 276 286 281 275 267 261 253 249 245 241 238 233 231 231 238 243 250 252 262
04 19 266 270 277 275 282 278 288 282 276 268 262 255 251 246 243 239 235 233 232 239 244 251 253 263
04 20 266 271 275 274 281 278 287 283 277 269 263 257 253 249 245 241 236 235 235 243 247 254 255 265
04 21 267 272 276 275 284 280 289 283 277 271 265 259 255 250 246 242 238 237 237 244 248 255 256 266
04 22 268 272 276 274 284 282 290 284 278 273 267 260 256 251 248 244 240 238 238 246 250 256 256 266
04 23 268 271 275 273 281 279 288 282 277 272 267 262 258 253 250 246 242 240 240 247 251 257 256 267
04 24 268 270 274 272 280 279 288 283 277 271 269 263 259 254 250 247 243 241 241 247 251 255 254 266
04 25 267 269 273 272 279 279 288 282 278 274 269 264 260 255 251 248 244 242 243 249 252 256 255 265
04 26 267 270 274 272 278 278 288 281 279 274 271 266 263 259 255 251 248 246 247 251 255 260 259 266
04 27 268 271 276 273 278 278 287 280 278 276 272 268 266 261 258 255 252 248 249 251 256 259 259 264
04 28 266 268 273 271 276 277 285 279 277 276 272 268 266 263 260 257 254 250 250 251 255 258 259 264
04 29 266 267 270 269 274 276 284 278 277 276 274 270 268 264 261 258 255 251 251 252 256 258 260 265
04 30 266 267 271 271 275 277 286 279 278 277 276 271 269 266 263 260 256 253 253 253 257 260 261 265
05 01 266 266 269 270 275 277 286 278 278 278 277 272 270 266 264 261 257 254 254 254 256 259 260 263
05 02 264 265 270 271 276 278 285 279 279 279 277 272 271 267 264 262 257 255 254 254 256 258 259 263
05 03 264 265 268 269 274 276 283 278 278 280 276 271 270 267 263 261 257 255 255 256 258 260 262 266
05 04 267 268 271 271 273 275 282 278 278 280 276 272 271 267 263 262 258 256 256 257 260 263 264 269
05 05 270 271 274 274 274 277 285 281 280 282 278 273 272 269 265 263 261 258 257 258 261 264 265 270
05 06 271 272 275 274 274 277 285 283 282 284 281 276 274 271 267 267 263 261 260 261 263 265 266 270
05 07 271 272 274 275 274 277 286 283 284 286 283 278 277 274 270 269 266 264 262 262 265 267 269 273
05 08 274 274 276 277 276 281 289 287 287 289 286 281 280 277 273 272 268 266 264 264 266 269 270 275
05 09 276 276 278 279 278 283 291 289 290 291 288 283 282 279 276 274 270 268 265 266 269 271 273 276
05 10 277 279 281 282 281 286 293 291 291 293 289 285 283 280 276 274 270 268 266 266 268 271 272 276
05 11 276 279 281 284 283 288 295 293 293 294 291 286 284 280 276 275 270 268 265 267 268 271 273 277
05 12 277 280 282 285 285 289 297 296 296 297 293 288 285 281 278 276 271 269 267 267 269 272 274 278
05 13 280 283 285 288 287 292 300 299 299 298 295 289 286 282 278 276 271 269 267 267 269 272 274 278
05 14 280 284 286 289 289 294 301 301 301 299 297 291 288 284 280 278 272 270 267 268 269 271 273 276
05 15 278 282 284 288 288 291 299 300 301 300 298 292 289 285 281 278 273 270 266 267 268 269 271 275
05 16 278 282 285 287 287 291 300 301 303 301 299 293 290 287 283 280 275 273 270 269 270 273 274 279
05 17 282 285 286 289 289 293 303 304 304 304 302 296 293 290 287 283 278 276 272 270 272 274 275 280
05 18 284 286 288 291 292 296 306 307 308 308 306 300 296 293 290 286 282 279 275 271 273 274 276 280
05 19 284 287 288 293 294 298 309 310 311 311 309 303 299 295 293 289 284 281 276 272 273 273 274 278
05 20 282 285 287 292 294 298 310 311 313 313 311 306 302 298 296 292 286 283 278 274 274 275 276 280
05 21 285 288 290 296 298 302 313 315 316 316 314 308 304 300 298 294 288 285 280 275 275 276 277 281
05 22 288 290 292 298 300 304 315 316 318 317 315 309 304 300 297 294 288 285 279 275 275 276 277 280
05 23 286 289 292 297 299 303 314 315 316 316 315 309 304 299 297 294 289 286 281 277 277 278 279 283
05 24 289 291 294 299 301 305 316 317 318 317 316 311 305 301 299 296 291 289 283 278 279 279 281 285
05 25 291 292 295 300 301 305 317 319 321 319 318 313 308 304 302 299 295 292 286 281 282 282 283 287
05 26 293 293 296 299 301 305 318 320 322 321 320 315 310 307 305 302 297 295 289 284 285 284 285 288
05 27 295 294 296 299 301 306 319 321 323 323 322 317 313 310 308 305 300 297 292 287 287 287 287 290
05 28 295 294 296 299 301 306 319 322 326 326 325 320 316 313 311 309 303 300 294 290 290 290 290 292
05 29 298 296 298 301 303 308 321 324 328 328 327 322 319 316 314 311 306 303 297 293 294 293 293 296
05 30 301 300 302 303 306 311 324 328 331 331 330 325 321 319 317 314 309 306 301 296 297 296 296 299
05 31 303 303 304 306 309 313 326 330 333 333 332 327 323 320 318 315 309 306 301 297 297 296 295 298
06 01 303 303 304 307 309 313 326 330 333 334 333 328 324 320 318 315 310 307 302 298 298 297 296 298
06 02 303 305 306 307 309 313 326 330 334 333 333 328 325 322 319 316 311 308 303 299 298 297 296 299
06 03 303 305 306 307 309 313 326 330 333 333 333 328 326 322 319 317 311 308 303 299 298 297 296 299
06 04 303 304 305 306 308 313 325 330 333 333 332 328 325 322 319 316 310 307 302 299 298 297 295 299
06 05 302 303 304 305 307 312 324 329 332 333 332 328 325 322 319 316 310 307 303 299 297 296 294 297
06 06 300 301 303 303 305 310 324 329 332 334 332 328 326 323 320 317 311 309 305 301 299 298 296 298
06 07 300 301 303 303 306 311 324 330 333 335 334 329 328 325 322 319 311 308 305 301 298 298 295 297
06 08 298 300 301 301 304 309 322 329 333 335 334 329 328 326 323 320 312 309 306 303 298 298 294 295
06 09 297 298 299 299 302 307 320 327 332 335 334 329 328 326 323 320 311 308 305 301 297 297 292 293
06 10 294 295 297 297 299 305 318 326 330 334 333 328 327 325 322 319 311 308 305 301 297 296 292 293
06 11 294 295 296 297 299 305 318 326 330 333 332 328 326 324 322 318 311 307 304 300 295 295 290 291
06 12 293 295 296 297 299 304 317 325 329 332 331 327 325 323 321 318 310 306 304 299 294 293 288 289
06 13 290 292 294 295 297 303 316 324 328 332 330 326 324 322 320 317 309 305 303 297 291 291 287 288
06 14 289 290 292 294 296 301 314 323 327 331 330 325 323 321 319 316 308 305 302 296 289 288 283 284
06 15 285 288 289 291 292 298 312 321 326 330 329 326 323 322 320 317 309 305 302 295 289 287 282 282
06 16 283 285 286 289 289 296 310 319 324 329 328 325 322 322 320 317 308 304 301 294 289 287 282 282
06 17 282 284 285 287 288 294 309 319 325 330 329 326 324 323 321 318 309 306 303 295 290 288 282 283
06 18 282 283 285 287 288 294 309 318 325 329 328 326 323 323 322 319 310 308 305 297 291 288 283 284
06 19 283 284 285 288 288 294 309 319 325 330 329 327 325 325 324 321 313 311 307 298 292 289 283 284
06 20 283 283 285 288 288 294 309 319 326 331 329 328 326 327 326 324 315 314 309 301 294 292 286 287
06 21 285 286 287 290 289 295 309 319 327 332 331 331 328 330 329 326 318 317 312 303 297 294 287 288
06 22 287 288 289 292 291 295 310 321 328 334 332 332 330 332 331 329 322 321 315 306 300 295 289 290
06 23 289 290 291 293 292 296 311 321 329 335 334 334 332 333 332 331 323 322 317 307 300 296 290 291
06 24 290 292 292 295 294 298 313 323 331 337 336 337 335 336 335 333 326 325 319 309 302 298 293 294
06 25 293 295 296 298 297 301 316 327 334 340 339 340 338 339 338 336 329 329 322 312 305 300 295 296
06 26 294 296 298 301 299 303 318 329 337 342 342 343 342 342 341 340 333 333 326 314 307 302 298 299
06 27 296 298 300 303 301 306 321 332 339 343 343 345 343 344 342 341 335 335 327 316 309 305 300 302
06 28 300 301 303 305 303 307 322 332 340 344 344 346 345 345 345 343 338 338 330 320 313 308 303 306
06 29 304 305 306 308 306 310 325 336 342 347 347 349 348 349 348 347 342 341 334 323 316 312 307 310
06 30 308 309 310 313 310 315 329 340 346 350 350 352 352 352 351 351 346 346 338 327 320 317 312 314
07 01 313 314 315 318 316 321 335 346 352 356 356 357 357 357 357 357 352 352 344 333 325 323 318 320
07 02 319 320 320 324 321 327 341 351 356 360 360 360 361 361 361 362 356 355 348 338 330 327 322 324
07 03 324 326 326 329 326 332 346 355 361 365 364 365 365 365 366 366 361 359 352 342 335 333 328 329
07 04 329 331 331 333 331 336 350 360 366 369 368 369 370 370 370 370 365 363 357 346 339 337 333 335
07 05 334 337 337 338 336 341 355 364 370 374 373 373 374 374 373 373 368 366 360 350 342 340 336 338
07 06 338 341 341 342 340 345 359 368 374 376 375 376 377 376 375 375 370 368 361 351 344 342 338 341
07 07 341 343 343 345 342 347 362 370 376 379 378 378 379 378 378 378 372 371 363 354 348 346 342 347
07 08 346 349 348 350 348 353 367 376 381 383 383 383 383 382 383 382 377 375 368 359 353 352 348 352
07 09 351 354 353 355 353 358 371 380 386 388 387 387 387 386 387 387 381 380 372 365 359 357 354 358
07 10 358 360 360 361 359 363 377 385 390 392 391 391 391 389 390 389 383 381 374 367 361 360 357 362
07 11 362 364 364 364 363 367 380 387 393 395 393 393 393 392 393 391 385 384 377 370 365 364 361 366
07 12 367 369 368 369 367 370 383 391 397 399 398 398 398 398 398 395 389 387 381 375 370 370 366 370
07 13 371 373 372 374 373 376 389 396 402 405 402 402 403 402 402 400 393 392 385 379 374 374 371 374
07 14 376 378 378 379 378 381 393 400 406 409 407 407 409 408 407 405 398 397 390 383 380 379 377 379
07 15 381 383 383 383 383 385 397 403 409 411 410 410 411 410 409 407 400 399 393 387 384 384 381 384
07 16 385 387 387 388 387 389 401 406 412 414 412 413 414 413 411 408 402 400 394 389 387 386 385 387
07 17 388 390 391 391 391 392 404 408 414 417 416 416 415 414 413 410 404 402 396 391 389 390 388 391
07 18 392 393 393 394 394 396 406 411 416 418 418 418 418 416 415 411 405 402 396 391 390 390 389 392
07 19 394 395 396 396 397 399 409 413 417 420 420 420 418 417 416 412 406 402 396 393 392 393 392 394
07 20 396 397 399 400 401 402 411 415 419 421 422 421 420 418 417 414 408 404 398 395 396 396 395 397
07 21 399 400 402 403 405 406 415 418 422 424 425 424 422 421 420 417 412 407 401 398 399 400 400 401
07 22 404 405 407 408 409 411 419 422 426 427 427 426 424 423 422 418 412 407 402 399 399 400 400 401
07 23 405 406 408 409 411 412 421 424 427 428 428 426 424 422 421 417 412 407 401 398 398 400 399 402
07 24 405 406 409 410 412 413 422 425 427 429 428 426 424 423 422 418 413 407 402 398 398 400 399 401
07 25 404 405 407 409 412 413 421 425 427 429 429 426 425 423 423 420 415 409 403 399 399 400 399 402
07 26 405 406 408 410 412 414 422 425 428 430 429 427 425 423 422 420 414 408 403 399 400 400 400 402
07 27 405 406 409 411 414 415 423 426 428 430 429 427 423 421 420 419 413 408 403 399 400 399 401 403
07 28 406 407 410 411 414 415 422 426 428 428 428 425 420 418 417 416 410 405 399 396 397 396 398 400
07 29 403 405 407 408 412 414 421 425 425 426 427 424 418 415 414 413 407 402 397 394 395 394 396 399
07 30 401 403 405 406 409 413 419 422 423 423 424 421 415 413 412 411 404 399 394 392 392 391 393 396
07 31 399 400 403 404 407 410 417 421 421 422 422 419 412 411 409 408 402 397 391 388 388 388 389 392
08 01 395 397 400 401 404 407 414 418 419 420 420 418 412 409 408 407 400 396 390 387 387 386 388 392
08 02 394 396 398 399 403 405 413 417 418 419 421 418 413 410 410 409 402 399 393 389 389 388 389 393
08 03 395 397 400 401 403 406 414 419 419 420 423 420 415 412 411 409 401 400 395 391 390 388 390 394
08 04 395 397 400 401 403 406 414 419 420 421 423 421 416 413 411 409 401 399 395 390 388 388 389 395
08 05 396 398 400 401 403 406 414 419 420 421 423 422 416 413 411 409 400 399 395 390 388 387 389 394
08 06 395 397 399 400 402 406 413 419 419 420 423 422 416 413 411 409 400 399 395 390 389 388 389 395
08 07 395 398 399 402 402 406 413 419 419 421 424 423 417 414 411 409 400 400 396 391 390 388 390 395
08 08 396 399 399 402 403 407 414 420 420 421 425 424 418 414 410 409 400 400 396 391 390 388 390 395
08 09 396 399 400 402 402 407 414 420 420 422 425 425 419 416 411 409 400 400 395 390 390 389 391 396
08 10 397 399 400 403 403 408 416 422 422 424 427 427 422 419 412 410 401 401 395 391 391 390 391 396
08 11 397 399 400 403 403 409 416 421 421 423 426 426 422 419 412 410 401 401 395 391 390 390 390 396
08 12 396 398 399 403 403 409 416 421 421 424 428 426 423 419 413 411 402 402 397 393 393 393 393 398
08 13 399 400 402 406 405 410 418 423 423 425 428 427 424 420 414 412 403 404 399 395 394 395 394 400
08 14 399 400 402 407 405 410 418 423 424 427 429 428 424 421 415 412 404 405 399 395 395 395 394 399
08 15 399 400 402 406 404 409 416 421 422 426 428 428 425 422 416 414 405 406 401 397 397 398 397 402
08 16 402 403 404 408 406 411 418 423 425 427 429 428 425 422 416 414 406 406 401 397 397 398 396 401
08 17 402 403 404 408 407 411 418 423 425 428 428 426 423 421 413 412 404 405 399 395 396 397 395 400
08 18 401 401 402 406 405 409 416 420 422 425 425 424 421 418 411 411 404 404 399 396 397 398 396 402
08 19 403 403 404 407 406 410 417 421 424 426 425 423 420 417 411 409 404 403 398 395 398 399 397 402
08 20 403 403 404 407 406 411 418 422 424 425 426 423 419 416 410 408 401 401 395 393 395 397 395 400
08 21 401 401 402 405 405 409 415 419 421 423 423 421 417 414 408 406 400 400 394 392 394 395 392 397
08 22 398 398 399 402 402 406 412 416 418 420 420 418 414 411 405 404 398 397 391 390 392 394 391 395
08 23 396 396 398 400 401 404 409 413 415 417 417 415 411 409 403 401 396 395 389 388 390 392 389 394
08 24 394 395 396 399 400 403 408 411 413 415 416 413 409 406 401 398 393 392 387 386 386 388 386 390
08 25 391 392 393 396 396 399 403 406 408 410 411 409 405 402 398 395 391 390 385 384 385 387 385 389
08 26 390 391 393 395 395 397 401 405 408 411 412 409 405 402 399 395 390 389 385 384 385 386 385 389
08 27 390 391 393 395 394 397 401 405 409 411 411 410 406 403 399 395 391 389 384 383 384 385 384 389
08 28 390 391 392 395 394 396 400 405 408 411 411 410 407 404 399 395 391 389 385 384 384 386 385 389
08 29 390 392 393 395 395 398 401 406 409 412 412 411 407 404 399 395 391 389 385 385 385 387 386 390
08 30 391 392 394 396 397 399 402 408 410 412 413 411 407 403 400 395 390 389 384 383 383 384 383 388
08 31 389 390 391 394 394 396 399 405 408 410 411 410 406 402 398 393 388 387 382 381 382 383 381 386
09 01 387 388 390 392 391 394 397 403 404 408 409 409 405 402 397 392 386 385 380 379 379 379 379 383
09 02 384 385 388 389 389 392 394 400 403 407 408 407 403 400 396 391 385 382 378 376 375 375 375 379
09 03 380 381 384 385 384 386 389 396 398 403 404 404 400 398 393 388 383 379 375 373 371 371 372 375
09 04 376 377 379 381 379 380 383 390 392 397 398 398 395 392 388 384 379 376 372 369 367 368 368 371
09 05 372 373 376 377 375 377 380 387 389 394 395 395 392 388 383 379 374 371 367 365 364 364 365 368
09 06 368 370 372 373 372 373 376 384 386 390 391 391 388 383 379 374 370 366 363 360 358 358 359 362
09 07 363 364 366 367 365 367 370 378 381 386 388 387 383 380 375 371 365 362 359 356 354 354 355 358
09 08 359 360 361 362 360 362 364 373 375 380 383 382 378 375 371 367 361 359 355 352 350 350 352 354
09 09 355 356 358 358 356 359 362 370 373 377 379 378 375 371 367 364 358 356 352 348 347 347 349 351
09 10 352 353 354 354 353 355 358 367 370 374 376 375 371 367 363 360 354 352 348 344 344 344 345 347
09 11 348 349 351 351 349 351 354 363 366 370 372 371 367 364 360 357 351 348 343 339 339 339 340 342
09 12 343 344 346 345 344 346 349 358 361 365 368 366 362 359 355 352 346 344 338 334 333 334 335 337
09 13 339 340 342 341 340 342 346 354 358 362 365 364 360 356 352 350 343 341 335 332 330 331 331 334
09 14 336 337 338 338 336 338 342 350 355 359 362 360 357 353 349 346 340 338 333 329 328 329 329 331
09 15 333 334 336 336 334 336 339 348 352 355 359 357 354 350 347 344 337 335 330 328 326 327 329 330
09 16 332 333 335 335 333 335 338 347 351 354 357 356 352 347 345 342 336 334 329 326 324 326 327 329
09 17 330 331 332 332 331 333 336 345 349 351 355 353 349 345 343 341 334 332 326 323 322 324 324 326
09 18 328 328 330 330 329 331 334 343 347 350 353 352 349 344 342 340 333 332 325 322 321 323 323 325
09 19 326 327 328 328 327 330 333 342 346 349 353 353 349 346 344 342 334 332 325 323 321 322 323 324
09 20 326 326 327 328 327 330 332 341 346 350 354 354 350 347 345 344 336 335 327 324 322 322 323 325
09 21 326 327 328 328 328 330 332 341 345 349 354 354 351 348 346 344 336 335 327 325 323 323 324 326
09 22 327 328 329 329 329 332 331 341 345 349 354 354 351 348 347 344 337 335 327 325 324 324 324 326
09 23 327 328 329 329 329 332 332 343 346 351 355 354 351 349 347 345 337 335 327 327 326 326 325 328
09 24 329 330 330 331 330 332 333 343 347 351 357 356 353 350 349 345 337 335 327 327 326 327 325 329
09 25 330 331 332 332 331 333 334 344 346 351 356 356 353 351 349 346 338 336 328 328 326 327 326 329
09 26 330 330 332 333 332 334 334 344 345 350 356 355 352 350 349 345 337 335 328 328 327 327 327 330
09 27 332 332 334 335 334 337 336 346 346 349 355 354 352 349 347 344 336 333 327 328 326 326 325 328
09 28 331 331 333 334 333 335 335 344 343 347 352 352 349 346 345 341 333 330 324 325 324 324 323 325
09 29 327 329 331 333 331 334 334 341 341 344 349 349 346 344 342 337 330 326 321 322 321 321 320 322
09 30 324 326 327 329 328 331 330 337 338 342 346 346 343 340 338 333 327 323 317 318 316 317 315 317
10 01 319 322 324 325 324 327 326 333 334 337 341 341 338 336 334 329 322 318 312 313 313 312 310 313
10 02 316 320 322 323 322 325 323 330 329 331 337 336 334 332 329 324 318 314 308 309 309 308 306 310
10 03 312 316 318 319 319 321 320 327 326 328 332 331 329 327 324 319 313 310 304 305 305 304 303 308
10 04 310 314 316 318 316 319 317 324 321 323 327 326 324 323 319 314 309 305 301 302 302 303 302 306
10 05 311 313 316 317 314 316 316 323 319 321 324 322 321 318 315 310 304 300 296 298 299 301 300 304
10 06 308 311 313 314 311 314 313 319 316 318 321 320 317 315 311 306 300 296 293 295 295 298 297 302
10 07 306 308 310 311 308 311 312 317 314 316 319 316 313 311 307 303 297 293 290 293 293 295 295 300
10 08 303 306 309 310 307 310 311 315 310 312 315 313 311 309 302 298 295 291 286 288 288 292 291 296
10 09 299 301 305 307 304 306 305 311 305 307 310 308 305 303 297 294 291 287 282 284 285 287 288 294
10 10 296 298 301 302 300 303 302 306 301 302 304 303 301 299 292 290 286 282 277 280 281 283 284 290
10 11 293 295 297 297 294 297 299 301 296 298 302 301 299 297 290 288 285 281 276 278 278 281 282 287
10 12 289 291 293 294 291 293 296 299 293 296 299 299 297 296 289 287 283 280 273 276 276 279 280 286
10 13 287 289 291 293 290 292 294 299 290 294 297 297 296 294 288 286 283 279 272 273 274 279 281 286
10 14 288 288 290 292 288 289 293 297 288 291 294 295 294 292 287 285 283 279 272 273 274 279 280 286
10 15 288 288 290 293 289 290 293 297 287 290 293 293 292 291 286 285 282 279 272 273 273 278 280 287
10 16 288 288 290 292 288 289 293 296 285 290 293 294 294 292 286 285 283 280 273 275 274 280 282 288
10 17 291 289 290 292 288 289 294 297 287 291 294 296 295 293 287 286 284 281 274 276 276 282 284 290
10 18 292 291 291 293 289 289 294 296 286 291 295 296 295 294 287 285 283 280 274 276 275 282 283 289
10 19 291 290 290 292 289 289 294 296 287 292 295 296 295 293 286 285 282 280 273 274 275 280 281 287
10 20 289 288 288 291 290 290 294 296 287 290 293 295 293 292 285 284 282 280 275 276 276 281 283 288
10 21 289 289 290 294 292 292 296 299 289 292 295 296 294 292 286 286 283 283 277 278 279 285 286 290
10 22 293 294 295 298 295 294 299 301 292 295 295 297 295 293 287 287 285 286 280 281 282 288 289 293
10 23 297 297 296 300 297 295 300 303 294 297 297 298 296 294 290 290 286 287 285 285 286 290 291 296
10 24 299 300 298 302 299 298 302 304 297 300 298 299 296 295 290 290 286 287 286 285 286 290 292 296
10 25 299 299 296 301 301 299 303 307 299 300 298 299 295 294 289 290 287 287 287 285 286 291 292 298
10 26 299 299 298 302 303 301 304 307 298 299 296 295 292 290 286 286 283 283 284 284 284 290 290 296
10 27 297 298 296 299 300 298 299 302 296 295 292 291 287 285 281 282 279 280 282 281 282 288 288 294
10 28 294 296 294 295 297 295 296 299 293 291 287 286 283 281 277 278 276 277 280 279 281 285 283 289
10 29 289 291 290 292 294 293 292 295 290 289 284 283 279 278 274 275 272 273 277 277 279 284 281 288
10 30 288 290 289 289 292 292 290 293 288 286 282 280 277 275 271 272 269 270 274 276 278 283 281 286
10 31 287 288 287 289 292 292 289 292 289 285 280 278 274 273 269 271 268 268 273 276 278 282 279 285
11 01 284 286 286 289 292 293 290 293 290 286 279 276 273 271 267 269 266 266 273 275 278 281 278 285
11 02 284 286 286 289 292 293 291 294 289 285 278 274 270 269 268 268 265 266 272 275 278 281 279 285
11 03 283 286 286 289 293 294 292 295 290 285 279 275 270 268 268 269 266 267 274 276 280 284 280 287
11 04 284 288 288 289 293 293 292 294 291 287 281 277 272 270 270 271 268 269 275 275 280 285 280 288
11 05 287 288 288 289 293 293 291 292 289 285 279 276 272 270 270 270 267 268 274 274 279 284 279 286
11 06 283 286 285 286 290 290 288 291 288 282 279 276 272 268 269 268 265 267 273 273 278 282 277 282
11 07 279 283 283 283 288 289 286 289 286 281 277 274 271 267 267 266 263 265 268 269 274 278 273 278
11 08 275 278 279 278 285 284 284 284 282 277 275 271 268 264 264 264 261 264 267 268 272 277 270 276
11 09 274 277 279 278 283 281 280 279 280 276 273 270 267 263 264 262 260 263 266 267 271 274 271 273
11 10 273 277 276 277 280 279 279 278 280 276 273 271 268 265 265 264 261 265 268 269 272 275 274 275
11 11 276 279 279 278 281 281 281 279 282 279 277 273 268 265 265 264 261 265 269 270 274 275 273 274
11 12 275 277 277 277 280 280 280 277 282 278 277 272 267 263 263 261 258 264 269 271 272 275 274 275
11 13 275 278 278 275 279 279 280 278 283 280 279 274 268 262 263 262 258 266 272 271 272 274 274 275
11 14 274 276 277 275 278 277 279 277 284 280 279 273 267 261 262 261 258 266 273 270 272 274 274 275
11 15 273 275 276 274 276 275 278 276 280 279 277 271 265 258 260 259 256 266 271 267 268 272 271 272
11 16 271 271 272 268 272 271 274 271 276 275 275 266 259 253 257 255 252 262 268 264 265 269 268 268
11 17 266 266 267 263 267 266 268 265 272 270 269 263 256 248 251 250 248 257 265 262 262 266 264 263
11 18 263 265 263 260 263 261 262 259 267 266 265 259 251 244 246 245 242 252 260 258 257 260 259 257
11 19 257 258 257 255 257 257 256 254 261 261 259 253 244 235 238 238 234 246 253 254 252 253 253 250
11 20 249 251 250 248 251 251 251 248 255 256 253 246 237 226 231 230 227 240 249 249 247 249 249 245
11 21 245 247 246 244 247 248 247 243 251 252 249 242 232 222 228 226 224 234 243 244 244 244 243 241
11 22 240 242 241 238 240 240 241 238 246 246 243 235 225 217 223 222 219 229 241 241 241 241 241 240
11 23 239 243 240 237 238 239 238 238 246 245 242 235 224 217 223 222 219 229 241 241 241 240 240 238
11 24 237 240 237 235 236 238 236 237 244 244 241 233 222 214 220 220 215 227 238 238 241 240 237 235
11 25 236 238 236 234 234 236 235 236 243 243 239 230 220 211 217 217 212 225 235 236 239 237 234 230
11 26 230 234 231 231 231 232 231 233 240 239 235 226 217 208 214 214 210 224 234 234 237 236 234 230
11 27 230 234 231 231 231 232 231 232 239 240 234 226 216 206 212 212 208 223 232 232 236 235 232 229
11 28 230 233 230 231 230 229 229 230 236 237 232 221 213 204 209 208 205 222 230 232 236 235 232 227
11 29 229 234 230 230 231 230 230 230 236 239 234 223 213 205 210 208 205 223 232 234 238 236 234 229
11 30 230 236 233 233 233 232 232 232 239 241 235 224 214 207 211 209 206 224 232 236 240 238 236 232
12 01 233 238 235 235 234 233 233 234 240 240 234 224 216 209 212 209 206 224 232 238 242 238 236 233
12 02 234 239 237 237 236 234 235 235 242 244 237 226 217 211 214 211 208 226 235 238 242 238 237 234
12 03 235 239 238 237 236 236 237 239 245 246 236 226 219 212 215 211 210 226 237 240 245 241 239 237
12 04 238 243 241 240 239 239 240 241 248 248 240 228 221 216 217 214 214 230 241 244 249 245 243 242
12 05 242 245 244 243 243 242 243 245 252 250 243 230 223 220 219 216 216 234 245 248 252 248 246 246
12 06 246 247 246 246 245 245 245 246 254 252 245 231 223 222 221 219 217 236 248 250 253 250 249 248
12 07 248 248 248 248 249 248 246 247 255 255 247 234 225 223 222 219 218 239 249 252 254 250 250 248
12 08 248 248 249 249 250 249 247 248 256 254 247 233 225 222 222 217 216 238 250 252 254 250 249 248
12 09 249 248 250 250 250 249 248 248 255 254 247 233 224 222 221 216 216 237 250 253 253 251 250 249
12 10 247 247 249 248 249 248 246 247 254 251 245 232 224 221 220 216 216 236 250 252 253 250 249 250
12 11 246 248 250 249 248 247 246 248 255 252 245 233 226 223 222 218 218 237 249 252 254 251 251 251
12 12 247 248 252 251 249 249 246 250 256 253 246 236 227 225 224 221 221 239 253 255 257 253 253 253
12 13 248 250 253 250 248 250 247 249 256 254 246 237 228 226 226 222 222 238 252 254 256 253 251 253
12 14 249 248 252 251 247 249 246 249 255 251 242 234 224 223 222 219 220 234 249 251 252 250 249 251
12 15 245 244 247 247 244 246 243 246 251 246 239 232 222 220 219 215 216 231 245 247 247 248 247 247
12 16 242 243 245 245 240 242 240 243 249 245 239 231 220 218 218 214 215 230 244 245 245 247 246 245
12 17 240 241 243 242 238 240 237 239 246 241 236 229 219 216 217 214 215 231 244 245 245 246 245 244
12 18 239 239 240 240 236 237 234 236 242 238 235 227 218 215 216 213 212 230 242 242 240 243 241 240
12 19 235 235 237 236 230 233 230 232 239 235 231 225 216 214 215 211 210 227 238 239 238 240 238 238
12 20 231 233 232 231 224 229 227 229 236 232 228 224 217 214 216 212 212 226 237 238 236 238 237 236
12 21 230 230 229 228 221 225 225 227 233 229 225 223 219 215 217 213 214 227 236 239 235 238 237 238
12 22 230 231 230 229 222 226 227 229 235 230 227 226 222 218 220 216 217 227 235 239 237 240 239 238
12 23 231 232 231 229 221 225 227 228 234 231 226 226 224 219 221 218 220 228 235 239 238 240 240 239
12 24 232 234 231 230 221 224 228 228 233 231 226 224 225 220 223 220 221 230 235 238 237 239 239 238
12 25 233 233 231 231 222 225 229 229 234 233 228 225 224 220 225 221 221 228 234 238 236 239 239 239
12 26 235 233 230 231 222 227 231 229 234 233 228 225 223 219 224 220 220 227 235 238 235 238 238 237
12 27 234 233 228 229 220 225 229 227 232 230 226 222 223 219 223 219 219 228 232 235 234 236 237 237
12 28 233 231 228 229 222 225 228 229 233 230 227 225 225 221 225 222 222 230 234 237 238 238 238 239
12 29 236 234 232 231 225 228 229 231 236 233 231 228 229 225 229 226 224 233 235 239 240 239 239 239
12 30 238 235 233 231 226 228 230 232 237 236 232 230 230 226 230 228 225 234 236 241 242 240 241 241
12 31 239 235 233 232 228 231 231 233 238 237 235 233 232 227 231 230 228 237 239 243 245 243 243 243
