01 01 429 -9999 -9999 -9999 -9999 -9999 403 399 404 414 414 411 404 402 406 411 421 429 437 443 443 441 440 438
01 02 433 -9999 -9999 -9999 -9999 -9999 407 404 409 419 419 416 409 407 410 414 425 434 440 447 447 445 444 441
01 03 437 -9999 -9999 -9999 -9999 -9999 410 407 412 422 423 419 412 409 411 417 428 436 442 449 450 448 447 443
01 04 439 -9999 -9999 -9999 -9999 -9999 412 409 415 424 426 422 414 411 412 417 427 436 442 449 449 448 447 443
01 05 439 -9999 -9999 -9999 -9999 -9999 412 409 415 424 425 421 413 409 411 415 424 433 440 447 448 446 445 442
01 06 438 -9999 -9999 -9999 -9999 -9999 412 408 414 424 425 421 413 409 411 414 423 433 441 448 449 447 446 443
01 07 439 -9999 -9999 -9999 -9999 -9999 412 408 414 424 425 421 412 409 411 414 423 432 439 447 448 448 447 443
01 08 439 -9999 -9999 -9999 -9999 -9999 411 407 413 424 425 419 411 408 409 413 422 430 436 445 447 447 445 442
01 09 438 -9999 -9999 -9999 -9999 -9999 411 407 413 425 426 420 412 409 411 414 422 430 436 445 447 447 446 442
01 10 438 -9999 -9999 -9999 -9999 -9999 410 406 413 425 426 421 412 411 413 416 423 433 439 448 449 450 449 445
01 11 440 -9999 -9999 -9999 -9999 -9999 410 407 414 426 428 422 415 413 414 417 424 433 440 449 450 451 450 446
01 12 442 -9999 -9999 -9999 -9999 -9999 411 407 414 427 428 423 415 414 416 418 425 432 441 448 449 450 449 444
01 13 441 -9999 -9999 -9999 -9999 -9999 411 407 415 427 430 424 415 414 415 419 424 433 441 450 451 452 451 446
01 14 443 -9999 -9999 -9999 -9999 -9999 413 409 416 429 431 425 417 416 417 421 426 435 442 451 451 452 451 446
01 15 443 -9999 -9999 -9999 -9999 -9999 414 410 417 429 432 426 417 418 419 421 425 433 441 449 450 451 450 445
01 16 442 -9999 -9999 -9999 -9999 -9999 414 410 416 428 431 426 417 417 418 421 425 433 441 448 450 451 450 445
01 17 443 -9999 -9999 -9999 -9999 -9999 414 410 417 428 431 427 418 418 420 423 425 432 440 448 450 451 450 445
01 18 442 -9999 -9999 -9999 -9999 -9999 414 410 417 429 431 426 418 417 420 422 424 431 439 447 450 451 450 445
01 19 442 -9999 -9999 -9999 -9999 -9999 414 410 418 430 432 427 419 419 422 423 425 432 440 448 451 452 451 446
01 20 444 -9999 -9999 -9999 -9999 -9999 416 413 420 432 434 430 421 422 424 426 428 434 441 450 453 455 454 449
01 21 446 -9999 -9999 -9999 -9999 -9999 418 414 422 434 435 431 423 425 426 428 429 435 442 450 453 455 454 450
01 22 447 -9999 -9999 -9999 -9999 -9999 419 415 423 435 437 432 425 426 428 429 430 437 444 452 454 455 454 450
01 23 447 -9999 -9999 -9999 -9999 -9999 419 416 424 436 438 434 426 427 428 429 431 438 445 453 454 456 455 451
01 24 447 -9999 -9999 -9999 -9999 -9999 419 416 424 436 437 433 424 426 425 427 431 436 444 452 454 455 455 451
01 25 447 -9999 -9999 -9999 -9999 -9999 421 418 426 437 439 434 425 427 427 428 432 437 444 452 453 455 455 451
01 26 448 -9999 -9999 -9999 -9999 -9999 421 418 426 437 439 433 424 424 426 426 431 435 444 452 453 455 455 451
01 27 447 -9999 -9999 -9999 -9999 -9999 420 417 425 437 439 433 424 424 425 425 431 435 444 453 454 455 455 452
01 28 449 -9999 -9999 -9999 -9999 -9999 420 417 426 438 439 433 424 424 425 425 431 435 444 453 454 455 454 451
01 29 448 -9999 -9999 -9999 -9999 -9999 421 418 427 439 441 435 425 425 426 427 432 436 445 453 455 456 455 453
01 30 450 -9999 -9999 -9999 -9999 -9999 420 418 427 439 441 435 426 425 427 427 433 438 447 455 456 457 456 454
01 31 451 -9999 -9999 -9999 -9999 -9999 420 417 427 439 440 433 426 425 427 427 433 439 447 455 456 457 456 454
02 01 451 -9999 -9999 -9999 -9999 -9999 421 419 428 439 440 433 426 426 428 428 434 440 447 456 457 458 457 455
02 02 451 -9999 -9999 -9999 -9999 -9999 423 420 430 441 441 433 427 427 429 428 434 440 448 456 457 458 457 455
02 03 451 -9999 -9999 -9999 -9999 -9999 423 420 430 441 441 432 427 427 428 428 433 439 447 454 456 457 456 454
02 04 450 -9999 -9999 -9999 -9999 -9999 423 420 431 441 441 432 427 427 429 429 433 439 447 454 456 457 455 453
02 05 450 -9999 -9999 -9999 -9999 -9999 424 421 431 441 441 432 426 427 428 428 433 438 447 454 456 456 454 452
02 06 449 -9999 -9999 -9999 -9999 -9999 425 422 432 441 440 432 427 428 429 429 434 439 449 456 458 457 455 454
02 07 451 -9999 -9999 -9999 -9999 -9999 426 423 434 442 441 433 428 429 431 431 435 439 450 457 459 458 456 455
02 08 453 -9999 -9999 -9999 -9999 -9999 427 425 436 444 445 436 432 434 436 435 438 442 452 460 462 461 459 457
02 09 455 -9999 -9999 -9999 -9999 -9999 430 427 439 446 446 438 436 436 439 437 440 445 454 462 464 463 461 459
02 10 457 -9999 -9999 -9999 -9999 -9999 433 430 442 449 448 441 439 440 442 441 444 448 456 463 466 465 463 462
02 11 460 -9999 -9999 -9999 -9999 -9999 437 434 446 453 452 445 442 444 445 443 445 450 457 464 466 466 463 462
02 12 460 -9999 -9999 -9999 -9999 -9999 438 436 448 454 454 446 443 445 446 444 447 451 457 464 467 467 465 463
02 13 461 -9999 -9999 -9999 -9999 -9999 439 437 449 455 454 446 444 445 446 443 446 450 457 463 466 467 465 462
02 14 460 -9999 -9999 -9999 -9999 -9999 439 437 450 457 455 448 446 447 448 445 446 451 458 464 467 467 465 463
02 15 461 -9999 -9999 -9999 -9999 -9999 441 439 452 460 458 451 449 450 450 446 448 452 458 464 467 467 465 462
02 16 461 -9999 -9999 -9999 -9999 -9999 442 440 453 461 459 451 449 451 450 446 448 452 459 464 466 467 464 461
02 17 460 -9999 -9999 -9999 -9999 -9999 441 439 453 461 459 452 450 451 450 447 449 453 459 465 467 467 466 463
02 18 462 -9999 -9999 -9999 -9999 -9999 443 442 456 463 461 454 451 453 453 449 451 454 461 466 468 469 467 464
02 19 464 -9999 -9999 -9999 -9999 -9999 445 444 457 464 462 454 452 453 453 449 451 454 462 467 469 470 468 466
02 20 465 -9999 -9999 -9999 -9999 -9999 446 446 459 466 464 456 453 455 455 451 453 456 462 468 470 471 470 468
02 21 466 -9999 -9999 -9999 -9999 -9999 448 448 461 468 466 458 455 456 456 452 453 456 463 468 470 472 471 469
02 22 467 -9999 -9999 -9999 -9999 -9999 450 450 463 470 467 459 457 459 458 454 456 459 465 470 473 473 472 471
02 23 469 -9999 -9999 -9999 -9999 -9999 453 453 466 472 467 459 457 458 457 454 456 460 467 472 474 474 473 472
02 24 469 -9999 -9999 -9999 -9999 -9999 453 453 466 472 467 459 456 457 456 453 455 458 465 471 473 474 473 471
02 25 469 -9999 -9999 -9999 -9999 -9999 453 454 467 472 467 459 456 457 456 453 455 459 465 471 473 474 474 472
02 26 470 -9999 -9999 -9999 -9999 -9999 452 453 466 471 466 458 456 457 455 453 455 459 466 472 475 475 476 474
02 27 472 -9999 -9999 -9999 -9999 -9999 454 454 467 471 466 458 457 458 456 454 456 459 467 474 476 476 477 475
02 28 473 -9999 -9999 -9999 -9999 -9999 456 456 469 473 468 460 459 460 457 455 458 461 469 476 478 478 480 478
03 01 476 -9999 -9999 -9999 -9999 -9999 457 459 471 475 471 463 461 462 459 457 460 462 470 478 480 481 482 480
03 02 478 -9999 -9999 -9999 -9999 -9999 460 462 475 478 474 466 464 465 462 460 463 465 473 480 483 484 484 484
03 03 481 -9999 -9999 -9999 -9999 -9999 462 464 476 479 475 468 467 466 463 461 463 465 473 481 484 485 486 486
03 04 484 -9999 -9999 -9999 -9999 -9999 464 466 478 481 477 470 469 468 466 463 464 467 475 483 486 487 488 488
03 05 485 -9999 -9999 -9999 -9999 -9999 465 467 479 482 478 471 471 470 467 464 466 468 476 484 488 489 489 490
03 06 487 -9999 -9999 -9999 -9999 -9999 466 469 481 483 479 474 475 474 470 467 467 470 477 485 488 489 490 490
03 07 488 -9999 -9999 -9999 -9999 -9999 466 469 480 483 479 474 474 473 469 466 466 469 477 485 488 489 490 489
03 08 487 -9999 -9999 -9999 -9999 -9999 466 469 480 482 478 473 474 472 467 465 465 469 476 484 487 488 489 489
03 09 487 -9999 -9999 -9999 -9999 -9999 465 468 479 482 477 473 474 472 467 465 465 469 475 483 487 488 490 489
03 10 487 -9999 -9999 -9999 -9999 -9999 466 469 480 483 479 476 476 474 469 466 466 469 475 483 487 488 489 489
03 11 488 -9999 -9999 -9999 -9999 -9999 467 470 481 484 480 477 478 476 470 468 468 470 476 483 487 488 489 489
03 12 488 -9999 -9999 -9999 -9999 -9999 468 471 482 485 482 479 480 477 471 470 469 471 476 484 487 489 490 490
03 13 489 -9999 -9999 -9999 -9999 -9999 471 474 484 488 484 482 482 479 473 471 470 472 477 484 488 490 491 492
03 14 490 -9999 -9999 -9999 -9999 -9999 472 476 486 489 484 483 483 480 475 473 470 473 477 485 488 490 492 493
03 15 491 -9999 -9999 -9999 -9999 -9999 473 478 487 490 485 484 485 481 476 475 472 475 478 485 488 491 492 493
03 16 492 -9999 -9999 -9999 -9999 -9999 474 479 488 489 484 482 484 479 474 473 471 474 477 484 488 490 492 493
03 17 492 -9999 -9999 -9999 -9999 -9999 474 479 487 488 482 482 483 478 473 473 470 473 477 484 487 490 493 493
03 18 492 -9999 -9999 -9999 -9999 -9999 475 480 488 489 483 482 484 478 474 473 472 475 478 485 489 491 493 494
03 19 492 -9999 -9999 -9999 -9999 -9999 475 481 488 489 484 483 484 479 473 473 472 475 478 484 489 491 494 494
03 20 492 -9999 -9999 -9999 -9999 -9999 476 482 489 489 483 483 483 478 473 471 471 473 476 484 488 490 493 493
03 21 492 -9999 -9999 -9999 -9999 -9999 475 481 488 488 482 480 480 476 470 469 470 473 475 482 486 488 491 491
03 22 490 -9999 -9999 -9999 -9999 -9999 474 480 487 486 479 478 479 475 469 468 469 473 474 482 486 488 491 492
03 23 491 -9999 -9999 -9999 -9999 -9999 474 481 487 486 480 478 478 475 470 467 468 471 473 480 485 487 491 492
03 24 491 -9999 -9999 -9999 -9999 -9999 474 481 487 484 478 476 476 472 466 464 466 469 471 478 483 486 489 490
03 25 489 -9999 -9999 -9999 -9999 -9999 474 481 486 482 476 474 475 470 465 462 463 467 469 477 482 486 488 489
03 26 488 -9999 -9999 -9999 -9999 -9999 473 480 485 481 476 473 474 469 464 460 461 466 469 477 482 486 488 490
03 27 488 -9999 -9999 -9999 -9999 -9999 473 480 485 481 475 473 474 469 464 459 461 465 468 477 482 486 487 488
03 28 487 -9999 -9999 -9999 -9999 -9999 472 479 485 480 475 473 474 469 464 460 462 466 469 478 482 486 487 488
03 29 487 -9999 -9999 -9999 -9999 -9999 471 479 485 480 474 472 472 468 463 459 461 466 469 477 481 485 486 487
03 30 485 -9999 -9999 -9999 -9999 -9999 471 478 484 479 473 471 471 467 462 457 458 464 467 476 481 484 486 487
03 31 485 -9999 -9999 -9999 -9999 -9999 471 479 484 479 473 472 471 468 462 458 459 464 467 477 481 485 487 488
04 01 484 -9999 -9999 -9999 -9999 -9999 472 480 484 479 473 472 471 468 463 458 459 464 467 477 482 485 486 488
04 02 483 -9999 -9999 -9999 -9999 -9999 472 480 485 479 473 471 471 468 463 458 459 463 467 476 481 484 486 487
04 03 483 -9999 -9999 -9999 -9999 477 473 481 486 479 473 472 471 468 463 459 459 464 468 478 482 484 486 487
04 04 483 -9999 -9999 -9999 -9999 479 474 482 486 480 474 473 473 469 465 461 461 466 469 478 482 485 487 489
04 05 484 -9999 -9999 -9999 -9999 480 475 483 488 481 476 476 475 470 466 462 461 466 470 480 484 487 489 491
04 06 486 -9999 -9999 -9999 -9999 482 478 486 491 484 479 478 477 472 467 464 462 466 471 480 486 489 491 493
04 07 -9999 -9999 -9999 -9999 -9999 483 480 489 493 486 482 481 480 474 470 467 465 469 473 482 487 491 493 494
04 08 -9999 -9999 -9999 -9999 -9999 484 482 491 495 489 485 485 483 477 474 470 467 471 475 484 489 492 495 497
04 09 -9999 -9999 -9999 -9999 -9999 487 484 493 497 491 487 487 485 480 476 473 469 473 477 486 492 494 498 499
04 10 -9999 -9999 -9999 -9999 -9999 489 487 496 499 492 488 489 486 481 479 475 472 475 478 487 493 495 499 500
04 11 -9999 -9999 -9999 -9999 -9999 491 489 497 500 492 488 489 486 481 478 475 471 475 479 488 493 495 499 500
04 12 -9999 -9999 -9999 -9999 -9999 491 489 497 500 492 489 490 486 481 478 474 471 474 478 488 493 496 499 501
04 13 -9999 -9999 -9999 -9999 -9999 493 491 499 501 494 491 492 488 483 479 475 472 475 479 488 494 497 500 502
04 14 -9999 -9999 -9999 -9999 -9999 494 492 500 503 495 491 493 489 483 479 476 472 475 479 487 495 497 499 502
04 15 -9999 -9999 -9999 -9999 -9999 494 493 500 502 494 491 493 489 482 479 476 472 475 479 488 495 496 500 503
04 16 -9999 -9999 -9999 -9999 -9999 494 493 501 503 495 492 493 489 483 479 477 472 474 479 488 494 497 501 503
04 17 -9999 -9999 -9999 -9999 -9999 495 494 502 503 495 493 494 490 483 479 477 472 474 479 489 495 499 503 506
04 18 -9999 -9999 -9999 -9999 -9999 497 497 504 504 495 493 496 491 483 479 476 472 474 478 489 495 498 502 507
04 19 -9999 -9999 -9999 -9999 -9999 497 497 504 504 495 494 496 491 484 479 477 474 475 480 490 497 501 504 507
04 20 -9999 -9999 -9999 -9999 -9999 499 499 505 505 496 496 498 493 486 481 479 477 477 482 491 497 501 504 508
04 21 -9999 -9999 -9999 -9999 -9999 501 501 507 507 498 496 499 493 486 482 481 478 479 484 493 498 503 506 510
04 22 -9999 -9999 -9999 -9999 -9999 502 502 508 507 498 496 499 493 486 482 481 479 480 485 494 499 504 506 509
04 23 -9999 -9999 -9999 -9999 -9999 503 504 510 508 498 498 500 494 487 483 481 480 482 486 495 500 503 507 509
04 24 -9999 -9999 -9999 -9999 -9999 504 505 511 509 500 500 501 495 489 484 483 482 483 487 496 500 504 507 510
04 25 -9999 -9999 -9999 -9999 -9999 506 507 512 510 502 502 502 497 490 486 485 484 485 489 497 502 505 508 511
04 26 -9999 -9999 -9999 -9999 -9999 508 509 514 512 504 504 505 500 493 490 488 487 487 491 499 504 508 512 515
04 27 -9999 -9999 -9999 -9999 -9999 511 513 517 515 507 507 507 503 497 493 492 491 491 494 502 507 511 514 516
04 28 -9999 -9999 -9999 -9999 -9999 514 515 520 517 509 510 510 505 499 496 495 494 494 497 505 510 515 517 519
04 29 -9999 -9999 -9999 -9999 -9999 516 518 523 519 512 512 512 507 502 499 497 496 496 500 507 512 516 520 522
04 30 -9999 -9999 -9999 -9999 -9999 519 521 525 521 515 516 515 510 504 501 499 499 498 502 508 514 519 522 525
05 01 -9999 -9999 -9999 -9999 -9999 522 524 528 524 518 518 519 513 507 504 502 501 500 504 511 516 521 524 527
05 02 -9999 -9999 -9999 -9999 -9999 524 526 530 526 519 520 521 515 510 506 504 504 503 506 512 517 522 525 528
05 03 -9999 -9999 -9999 -9999 -9999 525 528 531 528 522 522 521 517 512 508 506 506 505 508 513 519 524 527 530
05 04 -9999 -9999 -9999 -9999 -9999 528 530 533 529 524 524 522 517 513 509 507 506 506 509 515 520 525 528 531
05 05 -9999 -9999 -9999 -9999 -9999 528 531 534 530 525 524 524 519 514 510 508 507 507 510 516 522 527 530 532
05 06 -9999 -9999 -9999 -9999 -9999 530 532 535 532 527 527 526 521 517 512 510 509 509 512 517 523 527 531 533
05 07 -9999 -9999 -9999 -9999 -9999 531 534 537 533 528 528 528 523 519 514 512 510 510 513 518 525 528 532 534
05 08 -9999 -9999 -9999 -9999 -9999 533 536 538 535 531 530 530 525 522 518 515 513 512 516 521 527 532 535 537
05 09 -9999 -9999 -9999 -9999 -9999 535 537 540 536 532 532 532 527 524 520 518 516 515 518 523 529 533 537 538
05 10 -9999 -9999 -9999 -9999 -9999 536 539 542 538 534 534 534 529 525 521 519 517 516 519 524 529 534 538 539
05 11 -9999 -9999 -9999 -9999 -9999 536 540 542 539 535 536 535 530 526 522 520 518 517 520 525 530 535 538 539
05 12 -9999 -9999 -9999 -9999 -9999 537 541 544 541 537 537 536 530 527 523 520 519 518 521 525 531 535 539 541
05 13 -9999 -9999 -9999 -9999 -9999 538 542 544 542 538 538 538 532 529 525 522 520 519 522 526 531 535 539 541
05 14 -9999 -9999 -9999 -9999 -9999 539 543 545 543 539 540 540 534 531 527 524 523 522 524 529 533 537 540 542
05 15 -9999 -9999 -9999 -9999 -9999 540 543 546 544 541 541 541 536 533 529 527 525 524 527 531 535 539 542 543
05 16 -9999 -9999 -9999 -9999 -9999 541 544 547 544 542 542 541 537 534 531 528 526 527 529 533 537 540 543 544
05 17 -9999 -9999 -9999 -9999 -9999 542 545 548 545 543 544 542 538 535 532 530 528 528 530 535 538 542 544 545
05 18 -9999 -9999 -9999 -9999 -9999 543 546 548 546 544 545 543 539 537 534 532 530 531 533 537 540 543 545 546
05 19 -9999 -9999 -9999 -9999 -9999 543 547 549 547 546 547 545 541 539 537 535 533 533 535 538 541 545 547 547
05 20 -9999 -9999 -9999 -9999 -9999 545 548 551 549 547 549 546 543 541 540 537 535 536 537 540 543 546 548 548
05 21 -9999 -9999 -9999 -9999 -9999 546 549 552 550 549 550 548 544 542 541 538 537 537 538 542 544 548 550 550
05 22 -9999 -9999 -9999 -9999 -9999 547 550 553 551 550 551 549 546 543 542 540 538 538 538 542 545 548 550 550
05 23 -9999 -9999 -9999 -9999 -9999 547 551 554 552 551 552 550 547 544 543 540 539 539 540 543 546 549 550 551
05 24 -9999 -9999 -9999 -9999 -9999 548 551 554 552 551 552 550 548 545 543 541 540 540 541 544 547 550 552 552
05 25 -9999 -9999 -9999 -9999 -9999 549 552 555 553 552 553 551 549 546 545 542 541 542 543 546 549 552 553 555
05 26 -9999 -9999 -9999 -9999 -9999 551 554 556 554 553 555 553 551 548 546 544 543 543 545 547 550 553 554 555
05 27 -9999 -9999 -9999 -9999 -9999 552 554 557 554 554 555 553 551 549 547 546 544 544 546 548 551 553 555 556
05 28 -9999 -9999 -9999 -9999 -9999 553 556 558 555 555 556 554 553 550 549 547 546 546 547 550 552 555 557 558
05 29 -9999 -9999 -9999 -9999 -9999 555 558 560 557 557 557 556 555 552 551 549 548 548 549 551 553 556 558 559
05 30 -9999 -9999 -9999 -9999 -9999 556 559 561 558 558 558 557 556 553 552 549 549 549 550 552 554 556 558 559
05 31 -9999 -9999 -9999 -9999 -9999 557 560 562 559 559 560 558 557 555 553 550 550 551 551 553 555 556 559 560
06 01 -9999 -9999 -9999 -9999 -9999 558 561 562 560 560 561 559 558 556 554 552 551 552 552 553 556 557 560 561
06 02 -9999 -9999 -9999 -9999 -9999 559 562 564 561 561 562 561 560 558 556 554 553 553 553 554 557 559 561 563
06 03 -9999 -9999 -9999 -9999 -9999 561 564 566 564 563 564 563 562 560 558 555 555 555 555 556 558 560 562 564
06 04 -9999 -9999 -9999 -9999 -9999 563 565 567 565 565 565 564 563 561 559 557 556 556 556 557 559 560 563 566
06 05 -9999 -9999 -9999 -9999 -9999 563 566 567 565 565 566 565 564 563 561 559 558 558 557 558 560 561 564 566
06 06 -9999 -9999 -9999 -9999 -9999 564 567 568 566 566 567 566 565 564 562 560 559 559 559 559 561 563 565 567
06 07 -9999 -9999 -9999 -9999 -9999 565 568 569 567 568 568 567 566 565 563 560 560 560 559 561 563 564 566 569
06 08 -9999 -9999 -9999 -9999 -9999 566 569 570 568 569 569 569 567 566 564 561 561 561 560 562 564 565 567 569
06 09 -9999 -9999 -9999 -9999 -9999 566 570 571 569 570 571 570 568 567 565 562 561 562 561 562 564 566 568 570
06 10 -9999 -9999 -9999 -9999 -9999 567 571 571 569 570 571 571 570 569 567 564 563 564 562 564 566 567 569 572
06 11 -9999 -9999 -9999 -9999 -9999 568 571 572 571 572 573 573 572 571 569 565 565 566 564 565 567 569 571 573
06 12 -9999 -9999 -9999 -9999 -9999 569 572 573 572 573 574 574 573 571 569 566 566 567 565 566 568 570 571 573
06 13 -9999 -9999 -9999 -9999 -9999 569 573 574 572 574 575 575 573 572 570 567 567 567 565 567 569 571 573 575
06 14 -9999 -9999 -9999 -9999 -9999 571 574 574 573 574 576 575 574 573 571 569 567 568 567 568 570 572 574 575
06 15 -9999 -9999 -9999 -9999 -9999 572 575 575 574 575 577 577 575 573 572 570 568 569 568 569 571 574 576 577
06 16 -9999 -9999 -9999 -9999 -9999 574 576 577 575 576 578 578 576 574 572 570 569 570 569 571 572 575 576 578
06 17 -9999 -9999 -9999 -9999 -9999 575 577 577 576 577 579 579 576 574 573 571 569 571 570 572 573 575 577 578
06 18 -9999 -9999 -9999 -9999 -9999 575 578 578 577 578 580 580 577 575 574 572 570 571 570 573 574 576 578 579
06 19 -9999 -9999 -9999 -9999 -9999 576 579 579 578 579 581 581 578 576 575 573 571 572 571 574 575 578 579 580
06 20 -9999 -9999 -9999 -9999 -9999 578 581 581 580 580 583 582 580 577 576 573 572 573 572 575 576 578 581 581
06 21 -9999 -9999 -9999 -9999 -9999 579 582 582 580 581 584 583 581 578 577 575 574 574 574 577 577 579 582 582
06 22 -9999 -9999 -9999 -9999 -9999 580 583 583 582 582 585 585 582 579 577 576 574 575 576 577 578 580 582 583
06 23 -9999 -9999 -9999 -9999 -9999 582 585 585 584 583 586 585 583 580 578 577 575 576 576 578 579 581 583 584
06 24 -9999 -9999 -9999 -9999 -9999 584 587 586 585 585 587 586 583 580 579 578 576 577 578 579 579 582 584 585
06 25 -9999 -9999 -9999 -9999 -9999 586 589 589 588 587 590 588 584 581 579 579 577 578 578 580 581 583 586 587
06 26 -9999 -9999 -9999 -9999 -9999 587 591 591 589 587 590 589 584 581 580 579 578 578 579 580 581 584 586 588
06 27 -9999 -9999 -9999 -9999 -9999 588 592 592 590 588 591 589 585 583 581 580 579 579 580 581 582 584 587 589
06 28 -9999 -9999 -9999 -9999 -9999 589 593 593 591 590 593 590 587 585 583 581 580 581 581 582 584 585 588 589
06 29 -9999 -9999 -9999 -9999 -9999 591 594 595 593 592 595 593 589 587 585 583 583 583 583 584 586 587 590 591
06 30 -9999 -9999 -9999 -9999 -9999 592 596 597 595 594 597 594 591 589 587 585 585 585 586 586 587 589 591 592
07 01 -9999 -9999 -9999 -9999 -9999 593 598 598 597 596 598 596 593 591 589 587 586 587 587 588 589 590 592 594
07 02 -9999 -9999 -9999 -9999 -9999 595 599 600 598 598 600 598 594 592 590 588 587 588 588 589 590 591 594 595
07 03 -9999 -9999 -9999 -9999 -9999 596 600 601 599 599 601 599 596 593 591 589 588 588 589 590 591 593 595 597
07 04 -9999 -9999 -9999 -9999 -9999 598 602 603 601 600 602 600 597 594 592 589 588 589 589 590 592 594 596 598
07 05 -9999 -9999 -9999 -9999 -9999 599 603 604 602 601 603 601 597 594 592 590 588 589 590 591 593 595 598 600
07 06 -9999 -9999 -9999 -9999 -9999 600 604 605 604 603 604 602 598 595 592 590 589 589 590 592 595 597 599 601
07 07 -9999 -9999 -9999 -9999 -9999 602 606 607 605 605 606 603 600 597 594 592 592 591 592 594 596 598 601 603
07 08 -9999 -9999 -9999 -9999 -9999 604 607 609 607 607 607 605 601 598 596 594 594 593 594 596 598 600 603 604
07 09 -9999 -9999 -9999 -9999 -9999 605 608 609 609 608 608 606 603 600 597 594 595 594 595 597 600 601 604 605
07 10 -9999 -9999 -9999 -9999 -9999 605 609 610 609 609 609 607 604 601 598 596 597 595 596 598 601 602 605 606
07 11 -9999 -9999 -9999 -9999 -9999 606 609 611 610 610 610 609 606 602 599 598 598 596 598 600 602 604 606 607
07 12 -9999 -9999 -9999 -9999 -9999 607 610 612 612 611 611 610 606 603 600 598 598 596 598 601 603 605 607 608
07 13 -9999 -9999 -9999 -9999 -9999 608 611 613 613 612 612 611 607 603 600 598 599 597 599 602 604 605 607 609
07 14 -9999 -9999 -9999 -9999 -9999 609 612 614 614 613 613 612 607 603 600 598 598 597 599 602 604 607 608 610
07 15 -9999 -9999 -9999 -9999 -9999 610 613 614 614 613 614 612 608 604 600 598 598 597 600 603 605 607 609 611
07 16 -9999 -9999 -9999 -9999 -9999 611 613 615 615 614 615 613 609 604 600 600 599 598 600 604 606 608 610 611
07 17 -9999 -9999 -9999 -9999 -9999 611 614 616 615 615 615 614 609 605 601 601 600 599 601 605 606 609 610 612
07 18 -9999 -9999 -9999 -9999 -9999 612 615 616 616 615 616 614 610 606 603 602 602 600 602 605 607 609 611 612
07 19 -9999 -9999 -9999 -9999 -9999 613 616 617 617 616 617 615 611 607 604 603 603 602 604 606 608 610 612 613
07 20 -9999 -9999 -9999 -9999 -9999 613 616 617 618 617 618 616 612 608 605 604 605 604 605 608 609 611 612 614
07 21 -9999 -9999 -9999 -9999 -9999 613 616 618 618 618 618 617 613 609 607 606 606 605 606 608 610 611 612 614
07 22 -9999 -9999 -9999 -9999 -9999 613 615 618 618 618 618 617 613 609 607 606 606 605 606 608 610 612 612 614
07 23 -9999 -9999 -9999 -9999 -9999 613 616 618 618 618 618 617 614 609 607 606 606 605 606 608 611 612 612 614
07 24 -9999 -9999 -9999 -9999 -9999 614 616 618 618 619 619 618 614 611 609 607 607 606 607 609 611 612 612 614
07 25 -9999 -9999 -9999 -9999 -9999 614 616 618 619 619 619 618 615 611 609 608 606 606 607 610 612 612 613 614
07 26 -9999 -9999 -9999 -9999 -9999 614 616 618 619 620 620 619 616 611 609 608 606 607 608 610 612 613 613 614
07 27 -9999 -9999 -9999 -9999 -9999 614 616 619 619 620 620 619 616 612 609 608 607 608 609 611 612 613 613 614
07 28 -9999 -9999 -9999 -9999 -9999 614 616 618 619 620 620 619 616 612 610 608 608 609 609 611 613 613 613 614
07 29 -9999 -9999 -9999 -9999 -9999 614 616 618 619 620 620 618 616 612 609 608 608 608 609 610 613 613 613 614
07 30 -9999 -9999 -9999 -9999 -9999 614 616 619 619 619 620 618 616 612 609 608 608 607 608 610 612 613 613 614
07 31 -9999 -9999 -9999 -9999 -9999 614 616 619 619 619 620 618 616 612 609 608 608 608 609 611 613 613 613 615
08 01 -9999 -9999 -9999 -9999 -9999 614 616 619 619 619 620 619 617 612 609 608 609 608 608 611 613 613 614 615
08 02 -9999 -9999 -9999 -9999 -9999 614 617 620 620 620 621 619 617 613 609 608 608 607 608 610 613 613 613 615
08 03 -9999 -9999 -9999 -9999 -9999 614 617 620 620 620 621 619 617 612 608 607 607 607 608 610 612 613 613 614
08 04 -9999 -9999 -9999 -9999 -9999 615 617 620 620 619 621 619 617 612 608 607 606 607 608 610 612 613 612 614
08 05 -9999 -9999 -9999 -9999 -9999 615 617 620 620 619 621 619 617 612 608 606 607 607 608 609 611 612 613 615
08 06 -9999 -9999 -9999 -9999 -9999 615 617 620 620 619 621 620 617 611 607 606 607 607 608 610 611 613 613 615
08 07 -9999 -9999 -9999 -9999 -9999 615 618 621 620 619 621 620 617 611 607 606 607 607 607 609 611 612 613 615
08 08 -9999 -9999 -9999 -9999 -9999 615 618 621 620 619 620 619 616 610 606 605 605 606 607 609 611 612 613 615
08 09 -9999 -9999 -9999 -9999 -9999 615 617 621 620 619 620 619 616 610 605 605 605 606 607 609 611 612 613 615
08 10 -9999 -9999 -9999 -9999 -9999 615 618 621 620 619 620 619 616 610 606 605 606 606 606 608 610 612 614 616
08 11 -9999 -9999 -9999 -9999 -9999 616 618 622 620 619 620 619 616 609 606 606 605 605 606 608 611 612 614 616
08 12 -9999 -9999 -9999 -9999 -9999 616 618 622 620 619 620 619 616 609 607 606 605 605 605 608 610 613 614 616
08 13 -9999 -9999 -9999 -9999 -9999 616 618 621 620 618 620 619 615 609 607 606 605 605 606 608 610 612 613 616
08 14 -9999 -9999 -9999 -9999 -9999 615 617 621 619 618 619 618 613 608 605 605 603 605 605 608 609 611 612 614
08 15 -9999 -9999 -9999 -9999 -9999 614 616 620 619 617 618 617 613 608 604 604 603 603 604 607 609 611 612 614
08 16 -9999 -9999 -9999 -9999 -9999 614 616 619 618 616 618 617 612 607 603 603 602 602 604 606 608 610 611 614
08 17 -9999 -9999 -9999 -9999 -9999 614 616 619 618 616 617 616 611 606 602 602 601 602 603 606 608 610 611 613
08 18 -9999 -9999 -9999 -9999 -9999 614 615 619 618 616 616 616 610 605 601 601 600 602 602 605 608 610 612 613
08 19 -9999 -9999 -9999 -9999 -9999 614 615 619 617 616 616 615 609 604 601 600 599 600 601 605 609 610 612 613
08 20 -9999 -9999 -9999 -9999 -9999 614 615 619 618 615 615 615 609 602 599 599 599 600 601 605 609 611 611 613
08 21 -9999 -9999 -9999 -9999 -9999 614 615 620 618 615 615 615 609 602 599 598 597 599 600 604 608 610 611 612
08 22 -9999 -9999 -9999 -9999 -9999 614 615 620 618 615 614 615 609 602 598 597 597 598 600 603 608 609 611 613
08 23 -9999 -9999 -9999 -9999 -9999 614 615 620 619 615 615 615 609 602 599 597 597 598 600 603 608 609 611 613
08 24 -9999 -9999 -9999 -9999 -9999 614 615 620 619 616 615 615 609 601 599 597 597 597 600 603 607 610 611 613
08 25 -9999 -9999 -9999 -9999 -9999 614 616 620 619 616 615 615 608 601 598 597 596 597 600 603 607 609 611 613
08 26 -9999 -9999 -9999 -9999 -9999 614 615 620 619 616 615 616 610 602 599 597 597 597 600 603 608 610 612 613
08 27 -9999 -9999 -9999 -9999 -9999 615 616 621 620 617 616 617 611 602 599 597 596 596 598 602 608 610 612 613
08 28 -9999 -9999 -9999 -9999 -9999 616 617 622 621 617 616 618 611 603 598 596 595 596 598 601 608 611 612 614
08 29 -9999 -9999 -9999 -9999 -9999 617 618 623 622 617 616 620 612 603 598 595 594 595 597 601 608 611 613 615
08 30 -9999 -9999 -9999 -9999 -9999 617 618 623 622 617 616 619 612 602 597 595 594 595 598 601 608 611 613 615
08 31 -9999 -9999 -9999 -9999 -9999 617 619 623 622 618 616 620 612 602 597 595 594 595 597 601 607 610 613 615
09 01 -9999 -9999 -9999 -9999 -9999 617 619 623 622 617 615 619 612 601 597 594 594 594 596 601 607 610 612 615
09 02 -9999 -9999 -9999 -9999 -9999 617 618 622 621 616 615 618 610 601 596 594 593 594 596 601 606 609 612 614
09 03 -9999 -9999 -9999 -9999 -9999 616 617 621 620 615 614 617 610 600 596 594 593 594 596 600 605 608 611 613
09 04 -9999 -9999 -9999 -9999 -9999 614 616 620 618 615 613 616 609 600 595 593 593 594 595 600 604 607 610 612
09 05 -9999 -9999 -9999 -9999 -9999 613 614 618 617 613 612 614 608 599 595 593 593 594 595 600 604 607 610 612
09 06 -9999 -9999 -9999 -9999 -9999 611 613 616 616 611 610 613 606 598 593 592 592 593 595 600 604 606 609 611
09 07 -9999 -9999 -9999 -9999 -9999 610 611 615 614 610 608 611 605 596 592 591 590 592 593 599 603 605 608 609
09 08 -9999 -9999 -9999 -9999 -9999 608 609 613 612 608 607 610 604 596 591 589 589 591 593 598 602 604 607 609
09 09 -9999 -9999 -9999 -9999 -9999 607 608 612 611 607 606 608 603 595 590 588 588 590 591 597 602 603 606 608
09 10 -9999 -9999 -9999 -9999 -9999 605 607 610 609 605 603 606 601 593 587 586 587 588 590 596 600 602 605 606
09 11 -9999 -9999 -9999 -9999 -9999 603 605 607 607 603 602 604 599 591 586 585 586 588 590 596 600 601 604 605
09 12 -9999 -9999 -9999 -9999 -9999 601 603 605 606 602 600 603 598 590 585 584 585 588 590 596 598 600 603 604
09 13 -9999 -9999 -9999 -9999 -9999 600 601 604 604 600 600 601 596 589 585 583 585 588 590 596 598 600 602 603
09 14 -9999 -9999 -9999 -9999 -9999 598 599 601 602 598 597 599 594 588 584 581 583 586 588 595 598 599 601 601
09 15 -9999 -9999 -9999 -9999 -9999 596 597 600 601 597 595 596 594 586 583 581 582 586 588 594 597 598 600 600
09 16 -9999 -9999 -9999 -9999 -9999 594 596 598 600 596 594 594 591 584 580 579 581 584 587 593 596 598 600 600
09 17 -9999 -9999 -9999 -9999 -9999 593 594 597 599 595 592 592 589 583 579 579 580 583 587 594 596 597 600 600
09 18 -9999 -9999 -9999 -9999 -9999 593 594 597 599 595 593 592 590 584 580 579 580 583 587 594 597 598 600 600
09 19 -9999 -9999 -9999 -9999 -9999 593 594 597 599 596 593 592 590 585 580 579 580 583 587 593 597 598 601 601
09 20 -9999 -9999 -9999 -9999 -9999 594 594 598 600 596 593 592 590 584 580 578 579 581 585 592 596 598 600 601
09 21 -9999 -9999 -9999 -9999 -9999 593 594 597 599 595 593 592 590 584 580 578 579 581 585 592 596 598 600 601
09 22 -9999 -9999 -9999 -9999 -9999 593 593 597 599 595 592 591 589 584 579 577 577 580 584 591 595 597 600 600
09 23 -9999 -9999 -9999 -9999 -9999 593 593 596 598 594 590 590 588 582 577 576 576 578 582 590 594 596 599 599
09 24 -9999 -9999 -9999 -9999 -9999 592 592 595 597 593 588 588 587 580 574 573 575 577 582 588 592 595 598 599
09 25 -9999 -9999 -9999 -9999 -9999 592 591 594 597 593 589 588 586 580 573 572 574 576 580 587 591 594 597 597
09 26 -9999 -9999 -9999 -9999 -9999 591 588 593 595 591 587 586 584 579 572 572 573 575 580 586 590 593 596 596
09 27 -9999 -9999 -9999 -9999 -9999 589 587 591 593 590 585 584 582 577 571 570 571 574 579 585 589 592 595 595
09 28 -9999 -9999 -9999 -9999 -9999 587 585 590 591 588 582 581 579 574 568 569 569 572 577 584 588 591 594 594
09 29 -9999 -9999 -9999 -9999 -9999 586 584 588 590 587 580 580 578 572 567 567 568 571 576 582 587 590 593 593
09 30 -9999 -9999 -9999 -9999 -9999 584 582 586 587 585 578 578 576 570 564 565 566 569 575 581 585 588 591 591
10 01 -9999 -9999 -9999 -9999 -9999 582 579 584 585 582 576 575 573 568 562 562 562 567 573 578 584 586 590 590
10 02 -9999 -9999 -9999 -9999 -9999 579 577 581 582 580 573 573 571 566 561 560 560 565 571 575 581 585 588 588
10 03 -9999 -9999 -9999 -9999 -9999 577 574 578 578 576 569 568 566 561 557 556 556 561 568 573 578 582 585 585
10 04 -9999 -9999 -9999 -9999 -9999 572 570 573 573 571 564 564 561 556 553 553 553 559 565 570 575 579 579 581
10 05 -9999 -9999 -9999 -9999 -9999 569 566 570 570 568 561 560 558 553 549 550 551 557 564 569 573 575 577 576
10 06 -9999 -9999 -9999 -9999 -9999 566 563 567 567 565 557 556 554 549 546 547 548 554 562 567 571 573 574 574
10 07 -9999 -9999 -9999 -9999 -9999 563 560 564 564 562 554 552 551 546 543 544 546 553 560 565 571 571 572 572
10 08 -9999 -9999 -9999 -9999 -9999 560 557 561 561 559 552 549 548 543 541 542 543 551 559 563 568 568 570 569
10 09 -9999 -9999 -9999 -9999 -9999 557 554 558 557 556 549 546 545 541 541 541 543 550 557 562 567 567 567 567
10 10 -9999 -9999 -9999 -9999 -9999 555 552 556 556 553 546 543 542 538 539 539 541 548 556 562 566 565 566 566
10 11 -9999 -9999 -9999 -9999 -9999 553 550 554 554 551 544 540 540 536 537 537 538 546 553 560 564 564 564 564
10 12 -9999 -9999 -9999 -9999 -9999 551 548 552 552 549 542 539 539 535 536 536 537 545 553 559 564 563 563 563
10 13 -9999 -9999 -9999 -9999 -9999 549 546 550 551 549 541 539 539 535 536 536 537 544 552 559 563 562 562 563
10 14 -9999 -9999 -9999 -9999 -9999 547 545 548 548 547 539 536 537 533 534 534 535 542 552 559 562 560 560 561
10 15 -9999 -9999 -9999 -9999 -9999 545 543 546 547 544 537 532 534 531 530 530 532 539 547 554 560 558 558 559
10 16 -9999 -9999 -9999 -9999 -9999 543 540 544 544 542 534 529 532 529 529 527 531 537 545 553 559 557 558 558
10 17 -9999 -9999 -9999 -9999 -9999 543 540 543 544 541 533 528 532 529 527 527 531 538 546 553 559 557 558 558
10 18 -9999 -9999 -9999 -9999 -9999 541 538 541 542 540 532 527 531 528 526 526 530 536 545 552 556 555 556 556
10 19 -9999 -9999 -9999 -9999 -9999 539 536 540 541 539 530 524 527 525 523 523 527 533 544 550 553 554 555 555
10 20 -9999 -9999 -9999 -9999 -9999 536 533 536 538 536 526 520 524 522 521 520 523 528 539 546 550 551 552 551
10 21 -9999 -9999 -9999 -9999 -9999 532 529 533 535 532 523 516 520 518 516 516 520 526 537 543 547 549 550 549
10 22 -9999 -9999 -9999 -9999 -9999 530 527 530 532 530 522 515 518 517 514 515 518 525 536 543 546 547 548 547
10 23 -9999 -9999 -9999 -9999 -9999 528 525 528 531 529 520 513 516 515 513 512 516 522 534 541 545 545 547 545
10 24 -9999 -9999 -9999 -9999 -9999 525 522 525 529 527 518 511 513 511 509 509 513 520 532 539 543 543 544 543
10 25 -9999 -9999 -9999 -9999 -9999 522 519 521 526 524 515 506 509 508 505 505 508 516 528 535 539 540 541 540
10 26 530 -9999 -9999 -9999 -9999 519 515 517 522 521 511 501 505 505 501 500 504 512 524 531 535 536 538 536
10 27 526 -9999 -9999 -9999 -9999 515 510 513 518 516 506 494 497 498 494 494 497 506 519 526 530 531 533 532
10 28 521 -9999 -9999 -9999 -9999 513 507 508 513 511 502 490 492 494 490 490 495 504 517 524 528 529 531 529
10 29 520 -9999 -9999 -9999 -9999 511 504 506 511 510 502 491 492 494 490 490 494 503 517 523 528 529 530 528
10 30 520 -9999 -9999 -9999 -9999 509 502 504 509 509 501 491 492 494 490 490 494 503 516 523 527 528 529 526
10 31 520 -9999 -9999 -9999 -9999 -9999 501 502 508 508 501 491 492 494 490 491 494 504 516 522 526 526 527 525
11 01 519 -9999 -9999 -9999 -9999 -9999 499 500 506 506 500 489 490 493 490 490 493 501 513 519 523 523 524 522
11 02 517 -9999 -9999 -9999 -9999 -9999 496 498 504 504 498 488 488 492 489 488 491 501 511 518 522 523 523 520
11 03 516 -9999 -9999 -9999 -9999 -9999 495 496 502 502 497 488 487 491 487 487 491 501 510 516 519 519 521 519
11 04 515 -9999 -9999 -9999 -9999 -9999 494 494 501 502 497 487 485 489 486 487 491 501 511 517 520 519 520 518
11 05 515 -9999 -9999 -9999 -9999 -9999 493 493 500 502 497 486 484 489 485 485 490 499 510 515 519 518 518 517
11 06 514 -9999 -9999 -9999 -9999 -9999 490 490 498 500 495 484 481 486 483 482 488 497 507 514 517 517 517 516
11 07 513 -9999 -9999 -9999 -9999 -9999 488 488 495 497 492 481 478 484 480 480 486 495 505 511 514 513 514 513
11 08 510 -9999 -9999 -9999 -9999 -9999 485 484 491 493 488 476 473 480 475 476 482 490 500 506 510 510 510 509
11 09 506 -9999 -9999 -9999 -9999 -9999 482 481 488 490 485 476 471 477 474 476 481 490 500 507 510 510 510 509
11 10 506 -9999 -9999 -9999 -9999 -9999 481 480 487 488 486 477 472 479 476 478 483 492 502 507 511 511 511 509
11 11 507 -9999 -9999 -9999 -9999 -9999 481 480 487 489 486 477 472 479 477 479 484 492 502 507 510 511 510 509
11 12 506 -9999 -9999 -9999 -9999 -9999 478 477 484 486 483 473 467 473 471 473 479 487 497 503 506 506 506 504
11 13 501 -9999 -9999 -9999 -9999 -9999 473 472 480 482 478 468 461 467 466 468 474 482 493 500 503 504 503 500
11 14 498 -9999 -9999 -9999 -9999 -9999 469 468 476 478 474 464 457 464 463 465 471 480 491 497 500 501 500 498
11 15 495 -9999 -9999 -9999 -9999 -9999 465 465 472 475 472 462 454 460 460 462 467 476 487 494 496 497 496 494
11 16 491 -9999 -9999 -9999 -9999 -9999 460 460 468 470 467 457 449 455 455 457 463 473 485 491 493 494 493 491
11 17 487 -9999 -9999 -9999 -9999 -9999 457 457 465 467 465 455 446 452 452 454 461 471 483 490 492 492 491 489
11 18 485 -9999 -9999 -9999 -9999 -9999 454 453 461 464 461 452 443 448 450 452 457 467 479 487 489 489 487 485
11 19 481 -9999 -9999 -9999 -9999 -9999 449 449 456 458 456 446 436 443 445 446 452 461 472 480 483 483 480 478
11 20 475 -9999 -9999 -9999 -9999 -9999 443 443 451 452 449 439 431 436 438 440 446 457 468 475 477 477 474 472
11 21 469 -9999 -9999 -9999 -9999 -9999 436 437 444 445 441 431 423 427 430 433 439 450 462 468 469 470 467 465
11 22 461 -9999 -9999 -9999 -9999 -9999 430 430 438 439 436 425 416 421 424 428 434 445 457 464 466 467 463 461
11 23 457 -9999 -9999 -9999 -9999 -9999 426 426 435 436 433 423 414 419 422 426 432 445 456 463 464 464 460 458
11 24 454 -9999 -9999 -9999 -9999 -9999 423 422 431 432 431 420 410 415 420 423 429 442 454 460 461 462 457 454
11 25 451 -9999 -9999 -9999 -9999 -9999 418 418 427 429 427 416 406 411 414 418 425 438 450 457 458 458 453 450
11 26 446 -9999 -9999 -9999 -9999 -9999 415 414 424 426 424 414 403 408 412 415 422 436 447 454 455 455 451 447
11 27 444 -9999 -9999 -9999 -9999 -9999 412 412 422 424 423 413 404 407 413 415 421 437 448 454 455 454 450 447
11 28 443 -9999 -9999 -9999 -9999 -9999 412 411 421 423 422 413 403 408 414 417 423 439 449 455 456 454 451 448
11 29 444 -9999 -9999 -9999 -9999 -9999 412 411 421 423 422 412 403 408 413 416 424 439 449 455 456 454 451 447
11 30 444 -9999 -9999 -9999 -9999 -9999 413 412 421 424 422 413 403 407 413 417 424 439 449 456 455 453 449 446
12 01 442 -9999 -9999 -9999 -9999 -9999 411 409 420 422 421 411 401 405 410 414 422 436 447 452 452 450 446 443
12 02 440 -9999 -9999 -9999 -9999 -9999 409 408 418 421 420 410 400 403 407 412 419 433 445 450 450 447 443 441
12 03 437 -9999 -9999 -9999 -9999 -9999 409 407 417 420 419 408 399 402 406 411 420 435 447 451 451 449 446 442
12 04 439 -9999 -9999 -9999 -9999 -9999 410 408 418 422 421 412 402 404 410 415 423 438 450 453 453 450 448 445
12 05 441 -9999 -9999 -9999 -9999 -9999 412 410 421 424 425 417 407 410 415 419 427 441 452 455 455 452 449 446
12 06 442 -9999 -9999 -9999 -9999 -9999 414 412 423 428 429 422 413 415 419 423 430 443 454 458 458 454 452 448
12 07 445 -9999 -9999 -9999 -9999 -9999 415 414 424 430 431 425 417 417 422 425 432 446 456 460 459 456 454 449
12 08 446 -9999 -9999 -9999 -9999 -9999 416 415 424 431 432 427 419 420 425 427 435 447 456 460 459 456 454 450
12 09 446 -9999 -9999 -9999 -9999 -9999 417 415 424 432 432 425 417 418 422 425 433 445 453 456 455 452 451 447
12 10 444 -9999 -9999 -9999 -9999 -9999 415 414 423 431 430 424 417 417 421 424 432 444 452 455 454 451 450 446
12 11 443 -9999 -9999 -9999 -9999 -9999 415 414 422 430 430 425 419 417 421 424 433 445 454 456 455 452 450 447
12 12 443 -9999 -9999 -9999 -9999 -9999 416 414 423 430 430 426 419 418 421 425 433 443 452 453 453 451 449 446
12 13 443 -9999 -9999 -9999 -9999 -9999 414 413 422 430 430 425 418 416 419 422 429 440 449 449 449 447 445 442
12 14 439 -9999 -9999 -9999 -9999 -9999 411 410 419 427 426 422 416 413 417 421 428 437 446 447 446 444 442 438
12 15 435 -9999 -9999 -9999 -9999 -9999 406 406 415 423 422 419 412 410 413 417 425 435 442 443 444 442 440 435
12 16 432 -9999 -9999 -9999 -9999 -9999 404 403 411 419 419 416 409 406 409 412 420 431 438 441 441 439 437 432
12 17 429 -9999 -9999 -9999 -9999 -9999 400 399 407 416 415 412 405 402 406 409 418 428 434 437 437 436 434 428
12 18 425 -9999 -9999 -9999 -9999 -9999 396 394 402 412 411 408 402 399 402 406 414 423 429 432 433 432 429 424
12 19 421 -9999 -9999 -9999 -9999 -9999 392 390 398 408 408 405 399 397 399 404 413 422 428 432 431 430 428 423
12 20 420 -9999 -9999 -9999 -9999 -9999 390 389 395 405 405 403 397 394 398 403 412 421 428 432 432 431 428 423
12 21 420 -9999 -9999 -9999 -9999 -9999 390 388 395 405 405 402 396 394 398 404 414 422 428 431 432 431 429 424
12 22 421 -9999 -9999 -9999 -9999 -9999 391 389 395 405 405 401 396 394 397 403 415 422 428 432 432 431 429 424
12 23 421 -9999 -9999 -9999 -9999 -9999 391 389 395 405 405 402 395 392 397 402 414 421 429 432 433 431 429 424
12 24 422 -9999 -9999 -9999 -9999 -9999 393 391 397 406 408 406 399 397 401 407 417 425 432 436 436 434 432 427
12 25 424 -9999 -9999 -9999 -9999 -9999 394 392 398 407 408 406 399 396 401 407 417 425 431 435 436 434 431 426
12 26 423 -9999 -9999 -9999 -9999 -9999 394 392 398 407 408 405 397 394 398 404 415 422 429 434 434 432 429 424
12 27 422 -9999 -9999 -9999 -9999 -9999 394 391 397 406 406 404 396 394 398 404 414 421 428 433 434 432 428 424
12 28 421 -9999 -9999 -9999 -9999 -9999 394 392 397 405 406 404 396 394 398 404 415 422 428 434 435 433 430 425
12 29 422 -9999 -9999 -9999 -9999 -9999 395 392 397 406 407 404 396 394 398 403 415 422 428 433 435 432 430 426
12 30 422 -9999 -9999 -9999 -9999 -9999 396 392 397 406 407 403 396 394 398 403 414 422 428 435 436 434 432 428
12 31 424 -9999 -9999 -9999 -9999 -9999 398 395 400 409 409 406 399 397 401 407 418 426 432 438 440 438 436 433
