01 01 -9999 143 135 132 129 123 122 119 124 165 187 199 204 208 210 210 209 208 198 185 176 167 160 154
01 02 -9999 145 137 134 130 124 122 119 124 166 188 199 205 209 211 211 210 209 199 187 177 169 163 156
01 03 -9999 147 139 136 132 126 124 121 126 169 190 202 208 212 213 214 214 212 203 191 181 172 166 159
01 04 -9999 150 143 139 135 129 127 125 130 173 194 205 211 215 216 217 217 215 207 195 185 177 170 163
01 05 -9999 154 147 143 139 133 131 129 134 176 196 206 213 217 218 219 219 217 208 196 187 179 172 165
01 06 -9999 155 148 144 140 133 131 128 133 175 195 205 212 216 217 219 218 216 206 195 185 177 170 163
01 07 -9999 153 146 141 137 131 129 126 130 174 193 204 210 214 216 216 215 214 204 194 184 176 169 162
01 08 -9999 151 145 140 136 129 128 125 130 174 193 203 209 213 214 214 213 211 203 193 185 177 171 164
01 09 -9999 153 146 141 137 130 128 125 130 174 193 202 208 212 214 215 213 211 203 194 185 177 171 164
01 10 -9999 152 146 142 137 130 127 124 128 174 193 202 208 211 213 214 213 211 203 194 184 177 171 164
01 11 -9999 150 143 139 134 127 124 120 124 171 192 201 206 209 212 213 211 210 201 192 182 176 170 162
01 12 -9999 148 140 136 131 125 121 117 122 169 190 199 204 206 209 210 209 209 199 190 181 175 169 162
01 13 -9999 146 140 135 130 124 120 115 120 167 188 197 202 204 207 208 206 206 197 188 179 172 166 159
01 14 -9999 144 138 133 128 123 117 113 118 166 186 196 201 202 204 205 204 204 196 186 177 170 164 158
01 15 -9999 143 137 132 127 122 115 111 117 165 186 196 200 200 203 202 201 203 196 185 177 169 164 157
01 16 -9999 142 137 132 126 121 115 111 117 164 185 196 199 199 201 201 200 203 195 185 177 170 164 158
01 17 -9999 142 137 133 127 123 117 113 119 165 185 195 199 199 202 201 201 204 196 186 177 170 164 158
01 18 -9999 143 138 134 127 124 117 113 120 164 184 195 198 198 200 200 200 204 197 186 178 171 165 158
01 19 -9999 143 138 133 128 124 117 113 119 164 184 195 197 197 198 198 198 203 197 186 177 170 164 158
01 20 -9999 144 139 134 129 125 118 114 120 164 185 195 198 197 198 197 196 201 197 186 177 171 165 159
01 21 -9999 146 141 137 131 127 119 116 123 166 186 197 198 198 198 197 197 201 198 187 178 172 166 159
01 22 151 147 143 138 133 129 122 118 125 168 187 197 199 199 198 197 197 202 199 188 180 174 168 162
01 23 153 150 146 141 136 131 125 121 128 169 188 197 199 200 199 197 198 202 200 190 182 175 168 162
01 24 152 150 146 140 135 132 125 121 128 170 189 198 200 200 198 197 198 203 201 191 184 176 170 163
01 25 -9999 151 145 140 135 131 124 121 129 170 189 198 200 201 198 197 197 202 200 191 185 178 172 164
01 26 -9999 154 148 143 138 134 128 125 133 173 190 199 201 201 199 196 196 201 201 193 187 180 174 167
01 27 -9999 156 151 146 141 137 131 128 136 176 192 201 201 202 199 196 196 201 202 195 187 181 175 167
01 28 -9999 157 152 146 142 138 133 129 138 177 193 201 202 202 199 196 196 202 202 196 188 182 176 169
01 29 -9999 159 153 147 142 137 133 130 139 178 193 201 202 201 199 195 195 201 201 196 189 182 176 169
01 30 -9999 159 153 147 142 137 134 130 139 178 193 201 203 201 199 195 195 200 201 196 188 181 175 169
01 31 -9999 159 153 148 143 139 135 131 141 179 194 201 202 201 198 195 195 199 200 197 189 183 177 172
02 01 -9999 162 156 151 146 142 139 135 145 183 197 204 204 202 200 197 196 200 201 199 192 186 181 175
02 02 -9999 166 159 154 150 145 143 138 149 186 200 205 206 204 201 198 196 199 201 199 193 188 182 177
02 03 -9999 168 161 156 151 146 145 140 151 188 200 206 206 204 202 199 197 200 200 199 194 188 182 178
02 04 -9999 168 162 156 151 147 145 140 153 189 201 206 206 204 202 199 197 200 199 199 194 188 182 178
02 05 -9999 168 161 156 151 147 145 141 154 189 200 205 205 201 201 198 196 199 199 199 194 188 184 180
02 06 -9999 170 163 158 153 149 147 142 156 190 201 207 206 202 202 199 198 200 201 201 196 191 186 183
02 07 -9999 173 166 161 156 152 150 145 159 193 203 209 208 204 202 200 198 201 202 202 196 192 188 185
02 08 -9999 175 168 164 158 154 152 148 162 195 204 209 208 204 202 200 198 200 202 203 197 193 190 187
02 09 -9999 178 172 168 163 158 157 153 167 199 207 211 210 205 203 200 198 200 203 205 200 196 193 190
02 10 -9999 181 176 172 167 163 161 157 173 202 210 214 212 206 203 201 199 201 204 206 201 197 194 193
02 11 -9999 185 180 176 171 167 165 161 177 206 214 216 215 209 206 203 201 202 206 208 203 200 197 196
02 12 -9999 188 183 179 175 170 168 165 182 209 217 219 216 212 208 205 203 203 208 210 205 203 200 199
02 13 -9999 191 187 183 179 175 172 169 187 213 220 221 218 213 210 208 205 205 210 212 208 205 203 201
02 14 -9999 195 191 186 183 179 177 174 192 217 223 224 220 215 211 208 205 204 210 213 210 207 206 205
02 15 203 198 194 190 187 183 180 178 196 220 225 225 221 215 210 207 204 204 210 213 210 208 206 205
02 16 202 197 194 189 186 181 178 175 196 218 223 222 218 212 207 203 199 200 207 211 208 205 203 202
02 17 198 194 191 187 184 180 176 173 195 216 221 221 216 211 205 201 197 199 205 210 207 204 202 201
02 18 -9999 194 191 188 185 181 178 175 197 217 222 221 215 210 204 200 197 198 205 210 207 205 204 202
02 19 -9999 195 192 189 186 182 179 176 199 218 222 222 215 210 204 199 196 197 205 211 207 205 204 203
02 20 -9999 196 193 191 188 184 181 178 202 220 224 222 216 212 205 199 197 198 205 210 207 205 204 203
02 21 -9999 197 194 192 189 185 182 179 203 221 225 222 216 212 206 200 197 198 205 210 207 205 203 202
02 22 -9999 196 194 192 189 185 182 179 204 221 225 222 215 212 206 200 198 198 206 210 207 206 203 202
02 23 -9999 196 193 191 189 185 183 179 205 222 227 223 216 212 206 200 198 197 205 209 208 206 204 203
02 24 -9999 196 194 190 188 185 182 179 206 222 227 223 216 212 206 199 197 197 204 208 207 206 203 202
02 25 -9999 196 193 189 187 184 181 177 205 220 226 222 216 212 206 198 196 196 203 207 206 204 202 201
02 26 -9999 194 191 188 186 183 179 176 204 218 223 218 212 209 203 195 194 194 201 205 204 202 199 199
02 27 -9999 192 189 186 184 182 178 175 203 216 221 216 210 208 201 193 192 191 198 202 202 201 197 196
02 28 -9999 190 188 185 183 181 178 174 203 215 220 216 209 207 200 192 191 191 198 202 202 202 198 198
03 01 -9999 190 187 185 183 181 178 175 204 215 220 215 208 206 200 192 191 190 196 201 202 202 197 197
03 02 -9999 191 188 185 184 183 179 177 207 218 221 217 209 208 202 194 193 192 198 202 204 203 199 199
03 03 -9999 194 190 187 186 185 182 180 210 221 225 219 212 210 204 195 195 194 200 204 205 205 201 201
03 04 -9999 195 192 190 189 188 185 183 214 224 227 221 213 212 205 197 196 195 201 205 207 207 203 203
03 05 -9999 197 195 192 191 190 186 185 216 226 229 223 214 212 205 197 196 195 201 205 207 207 203 204
03 06 -9999 199 196 192 192 190 186 185 218 228 231 224 215 213 206 198 196 195 200 205 207 208 204 205
03 07 -9999 199 196 193 192 191 187 186 218 229 232 225 216 213 206 199 196 195 200 205 207 208 204 204
03 08 -9999 198 196 192 191 190 186 185 218 228 230 224 215 212 203 197 194 194 198 204 207 207 204 204
03 09 -9999 198 195 192 191 190 186 186 219 228 229 222 214 210 201 196 193 193 197 204 206 206 204 204
03 10 -9999 199 196 193 192 191 187 188 221 229 230 223 215 211 202 197 193 193 197 204 206 207 205 204
03 11 -9999 200 197 194 193 191 188 189 221 230 230 222 215 210 201 196 193 193 197 204 206 208 206 205
03 12 -9999 200 197 194 194 192 189 190 223 233 231 223 213 209 200 196 193 193 197 205 207 207 206 205
03 13 -9999 201 197 194 193 191 188 189 223 234 233 224 215 210 201 196 194 193 197 205 207 208 207 206
03 14 -9999 202 198 195 194 192 189 191 225 236 235 225 215 209 200 196 193 193 197 204 206 208 207 207
03 15 -9999 203 198 195 194 193 189 192 226 236 235 224 215 209 200 196 193 192 196 203 205 206 206 205
03 16 210 202 198 195 193 191 188 191 226 235 234 223 214 207 199 195 192 190 194 201 202 205 206 204
03 17 210 201 198 196 194 191 189 192 226 235 234 222 214 206 198 195 191 189 193 200 201 204 206 204
03 18 -9999 200 198 196 194 191 188 193 226 234 232 220 212 203 194 192 188 187 190 197 199 201 203 202
03 19 -9999 200 197 194 192 190 188 194 226 234 232 220 211 203 196 192 188 187 189 196 198 200 203 202
03 20 -9999 200 196 194 191 190 188 194 226 232 230 218 210 202 195 192 188 186 189 196 198 200 203 201
03 21 -9999 199 196 194 191 190 188 195 226 231 229 217 208 201 194 190 187 185 188 195 198 201 203 202
03 22 -9999 199 197 195 192 191 189 197 227 232 229 217 208 200 194 189 186 185 187 195 198 200 203 202
03 23 207 199 196 195 191 191 189 199 228 233 230 217 207 201 194 189 187 185 186 194 197 200 203 201
03 24 206 199 196 194 191 191 188 199 228 232 229 217 207 200 193 189 186 184 185 193 196 199 201 200
03 25 205 197 195 193 190 190 187 199 227 232 229 217 206 198 192 187 185 183 183 192 195 197 199 199
03 26 205 197 194 192 190 190 187 200 228 230 228 217 207 198 193 188 185 182 182 190 194 196 198 200
03 27 205 197 195 193 191 191 188 202 229 231 228 216 206 199 192 187 184 181 181 190 194 196 199 201
03 28 206 198 197 194 192 192 189 204 230 231 227 216 206 199 193 188 185 182 181 191 194 196 199 201
03 29 -9999 199 198 196 193 194 191 207 230 232 227 217 207 201 196 190 187 183 181 191 195 197 199 201
03 30 -9999 198 198 196 193 193 190 207 229 232 228 218 208 202 197 191 188 184 183 193 197 199 201 203
03 31 -9999 200 199 197 195 195 192 211 231 234 230 220 210 204 199 192 190 186 184 195 199 200 202 204
04 01 -9999 201 200 197 195 195 193 212 232 234 228 219 209 203 198 191 188 184 181 193 197 199 201 204
04 02 -9999 202 201 198 196 196 194 215 232 234 228 219 209 203 200 193 190 184 181 193 197 200 203 205
04 03 -9999 203 202 200 196 196 193 215 231 232 225 217 208 201 198 190 187 180 178 189 194 197 200 202
04 04 -9999 202 201 198 195 195 192 215 230 232 224 215 207 200 196 188 184 178 177 187 193 196 199 202
04 05 -9999 201 200 198 195 195 192 217 231 233 225 216 208 201 197 189 185 179 177 186 191 194 197 200
04 06 -9999 200 199 197 194 195 193 218 231 231 223 214 207 200 195 188 184 177 176 185 191 195 197 200
04 07 -9999 200 199 198 194 195 193 219 232 232 223 213 205 199 194 186 183 176 174 183 190 193 196 199
04 08 -9999 200 199 198 195 196 194 221 232 232 223 212 204 199 194 185 182 174 172 181 187 191 195 198
04 09 -9999 199 199 198 194 195 193 222 233 233 223 212 204 199 194 185 182 176 173 181 189 192 196 198
04 10 -9999 200 200 198 196 196 195 223 234 235 225 213 204 200 195 186 183 176 175 183 190 193 197 200
04 11 -9999 202 202 201 198 198 196 225 235 236 227 214 205 201 197 187 184 177 175 182 190 194 197 198
04 12 -9999 201 201 200 197 197 195 225 235 235 225 212 204 200 194 184 182 175 172 178 187 191 194 196
04 13 -9999 199 199 198 195 195 194 223 234 233 222 208 200 196 190 181 179 173 170 176 184 188 192 195
04 14 -9999 199 197 197 194 195 194 223 234 233 221 207 199 195 189 181 178 172 170 176 185 189 192 195
04 15 -9999 200 198 197 194 195 194 223 234 233 221 206 198 195 188 180 177 172 170 175 184 188 192 194
04 16 -9999 199 197 196 193 195 194 223 234 233 222 208 200 199 192 184 180 175 174 179 188 192 195 197
04 17 -9999 201 199 198 195 196 196 225 237 236 224 210 204 202 195 186 183 178 177 182 191 194 197 198
04 18 -9999 203 201 200 197 198 199 228 240 240 228 214 207 205 197 190 187 182 181 185 195 196 199 201
04 19 -9999 205 202 202 200 201 203 230 243 243 231 217 210 207 200 192 189 184 182 187 196 198 200 202
04 20 -9999 207 204 203 201 201 203 231 244 245 233 217 210 207 200 192 188 183 182 187 196 198 200 202
04 21 -9999 207 205 204 202 202 204 232 245 247 234 219 211 209 202 194 191 186 184 190 198 200 203 204
04 22 -9999 210 207 207 205 205 207 234 247 249 236 222 214 212 205 198 194 190 189 194 202 203 206 207
04 23 -9999 213 210 210 207 208 210 237 249 251 238 224 216 213 208 201 197 193 193 197 205 208 210 211
04 24 -9999 216 213 213 210 211 213 240 252 253 240 225 218 215 209 203 200 196 195 200 207 210 211 213
04 25 -9999 218 214 214 212 213 216 242 253 254 241 227 219 218 211 205 202 198 197 202 209 211 213 214
04 26 -9999 217 214 214 211 213 216 243 254 256 242 228 221 219 212 207 204 200 199 205 212 214 216 218
04 27 -9999 221 218 218 216 218 220 248 259 260 247 234 226 223 217 212 208 204 203 209 216 218 220 221
04 28 -9999 225 222 222 220 221 225 252 263 264 251 237 229 224 219 215 210 206 206 212 220 222 224 224
04 29 -9999 226 223 224 222 223 226 254 265 265 252 237 230 225 220 215 210 206 206 212 219 221 223 223
04 30 -9999 226 223 223 221 222 226 254 265 265 251 238 231 225 220 214 210 206 206 212 220 222 223 224
05 01 -9999 227 224 225 223 224 228 257 267 266 252 238 231 225 219 214 211 207 207 212 219 221 223 224
05 02 -9999 226 223 224 223 224 228 257 266 265 251 237 230 223 218 214 212 209 209 215 221 223 225 226
05 03 -9999 227 224 225 224 225 229 258 267 266 251 237 228 222 217 211 209 208 207 213 220 222 224 225
05 04 -9999 225 223 224 223 224 228 258 266 264 250 236 226 220 216 210 209 206 206 212 219 221 223 224
05 05 -9999 225 223 225 223 225 229 258 267 264 250 236 228 223 217 212 212 209 209 216 222 224 226 227
05 06 -9999 227 225 226 226 227 231 260 269 266 251 237 229 224 218 213 213 210 211 217 223 226 227 228
05 07 -9999 229 226 229 227 228 233 262 270 267 254 239 231 225 220 215 214 211 212 219 225 228 230 230
05 08 -9999 231 229 230 230 229 236 263 272 270 256 241 234 228 223 219 218 214 216 222 228 231 233 233
05 09 -9999 234 232 234 234 232 239 267 275 273 260 243 237 231 226 221 220 216 218 224 229 233 235 234
05 10 -9999 236 235 237 236 234 241 269 277 275 261 245 239 231 228 223 222 219 221 226 231 234 237 236
05 11 -9999 238 236 239 239 235 243 270 279 276 263 248 242 233 229 226 225 222 224 230 235 238 242 240
05 12 -9999 241 239 241 242 238 246 272 281 278 265 249 244 236 231 229 229 227 229 235 239 242 246 244
05 13 -9999 245 243 245 245 242 250 276 285 282 269 253 247 241 237 234 237 234 236 240 244 247 251 249
05 14 -9999 251 249 250 250 246 255 280 288 286 273 257 251 245 241 239 241 238 240 244 247 249 253 251
05 15 -9999 254 251 253 254 249 258 282 292 289 276 260 254 248 244 243 246 243 244 248 250 253 256 254
05 16 -9999 257 254 256 256 252 262 285 295 293 280 264 257 252 247 246 249 246 248 251 254 257 260 257
05 17 -9999 261 258 260 260 256 266 288 298 296 283 266 260 255 250 248 250 246 248 252 255 260 262 259
05 18 -9999 263 261 263 262 258 269 291 300 297 285 269 263 259 254 253 256 252 253 257 260 264 267 263
05 19 -9999 268 265 266 265 261 273 294 303 301 289 273 267 263 257 256 259 256 258 262 264 269 271 267
05 20 -9999 272 268 270 269 265 278 298 307 304 292 275 270 264 260 259 261 258 260 263 267 272 274 270
05 21 -9999 276 273 274 273 269 283 303 310 308 295 279 272 267 262 261 263 261 262 265 269 273 275 272
05 22 -9999 277 275 275 275 271 286 305 314 310 298 282 275 269 265 264 265 263 264 267 270 275 275 272
05 23 -9999 278 276 276 275 272 288 306 314 310 297 282 274 269 265 262 265 263 264 266 269 273 273 271
05 24 -9999 277 274 273 272 271 287 304 312 308 296 281 272 267 263 261 264 262 262 265 268 272 271 269
05 25 -9999 276 273 271 270 270 286 304 312 308 295 281 272 267 262 260 263 261 260 263 266 271 269 267
05 26 -9999 274 272 269 268 268 285 303 310 306 294 278 270 265 261 259 260 259 257 259 262 267 265 263
05 27 -9999 271 269 266 266 266 284 301 308 303 292 276 269 263 259 257 258 257 255 257 260 264 262 262
05 28 -9999 268 266 264 263 264 282 300 306 302 290 275 268 262 258 255 256 255 253 255 257 262 260 261
05 29 -9999 266 265 262 262 264 283 301 308 302 291 277 269 263 259 257 257 257 255 256 260 264 262 262
05 30 -9999 267 266 264 263 264 284 301 309 304 292 277 269 263 260 257 257 256 256 256 259 264 262 263
05 31 -9999 267 267 264 264 264 284 302 308 303 292 277 269 263 260 257 256 255 253 255 258 262 261 263
06 01 -9999 267 266 264 263 264 284 302 308 303 292 277 270 264 261 259 257 256 255 255 258 261 261 264
06 02 275 268 266 264 264 264 284 303 309 304 293 278 271 264 262 260 258 258 256 256 259 262 262 265
06 03 276 269 268 265 266 265 286 304 311 306 294 279 272 266 264 262 260 260 258 258 261 264 264 267
06 04 277 270 269 266 267 266 286 303 311 307 296 281 274 267 265 262 261 260 258 258 260 262 263 266
06 05 274 267 266 264 265 264 284 301 309 305 295 280 274 266 265 262 261 260 258 257 260 262 263 265
06 06 274 267 266 264 265 264 283 300 308 304 294 280 274 267 265 262 261 260 257 256 259 260 261 264
06 07 272 267 266 264 264 263 283 300 309 306 296 282 275 268 266 264 262 260 257 256 259 260 262 264
06 08 273 268 267 265 266 264 284 302 311 307 296 283 277 270 268 266 264 263 260 259 261 262 265 267
06 09 274 270 270 268 269 267 287 304 312 308 297 283 277 271 268 267 264 263 260 261 263 265 266 268
06 10 275 271 271 271 271 269 288 305 313 310 297 284 279 273 270 270 267 265 262 263 266 267 268 270
06 11 278 273 272 273 273 271 290 306 314 312 300 287 281 274 272 271 268 267 264 265 268 269 270 272
06 12 281 275 274 275 275 272 291 307 315 312 301 288 281 275 273 272 269 268 266 267 270 270 271 273
06 13 283 276 275 275 275 273 292 308 315 313 301 288 281 275 273 271 268 267 265 267 271 271 271 274
06 14 286 277 277 277 277 276 295 310 318 316 304 290 283 277 275 273 271 269 268 270 274 273 274 275
06 15 287 278 278 278 278 276 295 310 319 317 304 291 283 277 275 274 271 270 269 270 274 273 273 274
06 16 287 277 277 277 278 277 296 311 320 317 305 291 284 278 275 275 273 272 271 273 276 274 275 275
06 17 289 279 279 280 280 279 298 313 323 321 309 294 287 281 279 277 275 273 273 275 278 277 277 277
06 18 291 281 282 282 283 282 301 316 325 323 312 297 290 284 283 281 278 276 276 279 283 282 282 282
06 19 295 286 286 287 288 287 305 320 329 327 316 301 294 288 287 286 283 282 282 284 289 288 287 288
06 20 302 292 291 293 293 292 310 326 334 332 320 305 298 294 291 290 287 286 287 290 295 294 293 294
06 21 307 298 297 298 298 297 316 332 339 337 325 310 303 299 296 296 293 293 294 297 302 302 302 303
06 22 316 305 304 305 306 305 323 338 345 342 330 315 309 305 303 303 300 300 301 304 309 309 309 309
06 23 321 311 310 311 311 311 328 344 350 348 336 320 313 308 306 306 303 303 304 306 312 310 312 313
06 24 324 314 313 315 315 315 331 347 354 351 340 324 317 311 310 310 308 308 310 311 316 314 316 317
06 25 327 318 318 319 318 319 335 352 359 356 345 329 321 315 314 312 310 310 313 314 319 319 321 322
06 26 331 324 323 324 324 324 340 357 364 360 349 332 324 318 317 316 313 313 316 318 323 322 326 326
06 27 332 327 327 328 328 329 344 361 370 365 354 337 330 323 321 319 317 317 319 321 326 326 330 330
06 28 335 332 332 333 333 334 349 365 374 369 358 342 334 328 326 324 323 322 324 327 331 332 336 336
06 29 339 338 337 339 338 338 353 371 378 373 362 347 340 333 331 330 328 327 330 333 335 337 342 342
06 30 345 345 345 346 346 346 361 378 385 380 369 354 348 341 339 337 336 336 339 342 346 348 353 354
07 01 355 356 355 356 355 355 369 387 394 390 379 364 357 349 348 345 345 345 348 351 355 359 363 364
07 02 365 365 364 365 364 364 378 395 401 396 386 372 364 356 354 352 352 353 356 358 363 367 371 372
07 03 373 373 371 372 371 371 385 402 408 403 392 378 371 362 360 357 357 359 361 365 369 372 376 378
07 04 380 379 378 379 376 377 391 408 413 409 397 383 376 366 364 361 362 364 366 370 373 378 383 384
07 05 386 386 385 385 383 384 396 413 419 414 403 389 381 370 368 365 366 368 369 374 377 382 387 388
07 06 390 391 390 390 388 388 400 417 423 417 407 392 385 373 372 369 369 371 372 377 381 385 391 392
07 07 395 395 395 395 393 393 405 422 427 422 411 397 389 377 375 372 372 373 375 382 385 390 396 397
07 08 400 400 400 401 398 398 410 426 432 427 416 401 393 382 380 377 377 378 381 387 392 398 403 405
07 09 408 409 408 408 406 405 416 433 439 434 424 409 400 389 386 385 384 385 388 395 401 408 413 415
07 10 419 419 417 417 415 414 425 441 446 441 430 415 406 397 393 392 392 393 396 403 410 416 421 423
07 11 429 427 425 426 423 421 432 448 454 448 438 422 412 402 399 398 398 400 402 409 419 426 430 432
07 12 438 436 434 433 430 429 439 456 460 455 444 429 418 408 404 404 405 406 409 418 427 435 440 441
07 13 448 445 442 442 438 437 446 463 467 462 451 435 424 414 410 410 410 412 416 424 433 442 446 448
07 14 455 452 450 449 446 445 453 469 472 467 456 440 429 419 415 416 416 418 421 429 440 448 453 455
07 15 461 459 456 456 452 450 458 474 477 472 461 444 433 423 418 419 420 421 424 433 444 452 458 458
07 16 465 463 461 460 457 454 462 477 480 474 462 446 435 425 421 423 424 424 427 437 448 456 461 461
07 17 468 467 464 464 460 456 464 479 482 476 465 447 437 428 423 426 427 427 430 440 452 459 465 465
07 18 470 471 468 468 464 460 467 482 484 479 467 450 439 430 426 427 430 429 434 443 455 463 468 468
07 19 472 473 471 471 467 463 470 485 487 482 470 453 442 434 430 431 433 432 437 446 459 466 471 471
07 20 474 476 474 473 470 465 473 488 490 485 473 456 446 438 433 435 436 435 440 450 463 470 475 474
07 21 476 479 476 476 472 468 475 490 492 488 477 459 448 441 436 438 439 438 444 453 467 474 479 478
07 22 479 482 479 479 476 472 478 493 495 491 480 462 451 443 438 440 443 441 447 457 471 479 482 481
07 23 483 486 483 483 480 476 482 496 498 494 483 466 454 446 441 443 446 444 450 461 475 482 486 485
07 24 485 488 486 485 482 478 484 498 500 497 485 467 456 448 443 444 447 446 453 464 476 484 488 486
07 25 486 491 488 488 485 480 485 500 503 499 488 470 458 450 445 446 448 448 455 466 478 485 490 488
07 26 487 492 490 489 487 482 487 502 505 502 491 473 461 453 448 450 451 450 458 469 479 486 491 489
07 27 487 492 491 491 489 484 489 503 506 503 493 474 463 455 451 453 454 452 460 471 480 487 491 489
07 28 488 493 492 491 490 485 490 504 507 505 495 476 464 457 451 452 455 453 460 471 482 488 492 491
07 29 488 493 493 492 490 486 490 505 509 506 496 477 465 459 453 453 456 456 462 473 485 490 494 492
07 30 490 495 493 492 491 487 490 506 510 507 496 478 466 460 454 454 455 456 462 474 484 490 493 492
07 31 490 495 494 493 492 488 490 507 511 509 497 479 467 460 454 453 453 455 461 472 483 489 493 492
08 01 490 494 493 492 491 488 490 507 511 509 497 480 467 459 454 452 452 455 460 472 483 489 493 492
08 02 491 494 494 493 491 489 490 508 512 509 497 480 466 459 453 453 452 455 460 471 482 488 492 491
08 03 491 494 493 492 491 489 490 507 511 509 497 479 466 458 453 452 452 454 460 471 482 488 492 491
08 04 493 494 494 493 492 489 490 507 512 509 498 479 466 459 454 454 453 455 461 472 483 489 493 491
08 05 496 495 495 494 493 490 491 508 512 510 498 479 466 459 453 453 453 454 461 472 483 487 492 490
08 06 495 494 494 492 492 489 489 508 512 509 497 478 466 459 453 453 453 454 461 473 483 487 492 490
08 07 494 494 493 492 491 488 488 507 511 509 496 477 465 458 453 452 453 455 461 473 482 486 491 489
08 08 493 493 493 491 490 487 487 507 510 507 494 477 464 457 452 451 452 454 459 470 480 484 489 487
08 09 491 491 490 489 488 485 486 505 508 505 492 475 463 456 451 451 452 452 458 469 479 483 487 485
08 10 488 489 489 487 486 483 483 503 506 504 490 474 462 455 450 448 450 451 456 468 479 482 486 485
08 11 488 488 488 486 484 481 481 501 505 502 489 473 461 454 448 445 448 448 455 467 477 481 485 484
08 12 488 486 486 484 482 479 479 499 504 501 488 472 460 454 448 446 447 448 455 468 477 480 485 483
08 13 489 486 485 484 481 478 478 499 503 501 488 472 460 453 447 445 446 446 454 466 475 478 483 482
08 14 490 484 484 483 481 477 477 498 502 500 488 472 460 453 447 445 447 446 454 466 477 479 484 483
08 15 492 484 484 482 480 477 477 498 502 500 488 472 460 453 447 445 448 447 454 467 477 480 484 483
08 16 493 484 484 482 480 477 476 498 502 499 488 472 460 453 447 446 449 447 455 467 477 480 484 483
08 17 492 485 483 482 479 476 475 497 501 499 488 472 460 452 447 446 449 448 455 467 477 480 483 483
08 18 492 484 483 482 479 476 475 496 501 498 487 472 460 453 447 446 449 448 455 467 477 479 482 482
08 19 490 483 481 480 477 474 472 495 500 497 486 471 460 452 446 444 447 447 454 466 475 478 481 482
08 20 489 481 481 479 476 473 472 493 499 496 485 470 459 451 446 443 446 447 453 466 474 479 481 481
08 21 490 481 480 478 475 472 471 493 498 496 486 470 459 451 446 443 445 447 453 465 474 478 480 481
08 22 491 480 479 477 474 471 470 491 497 496 486 470 458 449 445 442 444 444 451 463 472 476 479 480
08 23 491 479 478 476 472 469 468 490 497 496 487 470 458 449 444 442 444 443 450 463 472 477 479 480
08 24 492 479 478 476 473 470 468 490 497 496 488 470 458 449 443 442 442 442 449 463 471 476 479 479
08 25 493 479 478 476 472 469 468 489 495 495 487 470 457 448 443 441 442 441 448 461 470 476 478 478
08 26 491 478 476 474 471 467 466 487 493 494 486 469 456 446 442 441 441 440 447 460 469 475 476 476
08 27 488 476 475 473 470 467 466 486 492 493 484 467 454 445 441 439 439 438 445 458 467 472 474 474
08 28 485 474 473 470 467 464 464 483 490 491 483 465 452 442 439 438 437 436 443 456 465 471 472 472
08 29 481 472 470 467 464 461 460 480 488 489 480 462 449 439 436 436 435 432 439 452 461 466 467 468
08 30 475 469 466 464 460 457 456 476 484 486 477 459 445 435 433 432 430 428 436 449 457 462 464 464
08 31 471 464 462 460 456 454 453 473 481 483 474 456 442 432 429 428 426 424 433 445 453 458 460 460
09 01 467 460 458 456 453 450 450 469 477 480 471 452 438 428 425 423 421 419 428 441 449 453 455 455
09 02 462 456 453 452 448 445 445 465 473 476 467 449 435 425 422 420 418 415 423 436 444 449 451 451
09 03 456 452 450 448 445 442 442 462 470 473 464 446 432 421 418 416 414 411 420 433 441 445 447 448
09 04 453 449 447 445 441 439 439 459 467 471 463 445 430 420 415 414 412 409 417 431 438 442 444 444
09 05 449 446 443 441 438 435 435 454 463 467 459 441 426 416 411 409 408 404 412 426 434 437 440 440
09 06 444 441 439 436 433 431 430 450 460 463 455 437 423 413 408 406 404 400 409 422 431 433 435 434
09 07 439 436 434 431 428 426 425 445 455 458 450 432 418 409 404 401 399 396 405 417 425 428 429 428
09 08 432 429 428 425 422 420 419 439 450 453 445 427 413 404 399 396 395 392 401 412 420 422 423 423
09 09 426 423 421 419 416 414 413 433 445 448 440 422 409 400 394 391 390 387 395 407 414 416 417 417
09 10 422 418 417 415 412 410 408 429 440 444 437 419 406 397 390 387 386 383 391 402 410 412 413 413
09 11 419 413 412 410 407 406 404 424 436 439 432 414 402 393 386 382 383 379 387 398 405 407 408 408
09 12 415 408 406 404 401 400 398 418 430 435 428 410 398 389 382 377 378 374 381 393 400 402 404 404
09 13 410 403 402 400 398 396 394 414 426 430 424 406 394 386 378 373 375 370 378 390 397 398 399 399
09 14 405 398 396 395 393 392 389 408 421 425 419 402 391 382 374 370 371 367 374 385 392 393 394 394
09 15 400 393 391 390 387 386 384 403 417 422 417 399 388 380 372 367 368 364 370 381 388 389 390 390
09 16 396 390 388 386 383 382 380 398 413 418 413 396 385 377 369 365 366 361 368 378 384 386 387 387
09 17 394 386 384 382 380 378 376 394 410 415 410 392 381 373 364 360 360 356 363 372 379 381 382 381
09 18 390 380 378 376 374 372 370 388 404 410 405 387 377 369 360 355 355 350 356 366 372 375 376 374
09 19 384 374 371 369 368 365 363 381 398 404 400 381 371 362 354 349 349 343 350 359 365 368 368 367
09 20 377 367 364 363 361 359 357 375 392 399 394 376 367 358 350 346 345 340 347 355 360 363 363 362
09 21 371 362 359 358 356 353 352 369 386 393 389 371 361 352 344 340 339 334 341 349 354 357 358 357
09 22 364 357 354 353 352 348 347 364 380 389 384 367 358 347 339 335 334 329 336 344 349 351 352 351
09 23 359 352 348 347 346 343 341 358 375 383 380 364 354 345 337 331 329 325 332 339 344 346 347 346
09 24 354 347 343 342 341 338 336 353 370 378 375 359 349 339 331 326 325 320 328 334 339 341 342 341
09 25 349 341 337 336 334 332 330 346 364 373 370 354 344 335 328 322 321 316 324 329 334 336 336 336
09 26 343 337 333 332 331 327 325 341 360 369 368 353 342 333 326 320 319 314 321 327 331 333 334 334
09 27 339 335 331 330 328 325 323 338 358 367 365 350 340 330 323 317 315 311 319 324 327 329 330 330
09 28 333 331 326 326 323 320 318 333 353 362 361 347 337 327 320 315 312 308 316 320 323 325 326 326
09 29 329 327 323 322 320 316 314 329 349 359 358 345 335 326 318 313 311 306 314 318 320 323 324 324
09 30 -9999 325 320 320 317 313 311 326 345 356 355 343 333 322 315 309 307 303 311 315 317 319 320 320
10 01 322 320 316 315 313 309 307 320 341 352 351 339 328 318 311 305 303 298 307 310 313 314 316 314
10 02 315 315 311 310 308 304 301 314 335 346 347 335 324 316 309 303 301 297 305 309 310 311 313 312
10 03 -9999 311 308 306 304 301 298 311 332 343 345 332 322 313 306 300 299 295 303 306 308 309 310 309
10 04 -9999 308 305 303 301 297 295 306 329 339 341 329 319 310 303 298 297 293 301 304 305 306 307 305
10 05 -9999 304 301 299 297 293 291 301 324 335 337 326 316 305 300 294 292 287 295 299 300 301 302 300
10 06 -9999 299 295 294 292 289 286 296 321 331 334 322 313 303 298 292 291 286 293 296 296 298 298 296
10 07 -9999 295 292 290 288 285 282 292 317 328 330 319 310 302 297 291 289 285 291 295 294 295 296 294
10 08 -9999 292 290 287 286 282 280 288 314 325 326 315 306 298 293 289 287 283 288 291 291 293 293 291
10 09 -9999 289 287 284 282 279 277 284 311 322 324 313 305 296 292 287 286 281 286 289 288 290 290 287
10 10 -9999 286 283 281 280 276 274 280 307 319 322 312 304 296 291 286 283 278 284 286 285 287 287 283
10 11 -9999 282 279 277 275 271 270 276 303 315 317 307 300 293 287 281 279 275 279 281 280 282 281 277
10 12 -9999 276 273 270 269 265 265 269 297 310 313 304 296 289 283 277 275 271 276 276 275 278 278 272
10 13 -9999 271 269 266 264 260 260 264 293 306 310 300 293 286 281 275 272 268 273 274 273 275 274 269
10 14 -9999 268 265 263 261 257 256 259 291 303 308 298 291 284 279 272 269 265 271 271 271 272 271 265
10 15 -9999 265 261 259 257 252 253 256 287 299 304 294 287 280 274 268 266 261 268 267 267 269 268 261
10 16 -9999 263 257 255 253 249 249 252 285 297 302 292 286 279 272 266 264 260 267 266 266 268 267 260
10 17 -9999 261 256 254 253 248 249 252 283 296 301 290 285 279 271 265 263 258 266 264 264 266 265 258
10 18 -9999 260 255 253 252 246 248 250 281 294 299 288 284 277 270 264 262 256 265 262 262 263 262 255
10 19 -9999 256 252 250 249 242 244 245 277 291 296 286 282 276 268 262 260 254 263 261 261 261 261 254
10 20 -9999 255 251 249 247 241 243 244 276 290 295 286 282 277 269 262 261 257 264 262 262 262 262 255
10 21 -9999 256 252 250 248 241 243 243 276 290 297 288 283 278 271 263 261 258 266 264 263 263 262 255
10 22 -9999 256 251 249 247 240 242 241 275 290 297 289 283 277 270 262 260 256 265 263 261 261 260 253
10 23 -9999 253 249 247 245 238 239 239 273 289 297 288 282 275 269 260 259 254 264 262 260 260 259 252
10 24 -9999 252 247 245 243 235 237 236 271 286 295 285 280 273 266 259 257 254 263 261 260 260 258 251
10 25 -9999 251 246 244 241 234 235 235 269 284 292 283 278 271 264 256 256 253 261 260 259 258 257 250
10 26 -9999 249 244 242 239 233 233 232 267 282 289 281 275 268 262 255 254 251 259 259 257 256 254 247
10 27 -9999 247 242 239 237 230 230 229 264 279 286 278 272 265 258 252 251 248 256 256 254 253 250 244
10 28 -9999 244 239 236 234 227 227 226 262 277 283 275 268 261 255 248 248 245 252 252 251 248 246 240
10 29 -9999 239 235 233 229 223 223 222 257 273 278 271 264 257 249 244 243 241 247 247 245 242 240 235
10 30 -9999 233 229 226 223 217 216 215 251 267 273 267 260 253 247 241 240 238 243 244 241 239 236 231
10 31 -9999 228 226 222 219 213 212 210 246 263 269 263 257 250 244 238 237 236 240 240 237 235 231 228
11 01 -9999 225 223 219 215 209 207 206 243 260 267 261 256 249 244 238 237 236 239 239 236 233 230 227
11 02 -9999 224 222 217 213 208 206 204 241 258 264 260 254 248 242 237 235 235 237 238 234 232 229 226
11 03 -9999 223 221 216 212 207 205 203 240 257 263 259 253 247 241 235 234 234 237 236 233 231 227 225
11 04 -9999 222 220 215 211 206 204 203 238 256 262 257 252 246 240 235 235 234 236 236 232 230 227 224
11 05 -9999 221 218 213 209 205 203 202 236 254 261 256 251 244 238 234 234 233 235 234 230 229 225 222
11 06 -9999 219 216 211 207 203 202 200 234 252 259 255 250 244 238 234 234 234 235 234 230 229 226 221
11 07 -9999 219 216 210 207 202 201 199 231 250 258 253 249 244 238 234 234 234 234 233 229 227 224 220
11 08 -9999 217 214 209 205 200 198 196 227 247 255 250 246 240 235 232 232 231 231 229 225 223 220 216
11 09 -9999 212 210 205 201 195 194 191 223 243 252 247 243 238 233 230 229 228 229 227 223 221 218 213
11 10 -9999 210 208 202 199 193 192 190 220 241 249 246 242 236 232 229 229 227 228 226 221 220 216 211
11 11 -9999 208 205 199 196 191 190 188 218 239 248 246 242 236 231 228 227 227 227 225 220 218 214 209
11 12 -9999 204 202 195 192 187 186 183 213 235 246 244 240 233 228 225 224 225 226 223 217 215 211 206
11 13 -9999 201 199 191 188 183 182 179 209 233 244 242 237 230 225 223 223 224 225 222 216 214 210 206
11 14 -9999 200 197 191 188 183 182 179 208 232 244 242 237 229 225 221 221 223 224 221 215 212 209 205
11 15 -9999 198 195 189 186 182 181 178 207 230 242 241 235 228 223 219 219 221 223 220 213 211 208 203
11 16 -9999 197 193 187 183 179 179 176 204 227 238 238 232 223 218 214 214 217 218 215 209 206 203 198
11 17 -9999 191 187 181 178 173 173 171 198 222 234 234 228 219 213 211 210 213 215 211 206 202 200 194
11 18 -9999 187 183 177 174 169 169 167 193 218 231 229 224 215 210 208 206 210 211 208 203 199 197 191
11 19 -9999 183 179 174 171 166 165 163 189 215 226 225 220 212 206 204 202 206 207 204 199 195 192 186
11 20 -9999 177 172 167 165 159 159 156 182 209 219 218 213 205 200 198 196 200 200 198 194 189 187 182
11 21 -9999 173 168 163 160 155 153 151 176 203 214 213 207 201 196 194 192 196 197 195 190 186 183 177
11 22 -9999 168 163 159 156 150 149 147 172 199 209 209 204 198 192 191 190 195 195 193 188 184 180 175
11 23 -9999 166 161 156 153 149 148 145 170 199 208 210 205 200 194 192 191 196 196 194 189 184 181 175
11 24 -9999 165 159 154 151 147 146 143 168 196 207 209 204 199 193 192 191 196 195 193 188 183 180 174
11 25 -9999 164 158 152 149 146 144 142 165 195 205 207 203 198 191 191 190 195 194 191 186 181 178 172
11 26 -9999 162 156 151 147 143 142 139 162 193 203 204 201 196 190 190 189 194 192 189 184 179 176 171
11 27 -9999 161 155 151 146 143 141 138 160 191 201 203 199 195 190 190 190 194 192 189 184 179 177 170
11 28 -9999 161 155 151 147 143 142 139 160 191 201 203 200 197 191 193 192 195 193 188 184 179 176 170
11 29 -9999 161 155 151 148 143 142 140 159 191 201 202 200 198 193 195 193 197 193 188 184 179 176 170
11 30 -9999 161 155 151 148 143 142 139 158 191 201 202 201 199 195 197 195 199 194 190 186 181 177 172
12 01 -9999 162 155 152 149 144 142 139 158 191 202 204 202 201 197 199 198 201 196 191 187 182 178 173
12 02 -9999 163 156 153 149 144 142 140 157 192 202 204 203 202 198 200 199 202 196 192 187 181 176 172
12 03 -9999 163 156 152 149 144 142 139 155 190 202 205 205 205 200 203 203 204 198 194 188 182 177 172
12 04 -9999 163 155 151 148 143 141 139 154 190 202 206 206 205 201 203 203 204 199 194 188 182 177 172
12 05 -9999 163 157 153 149 145 142 140 155 191 204 207 209 208 204 206 205 206 202 196 190 184 179 174
12 06 -9999 165 158 154 151 146 143 142 156 192 205 208 211 210 205 207 206 207 202 196 190 184 180 175
12 07 -9999 164 158 153 150 145 142 141 155 191 205 208 210 209 204 205 203 204 198 193 188 181 176 172
12 08 -9999 162 156 152 148 142 141 139 152 189 203 204 208 207 202 203 201 201 197 191 186 179 173 170
12 09 -9999 161 155 152 149 143 141 139 151 189 202 203 208 206 201 202 201 201 196 190 185 178 173 169
12 10 -9999 161 155 152 148 142 140 138 150 188 201 204 208 206 202 202 200 200 195 190 186 178 172 168
12 11 -9999 161 156 152 149 142 141 139 150 187 201 204 209 207 202 202 201 202 198 192 188 180 174 170
12 12 -9999 163 157 153 150 143 142 140 151 188 203 206 210 209 203 203 202 202 197 191 187 181 175 169
12 13 -9999 162 156 153 149 143 141 140 150 188 203 205 210 208 202 201 200 200 196 190 186 179 173 168
12 14 -9999 161 156 152 148 142 141 139 149 187 202 205 210 208 202 200 199 199 195 189 185 178 172 166
12 15 -9999 160 153 150 146 140 139 137 146 183 199 203 207 206 199 198 197 197 193 185 181 174 168 162
12 16 -9999 156 150 146 141 136 136 134 142 181 195 199 205 203 197 196 193 194 189 181 176 170 164 159
12 17 -9999 152 145 142 137 131 132 130 139 176 191 196 201 199 194 193 191 191 186 178 173 167 160 156
12 18 -9999 149 142 139 135 129 130 127 136 174 190 195 199 198 194 192 189 189 184 174 170 162 157 152
12 19 -9999 145 139 136 132 126 127 123 131 170 186 193 196 195 192 189 187 187 181 171 166 158 153 150
12 20 -9999 142 134 132 127 121 123 119 126 166 183 190 194 193 190 187 185 185 178 167 162 154 148 145
12 21 -9999 137 129 127 122 116 118 114 121 162 180 188 192 191 188 186 184 184 176 166 160 152 145 142
12 22 -9999 136 127 126 121 116 118 114 121 162 180 189 193 192 191 189 188 188 181 170 163 155 150 145
12 23 -9999 138 129 128 123 119 119 116 122 163 182 192 196 194 193 191 190 191 183 171 163 156 150 146
12 24 -9999 137 129 127 122 118 118 115 121 163 183 193 197 195 195 193 191 192 184 171 162 155 149 144
12 25 -9999 136 128 127 122 118 117 114 121 162 182 193 197 196 196 194 192 193 184 171 162 154 148 144
12 26 -9999 136 127 126 121 117 117 114 120 161 181 192 196 196 197 195 193 193 183 170 160 152 146 142
12 27 -9999 134 126 124 120 116 117 114 120 160 179 191 196 197 199 197 195 194 184 171 161 152 146 143
12 28 -9999 135 127 124 120 116 117 114 119 160 179 192 197 199 201 200 198 197 187 174 163 154 148 145
12 29 -9999 137 129 127 122 118 118 115 120 161 180 194 198 201 203 202 201 199 189 176 166 157 151 147
12 30 -9999 139 131 129 124 120 121 118 122 162 183 195 199 203 205 205 204 201 191 179 169 159 154 149
12 31 -9999 141 132 131 126 121 121 118 123 162 184 196 201 204 206 206 206 204 194 182 172 162 157 152
