01 01 283 280 278 276 275 274 272 271 270 281 290 296 298 296 294 292 291 289 287 287 287 286 285 284
01 02 282 279 278 276 275 274 272 272 271 283 291 298 300 298 296 294 293 291 289 288 288 287 286 285
01 03 284 281 279 278 276 276 274 273 273 284 292 298 300 298 297 294 293 291 289 288 288 287 286 284
01 04 283 281 279 278 276 275 273 272 271 283 290 297 298 296 294 291 290 288 286 285 285 284 283 281
01 05 281 278 276 275 272 271 269 268 269 280 287 293 295 293 291 288 287 286 284 283 283 282 280 278
01 06 278 275 274 273 271 270 268 268 268 279 287 292 293 291 289 286 285 284 282 282 282 281 280 278
01 07 277 274 272 272 270 269 267 266 267 278 286 291 292 290 289 286 284 284 282 281 281 280 279 276
01 08 276 272 271 270 267 266 264 263 263 274 281 286 287 285 283 281 278 278 277 277 276 275 274 272
01 09 271 268 266 265 262 261 260 258 259 270 277 281 283 281 279 277 275 274 273 272 272 271 270 268
01 10 266 264 262 262 259 258 256 255 255 266 274 277 278 277 276 273 271 271 270 269 270 268 267 265
01 11 264 261 260 259 257 255 253 252 252 263 270 274 275 273 272 269 268 267 266 265 267 266 265 263
01 12 262 259 257 257 254 253 251 250 250 261 267 270 271 270 269 266 265 264 264 263 264 263 263 260
01 13 259 256 254 254 251 250 248 247 247 257 264 267 268 267 266 264 263 262 262 262 262 260 260 257
01 14 255 253 251 251 249 247 245 244 244 253 260 263 264 264 263 261 260 260 259 258 258 257 256 253
01 15 251 250 248 247 245 244 242 241 241 251 258 260 262 261 261 259 259 259 257 256 257 254 254 251
01 16 250 249 247 247 244 243 242 240 241 250 259 261 262 263 263 261 260 260 259 257 258 256 255 253
01 17 252 251 248 247 245 244 242 241 241 250 259 262 263 263 262 261 260 260 258 258 258 255 254 252
01 18 251 250 247 246 244 243 242 239 240 249 258 261 262 263 262 260 260 259 257 256 256 254 253 252
01 19 250 248 246 244 242 241 240 238 238 248 257 259 260 261 261 260 259 259 257 256 256 253 252 251
01 20 249 248 245 243 241 240 238 236 236 246 254 257 258 259 258 256 255 255 253 252 253 250 250 249
01 21 247 245 243 241 240 238 237 235 234 244 252 254 256 257 257 255 254 253 251 250 251 249 248 247
01 22 246 245 243 241 239 239 238 236 236 245 253 256 258 259 258 256 256 254 253 252 254 251 250 249
01 23 248 247 246 244 243 242 241 240 239 249 257 261 262 263 262 261 259 258 255 255 256 252 251 251
01 24 250 249 248 246 244 243 242 240 240 249 258 261 263 263 262 261 259 258 255 255 257 254 253 253
01 25 252 251 249 247 245 245 244 242 242 252 260 264 265 266 264 263 261 260 257 257 258 256 254 254
01 26 252 252 250 248 246 245 245 243 244 254 263 267 269 269 268 266 264 263 260 260 261 258 256 257
01 27 255 254 252 250 248 247 247 245 246 257 267 272 272 273 272 270 268 267 263 264 265 263 261 261
01 28 259 258 256 254 252 251 251 248 250 260 270 275 275 275 274 272 269 268 264 264 265 263 261 262
01 29 260 259 257 254 252 251 250 248 249 261 270 275 275 274 272 270 267 266 263 265 265 264 262 262
01 30 260 259 257 255 252 251 250 247 249 260 270 274 274 273 270 268 266 265 262 265 264 264 262 263
01 31 261 259 257 255 253 251 250 248 249 260 270 274 273 272 269 267 264 264 261 265 264 263 261 261
02 01 259 257 255 253 251 250 249 246 247 258 268 271 271 269 267 265 262 263 259 264 263 263 260 261
02 02 259 257 255 253 251 250 249 247 247 259 269 273 272 271 268 265 264 264 262 267 265 265 263 263
02 03 262 260 258 257 254 253 252 250 251 263 273 277 276 274 271 268 267 267 264 269 268 268 266 266
02 04 265 263 261 260 258 256 255 253 254 266 276 279 279 276 273 271 269 270 267 272 271 271 269 269
02 05 268 266 263 261 259 258 256 254 255 267 276 279 278 276 272 271 269 270 267 272 271 271 269 270
02 06 268 266 264 262 260 258 256 254 254 266 274 277 277 275 272 270 269 270 267 271 269 270 268 269
02 07 267 265 262 261 258 257 255 253 253 265 273 276 276 274 272 271 269 271 268 273 271 271 269 270
02 08 269 267 264 263 261 259 257 255 256 269 277 280 280 279 276 275 274 275 272 277 274 275 273 273
02 09 272 270 267 266 264 263 260 258 259 272 279 282 283 281 279 277 276 277 274 278 275 276 274 274
02 10 273 270 268 266 264 263 261 258 259 272 279 282 282 280 278 277 276 277 275 278 275 276 274 274
02 11 273 270 268 267 264 263 261 258 260 272 278 281 281 280 278 276 275 276 274 278 275 276 274 274
02 12 274 271 269 268 265 264 262 260 261 274 281 283 284 283 281 280 280 280 279 283 280 281 279 279
02 13 279 277 274 273 271 270 268 267 268 281 288 290 291 291 289 288 288 288 287 290 287 288 286 286
02 14 286 284 281 280 277 276 274 273 274 287 294 296 297 297 295 293 292 292 291 293 292 292 290 290
02 15 289 287 285 283 281 280 278 276 278 291 298 300 302 301 300 298 298 297 296 298 297 298 296 296
02 16 295 294 291 289 286 285 283 282 283 296 302 305 306 306 304 303 302 301 301 303 301 301 300 300
02 17 299 298 295 293 290 288 286 284 286 299 304 306 308 307 306 305 303 302 302 303 302 302 301 301
02 18 300 298 295 294 291 290 287 286 287 300 305 307 307 307 306 304 303 302 302 302 302 302 301 300
02 19 299 298 295 293 291 290 287 285 288 301 305 307 308 308 307 306 303 301 301 302 301 301 300 300
02 20 299 298 296 294 292 290 288 287 290 303 308 311 312 311 311 309 306 304 304 305 304 304 303 303
02 21 302 302 300 297 295 293 292 290 293 306 312 315 315 314 313 311 308 305 305 307 306 306 305 305
02 22 304 303 301 299 297 295 293 291 295 308 313 315 316 314 312 310 307 305 305 306 305 307 306 306
02 23 304 304 302 300 298 295 294 292 296 308 315 316 316 315 313 311 308 305 305 306 306 307 306 306
02 24 305 304 303 300 298 296 295 293 297 309 315 316 315 314 312 309 305 303 303 305 306 307 306 306
02 25 305 304 303 301 298 296 294 293 297 309 315 316 316 314 311 309 305 303 303 306 306 307 307 307
02 26 306 306 304 302 300 298 296 295 301 312 318 318 318 316 314 312 308 305 305 308 308 309 309 309
02 27 308 307 306 304 302 300 298 297 303 314 319 320 320 318 316 314 310 307 307 310 310 311 311 311
02 28 309 308 307 305 303 301 298 297 304 314 319 319 320 318 315 312 308 305 305 308 308 309 310 310
03 01 309 307 307 304 302 300 298 296 303 313 318 318 318 317 313 311 306 304 303 307 307 308 308 309
03 02 307 305 303 302 299 297 295 294 302 312 317 316 316 314 311 308 304 302 301 304 305 306 307 307
03 03 305 304 302 300 299 296 294 293 302 312 317 316 316 313 310 308 304 302 301 303 305 307 307 307
03 04 305 304 302 301 299 297 295 294 303 313 319 317 317 315 311 309 305 304 303 304 307 308 308 308
03 05 307 306 304 302 300 298 296 295 305 315 320 319 319 317 312 311 307 306 305 307 310 311 311 312
03 06 311 309 308 306 304 302 300 299 310 320 325 323 323 321 317 315 311 311 310 311 315 317 317 317
03 07 316 314 312 310 308 306 304 303 314 323 329 327 328 325 322 320 316 316 315 316 321 322 321 321
03 08 319 317 314 313 311 309 307 305 317 327 333 331 331 329 325 323 320 320 319 320 324 325 325 325
03 09 323 321 319 317 315 314 312 310 322 332 337 335 335 333 329 326 323 322 321 323 326 327 327 326
03 10 324 322 320 319 317 315 313 311 324 333 338 336 336 334 330 328 325 324 324 325 329 329 330 328
03 11 327 325 323 321 319 317 315 313 326 336 341 340 340 338 335 333 330 328 328 329 333 333 333 332
03 12 330 329 327 325 322 320 319 317 330 339 344 343 342 340 336 334 331 330 330 331 336 335 335 334
03 13 331 330 328 326 323 321 320 318 331 339 344 344 343 341 338 335 332 332 331 332 337 336 336 335
03 14 333 332 330 327 325 322 321 319 331 340 345 344 343 341 338 334 332 332 331 331 336 336 335 334
03 15 333 330 328 326 323 321 320 318 331 339 344 343 342 339 337 334 331 331 330 331 336 335 335 334
03 16 333 330 328 326 324 322 321 319 333 341 345 345 343 341 337 335 333 332 331 331 337 337 337 336
03 17 335 332 331 329 326 324 323 321 335 343 348 347 346 343 340 338 336 335 334 333 339 339 339 339
03 18 337 335 333 332 329 328 327 325 340 348 353 353 351 349 346 344 341 340 339 339 344 343 344 344
03 19 342 340 338 336 334 332 332 330 345 352 357 358 356 354 350 349 346 345 345 344 349 349 349 349
03 20 347 344 343 341 339 337 337 335 349 357 362 363 360 359 356 354 351 349 350 349 354 353 353 352
03 21 350 348 347 345 342 340 340 338 353 361 365 366 364 363 359 358 354 352 353 352 356 355 355 354
03 22 352 350 349 348 346 344 343 342 358 365 368 370 368 366 362 360 358 356 356 355 360 359 359 358
03 23 356 354 354 353 350 348 348 346 363 369 373 373 372 370 367 364 362 360 361 359 364 363 363 362
03 24 360 358 357 355 352 350 350 349 365 373 375 376 375 372 369 368 365 363 364 361 368 366 366 365
03 25 363 361 359 358 355 353 353 353 369 376 378 379 378 376 373 371 367 366 365 362 368 368 367 367
03 26 364 362 360 359 356 355 355 354 371 378 380 379 378 376 372 372 368 367 366 363 369 369 368 368
03 27 366 364 361 360 358 357 356 357 374 380 382 382 381 378 376 375 372 370 370 366 371 372 371 371
03 28 369 367 365 364 362 360 359 360 377 384 385 385 383 381 377 377 373 371 370 367 372 373 372 372
03 29 370 368 366 364 362 361 360 361 379 386 387 386 386 383 379 379 375 373 372 369 374 376 375 376
03 30 374 373 371 369 367 366 365 367 384 391 392 392 390 387 384 384 380 378 378 373 379 381 380 380
03 31 379 378 375 374 371 370 369 370 388 394 395 395 393 391 388 388 384 382 382 378 383 385 383 383
04 01 382 381 379 377 375 374 373 375 393 398 399 398 397 395 392 392 388 386 386 382 387 388 386 385
04 02 384 383 381 379 377 376 375 377 394 399 399 399 397 395 392 391 388 386 386 382 387 388 386 385
04 03 383 383 382 380 378 376 375 378 395 400 400 400 398 395 392 391 388 385 386 382 388 389 388 387
04 04 385 385 384 382 380 379 377 381 398 403 402 401 400 396 392 391 388 386 386 383 389 390 389 389
04 05 387 387 385 383 381 380 378 383 399 404 403 402 400 397 394 393 390 387 387 383 390 391 390 390
04 06 389 388 386 384 382 381 379 384 400 405 405 403 401 397 394 394 391 388 387 384 390 392 391 391
04 07 390 389 387 385 384 382 380 386 402 407 407 406 403 400 397 396 393 390 390 386 392 394 394 394
04 08 392 392 390 388 387 385 383 389 405 410 410 409 406 403 400 399 396 393 392 389 395 396 396 396
04 09 395 395 393 390 389 387 385 391 407 411 411 410 407 403 399 399 397 393 393 390 396 398 398 398
04 10 398 398 396 394 392 390 388 394 410 415 414 413 410 407 402 401 399 396 396 393 399 400 401 401
04 11 400 399 398 395 394 392 390 397 412 416 416 416 412 409 404 403 400 396 397 394 400 402 402 402
04 12 402 401 400 398 397 395 393 400 415 420 420 418 416 413 408 407 405 402 402 398 405 406 406 406
04 13 406 406 405 403 402 400 398 406 421 425 426 425 422 419 415 413 410 408 408 405 411 411 412 412
04 14 411 411 410 408 407 405 403 411 427 431 431 430 427 424 420 418 415 413 413 410 416 416 417 416
04 15 415 415 414 413 411 409 407 415 431 435 436 435 431 428 424 422 419 416 416 414 419 419 419 419
04 16 418 418 417 415 413 411 409 418 433 438 438 437 433 430 426 424 421 418 418 416 421 422 423 423
04 17 422 422 420 419 417 415 413 422 437 442 442 441 438 434 430 428 425 422 423 420 425 427 427 427
04 18 426 425 424 423 421 419 417 427 441 446 447 445 441 439 434 433 429 427 427 424 429 430 431 430
04 19 429 429 427 427 425 422 421 431 445 450 451 449 446 444 439 438 434 432 432 428 433 434 434 434
04 20 433 433 431 431 429 426 425 435 449 455 455 454 450 448 443 441 438 435 436 432 436 438 439 438
04 21 437 436 435 434 432 429 428 438 452 458 458 457 453 451 446 444 440 438 438 435 439 441 441 440
04 22 439 438 437 436 434 431 430 441 454 459 459 457 453 451 447 445 441 438 439 436 440 442 442 441
04 23 441 440 438 438 436 432 431 443 457 461 460 459 455 452 449 447 443 440 440 438 441 444 444 444
04 24 443 442 441 441 439 436 435 448 461 466 466 464 460 458 454 453 449 448 448 446 449 450 450 449
04 25 448 447 446 445 443 440 440 453 466 470 469 468 464 462 459 457 454 453 453 452 454 455 455 455
04 26 453 453 451 450 448 445 444 458 470 474 473 472 468 466 462 461 458 456 457 455 457 459 459 458
04 27 456 456 454 453 450 447 447 460 472 476 475 473 470 468 464 463 459 457 458 457 459 461 462 461
04 28 459 458 457 455 453 450 449 463 475 478 478 475 472 469 465 464 461 459 460 459 461 463 464 463
04 29 462 461 459 457 455 452 452 466 478 481 481 478 475 471 468 466 464 462 463 462 465 467 468 467
04 30 465 464 462 460 459 456 455 470 482 485 484 481 478 475 471 470 469 467 468 468 470 472 473 472
05 01 470 469 467 465 463 460 460 475 485 488 487 485 481 478 474 473 472 471 471 472 474 475 476 475
05 02 474 473 471 468 467 464 463 479 489 492 492 489 486 482 478 477 477 475 476 477 479 480 482 481
05 03 479 478 477 473 472 469 469 484 495 497 497 494 491 487 484 482 482 480 481 482 483 485 486 484
05 04 483 482 480 476 475 472 472 487 498 501 500 497 494 490 487 485 485 482 484 486 487 488 489 488
05 05 486 485 483 479 477 475 474 490 501 503 503 501 498 493 490 489 489 486 488 488 491 492 492 491
05 06 490 488 487 483 481 479 479 495 505 508 507 504 501 497 494 493 494 491 492 494 495 496 497 496
05 07 494 493 491 488 485 483 483 499 509 512 512 509 507 502 499 497 498 496 498 499 501 501 502 500
05 08 498 497 495 492 490 487 487 503 513 516 516 513 511 506 503 501 502 500 501 503 504 505 506 504
05 09 503 501 498 495 493 491 490 506 515 519 519 517 514 510 506 504 505 503 504 506 507 509 509 508
05 10 506 504 501 498 495 493 493 508 518 522 523 521 517 513 510 507 508 506 507 509 511 512 512 510
05 11 509 507 504 501 498 496 496 512 522 526 526 524 521 517 513 511 512 509 511 514 515 516 516 514
05 12 513 511 508 504 502 500 499 516 526 530 531 529 526 521 517 515 516 514 516 518 519 519 519 517
05 13 515 513 510 506 504 502 502 519 528 533 533 531 528 524 521 518 519 517 520 522 523 523 522 519
05 14 517 515 513 509 506 504 504 521 530 535 535 533 530 526 523 520 521 519 521 523 525 525 524 521
05 15 520 518 515 511 508 506 507 524 533 537 538 536 532 528 525 522 523 521 523 525 526 527 526 523
05 16 522 520 517 513 511 509 509 526 536 541 541 539 535 532 528 525 526 524 526 529 530 531 530 527
05 17 525 523 521 517 515 512 513 530 539 543 544 542 538 534 531 529 528 527 529 532 533 534 533 530
05 18 528 526 524 520 518 516 517 533 542 546 547 545 541 538 534 532 532 531 533 536 538 538 537 535
05 19 533 531 528 525 522 520 521 537 546 550 551 548 545 541 538 536 535 536 537 540 541 542 541 538
05 20 537 535 532 529 526 524 525 541 549 554 554 552 548 545 541 540 539 539 540 544 545 545 544 542
05 21 540 538 536 533 530 528 529 545 553 557 558 556 552 549 545 543 541 542 543 546 549 549 548 545
05 22 544 542 539 537 534 532 533 548 556 561 561 559 556 552 548 546 544 545 546 549 551 552 551 548
05 23 546 544 541 538 536 533 535 550 558 563 564 562 558 554 549 548 546 547 548 552 554 554 554 551
05 24 549 547 544 542 539 537 539 554 562 566 568 564 561 557 553 551 549 550 552 556 557 558 557 554
05 25 553 551 548 546 543 541 543 558 566 570 571 568 564 561 556 554 553 553 555 558 560 561 560 558
05 26 556 554 551 549 547 545 547 562 570 574 575 572 569 565 561 559 558 558 560 563 565 566 565 563
05 27 561 559 556 554 552 549 551 566 574 579 580 576 573 570 566 564 563 563 565 569 570 571 570 568
05 28 566 564 561 559 557 554 556 571 577 583 585 581 578 575 570 568 567 567 569 573 573 575 574 573
05 29 570 567 564 563 561 558 560 574 581 586 588 584 582 578 573 572 570 570 572 577 576 578 577 576
05 30 574 571 567 566 564 561 563 578 584 590 591 588 585 582 577 575 573 573 576 580 580 581 580 579
05 31 577 574 571 570 567 565 567 581 587 592 594 591 589 585 580 579 577 576 579 583 583 584 584 582
06 01 580 577 574 573 570 568 570 584 591 596 598 595 593 589 585 583 581 580 582 586 586 588 587 586
06 02 584 581 578 576 574 571 573 588 594 600 601 598 596 593 588 586 584 583 585 590 590 591 590 589
06 03 587 584 581 579 577 574 576 590 597 602 604 601 599 595 590 588 586 585 588 593 593 594 593 592
06 04 590 587 583 582 579 577 579 593 600 605 606 603 601 598 592 590 588 588 591 596 596 597 596 595
06 05 593 590 586 584 582 580 582 596 603 607 609 606 603 600 595 593 591 591 594 599 599 600 599 598
06 06 596 593 590 587 585 583 584 599 606 610 612 609 606 603 598 596 594 593 597 602 601 603 602 601
06 07 598 595 593 590 589 586 588 602 609 613 615 612 609 606 602 600 598 598 601 606 606 607 606 604
06 08 602 600 596 594 592 589 591 604 611 616 618 615 612 609 604 602 600 600 603 608 608 609 609 607
06 09 605 602 599 596 594 592 594 607 614 619 621 618 615 612 607 605 603 603 606 611 611 612 611 609
06 10 607 605 602 599 597 595 597 610 617 622 623 620 617 614 609 606 604 604 607 613 613 613 613 610
06 11 608 606 603 600 598 596 597 611 618 622 623 621 617 613 609 606 603 604 607 613 613 614 614 611
06 12 609 607 604 601 599 597 599 613 620 623 624 622 618 614 609 607 604 605 608 614 615 615 615 613
06 13 611 609 606 604 601 599 601 615 622 626 627 624 620 616 611 608 606 607 610 616 617 618 618 615
06 14 613 612 609 606 604 602 604 618 625 629 630 627 623 619 613 610 608 609 612 618 620 621 621 618
06 15 615 614 611 608 606 604 606 620 627 631 632 629 625 621 616 612 610 611 613 620 621 622 622 619
06 16 617 615 612 610 608 605 607 621 628 632 632 629 625 621 616 612 611 611 614 621 622 623 623 620
06 17 618 616 614 611 609 606 608 622 629 633 633 630 626 622 616 612 611 611 614 621 623 623 623 621
06 18 618 617 614 611 609 607 609 623 630 634 634 631 626 623 617 613 612 612 615 622 624 625 625 622
06 19 620 619 616 613 611 609 610 624 631 635 636 632 628 624 618 615 614 614 617 623 626 626 626 624
06 20 621 620 617 614 612 609 611 625 632 636 636 632 628 624 618 615 614 614 616 623 626 627 627 624
06 21 621 620 617 615 612 610 612 626 633 637 637 634 629 625 620 616 615 615 618 624 628 628 628 626
06 22 623 622 619 616 614 612 614 628 634 638 638 635 630 626 620 617 615 615 618 624 628 628 628 627
06 23 624 622 620 617 615 613 615 628 635 638 639 636 631 627 621 618 617 616 619 626 628 629 629 627
06 24 625 623 621 618 616 614 616 629 635 638 639 635 631 627 621 619 617 616 619 626 629 630 630 628
06 25 626 623 621 618 616 614 616 629 635 638 639 636 632 627 621 619 618 617 620 626 630 630 630 629
06 26 626 625 622 619 617 616 617 629 636 640 641 637 633 629 623 621 620 619 621 627 631 631 631 629
06 27 627 625 623 620 618 616 618 630 637 641 641 639 635 631 625 622 621 620 622 629 633 633 633 631
06 28 629 627 624 622 620 618 620 632 638 642 643 641 637 633 628 625 624 623 626 632 636 636 635 634
06 29 632 629 627 624 622 620 622 634 640 644 645 643 638 635 629 627 626 625 628 634 637 637 637 635
06 30 633 630 628 625 623 621 623 634 640 644 646 643 639 635 630 628 626 625 628 634 638 638 638 636
07 01 634 631 629 626 624 623 624 636 641 645 647 645 641 637 631 629 627 627 629 635 639 639 639 637
07 02 635 632 630 627 625 624 625 637 643 647 649 647 643 639 634 632 630 629 632 638 642 642 641 640
07 03 638 635 632 630 628 626 627 639 645 649 651 649 645 641 636 634 632 632 634 640 644 643 643 641
07 04 639 637 634 632 630 628 629 640 647 651 653 651 647 643 638 636 634 633 635 641 645 645 644 642
07 05 640 638 635 633 631 630 631 642 649 653 655 653 649 646 641 639 637 636 639 644 647 647 646 644
07 06 642 640 638 635 633 632 633 644 650 655 657 655 652 648 643 641 639 638 641 646 649 649 647 645
07 07 643 641 639 636 634 633 633 645 651 656 658 656 653 649 645 642 641 639 642 647 651 650 648 646
07 08 645 642 640 637 635 634 634 645 652 656 658 657 653 649 645 643 641 640 643 648 652 651 650 648
07 09 646 644 642 639 637 635 636 647 654 659 661 659 655 651 647 644 643 642 644 649 654 654 651 650
07 10 648 646 643 641 639 637 637 649 656 661 663 661 657 653 649 646 645 644 647 652 656 656 653 652
07 11 650 647 645 643 641 639 639 651 657 662 665 662 658 654 650 648 646 646 649 654 658 658 655 653
07 12 651 649 647 644 642 640 641 653 659 664 667 663 660 655 651 648 647 647 650 654 659 658 656 654
07 13 652 650 648 645 643 641 641 653 660 665 667 664 660 656 651 648 647 647 650 654 659 658 656 654
07 14 652 650 648 645 643 641 641 654 660 665 668 665 661 658 653 650 649 649 651 656 660 660 658 656
07 15 654 652 649 647 645 643 643 656 663 668 670 668 663 660 655 652 651 651 653 658 662 661 660 658
07 16 656 654 652 649 647 645 645 657 664 669 671 669 665 661 656 653 652 652 654 659 663 662 661 659
07 17 657 654 652 650 647 645 645 658 664 669 671 669 664 661 656 653 651 651 654 659 663 662 660 658
07 18 656 654 652 649 647 645 645 658 664 669 671 669 665 661 656 653 652 652 654 659 663 662 661 658
07 19 656 654 652 649 647 645 645 658 664 669 671 670 665 661 657 653 652 652 655 660 664 663 662 660
07 20 658 655 653 650 648 646 646 659 665 670 672 671 666 662 657 654 653 653 656 660 664 663 662 660
07 21 658 655 653 650 648 646 646 659 665 670 672 671 666 662 658 654 653 653 655 660 664 663 662 660
07 22 657 655 653 650 648 646 646 659 665 670 673 671 667 663 658 654 653 653 656 661 664 663 662 660
07 23 657 655 653 651 649 646 647 659 665 670 673 672 667 663 658 655 654 654 657 662 665 664 662 660
07 24 658 655 653 651 648 646 646 658 665 670 672 672 668 664 659 655 654 655 657 662 665 664 662 660
07 25 658 655 652 650 648 646 646 658 665 670 672 672 667 664 659 655 654 654 657 662 665 664 662 660
07 26 658 655 652 650 648 646 646 658 664 669 672 672 667 664 658 655 653 653 656 661 665 663 662 659
07 27 657 655 652 650 648 645 645 657 663 668 671 671 667 662 658 654 653 652 655 660 664 663 661 659
07 28 657 654 651 649 647 644 644 656 663 667 670 670 666 662 657 654 653 652 655 661 664 663 661 659
07 29 656 654 651 649 647 645 644 656 662 667 670 670 665 661 656 654 653 652 655 661 663 662 660 658
07 30 656 653 651 649 647 644 643 654 662 666 669 669 664 660 655 652 651 651 654 659 662 661 659 657
07 31 654 652 649 647 645 642 642 653 660 665 667 667 663 658 654 651 650 650 653 659 661 660 658 656
08 01 653 651 648 646 644 641 641 651 659 664 666 666 662 658 653 651 650 650 653 658 660 660 657 655
08 02 653 650 647 646 644 641 640 651 658 663 666 665 661 657 652 650 649 649 652 657 660 659 656 654
08 03 652 650 646 645 643 640 639 650 658 662 665 664 660 655 651 649 647 648 651 656 658 658 655 653
08 04 651 648 645 643 641 639 638 648 656 661 663 663 659 653 649 647 645 645 649 654 657 656 654 652
08 05 650 647 644 643 641 638 637 647 655 660 662 662 657 652 647 645 643 644 648 653 655 655 652 650
08 06 648 646 643 641 639 637 636 646 654 658 661 660 656 650 646 644 642 643 647 652 654 654 651 650
08 07 647 645 642 640 638 636 635 645 653 658 660 659 655 649 644 642 640 641 645 651 653 652 650 648
08 08 646 644 641 639 637 634 634 644 652 656 659 659 654 648 643 641 639 640 645 651 653 652 650 648
08 09 646 644 641 639 637 634 634 644 652 657 659 659 654 648 643 640 638 640 645 650 653 652 650 648
08 10 646 644 641 640 637 635 634 644 652 657 660 660 655 649 644 641 639 641 646 651 653 653 650 648
08 11 646 644 641 640 637 635 635 644 652 658 660 660 654 649 644 641 638 641 645 651 652 652 650 648
08 12 646 644 641 640 637 635 635 644 652 657 660 659 654 648 643 640 637 640 644 650 652 651 649 647
08 13 645 642 640 639 636 634 634 643 651 656 659 659 654 648 643 639 636 639 644 649 651 651 648 647
08 14 644 642 640 638 636 634 633 642 651 656 658 658 653 647 642 638 635 637 642 648 649 650 647 645
08 15 643 641 638 636 634 632 631 640 649 654 657 656 651 645 640 636 633 636 641 647 648 648 646 644
08 16 642 640 638 636 633 632 630 639 649 654 657 656 650 644 639 635 632 635 641 647 648 648 645 644
08 17 642 639 637 635 633 631 630 639 648 653 656 656 650 644 639 634 632 634 640 646 647 647 645 643
08 18 641 638 636 634 632 630 629 637 647 652 655 655 649 644 638 634 632 633 639 645 647 646 644 642
08 19 640 638 636 633 631 629 628 636 647 652 655 655 649 644 639 635 632 634 640 646 647 647 644 642
08 20 640 638 635 633 631 629 627 636 647 652 655 655 650 645 640 636 634 635 641 647 648 648 645 643
08 21 641 638 636 634 632 629 628 636 647 652 656 656 651 645 640 637 634 635 641 647 648 648 645 643
08 22 640 638 636 633 631 629 627 635 647 652 656 656 651 646 641 638 635 636 641 647 648 647 645 642
08 23 640 637 635 633 631 628 626 634 645 651 654 655 650 645 641 637 635 635 640 646 646 646 643 641
08 24 639 636 634 631 629 627 625 632 644 649 652 653 648 644 640 636 634 634 639 644 644 643 641 638
08 25 636 634 632 629 627 624 622 630 642 648 650 651 646 642 637 634 631 632 637 642 642 641 639 636
08 26 634 631 629 626 624 622 619 627 639 644 648 648 644 639 635 632 629 630 635 640 640 639 637 634
08 27 632 629 627 624 622 619 617 625 637 642 646 646 642 637 633 630 628 628 633 638 639 637 635 632
08 28 630 627 625 622 620 617 615 623 635 640 643 643 639 635 630 628 625 626 631 636 637 635 632 629
08 29 627 624 622 619 617 614 612 620 632 637 641 641 637 633 629 626 623 624 629 634 635 633 630 627
08 30 625 623 620 618 615 613 611 618 631 636 639 640 636 632 629 626 623 624 629 633 634 632 629 626
08 31 624 621 618 615 612 610 608 616 628 633 638 639 634 630 627 623 621 621 626 631 632 630 627 624
09 01 621 618 616 612 610 607 606 613 625 631 635 636 632 627 624 620 618 618 624 629 629 627 624 621
09 02 619 616 613 610 607 605 603 610 623 629 633 633 629 625 621 618 615 616 622 627 627 625 622 619
09 03 617 613 611 607 605 602 601 608 620 626 630 630 626 622 618 614 612 613 618 623 624 621 619 616
09 04 613 610 608 604 601 599 597 604 617 623 627 627 622 618 614 609 607 609 615 619 620 618 615 612
09 05 609 606 604 600 598 595 594 600 613 619 623 623 618 614 610 606 603 605 611 617 617 614 613 609
09 06 606 603 601 598 595 592 591 597 610 616 620 620 615 611 607 603 600 602 609 614 615 613 611 608
09 07 605 602 599 596 593 591 589 595 609 615 618 618 614 609 605 601 598 600 607 612 613 611 609 605
09 08 602 599 597 593 590 588 586 592 606 611 614 614 610 605 601 597 594 596 604 609 610 608 605 602
09 09 599 596 593 589 587 584 582 588 602 608 611 610 606 601 598 593 591 593 600 605 606 605 602 599
09 10 596 593 591 587 584 582 580 585 599 605 608 607 603 598 594 590 588 589 596 602 603 601 598 596
09 11 592 589 587 583 581 578 576 580 595 602 604 603 599 594 591 587 584 586 593 599 600 599 595 593
09 12 590 587 585 580 578 575 572 577 593 599 601 601 597 592 588 584 581 583 591 597 597 596 593 591
09 13 587 584 582 578 575 573 570 574 590 597 599 599 595 590 586 582 580 582 589 595 596 595 592 589
09 14 585 582 580 576 573 571 568 572 588 595 597 596 592 587 583 579 577 579 586 592 593 592 589 586
09 15 582 580 578 574 571 569 566 569 586 593 594 592 589 584 579 576 573 576 582 588 588 588 585 582
09 16 579 576 574 570 568 565 562 565 582 589 590 589 586 581 576 572 570 572 579 584 585 584 581 578
09 17 575 572 570 566 564 561 558 561 578 585 586 585 582 577 572 569 567 569 575 580 580 579 576 574
09 18 571 568 566 563 560 557 554 557 574 581 582 581 578 574 569 566 564 566 573 577 577 576 574 571
09 19 568 565 563 559 557 554 551 554 571 578 579 578 575 571 565 563 562 563 570 574 574 574 571 568
09 20 566 562 560 557 554 551 548 551 568 575 577 575 572 567 562 560 559 561 567 570 571 570 567 565
09 21 562 559 556 553 550 548 545 547 564 572 573 571 568 563 557 555 554 555 561 565 565 564 561 559
09 22 556 553 550 547 544 542 538 540 559 566 567 565 561 556 550 548 547 549 555 558 558 557 554 552
09 23 549 546 543 540 537 535 532 534 553 561 563 560 556 550 545 543 542 544 550 554 554 553 550 548
09 24 546 542 539 536 533 530 528 530 548 556 559 556 552 546 541 539 538 540 546 550 550 549 546 544
09 25 541 537 534 531 528 525 523 524 544 552 555 553 548 542 537 536 535 537 543 546 546 546 543 540
09 26 538 534 530 527 524 521 519 521 540 549 552 550 546 540 535 533 532 534 540 543 543 542 539 536
09 27 534 530 526 523 520 517 515 517 536 547 550 548 543 537 533 531 530 531 537 540 541 539 536 534
09 28 531 528 523 520 517 514 512 514 533 544 547 545 540 534 530 527 526 528 533 536 537 535 532 530
09 29 527 523 519 516 513 510 508 509 529 540 543 541 535 529 526 523 522 523 529 531 532 531 528 525
09 30 522 519 515 511 508 504 502 503 523 534 538 536 530 524 520 517 516 517 523 526 527 525 523 520
10 01 517 513 510 506 503 499 497 498 518 530 533 531 526 520 516 514 514 515 520 523 523 522 520 517
10 02 514 510 506 503 500 496 494 495 515 527 531 529 523 517 513 511 511 512 517 520 521 520 517 514
10 03 511 507 504 501 497 493 491 492 512 524 528 526 520 514 510 508 507 508 514 516 517 516 513 511
10 04 507 504 500 497 493 490 488 488 508 520 524 522 516 510 506 504 503 504 509 512 513 512 509 507
10 05 503 499 496 493 489 485 483 483 504 516 520 519 512 506 503 500 500 500 505 509 509 509 506 503
10 06 500 496 492 489 485 482 480 481 501 513 517 516 510 504 501 499 498 499 503 506 507 506 503 501
10 07 497 493 490 487 483 480 478 478 498 511 515 513 507 502 499 496 495 496 500 503 503 502 500 497
10 08 494 490 487 483 480 476 474 475 494 508 512 510 504 499 496 493 492 493 497 499 499 498 495 493
10 09 489 485 483 478 475 472 470 470 490 504 508 506 500 495 491 487 487 488 493 495 495 494 491 489
10 10 485 482 479 475 472 469 467 467 486 500 504 503 497 492 487 484 483 485 489 491 492 490 488 485
10 11 482 479 476 472 469 466 464 464 483 497 500 499 493 488 483 480 478 480 484 486 487 486 483 481
10 12 478 474 472 468 465 462 460 459 478 491 495 493 487 482 478 474 472 474 479 481 481 480 478 475
10 13 473 469 467 463 460 457 454 454 473 487 490 489 483 478 473 469 467 469 474 476 476 475 473 470
10 14 468 464 462 459 455 453 450 450 468 482 486 484 479 474 470 466 464 466 470 472 472 471 469 466
10 15 464 460 458 455 452 450 447 447 465 479 483 482 477 472 468 464 461 464 468 469 470 469 466 464
10 16 462 458 456 453 450 448 445 444 462 476 480 479 474 469 463 459 457 460 464 465 466 465 463 460
10 17 458 454 452 449 446 444 441 440 458 471 475 474 469 464 459 454 452 455 458 460 461 460 458 455
10 18 453 450 448 445 442 440 437 436 453 466 470 469 465 459 454 449 447 451 454 455 456 455 453 450
10 19 449 446 444 440 438 436 433 432 449 462 466 465 461 454 449 445 443 446 450 452 452 451 449 447
10 20 446 443 441 438 435 433 430 428 445 458 462 462 457 451 446 442 439 444 447 449 449 448 446 444
10 21 443 440 438 435 432 430 427 424 441 454 457 456 452 446 440 436 434 438 441 443 444 443 441 439
10 22 437 435 433 429 426 424 421 418 435 448 452 451 448 442 436 432 429 434 437 439 440 439 437 435
10 23 434 431 429 426 424 421 418 415 432 445 449 449 446 439 434 429 427 432 435 437 438 437 435 433
10 24 433 430 428 425 423 420 417 414 431 444 448 448 444 438 433 429 428 432 434 436 436 436 434 433
10 25 432 429 427 425 422 420 416 413 429 442 447 447 444 438 433 429 428 431 434 435 436 435 433 432
10 26 431 427 425 423 420 417 414 410 426 440 444 444 440 435 429 426 425 428 431 432 432 431 430 429
10 27 428 424 422 419 417 414 411 408 423 437 441 441 437 432 426 423 422 425 428 428 428 427 426 425
10 28 424 420 418 416 413 411 408 404 419 433 437 437 434 428 422 419 419 421 424 425 425 423 422 421
10 29 419 416 414 412 409 407 404 400 415 429 433 433 429 424 418 415 414 416 419 420 420 419 418 417
10 30 416 413 410 407 405 402 399 395 410 424 428 427 423 418 412 409 409 411 413 414 415 413 412 411
10 31 410 407 405 402 399 397 394 391 405 419 424 423 419 414 408 405 405 406 409 409 409 408 407 406
11 01 405 402 400 397 394 392 389 385 400 414 419 418 415 409 403 400 399 401 404 404 404 403 402 401
11 02 400 397 395 392 389 387 384 381 394 410 415 415 412 405 400 397 397 398 401 401 401 400 399 398
11 03 397 394 391 389 386 383 381 377 391 406 411 411 409 403 397 394 393 395 396 397 397 395 394 393
11 04 391 389 386 384 381 379 377 373 386 401 407 407 405 398 392 388 388 389 390 391 391 389 388 388
11 05 386 383 381 378 375 373 371 368 381 396 403 403 400 395 388 385 385 386 387 388 387 385 385 384
11 06 382 380 377 375 372 370 367 365 377 392 399 399 396 391 385 383 382 383 384 385 384 383 382 381
11 07 379 377 374 372 369 367 364 362 372 388 395 395 393 388 382 379 379 380 380 381 381 379 378 378
11 08 375 373 371 368 365 363 360 358 368 383 390 391 389 384 378 376 375 376 376 377 377 375 374 374
11 09 371 369 367 364 361 359 356 354 363 378 385 386 383 378 373 371 370 371 371 372 372 370 369 369
11 10 366 364 362 360 357 354 352 350 359 374 381 382 379 375 369 368 367 367 367 368 368 366 365 365
11 11 362 360 358 355 353 350 348 346 354 370 377 379 377 372 367 366 364 365 365 366 365 364 363 362
11 12 360 358 356 353 351 349 347 345 353 369 376 377 376 371 366 365 364 365 364 366 365 364 363 362
11 13 360 358 356 354 351 349 347 345 352 368 375 377 375 371 366 365 363 364 364 364 364 363 361 361
11 14 359 357 355 353 351 349 347 345 351 367 375 377 376 371 367 365 363 365 364 365 364 363 361 361
11 15 358 356 354 352 349 347 345 343 349 365 373 375 374 370 365 364 362 363 362 363 362 361 359 358
11 16 356 354 352 349 347 345 343 341 346 362 370 373 372 368 364 363 361 362 361 362 361 361 358 358
11 17 356 354 352 349 347 345 342 341 345 361 370 372 371 367 363 361 359 359 358 358 358 358 356 355
11 18 353 351 348 346 343 342 339 337 342 358 367 370 368 365 361 359 357 358 356 358 357 358 356 355
11 19 353 350 348 345 343 341 339 337 342 359 368 371 369 366 362 361 358 359 357 358 358 359 356 356
11 20 353 350 347 346 343 342 340 338 342 359 368 372 371 367 364 363 360 360 359 361 360 361 358 358
11 21 356 353 350 348 346 345 343 341 345 362 371 374 373 369 365 364 361 361 359 361 360 360 357 357
11 22 355 352 350 348 346 344 343 341 344 360 369 372 371 368 364 363 360 359 357 358 357 357 354 354
11 23 352 349 347 345 343 342 340 339 343 359 368 371 370 367 362 360 357 357 355 356 355 355 352 352
11 24 350 348 345 343 341 340 338 337 340 357 366 369 368 363 359 356 353 351 349 351 349 350 347 346
11 25 344 342 339 337 335 335 333 331 334 352 361 365 364 360 355 352 349 349 347 348 347 348 345 345
11 26 343 340 338 336 334 334 331 329 332 349 358 361 360 356 353 350 347 346 344 345 344 345 343 342
11 27 340 337 335 333 331 330 328 326 329 345 354 357 356 351 348 345 342 341 339 340 339 339 338 336
11 28 334 331 329 327 325 325 322 321 323 340 349 351 350 346 343 341 338 338 336 337 335 335 334 333
11 29 330 327 325 323 321 320 317 315 318 335 343 346 345 341 338 335 332 332 330 331 330 330 329 328
11 30 325 323 321 319 317 317 314 312 315 331 339 342 341 338 335 332 328 328 326 328 327 326 326 324
12 01 322 320 318 316 314 314 311 310 313 328 337 340 339 335 332 330 326 325 324 325 324 324 323 321
12 02 319 316 314 313 312 311 308 306 309 325 334 337 335 332 330 328 324 323 323 324 322 321 321 319
12 03 317 315 313 312 312 311 309 307 309 324 333 336 335 332 329 327 324 323 322 322 321 320 319 316
12 04 314 312 310 309 309 308 305 303 305 320 328 331 330 327 324 323 320 319 318 318 317 316 315 312
12 05 310 308 307 306 305 304 302 300 302 315 323 326 325 322 319 317 314 313 312 312 311 310 309 306
12 06 305 304 302 302 300 300 297 295 297 311 319 321 321 319 317 315 312 311 310 310 309 309 308 305
12 07 303 302 300 300 299 298 295 294 295 308 316 318 318 316 314 312 311 310 309 309 308 307 306 303
12 08 302 300 299 299 298 296 294 292 293 306 314 316 316 315 313 311 310 309 307 307 305 305 304 301
12 09 299 297 296 295 294 293 291 289 289 302 311 313 314 312 311 309 308 308 306 306 304 304 304 301
12 10 300 298 296 297 295 294 292 290 290 302 311 314 314 312 311 309 309 308 306 305 304 304 303 300
12 11 299 296 295 295 293 292 290 288 288 300 310 312 312 310 308 306 306 305 304 303 302 302 300 298
12 12 296 294 293 293 291 290 288 286 286 298 308 310 311 310 307 306 305 303 302 301 300 300 298 296
12 13 294 292 290 290 288 286 285 283 283 295 305 308 309 308 306 304 302 301 299 299 298 298 296 293
12 14 292 290 288 288 287 285 283 282 281 294 304 307 308 307 306 304 304 302 301 301 299 299 297 295
12 15 294 292 289 289 288 286 284 283 282 294 305 308 309 309 307 306 306 304 303 302 300 300 298 296
12 16 295 293 290 291 289 287 285 284 283 295 305 309 310 309 307 306 306 304 303 301 300 299 297 295
12 17 294 292 289 289 287 285 283 282 281 292 302 305 306 305 304 303 302 300 299 298 296 296 294 292
12 18 290 288 285 285 282 280 278 276 275 286 295 298 300 299 298 297 296 294 293 292 291 290 288 287
12 19 285 283 280 280 277 276 273 272 271 282 292 295 296 295 294 293 292 290 289 288 287 287 285 283
12 20 282 279 276 276 273 272 270 269 267 278 289 292 294 294 293 292 291 289 288 287 286 286 284 283
12 21 281 278 275 274 272 271 268 267 266 277 288 292 294 293 292 292 291 289 288 288 286 286 284 283
12 22 281 278 274 273 271 270 267 266 265 277 288 293 294 293 292 292 291 289 288 287 286 285 283 282
12 23 280 277 273 271 268 268 265 264 262 274 285 289 290 290 289 288 287 286 284 285 284 283 281 281
12 24 278 276 272 271 269 268 266 265 264 275 286 291 292 292 291 291 290 288 287 286 286 285 283 282
12 25 280 277 273 272 270 269 266 265 264 276 287 291 293 292 291 291 290 288 287 286 286 285 283 282
12 26 279 277 273 272 270 269 267 266 265 277 287 293 294 294 293 292 291 290 288 288 287 286 284 283
12 27 281 278 275 273 271 271 269 268 267 278 288 294 296 295 294 293 293 291 290 289 288 287 286 285
12 28 283 280 277 276 274 274 272 271 269 280 290 296 298 297 296 295 294 293 291 291 290 288 287 286
12 29 284 282 278 277 276 275 273 272 270 281 290 296 298 297 295 294 293 291 290 289 289 287 286 285
12 30 284 281 279 277 275 274 273 271 270 282 291 296 298 296 294 294 293 291 289 289 289 287 286 285
12 31 284 281 279 277 275 274 273 271 270 281 290 296 298 297 295 294 292 290 289 288 288 287 285 284
