01 01 252 260 256 254 253 251 248 248 247 251 257 263 268 269 273 273 273 271 270 269 270 266 265 265
01 02 -9999 261 258 255 255 252 250 250 249 253 258 264 269 270 273 274 274 273 271 271 272 267 267 266
01 03 -9999 263 260 257 257 254 253 251 251 254 259 265 270 272 274 276 276 275 272 273 271 268 265 264
01 04 -9999 260 258 255 254 251 250 248 248 252 256 263 267 269 271 273 273 271 268 268 268 264 261 261
01 05 -9999 257 255 252 252 249 247 246 246 251 254 261 265 268 269 271 272 270 267 268 268 264 261 261
01 06 -9999 257 254 253 252 248 247 246 247 251 253 261 264 268 268 270 270 268 265 265 265 261 259 259
01 07 -9999 254 253 251 250 246 245 243 245 249 252 259 262 266 266 267 267 265 262 263 261 258 255 255
01 08 -9999 250 249 246 245 242 240 238 240 243 246 253 256 259 259 260 261 259 256 258 255 252 249 249
01 09 -9999 245 244 241 241 237 236 234 236 240 241 248 252 255 257 257 257 256 252 255 251 249 246 246
01 10 -9999 241 241 238 239 235 234 231 233 237 237 245 250 252 254 253 253 253 248 251 248 245 242 242
01 11 -9999 238 238 235 235 230 231 227 228 233 231 239 245 247 249 247 248 249 242 246 242 241 237 237
01 12 -9999 232 231 228 227 224 224 220 221 226 226 234 239 242 244 242 243 244 238 241 239 236 233 234
01 13 -9999 229 229 226 225 222 221 218 219 224 224 232 238 241 241 240 241 240 235 239 235 232 230 230
01 14 -9999 224 224 221 219 216 216 212 213 219 220 227 233 237 237 236 236 236 231 236 231 228 226 226
01 15 -9999 220 220 217 217 214 214 211 213 219 221 228 233 238 238 237 237 237 233 236 232 229 227 227
01 16 220 222 222 219 219 216 217 214 215 222 223 231 236 240 240 239 239 238 235 237 233 230 227 228
01 17 223 223 223 220 220 217 218 215 216 222 223 231 235 239 240 239 238 237 233 235 232 229 225 227
01 18 222 221 220 218 218 216 216 214 215 222 223 230 234 238 239 236 236 236 231 233 231 228 224 226
01 19 223 221 218 218 217 216 215 213 215 221 223 230 233 237 238 235 234 234 230 232 229 226 222 224
01 20 223 218 216 215 214 212 213 209 210 216 220 227 230 233 234 231 231 231 227 228 226 223 219 221
01 21 221 215 214 213 210 209 209 207 207 214 217 224 226 229 232 228 229 228 225 227 225 222 218 220
01 22 222 216 214 213 211 210 211 209 209 215 218 225 228 230 233 231 231 230 227 230 229 225 220 222
01 23 225 218 216 216 213 212 214 210 211 217 220 227 229 231 235 232 232 230 228 231 229 225 221 223
01 24 226 219 217 217 214 213 214 211 212 219 222 230 230 234 237 235 234 232 231 234 232 227 224 225
01 25 229 222 219 219 216 215 217 213 214 220 224 231 232 235 238 237 237 234 233 237 235 230 227 228
01 26 231 225 223 223 220 219 219 216 217 223 228 235 236 239 241 240 240 236 237 240 238 233 230 231
01 27 234 229 227 227 225 222 224 220 221 227 232 239 239 243 245 244 243 240 239 243 240 236 233 233
01 28 236 231 227 228 227 224 226 221 222 229 233 240 241 244 246 246 245 242 240 243 243 237 235 235
01 29 238 232 230 231 229 226 227 223 224 230 234 242 242 245 247 247 246 243 240 244 244 240 237 237
01 30 239 233 230 231 229 226 226 223 222 229 234 240 241 244 245 244 243 241 238 242 242 239 235 236
01 31 238 232 229 229 227 224 224 220 220 227 232 239 239 242 244 244 242 240 238 241 241 237 235 234
02 01 236 230 227 228 225 223 221 218 218 226 232 239 240 243 245 245 244 242 240 244 242 239 237 235
02 02 238 231 229 229 226 223 222 220 219 227 234 241 243 245 247 247 246 244 243 246 245 241 239 238
02 03 240 233 232 231 228 225 224 221 221 229 236 242 244 248 248 249 248 246 244 247 247 245 242 240
02 04 243 236 234 232 230 228 227 224 224 232 238 244 247 250 251 252 250 248 245 249 248 245 243 242
02 05 244 237 235 232 230 228 227 224 224 232 238 244 248 251 251 252 249 248 245 248 248 245 243 242
02 06 -9999 236 233 230 229 227 225 222 222 230 236 243 246 249 249 250 246 246 243 246 246 244 244 242
02 07 -9999 236 233 230 229 227 225 223 223 232 238 245 248 251 251 253 249 249 245 249 249 248 247 245
02 08 246 239 237 233 233 230 228 226 226 234 240 247 251 254 254 256 252 252 247 250 250 250 248 246
02 09 246 239 237 233 233 230 228 226 225 234 241 247 251 255 255 256 252 252 248 250 251 250 249 247
02 10 247 240 237 233 232 230 228 227 225 235 241 247 251 255 255 256 253 253 248 251 252 252 250 248
02 11 248 240 237 234 232 231 229 228 226 237 243 250 254 257 257 259 255 255 252 253 255 255 252 251
02 12 253 243 241 237 235 234 232 231 230 238 247 252 256 260 261 262 258 258 255 257 258 259 256 255
02 13 -9999 248 245 241 239 239 237 237 235 243 251 258 262 266 267 268 265 265 262 263 264 264 262 260
02 14 -9999 254 251 247 245 244 242 241 241 249 256 263 267 270 271 274 271 270 267 268 269 268 266 265
02 15 271 259 256 252 250 250 248 247 247 255 261 268 272 275 276 277 274 274 271 272 274 273 271 270
02 16 275 263 261 256 254 253 253 251 251 259 264 271 275 278 279 279 276 276 274 275 277 276 274 273
02 17 279 267 264 260 257 256 256 253 254 262 267 273 277 279 280 281 277 277 275 276 278 278 276 275
02 18 281 268 266 262 260 258 258 255 256 263 268 274 278 280 280 281 278 278 276 276 279 277 276 275
02 19 280 269 267 263 261 260 259 256 257 264 269 275 279 281 282 282 279 279 278 277 280 279 278 276
02 20 281 272 269 267 265 263 263 261 261 269 274 279 282 284 285 286 282 283 282 281 282 283 281 280
02 21 286 276 273 271 268 265 266 264 264 272 277 281 284 286 287 287 284 283 282 281 283 283 281 280
02 22 285 276 273 272 269 265 266 264 263 273 277 281 284 286 287 287 284 283 283 282 284 284 282 281
02 23 285 276 273 272 269 266 267 265 265 275 279 283 284 286 287 287 283 282 283 283 285 285 283 282
02 24 288 277 275 273 270 266 267 265 266 275 279 283 284 285 286 286 282 282 282 281 284 284 283 282
02 25 288 276 275 274 270 267 267 266 267 276 280 285 285 286 287 286 283 283 284 283 286 286 285 285
02 26 291 279 277 276 272 270 270 267 269 278 282 286 286 287 288 288 284 284 285 285 288 288 288 287
02 27 292 281 280 278 275 273 272 270 272 282 286 289 289 290 290 290 287 287 287 287 289 290 289 288
02 28 291 282 282 279 276 273 273 270 272 283 286 289 289 289 290 290 287 286 287 287 289 289 289 288
03 01 290 282 281 279 275 273 272 270 273 283 287 289 289 290 290 289 287 285 287 287 289 289 290 288
03 02 290 283 281 279 276 273 272 269 272 283 286 289 289 289 290 290 286 284 286 286 288 289 288 287
03 03 287 282 281 279 276 273 272 270 272 283 287 289 289 289 290 290 286 284 285 285 288 289 289 288
03 04 286 284 283 280 277 275 273 271 274 285 289 291 291 291 292 293 289 287 288 289 291 293 292 291
03 05 289 287 285 283 279 277 275 273 277 288 292 294 294 294 296 297 293 290 292 293 295 297 296 296
03 06 293 291 288 286 284 281 279 277 281 292 296 298 298 299 300 300 297 294 296 297 300 301 301 300
03 07 297 295 293 291 288 286 283 281 285 295 300 302 303 303 305 305 303 300 301 302 304 306 306 304
03 08 301 299 298 296 293 291 288 285 290 300 304 306 306 307 308 309 308 305 305 306 309 310 310 308
03 09 306 304 303 300 297 295 292 288 294 302 306 307 308 308 309 309 309 305 306 307 309 311 310 310
03 10 308 306 305 302 299 297 293 290 295 303 307 308 309 309 311 312 311 308 308 310 312 314 314 313
03 11 310 310 308 306 303 301 298 295 300 309 312 312 314 313 315 317 316 312 313 315 317 319 319 318
03 12 314 315 313 310 308 304 301 298 303 311 314 314 316 316 319 319 318 313 314 316 318 322 321 319
03 13 -9999 317 314 312 310 306 303 300 306 313 316 316 318 318 320 321 320 316 316 319 321 324 323 321
03 14 -9999 318 315 313 310 306 303 300 306 313 315 316 318 317 320 320 320 316 315 318 321 323 323 320
03 15 -9999 318 315 313 311 308 304 302 308 315 317 317 318 318 320 321 320 316 315 318 322 324 324 321
03 16 -9999 320 316 315 313 310 306 304 310 317 318 318 319 318 320 322 320 318 317 319 323 326 326 324
03 17 -9999 322 318 317 316 313 309 307 313 321 321 321 322 320 322 323 322 321 320 323 327 330 330 328
03 18 322 327 322 322 321 317 314 312 319 327 327 327 328 327 328 329 328 328 327 329 332 334 334 332
03 19 327 330 325 325 325 321 318 316 323 330 330 331 331 330 331 332 331 331 330 332 336 338 338 337
03 20 332 334 331 330 331 327 323 321 329 335 335 335 336 335 335 335 335 335 335 337 340 343 343 342
03 21 337 339 335 335 334 331 327 325 333 340 340 340 341 339 340 340 339 340 339 342 346 349 349 347
03 22 342 344 340 339 338 335 331 329 338 344 345 344 344 342 343 343 342 344 343 346 350 353 352 351
03 23 -9999 348 343 342 342 338 335 333 342 349 350 349 349 346 347 347 345 347 347 349 354 357 356 355
03 24 -9999 353 348 346 346 343 340 338 348 355 356 356 355 352 353 352 351 354 353 354 360 364 363 361
03 25 -9999 359 354 353 352 348 345 343 354 360 360 360 359 355 354 354 353 356 356 357 363 367 366 365
03 26 -9999 362 358 356 355 351 348 345 357 363 363 363 363 359 359 358 358 359 359 360 366 370 369 368
03 27 -9999 365 361 360 358 355 351 350 362 368 367 368 367 363 363 362 362 364 364 365 370 374 374 373
03 28 362 370 366 364 361 359 354 353 364 370 369 370 370 366 365 364 363 365 366 366 371 375 375 375
03 29 364 372 367 366 363 362 357 356 368 373 372 373 373 370 369 368 368 369 371 371 377 381 381 381
03 30 371 378 374 372 369 367 362 361 373 379 377 378 378 375 374 372 372 374 376 376 380 384 384 385
03 31 374 382 378 376 373 370 366 365 377 383 381 382 381 379 380 377 378 379 381 381 385 389 389 389
04 01 379 386 383 380 376 373 369 368 380 385 384 385 384 383 383 381 382 383 383 384 388 392 392 391
04 02 383 387 385 383 379 376 371 370 382 386 385 385 384 384 384 381 382 383 384 385 389 394 395 394
04 03 386 389 387 384 380 377 373 373 384 389 387 386 387 386 386 383 385 386 386 387 391 396 397 395
04 04 387 391 388 386 382 378 375 375 386 390 387 387 389 388 388 386 388 388 387 387 392 397 398 396
04 05 390 392 390 387 383 379 376 376 387 391 388 388 390 388 389 387 389 389 388 387 392 396 397 396
04 06 391 393 390 387 383 379 377 377 388 392 388 388 391 390 390 388 390 389 388 388 393 397 399 398
04 07 393 395 392 389 386 382 379 381 391 395 391 392 395 394 395 392 393 393 391 392 398 400 402 400
04 08 396 396 393 391 388 384 382 384 394 398 393 393 396 396 397 395 396 395 394 394 400 402 404 403
04 09 400 398 394 393 390 387 384 386 397 401 396 397 401 401 402 401 401 400 399 398 405 407 409 407
04 10 406 401 398 396 393 390 387 390 400 404 400 401 404 404 405 403 402 403 401 400 406 408 410 410
04 11 410 404 400 398 396 392 389 391 402 407 403 403 406 406 407 405 405 404 402 402 409 411 413 412
04 12 413 407 403 401 400 396 393 395 407 411 408 408 411 411 412 411 410 410 407 408 415 417 419 418
04 13 419 413 409 407 406 402 399 402 414 418 415 414 416 416 418 416 416 416 412 412 419 423 424 423
04 14 423 417 413 411 410 406 404 407 418 422 419 418 421 420 423 421 420 420 417 417 425 428 430 428
04 15 429 422 417 414 413 410 407 411 422 425 422 422 424 423 425 424 423 422 418 418 427 431 432 431
04 16 431 424 420 416 416 413 411 415 426 429 425 425 427 425 427 426 424 423 421 420 430 434 435 434
04 17 433 427 422 418 418 415 413 417 428 430 427 426 429 426 429 429 427 426 424 423 434 437 438 438
04 18 435 430 425 421 421 418 416 421 432 435 432 432 434 431 434 434 431 430 428 427 438 442 442 442
04 19 439 435 430 425 425 422 420 426 436 439 436 435 435 434 437 437 434 432 431 430 441 446 446 446
04 20 442 438 433 429 428 426 424 430 441 443 440 440 439 437 439 440 437 435 435 433 444 450 450 449
04 21 445 441 437 432 431 429 427 434 443 446 443 443 442 441 443 443 440 438 438 437 448 453 453 452
04 22 448 444 439 435 433 430 429 436 445 447 444 444 443 442 444 445 442 440 440 440 449 455 456 456
04 23 451 447 443 439 437 433 431 439 447 449 446 446 446 445 446 449 445 444 445 444 453 460 460 459
04 24 453 451 447 442 440 437 435 443 451 453 451 449 449 448 450 451 448 448 448 447 456 463 463 462
04 25 455 455 451 447 444 441 440 448 456 457 454 451 451 451 452 455 451 451 451 451 460 467 467 465
04 26 457 457 454 450 447 443 443 451 460 459 456 453 453 452 454 456 453 452 453 453 463 469 470 467
04 27 458 459 456 451 448 445 445 453 461 461 458 454 454 453 454 456 453 453 454 455 466 471 472 469
04 28 461 461 458 453 450 447 447 455 463 463 461 456 456 455 456 458 456 455 456 459 469 475 475 472
04 29 465 464 461 457 453 449 449 457 465 466 464 459 459 459 459 461 457 457 458 460 471 478 478 475
04 30 468 467 465 461 457 453 453 462 469 471 468 464 463 463 464 465 462 462 463 465 477 483 484 480
05 01 473 472 469 465 462 458 457 466 472 474 471 469 468 468 469 470 467 468 468 470 483 489 489 486
05 02 479 478 476 472 468 464 464 473 480 482 479 476 475 475 475 477 473 474 474 476 488 495 495 492
05 03 487 484 481 477 473 469 468 477 484 486 482 479 477 477 478 479 475 477 477 480 492 499 499 496
05 04 492 489 485 481 477 473 473 482 489 490 487 484 482 481 482 482 479 481 481 486 497 503 503 500
05 05 497 494 490 486 482 478 477 486 492 495 491 487 486 485 486 485 483 486 485 490 502 506 506 503
05 06 501 498 493 490 487 482 481 491 498 500 497 492 491 490 490 491 488 491 490 495 507 512 512 509
05 07 -9999 503 499 495 492 488 487 497 503 505 502 498 496 495 496 495 493 496 494 499 511 516 515 513
05 08 -9999 507 502 497 495 491 490 500 507 509 506 503 500 498 499 498 496 498 496 501 512 518 518 515
05 09 513 509 504 500 498 494 493 503 510 512 508 505 502 501 501 499 498 500 498 504 514 520 520 517
05 10 -9999 511 506 502 500 496 496 506 512 516 512 510 506 505 505 503 502 504 502 509 519 524 524 522
05 11 524 516 511 507 505 500 500 511 516 520 517 515 512 510 510 509 507 508 507 514 523 528 527 525
05 12 529 520 516 511 509 505 504 515 520 525 521 520 517 515 515 514 513 514 512 518 526 531 530 528
05 13 533 523 519 514 512 508 508 518 523 528 523 522 519 517 517 516 515 516 515 520 528 533 532 530
05 14 535 525 521 516 515 511 511 522 527 530 526 524 522 520 520 519 519 519 518 523 531 536 535 533
05 15 537 527 524 519 518 513 513 524 529 533 529 526 523 521 521 521 520 520 520 525 533 538 536 535
05 16 540 529 526 522 520 516 516 528 533 536 532 529 526 524 523 523 523 523 523 528 536 540 539 537
05 17 542 531 529 524 522 518 517 529 535 538 534 531 529 526 526 525 525 525 526 531 538 542 541 540
05 18 545 534 531 527 525 521 521 532 538 541 538 535 533 531 531 529 531 530 530 535 542 546 544 543
05 19 548 537 534 529 528 524 523 535 541 544 542 538 536 535 535 534 535 534 534 538 545 549 547 545
05 20 549 539 537 531 530 526 526 537 544 547 544 541 540 539 538 538 539 536 537 542 549 553 551 550
05 21 553 543 541 535 533 530 530 541 548 551 548 545 543 542 541 540 543 539 540 545 552 556 554 553
05 22 555 545 543 538 535 532 531 542 550 553 551 547 545 543 543 541 544 539 541 547 554 558 557 555
05 23 558 547 545 540 538 535 534 545 552 556 554 550 549 547 547 546 548 544 546 552 560 563 561 559
05 24 562 552 550 545 542 539 539 549 557 561 559 554 553 551 551 550 553 548 551 556 564 567 565 562
05 25 563 556 554 548 546 544 543 552 560 564 563 558 556 554 555 554 556 552 554 559 567 570 568 566
05 26 565 559 556 551 549 547 546 556 564 568 566 561 560 558 558 558 560 556 557 562 570 573 572 570
05 27 566 563 559 554 552 549 550 559 567 571 570 565 563 560 561 561 563 559 560 565 574 577 575 572
05 28 568 565 562 556 554 552 552 561 568 573 572 568 566 563 564 563 566 562 563 568 575 579 576 574
05 29 569 568 564 559 557 555 555 563 571 576 575 571 568 566 568 566 568 565 566 571 579 582 579 578
05 30 572 571 567 562 560 558 558 567 575 580 578 574 573 571 573 571 573 569 570 576 582 586 582 581
05 31 575 574 570 565 563 561 561 571 579 583 582 578 576 575 577 575 577 574 575 580 587 591 587 585
06 01 579 578 575 570 568 566 567 576 583 588 587 583 580 580 581 579 581 579 580 585 592 596 592 589
06 02 583 583 579 575 573 570 571 580 587 592 591 587 584 584 585 583 585 582 583 588 595 599 595 592
06 03 586 585 582 577 575 573 573 583 590 594 593 590 586 585 587 584 586 584 585 591 598 601 597 595
06 04 590 589 586 581 579 577 577 587 594 598 596 593 589 589 590 587 589 587 589 594 601 605 601 598
06 05 594 592 590 586 583 581 582 591 597 601 601 597 593 593 594 592 592 592 593 598 605 608 605 602
06 06 598 597 593 589 586 584 586 596 602 606 606 601 598 598 599 597 597 596 598 603 610 614 610 607
06 07 603 602 598 594 592 589 591 601 607 611 610 605 602 601 602 599 600 599 600 605 613 616 613 609
06 08 606 604 601 595 593 591 593 603 609 614 613 608 605 604 604 602 603 602 604 609 616 619 616 613
06 09 610 607 604 600 598 596 596 606 612 616 616 611 608 608 608 605 606 605 607 611 619 621 618 615
06 10 613 609 606 602 600 598 598 608 614 619 618 614 610 610 610 607 607 607 609 614 622 625 622 618
06 11 617 612 609 605 603 601 601 611 617 621 621 616 613 612 613 610 609 610 611 617 625 628 625 621
06 12 622 616 613 610 606 605 605 616 622 626 625 621 617 617 617 614 613 614 615 621 629 632 629 626
06 13 626 620 616 614 610 608 609 619 625 629 628 624 621 619 619 617 616 617 619 624 632 635 634 629
06 14 630 624 620 617 613 611 612 623 629 633 632 628 625 622 622 620 619 620 622 627 635 638 637 633
06 15 633 627 624 621 617 614 615 626 632 636 635 630 627 625 624 621 620 621 622 628 636 639 638 634
06 16 635 628 624 621 618 614 616 626 632 636 635 630 628 625 624 622 620 621 622 629 637 640 639 635
06 17 636 629 625 622 619 615 617 627 633 637 636 632 629 626 625 623 620 622 624 631 639 642 640 637
06 18 639 631 627 624 621 617 619 630 636 640 639 634 632 629 627 625 624 624 627 633 641 644 643 639
06 19 640 632 628 625 622 618 620 631 637 641 640 636 633 630 629 626 624 625 627 633 641 645 643 640
06 20 639 633 629 625 623 619 620 631 637 641 640 635 633 629 628 625 623 624 627 632 641 645 643 640
06 21 639 633 629 626 623 619 620 632 638 641 640 636 632 629 627 626 623 624 627 632 641 645 644 641
06 22 640 634 630 627 624 620 621 633 638 641 640 635 632 629 627 626 623 624 627 632 640 645 644 641
06 23 639 635 631 628 625 620 622 633 638 640 639 635 631 629 627 625 623 623 626 632 640 645 645 641
06 24 -9999 635 632 628 625 621 623 634 639 641 640 636 632 629 627 626 623 623 627 632 641 646 645 642
06 25 642 636 633 629 626 622 623 634 639 642 640 636 632 630 627 626 624 624 628 632 642 647 645 643
06 26 643 636 633 630 626 622 624 635 640 643 641 637 634 631 628 627 625 626 629 633 643 648 646 644
06 27 644 638 635 631 628 624 626 637 642 645 644 640 636 633 630 629 628 628 632 635 646 650 649 646
06 28 -9999 640 637 634 631 627 628 640 645 648 647 643 638 636 633 631 629 630 633 637 647 651 649 647
06 29 646 640 638 634 631 627 628 640 645 648 647 643 638 635 632 631 629 629 634 637 648 652 649 646
06 30 646 640 637 633 631 627 628 640 645 648 647 642 638 635 632 631 630 630 634 638 648 652 650 647
07 01 -9999 641 638 635 633 629 630 642 647 650 649 644 639 635 634 633 632 631 636 639 650 654 652 649
07 02 -9999 644 641 638 635 632 632 644 649 652 651 646 641 638 636 634 633 634 638 641 652 655 654 651
07 03 -9999 646 643 640 637 635 635 647 652 655 653 648 643 639 638 637 635 636 639 643 653 656 655 652
07 04 -9999 647 644 641 638 635 636 647 652 656 654 649 644 641 639 639 637 637 640 644 654 657 656 653
07 05 -9999 648 646 642 639 636 637 648 654 658 656 651 645 642 640 640 639 639 641 646 656 659 658 655
07 06 -9999 650 648 644 641 638 639 649 655 659 657 652 647 644 642 641 641 641 643 648 658 660 659 655
07 07 -9999 651 648 644 641 639 639 650 656 660 658 653 648 645 643 642 642 642 644 649 659 661 660 657
07 08 661 652 649 646 642 640 641 652 658 662 659 655 649 646 645 645 644 644 646 652 661 663 662 659
07 09 661 654 651 647 644 642 642 653 659 663 660 655 650 647 646 646 645 645 647 653 663 664 664 661
07 10 662 656 653 650 647 644 645 655 661 665 663 657 652 648 648 647 646 647 648 656 665 667 667 664
07 11 664 659 656 652 649 646 647 657 664 668 665 660 654 650 650 649 647 648 650 658 666 668 668 665
07 12 665 660 657 653 650 648 648 658 664 668 666 660 655 650 650 649 648 649 651 658 666 668 668 666
07 13 666 660 657 653 650 648 648 658 664 669 667 660 655 651 651 650 650 650 653 660 667 670 670 668
07 14 668 663 659 655 652 650 650 660 666 670 669 662 658 654 654 653 653 654 655 662 669 672 672 671
07 15 -9999 665 661 658 655 652 652 662 668 672 671 665 661 657 656 655 654 656 657 663 671 674 674 672
07 16 672 666 663 659 656 653 653 662 667 672 670 665 661 658 656 655 654 655 656 663 670 674 673 671
07 17 670 665 661 657 654 651 651 660 665 670 669 664 659 655 654 653 652 653 655 662 670 673 672 671
07 18 -9999 664 660 657 654 651 651 659 665 669 668 663 659 655 654 653 652 653 656 662 670 674 673 672
07 19 671 665 662 658 655 652 652 661 667 671 670 664 661 657 656 655 654 655 658 664 672 676 675 674
07 20 672 667 663 659 656 653 653 661 667 671 670 664 661 657 657 655 654 654 658 664 672 675 674 674
07 21 672 666 662 659 656 653 653 662 668 671 670 665 661 657 657 655 653 654 658 664 672 676 675 674
07 22 671 666 663 659 656 653 652 661 667 671 670 665 661 657 656 655 653 654 658 664 672 676 675 674
07 23 670 666 662 659 656 653 652 661 667 671 671 665 661 658 656 655 653 653 658 664 673 676 674 674
07 24 -9999 666 662 659 656 653 652 661 667 671 671 666 661 658 656 654 654 653 658 664 672 676 674 673
07 25 -9999 665 662 658 655 652 652 661 667 672 671 666 661 658 656 654 653 652 658 664 672 676 673 672
07 26 -9999 665 661 657 655 652 651 660 667 671 671 665 660 657 654 652 653 652 656 663 671 675 673 672
07 27 -9999 664 661 657 654 651 650 659 666 670 670 664 658 656 653 651 651 651 655 662 670 675 672 672
07 28 -9999 665 661 657 655 652 651 660 666 670 669 663 658 655 652 650 650 649 653 661 669 674 672 671
07 29 -9999 664 660 657 654 651 650 659 665 669 668 662 657 654 650 648 648 647 652 660 668 672 670 669
07 30 -9999 662 659 655 653 650 649 657 663 668 666 660 655 651 648 646 647 645 650 658 666 671 669 667
07 31 665 661 657 654 652 649 647 657 663 668 666 659 654 651 647 646 645 645 649 658 666 670 668 667
08 01 -9999 661 657 654 652 649 647 656 662 667 665 659 654 651 648 646 646 645 649 658 666 670 669 667
08 02 -9999 661 657 654 652 648 646 654 661 666 665 659 654 652 647 646 646 644 648 657 666 669 667 666
08 03 -9999 660 655 653 651 648 645 653 660 665 663 658 653 650 645 644 643 642 646 655 664 668 666 665
08 04 660 659 655 652 650 648 645 653 660 665 664 658 652 649 645 643 642 642 645 654 663 667 665 663
08 05 659 658 653 651 649 646 643 651 657 663 662 656 650 646 642 641 640 639 643 653 662 665 664 662
08 06 -9999 657 653 650 648 645 643 650 657 662 662 656 650 646 642 640 640 639 643 652 662 664 663 661
08 07 -9999 656 652 650 648 644 642 650 656 662 661 655 649 645 641 639 639 638 641 652 661 663 662 660
08 08 -9999 655 651 648 646 643 641 648 656 661 660 655 648 643 640 638 637 638 641 652 661 663 662 660
08 09 -9999 655 651 648 646 643 640 648 655 660 660 654 648 643 640 638 637 638 641 652 661 663 661 659
08 10 -9999 654 650 648 645 643 640 647 654 659 659 653 648 643 640 638 637 637 642 652 661 663 661 658
08 11 -9999 653 650 647 644 642 639 645 653 658 658 653 648 642 639 637 636 636 641 650 660 661 660 656
08 12 -9999 651 648 645 642 640 637 643 651 656 656 652 647 641 637 636 634 635 639 649 659 660 658 654
08 13 -9999 649 646 643 641 638 636 642 650 655 656 651 645 641 637 635 633 634 638 648 658 659 657 653
08 14 -9999 648 645 642 639 636 634 640 649 654 654 650 644 639 636 634 633 633 638 648 658 658 656 653
08 15 -9999 647 644 641 638 636 633 639 648 653 654 650 644 639 636 633 632 633 638 649 658 659 656 652
08 16 -9999 647 644 640 638 635 633 639 648 653 655 650 644 639 634 632 632 633 638 648 657 657 655 650
08 17 -9999 645 643 638 636 634 632 638 647 652 653 648 643 637 632 630 630 632 637 647 656 656 654 650
08 18 -9999 644 642 637 634 633 630 637 645 651 652 647 642 635 632 629 630 632 637 648 656 655 653 649
08 19 -9999 643 641 635 633 631 629 635 644 650 652 647 642 635 632 630 630 632 638 649 657 657 654 650
08 20 -9999 645 642 637 635 633 630 637 646 652 654 649 644 638 635 633 633 636 641 651 659 659 656 652
08 21 -9999 646 643 637 636 634 631 637 646 652 654 649 645 639 635 634 633 636 642 652 659 659 656 653
08 22 -9999 646 643 638 636 634 631 637 646 651 654 649 645 638 635 634 633 636 642 652 659 658 655 652
08 23 -9999 646 642 637 635 633 631 636 645 651 653 648 644 638 634 633 633 636 641 651 658 657 654 650
08 24 -9999 644 640 635 633 631 628 634 643 649 651 646 641 636 633 631 631 633 639 649 656 655 652 649
08 25 -9999 642 638 632 630 629 626 631 640 646 649 644 640 634 631 629 629 631 637 647 654 653 651 647
08 26 -9999 640 636 631 629 627 624 629 639 645 648 643 638 633 630 627 627 630 636 646 654 652 650 646
08 27 -9999 639 635 630 628 625 623 628 637 644 647 641 636 630 628 625 625 628 634 644 651 650 647 644
08 28 -9999 637 632 628 625 623 620 625 634 642 644 638 633 627 625 622 622 626 631 642 649 648 645 642
08 29 -9999 635 630 626 623 621 618 623 633 640 642 636 631 626 623 620 619 623 628 640 647 645 643 640
08 30 -9999 633 628 624 621 619 616 620 631 638 640 635 629 623 621 618 617 620 626 638 645 643 641 638
08 31 -9999 631 627 623 620 618 614 619 629 636 638 633 627 622 619 617 616 619 625 636 643 642 640 637
09 01 -9999 629 625 621 618 616 613 617 627 634 636 631 625 620 618 615 614 617 624 635 641 640 638 635
09 02 -9999 628 623 620 617 615 612 615 626 633 634 629 623 618 616 613 612 616 621 634 640 639 637 633
09 03 -9999 625 621 618 615 612 610 613 624 630 632 626 620 615 613 610 609 612 618 631 637 635 633 630
09 04 -9999 622 617 614 611 608 605 609 619 626 627 622 616 611 608 604 603 607 613 626 633 631 628 625
09 05 -9999 617 612 610 607 604 601 605 615 622 623 618 612 607 604 601 600 603 610 623 630 628 626 622
09 06 622 614 609 607 603 600 598 601 612 619 621 616 610 605 602 598 597 601 608 621 628 625 623 620
09 07 620 611 607 604 601 597 595 598 610 616 619 614 608 603 600 595 594 598 606 618 624 622 620 616
09 08 617 608 604 601 598 594 592 595 607 612 615 610 605 599 596 592 590 594 602 614 621 618 616 613
09 09 613 605 602 599 595 592 589 592 603 610 612 608 602 596 593 589 587 591 598 610 617 614 612 608
09 10 609 601 597 595 591 588 585 587 599 605 608 603 598 590 589 584 583 586 594 607 612 609 607 604
09 11 -9999 596 592 589 586 583 580 582 595 601 604 600 594 587 586 581 580 583 592 604 610 606 604 600
09 12 -9999 592 589 586 583 580 577 578 592 598 601 598 591 585 583 579 578 581 590 602 607 603 601 597
09 13 -9999 590 586 583 581 578 575 577 589 596 600 596 589 583 582 578 577 579 589 600 606 601 599 595
09 14 593 587 583 580 578 575 572 574 586 593 597 592 587 581 579 575 574 577 587 598 602 598 595 592
09 15 -9999 584 580 577 574 571 568 570 582 589 593 589 583 577 575 571 570 572 582 594 598 595 591 588
09 16 -9999 580 576 572 570 566 563 565 577 585 588 586 579 573 571 567 565 567 577 589 594 590 587 584
09 17 577 574 570 567 564 559 557 558 571 579 582 580 573 567 565 561 560 561 573 584 589 584 582 578
09 18 570 570 565 562 559 554 552 553 566 573 577 574 567 561 559 556 555 556 568 580 584 580 577 574
09 19 565 565 561 558 555 550 547 549 562 569 573 570 563 557 555 552 552 552 564 576 580 576 573 570
09 20 561 561 557 554 550 546 543 545 557 565 569 566 560 554 552 548 548 548 560 572 576 572 569 566
09 21 555 557 553 550 546 542 539 540 552 560 563 560 554 549 546 543 542 542 554 567 570 566 563 560
09 22 549 550 546 543 539 535 532 533 546 554 557 554 548 542 539 537 536 536 548 562 565 561 558 554
09 23 544 545 540 537 534 530 527 527 541 549 554 551 544 539 536 533 534 533 545 560 561 557 553 549
09 24 540 540 535 532 529 525 522 523 537 545 550 547 540 535 532 530 530 530 542 557 558 554 550 546
09 25 538 537 532 529 527 523 520 520 534 542 547 544 538 532 529 526 527 527 538 552 554 550 546 542
09 26 532 532 527 525 522 518 516 515 529 537 542 539 533 527 524 522 522 522 533 548 549 546 543 538
09 27 529 529 524 522 518 514 512 512 526 535 538 535 530 524 523 520 520 520 530 544 546 542 539 534
09 28 524 524 520 517 513 510 508 507 521 529 533 530 525 520 517 513 513 514 525 539 540 537 534 529
09 29 520 519 515 512 509 505 502 500 515 525 528 525 521 515 512 508 508 509 520 534 535 532 528 523
09 30 514 513 509 506 502 499 496 494 509 518 522 519 514 509 507 503 503 503 514 529 530 527 523 518
10 01 -9999 507 503 501 497 494 491 490 504 514 519 516 511 506 503 499 500 501 512 526 526 524 520 515
10 02 -9999 504 500 498 495 492 490 488 502 512 518 514 510 505 502 498 498 500 510 524 524 521 518 511
10 03 -9999 501 498 495 492 489 488 486 499 510 515 513 508 503 500 496 496 497 507 520 520 517 514 507
10 04 502 496 493 490 487 485 484 482 496 506 512 509 504 499 497 492 492 493 504 516 516 513 509 503
10 05 497 492 489 486 482 480 479 478 491 502 507 505 500 495 494 489 489 491 501 513 512 509 506 499
10 06 496 489 486 483 479 478 476 475 489 500 505 502 498 493 492 487 487 489 499 509 509 506 503 496
10 07 -9999 486 483 481 477 476 475 473 486 498 501 499 494 490 489 485 485 486 496 507 506 503 500 494
10 08 -9999 484 480 478 474 473 472 470 482 494 498 495 491 486 485 482 481 483 492 503 502 500 497 491
10 09 -9999 481 478 476 471 470 469 467 479 492 495 492 488 484 482 479 478 480 489 500 498 496 493 487
10 10 483 478 474 473 468 466 465 464 476 489 490 488 484 481 478 476 474 477 486 497 495 493 491 484
10 11 481 476 473 470 467 464 463 461 472 486 487 484 480 477 474 473 470 473 483 492 491 489 487 480
10 12 476 471 468 466 462 459 458 456 467 481 482 479 476 472 469 467 466 468 478 488 487 484 482 476
10 13 473 467 465 462 458 455 455 452 463 478 479 476 471 468 465 464 462 465 473 484 482 480 478 472
10 14 468 464 461 458 454 452 452 450 460 473 474 472 467 464 461 460 459 461 469 480 477 476 474 469
10 15 466 461 458 455 452 450 449 447 457 471 471 469 464 462 458 458 457 459 467 476 473 472 470 466
10 16 464 458 455 453 449 447 446 444 453 467 466 465 461 458 455 456 454 456 464 472 469 467 465 462
10 17 460 455 451 449 445 443 442 440 449 462 462 460 457 454 451 452 450 452 460 468 465 464 461 458
10 18 -9999 450 446 445 441 439 437 435 443 457 457 456 452 448 444 446 444 447 456 463 461 459 458 454
10 19 -9999 447 443 441 437 436 434 431 439 453 454 453 449 447 442 445 442 445 454 461 459 457 455 451
10 20 -9999 444 440 439 436 434 432 429 437 451 452 452 447 444 439 441 439 441 450 457 455 453 451 448
10 21 -9999 441 436 436 431 429 427 425 431 446 448 447 442 439 434 436 434 436 444 452 450 448 446 443
10 22 -9999 436 432 430 426 424 423 420 426 441 444 443 438 436 431 432 430 433 441 449 447 445 443 440
10 23 440 432 428 427 422 422 420 417 424 438 442 441 437 434 429 430 429 432 440 447 445 442 441 438
10 24 438 429 426 424 420 420 418 416 422 435 441 440 437 434 429 430 430 432 439 445 444 441 440 437
10 25 -9999 428 424 423 418 417 416 413 420 433 439 439 436 433 428 429 429 432 439 444 442 440 437 435
10 26 -9999 427 422 421 416 415 414 411 418 431 438 438 435 431 427 428 428 429 436 442 439 437 435 432
10 27 -9999 424 419 417 413 411 409 407 413 426 434 435 430 427 423 424 424 426 432 438 435 433 431 428
10 28 -9999 421 415 413 410 407 406 404 410 422 430 432 427 424 420 421 421 423 429 434 432 430 427 425
10 29 -9999 417 412 410 407 404 403 401 406 420 427 429 424 421 418 418 418 420 425 431 428 425 423 421
10 30 -9999 413 409 406 403 400 399 397 402 416 422 425 420 416 413 413 413 415 421 426 424 421 419 416
10 31 -9999 409 404 402 399 396 395 393 399 412 419 422 416 413 410 410 409 410 415 420 418 416 413 410
11 01 -9999 404 400 396 394 391 391 388 395 408 414 417 412 408 406 405 404 406 411 415 414 412 410 406
11 02 -9999 401 397 393 392 389 388 385 392 405 411 414 410 407 405 404 402 404 408 411 410 408 405 402
11 03 -9999 397 393 391 389 386 385 382 389 402 407 410 407 404 401 400 398 400 403 406 406 404 401 398
11 04 -9999 393 389 386 384 382 380 378 383 396 401 403 400 398 397 395 393 395 397 400 400 398 395 392
11 05 -9999 387 384 381 379 377 376 374 379 391 396 398 396 394 393 392 390 391 393 395 396 393 390 387
11 06 -9999 383 380 378 376 374 372 371 376 388 392 394 393 392 390 390 387 388 389 391 391 389 386 382
11 07 -9999 379 377 374 373 370 368 367 372 384 388 390 388 387 386 386 383 384 385 385 386 384 381 378
11 08 -9999 375 373 370 368 365 364 362 367 379 383 385 382 381 381 381 377 378 380 380 381 378 376 372
11 09 368 369 368 364 364 361 360 359 363 374 378 379 376 377 376 375 372 372 374 374 375 371 370 366
11 10 -9999 363 361 359 358 357 355 354 358 369 373 374 373 373 372 371 368 369 370 370 370 367 366 362
11 11 -9999 360 359 357 356 356 353 352 356 368 371 372 372 372 372 371 368 368 368 368 369 366 364 361
11 12 356 358 358 356 356 356 353 352 355 367 371 372 373 373 371 371 369 369 369 369 369 366 364 361
11 13 357 358 357 355 354 355 351 351 354 365 370 371 372 371 370 370 368 368 368 367 367 364 362 359
11 14 356 356 354 353 353 354 350 349 352 364 368 370 371 371 370 370 367 367 367 366 366 363 361 358
11 15 355 354 352 351 350 351 347 346 350 361 365 367 367 368 366 366 364 364 364 364 363 360 358 356
11 16 353 351 350 349 348 349 345 345 348 359 364 366 366 367 365 365 363 363 363 362 360 358 356 353
11 17 353 349 348 347 345 345 341 341 343 355 360 362 362 363 361 361 360 360 359 358 357 355 353 350
11 18 350 346 344 343 341 341 338 338 340 351 358 359 359 359 358 358 358 358 358 357 356 353 352 348
11 19 350 345 343 341 340 340 337 337 339 350 358 360 360 361 359 360 360 360 360 358 357 355 353 349
11 20 353 346 344 342 340 340 337 338 340 351 359 361 362 362 360 362 362 362 363 361 359 357 356 352
11 21 357 347 345 342 341 341 338 338 340 351 359 362 362 362 360 361 361 361 362 360 358 356 354 350
11 22 355 345 343 340 338 338 336 335 337 348 356 359 360 360 358 358 358 359 359 358 356 354 352 349
11 23 354 343 341 339 336 336 335 334 336 347 355 358 359 359 356 356 356 356 356 354 353 352 349 346
11 24 351 341 339 337 334 332 332 330 332 343 350 354 354 355 352 352 352 352 351 350 349 349 345 342
11 25 348 337 335 332 329 328 328 327 329 339 346 351 351 351 349 349 350 348 348 348 346 346 342 339
11 26 345 334 331 329 326 325 325 324 326 335 343 347 348 347 344 345 344 344 346 345 342 342 338 335
11 27 341 330 327 324 321 320 320 319 320 329 338 341 341 341 340 338 337 337 339 339 336 336 332 329
11 28 336 324 321 319 316 315 315 315 316 324 332 334 336 336 334 333 332 332 334 335 331 331 327 324
11 29 333 319 317 315 312 311 311 312 312 320 327 330 331 331 329 328 327 327 329 330 328 327 323 320
11 30 331 316 314 311 309 308 308 308 308 316 323 325 327 326 326 324 323 323 325 326 324 324 321 317
12 01 328 312 310 307 305 304 304 304 304 310 318 320 323 321 321 320 318 318 320 322 320 319 317 312
12 02 324 308 306 303 302 301 301 301 301 307 315 316 320 318 319 318 315 315 318 320 318 318 315 311
12 03 323 307 305 303 302 301 300 300 300 307 313 314 318 316 316 315 312 311 314 316 313 313 311 308
12 04 318 304 301 298 298 296 295 296 296 302 308 310 313 311 312 311 308 307 310 311 308 308 305 303
12 05 312 299 296 293 294 292 291 291 291 297 302 303 307 304 306 305 302 301 303 305 302 302 300 298
12 06 305 294 291 290 290 289 287 288 288 293 299 299 303 300 302 301 298 298 299 301 299 299 297 295
12 07 304 292 289 287 288 287 285 287 287 291 296 298 301 299 301 300 297 296 298 299 297 298 295 292
12 08 301 289 286 285 287 286 284 285 284 288 294 294 297 295 298 298 295 295 296 297 293 294 291 289
12 09 299 287 284 282 284 284 281 283 281 285 291 291 295 294 297 296 293 293 294 296 293 293 290 288
12 10 299 287 284 282 284 284 281 283 280 284 291 290 294 293 296 295 291 291 291 292 290 290 288 285
12 11 295 283 281 279 280 281 278 279 277 281 287 287 291 291 293 291 289 288 287 288 287 286 284 282
12 12 290 280 277 275 276 277 274 276 273 278 284 284 289 287 289 288 286 285 284 284 282 283 280 278
12 13 285 275 273 271 272 273 271 271 270 274 281 281 285 284 286 284 282 282 281 280 280 279 277 275
12 14 279 274 271 270 271 271 270 269 268 272 280 280 285 283 286 284 282 282 282 281 279 278 276 274
12 15 276 272 270 269 270 270 268 268 267 272 279 280 284 283 285 283 282 282 281 280 278 277 275 274
12 16 274 273 270 270 270 269 267 267 266 271 277 278 282 281 282 281 279 279 279 277 276 275 273 272
12 17 270 270 268 267 266 265 264 263 263 266 273 274 278 277 278 277 275 275 275 273 271 270 267 267
12 18 263 265 263 261 260 259 258 256 255 259 266 268 272 272 273 272 269 268 269 267 266 264 262 261
12 19 256 259 257 256 254 253 252 251 249 254 260 262 266 266 267 265 264 263 263 262 262 258 258 257
12 20 251 255 254 253 252 251 251 249 247 251 258 261 265 265 267 265 264 263 264 262 262 258 259 258
12 21 251 256 254 253 251 250 250 248 245 250 257 260 266 265 267 265 264 263 264 263 263 258 258 257
12 22 250 255 253 251 249 249 248 246 243 248 255 258 264 265 265 264 263 262 263 262 262 256 257 255
12 23 248 253 250 248 246 245 244 242 240 245 250 256 262 263 263 263 262 261 263 261 262 257 257 256
12 24 247 253 250 249 247 246 246 244 242 248 253 259 265 266 266 266 264 264 265 261 264 259 259 258
12 25 246 254 251 249 247 245 244 243 241 246 252 258 263 264 264 264 262 262 264 260 264 258 258 257
12 26 246 254 251 250 247 246 244 244 242 247 254 259 264 265 266 266 264 265 267 263 265 260 260 260
12 27 248 256 252 252 250 248 247 246 245 250 257 262 266 269 270 271 268 268 270 267 269 263 264 263
12 28 252 260 256 256 254 252 250 250 248 253 259 265 270 272 273 274 272 270 273 269 270 265 265 264
12 29 253 261 257 255 254 252 249 249 248 252 258 263 268 269 272 273 271 269 271 268 269 265 264 265
12 30 253 261 257 255 254 252 249 249 248 252 257 264 268 270 272 274 272 270 272 268 270 265 264 264
12 31 252 261 257 255 254 251 249 249 248 251 256 263 268 269 273 274 272 271 271 269 270 265 263 263
