01 01 315 319 317 315 313 312 310 308 308 316 322 324 324 324 324 323 321 321 322 325 327 327 326 324
01 02 316 319 317 316 315 313 312 310 309 318 324 327 327 327 327 326 324 324 324 327 329 329 329 327
01 03 319 321 320 319 317 316 314 312 311 319 326 328 328 328 328 326 325 324 325 328 330 329 328 326
01 04 317 320 319 318 316 314 312 310 309 317 323 324 324 324 324 323 321 321 321 324 326 326 324 322
01 05 312 316 314 313 311 309 308 305 305 313 319 321 320 321 321 320 319 319 319 323 325 324 323 320
01 06 310 315 313 312 310 308 307 304 304 311 317 319 319 319 319 318 317 317 317 321 323 322 320 318
01 07 308 313 312 311 309 307 306 303 303 309 315 317 317 318 317 317 316 315 316 319 321 320 319 316
01 08 307 310 309 307 305 303 302 299 298 305 310 312 311 312 312 311 310 309 310 313 316 315 314 311
01 09 303 306 305 304 302 300 298 296 295 301 306 307 306 308 307 307 305 304 305 309 313 311 310 308
01 10 299 303 302 300 299 296 295 293 292 298 303 304 303 304 304 303 302 301 302 306 309 308 307 305
01 11 295 300 299 298 296 294 293 291 290 296 301 301 300 300 301 299 299 298 299 303 307 306 305 302
01 12 293 296 296 294 293 291 290 288 287 292 297 298 297 297 298 297 296 295 296 300 303 303 301 299
01 13 291 294 293 292 289 288 287 285 284 289 294 295 294 295 296 295 294 293 294 298 301 301 299 297
01 14 290 291 291 289 287 286 285 283 281 287 292 293 292 293 293 293 291 291 292 295 298 298 297 294
01 15 288 289 288 286 284 283 282 280 279 285 290 291 290 292 292 292 290 289 290 294 298 298 297 294
01 16 288 289 288 286 284 282 282 280 279 286 291 292 292 293 294 293 291 290 291 295 299 298 297 294
01 17 289 290 289 286 284 283 282 281 280 286 291 292 291 293 292 291 290 289 290 294 298 297 296 293
01 18 289 288 287 285 282 281 280 279 278 284 289 290 290 291 291 290 288 288 288 292 296 295 294 292
01 19 289 287 285 283 280 279 278 277 277 283 288 289 289 290 291 289 288 288 288 292 296 295 294 292
01 20 291 287 286 283 280 279 278 276 276 282 287 287 287 288 288 286 285 284 285 289 293 293 293 290
01 21 290 286 284 281 279 277 276 274 274 281 286 286 286 287 288 286 285 284 285 289 293 293 293 291
01 22 292 288 286 283 281 279 278 277 276 284 289 289 290 291 291 289 287 287 287 291 296 297 297 295
01 23 296 291 289 287 285 284 283 282 282 289 294 294 295 296 295 293 291 290 290 293 298 298 298 297
01 24 298 292 290 288 286 285 283 282 282 289 295 296 297 297 296 294 293 292 291 295 299 300 300 298
01 25 301 295 293 291 289 287 286 284 284 292 297 298 299 299 298 296 295 293 292 296 301 302 302 300
01 26 302 297 295 293 291 289 287 286 286 295 300 300 302 303 302 300 298 296 295 299 303 305 304 302
01 27 304 299 297 295 293 292 290 289 290 299 304 304 305 306 305 303 301 300 299 303 307 309 308 307
01 28 308 303 301 299 297 295 294 292 293 301 306 306 307 308 307 305 303 301 300 303 308 309 308 306
01 29 308 303 301 299 298 295 293 291 292 301 305 305 306 307 305 303 301 299 298 302 307 308 307 306
01 30 308 302 300 299 297 295 293 291 291 299 304 303 304 304 303 301 300 298 298 301 306 308 307 306
01 31 308 302 300 299 297 295 293 291 291 299 303 301 302 302 301 300 299 297 297 300 305 307 306 305
02 01 307 300 298 297 295 293 291 289 289 298 302 300 301 301 300 299 298 296 296 299 304 307 306 305
02 02 306 301 299 298 297 294 293 290 290 300 304 302 303 303 302 301 300 299 299 302 307 310 309 308
02 03 310 305 303 302 301 298 297 294 295 304 308 306 307 306 305 303 302 300 300 304 308 311 311 310
02 04 314 307 305 305 303 301 300 297 297 306 310 308 309 309 307 306 305 302 302 306 311 313 313 312
02 05 316 308 306 306 304 302 301 297 298 307 310 308 308 308 306 305 304 301 301 305 310 313 313 311
02 06 315 308 306 305 303 301 300 297 297 305 308 306 306 305 304 302 301 298 298 303 308 311 310 309
02 07 312 306 303 303 301 299 297 294 295 303 306 304 305 304 304 302 301 300 300 304 310 313 312 311
02 08 314 308 306 306 304 302 301 298 299 307 310 308 308 308 308 307 306 304 305 308 313 316 316 315
02 09 318 312 310 309 307 305 304 301 302 310 313 311 311 311 311 309 308 307 307 310 315 317 317 316
02 10 319 312 310 309 307 305 304 300 301 310 312 310 310 310 310 309 308 307 307 310 315 318 318 316
02 11 321 314 311 310 308 306 304 301 301 310 312 310 311 311 311 309 308 307 307 310 317 320 320 318
02 12 324 315 313 312 310 308 307 304 305 314 316 315 315 316 316 313 313 311 312 315 321 324 325 324
02 13 331 321 318 318 315 314 313 310 311 320 323 322 322 323 323 321 320 318 318 322 328 332 332 331
02 14 339 328 325 325 322 320 319 316 317 327 330 328 329 328 329 326 324 323 323 326 333 336 336 335
02 15 342 332 330 329 327 325 324 321 322 332 335 334 335 335 335 332 330 329 330 332 339 342 342 341
02 16 348 337 335 335 332 330 329 326 327 336 339 338 339 339 339 336 333 332 333 335 342 345 345 344
02 17 352 340 338 337 334 332 330 328 329 338 340 340 341 341 341 338 335 334 334 336 343 346 346 345
02 18 353 341 339 338 335 333 331 329 330 338 341 340 341 340 340 337 334 333 334 336 344 347 346 346
02 19 353 342 340 338 336 334 333 331 331 340 343 342 343 342 341 337 335 334 334 337 345 348 347 347
02 20 354 344 342 341 338 337 336 334 334 343 346 345 346 346 345 341 339 339 339 341 348 351 351 351
02 21 359 347 346 345 342 340 340 337 338 346 349 348 349 348 348 343 341 341 340 342 350 353 352 352
02 22 361 349 348 346 344 342 341 339 339 347 350 349 349 348 347 342 340 340 339 341 349 353 352 352
02 23 360 349 348 347 345 343 342 340 341 349 351 349 350 348 347 342 339 339 339 340 349 353 353 352
02 24 361 349 349 347 345 343 341 339 340 348 349 347 347 346 344 340 337 336 336 338 348 351 352 352
02 25 361 349 349 346 345 343 342 340 341 348 349 347 347 347 344 340 337 337 337 340 349 353 353 355
02 26 365 352 352 350 348 346 345 343 344 352 353 350 350 349 346 342 338 338 338 341 350 354 354 355
02 27 365 353 353 350 349 347 347 345 346 353 354 352 351 350 347 343 340 340 340 342 352 356 356 357
02 28 365 354 354 351 350 348 347 345 347 353 353 351 351 349 346 342 339 339 338 340 350 354 355 356
03 01 363 353 352 349 348 346 345 343 345 352 351 349 349 348 344 340 337 336 335 337 346 351 352 353
03 02 361 350 349 347 345 344 343 341 344 350 350 348 347 346 342 338 335 335 334 335 345 351 351 352
03 03 359 350 350 347 345 344 343 341 345 351 351 348 347 347 343 339 335 334 333 334 345 350 352 352
03 04 357 351 351 348 347 345 345 343 347 352 352 350 349 348 345 340 337 336 334 335 346 352 353 353
03 05 356 352 351 350 348 346 346 344 348 354 354 351 350 350 347 343 339 338 336 337 348 355 357 357
03 06 359 355 355 354 352 350 350 348 353 359 358 355 355 354 352 347 344 343 341 342 353 360 362 362
03 07 362 360 359 357 356 354 353 351 357 363 362 360 360 360 357 352 349 347 345 346 357 363 365 365
03 08 364 362 362 360 358 356 356 354 360 367 366 364 365 364 362 358 354 352 350 352 362 369 370 370
03 09 369 367 366 364 363 361 360 359 364 370 370 368 368 368 365 362 358 355 353 355 365 371 373 373
03 10 372 371 369 367 365 363 363 360 366 371 371 370 370 370 368 364 361 358 356 358 368 374 375 375
03 11 374 374 372 370 368 366 366 364 371 376 376 375 376 376 373 370 366 363 361 362 372 378 379 379
03 12 377 378 376 374 372 370 369 367 374 379 379 378 379 378 377 373 369 366 363 364 374 380 381 381
03 13 377 379 377 376 373 371 370 368 375 380 380 379 380 379 377 374 370 367 364 365 375 381 383 382
03 14 378 381 379 377 374 371 371 369 376 381 380 379 380 379 377 374 370 367 364 365 374 381 382 382
03 15 376 380 379 377 374 371 370 369 376 380 379 378 379 379 377 373 369 367 364 365 375 381 383 384
03 16 379 382 381 379 377 374 373 371 379 382 381 379 380 379 377 374 370 368 366 367 377 384 386 387
03 17 382 385 383 382 379 376 375 373 381 385 383 382 383 381 380 376 372 370 368 369 380 386 389 390
03 18 387 389 387 385 383 380 379 378 386 390 389 387 388 386 385 381 378 376 374 375 385 391 394 395
03 19 393 393 391 390 387 384 383 381 390 394 393 392 393 391 389 386 383 381 379 380 389 395 398 399
03 20 398 398 396 394 392 389 387 387 396 399 398 397 398 396 395 391 388 385 383 384 393 398 401 403
03 21 401 401 400 398 395 392 391 390 399 402 402 400 401 399 397 393 390 386 384 386 395 401 404 406
03 22 405 405 403 401 399 396 395 394 403 406 405 403 404 402 400 397 394 390 388 390 399 405 409 410
03 23 410 409 408 406 403 400 399 399 407 410 409 407 407 404 402 398 396 392 391 392 401 408 412 413
03 24 413 411 410 408 405 403 401 401 410 412 411 410 410 408 406 401 398 395 393 394 404 410 414 415
03 25 413 414 413 410 408 405 404 404 413 415 414 412 411 408 406 400 397 394 393 394 403 411 415 416
03 26 412 415 413 410 408 406 404 404 414 415 414 411 410 408 405 400 397 394 393 394 403 412 416 417
03 27 412 416 415 412 410 408 407 406 416 418 416 414 413 410 407 402 399 396 395 396 406 415 419 420
03 28 413 418 417 414 412 411 409 409 419 421 419 416 415 412 409 403 401 397 396 397 407 415 420 422
03 29 415 420 419 416 414 413 412 412 422 423 422 419 418 414 411 406 403 400 399 400 411 420 425 427
03 30 420 425 423 420 419 418 418 417 427 428 426 424 423 419 416 411 408 404 403 404 415 424 429 430
03 31 423 427 425 423 421 420 420 420 429 431 429 428 428 424 420 415 412 407 407 408 419 427 431 432
04 01 425 430 429 426 425 425 424 424 433 435 433 432 432 428 424 420 417 412 411 412 421 430 433 434
04 02 429 432 431 428 427 427 426 426 435 436 434 433 432 428 424 420 416 411 410 412 421 430 434 435
04 03 429 433 431 429 428 428 427 428 436 437 435 433 433 429 425 421 418 413 412 414 424 434 438 438
04 04 433 436 434 432 431 430 430 430 439 440 437 436 435 430 427 422 419 415 414 416 426 436 440 441
04 05 436 438 437 434 433 433 432 432 441 442 438 438 437 433 429 425 422 418 416 418 428 437 442 442
04 06 439 441 439 436 435 434 433 433 443 443 440 439 438 434 430 426 422 419 417 419 429 439 443 444
04 07 441 443 441 439 438 437 436 436 445 446 442 441 440 436 432 428 424 421 419 422 432 442 447 448
04 08 445 446 444 442 441 440 438 439 448 449 445 444 443 439 434 430 427 423 422 424 434 445 449 450
04 09 449 448 445 443 442 441 439 440 449 450 446 445 444 440 436 432 429 425 424 427 437 447 452 453
04 10 453 451 449 447 446 444 443 444 453 454 449 448 447 442 438 436 432 429 427 429 439 449 453 455
04 11 457 452 450 449 447 446 444 445 455 455 450 449 448 443 438 436 432 429 428 431 441 451 456 458
04 12 461 456 454 453 451 450 448 449 460 459 455 453 452 447 443 441 437 435 433 436 446 456 461 463
04 13 465 461 459 458 456 455 453 454 465 465 461 459 458 453 449 447 443 441 439 442 451 461 466 468
04 14 471 466 464 463 461 459 457 459 470 470 466 465 463 459 455 452 448 445 444 447 456 466 471 473
04 15 476 472 470 469 467 464 462 464 475 475 470 469 467 461 458 455 451 450 448 451 460 471 476 477
04 16 480 475 473 472 470 467 464 467 478 478 472 471 468 463 459 456 453 451 451 454 464 475 480 482
04 17 483 480 477 475 474 470 468 471 482 481 476 475 472 467 463 460 457 455 455 458 468 479 485 486
04 18 487 484 482 480 478 474 472 474 485 485 480 478 475 470 466 463 460 458 458 461 472 482 487 489
04 19 490 487 485 483 481 477 474 477 488 488 483 482 479 473 469 467 464 462 462 465 476 486 491 493
04 20 493 490 488 485 483 479 476 480 491 491 486 484 480 475 471 469 467 464 465 468 479 489 494 496
04 21 496 493 490 487 485 482 479 484 494 494 489 487 483 477 473 471 469 466 467 470 481 491 496 497
04 22 497 494 491 488 486 482 479 485 495 495 490 487 484 478 474 473 470 468 468 471 482 492 497 499
04 23 498 495 492 490 488 484 481 487 497 498 493 490 486 480 477 476 473 471 472 475 486 496 501 503
04 24 503 500 498 495 493 490 487 493 503 503 498 496 493 487 483 482 480 477 479 481 492 502 507 508
04 25 507 505 502 499 497 493 491 497 507 507 503 501 498 492 488 487 485 483 485 488 499 509 513 514
04 26 512 511 508 505 502 499 496 502 512 512 508 506 503 497 494 492 491 488 489 492 504 513 517 517
04 27 514 513 510 507 505 501 498 504 514 514 510 507 504 499 496 495 493 491 492 495 507 517 520 519
04 28 516 516 512 509 506 502 500 507 516 516 512 509 507 502 498 497 496 493 495 498 510 519 522 522
04 29 518 518 515 511 509 505 502 510 519 519 515 512 509 505 502 501 499 497 499 503 514 523 526 526
04 30 522 522 518 514 511 508 506 513 522 523 519 516 514 510 508 506 505 503 504 508 520 528 531 531
05 01 526 527 523 519 516 512 509 517 526 526 522 519 517 514 511 510 508 506 507 511 522 531 534 534
05 02 530 530 526 522 519 516 513 521 530 530 527 525 522 520 518 516 514 512 514 518 529 537 540 539
05 03 536 535 532 528 525 521 519 527 535 536 533 531 528 526 524 522 520 518 520 524 534 542 545 544
05 04 541 540 536 532 528 525 523 531 539 539 536 534 532 530 528 526 524 522 524 527 538 545 547 547
05 05 544 542 539 535 532 529 526 535 542 542 540 538 536 534 532 530 528 526 528 531 542 549 551 550
05 06 547 546 543 540 536 532 530 538 546 547 544 542 541 539 537 535 533 531 533 536 547 554 556 555
05 07 552 551 547 544 540 537 535 543 551 552 549 548 546 545 542 540 538 537 538 541 551 559 560 559
05 08 556 555 551 548 544 540 538 547 554 555 552 551 550 548 545 543 542 541 542 545 555 561 563 562
05 09 558 557 554 550 546 543 540 549 556 558 555 555 553 552 549 547 545 543 544 548 557 564 565 564
05 10 561 560 556 553 549 545 543 552 559 560 558 557 555 554 551 549 547 545 546 550 559 565 566 566
05 11 565 561 558 554 550 547 544 554 561 562 561 560 558 557 554 552 549 549 549 553 561 567 569 569
05 12 569 564 561 557 553 550 548 557 564 566 565 564 561 559 557 554 552 551 552 556 564 570 571 571
05 13 572 566 563 560 556 552 550 559 566 568 567 566 564 562 560 558 555 555 555 558 566 572 574 574
05 14 575 569 566 562 558 555 553 562 568 570 569 568 566 564 561 559 557 556 557 560 569 575 576 575
05 15 577 570 568 565 561 558 555 564 571 572 571 570 567 566 562 560 558 558 559 562 571 577 578 577
05 16 579 573 570 567 563 560 558 567 573 575 574 573 571 568 565 563 562 561 562 566 574 580 581 581
05 17 582 576 573 569 566 563 560 569 576 577 576 575 573 570 567 565 564 563 564 568 576 582 584 583
05 18 585 578 575 572 568 565 563 572 578 580 579 578 576 574 571 569 567 567 567 572 579 586 586 586
05 19 588 581 578 575 572 569 566 575 581 584 583 582 579 577 575 573 572 571 572 576 583 590 591 590
05 20 592 585 582 579 576 572 570 579 585 587 586 586 583 581 578 576 575 574 575 580 586 593 594 593
05 21 594 588 585 582 579 576 573 582 588 590 589 589 586 584 582 580 578 578 578 583 589 596 596 596
05 22 597 591 588 585 582 578 576 585 591 593 592 591 589 587 584 582 581 580 580 585 592 598 599 599
05 23 600 593 590 588 585 581 579 588 594 595 595 594 591 590 587 585 584 583 583 587 594 601 602 601
05 24 602 597 594 591 588 585 582 591 597 598 598 597 594 593 590 588 587 587 587 591 598 605 606 605
05 25 606 601 598 595 592 589 586 595 600 602 601 601 598 596 593 592 591 590 591 595 602 608 609 609
05 26 607 604 601 598 595 593 590 599 605 607 606 606 603 601 598 596 595 595 596 600 607 614 615 615
05 27 612 610 606 603 601 598 595 604 610 612 611 611 609 607 604 602 602 601 602 606 613 618 619 619
05 28 616 615 611 608 605 602 600 609 614 616 616 616 614 612 608 606 606 605 605 610 616 622 623 623
05 29 619 618 615 612 608 605 604 612 618 619 619 620 617 615 612 609 609 608 608 613 618 624 625 625
05 30 622 620 617 614 611 608 606 615 620 622 622 623 620 618 615 613 612 611 611 615 621 626 627 627
05 31 624 622 619 616 613 611 609 617 623 625 625 626 623 621 619 617 615 614 615 618 624 629 630 630
06 01 627 626 623 620 617 614 613 621 627 629 629 629 626 624 622 620 618 617 617 621 627 632 633 633
06 02 630 629 626 623 620 617 616 625 630 632 633 632 629 627 624 622 620 619 619 623 629 634 636 635
06 03 632 631 628 625 622 620 618 628 633 635 635 635 631 629 625 622 621 620 620 624 630 636 637 637
06 04 633 633 630 627 624 622 621 629 635 637 638 637 633 631 627 624 624 623 623 627 633 639 641 641
06 05 637 636 634 630 627 625 624 632 638 640 641 640 636 632 629 626 625 624 625 629 635 641 643 643
06 06 639 639 636 633 629 627 626 635 641 642 642 641 638 634 631 628 627 627 627 632 637 644 645 646
06 07 641 641 639 635 632 630 629 637 643 645 645 644 641 637 634 631 630 630 630 634 640 647 648 648
06 08 644 644 642 638 635 633 632 640 646 648 648 647 643 639 636 633 632 631 632 636 642 649 651 650
06 09 647 646 644 641 638 635 634 642 649 650 651 650 646 642 639 636 634 634 634 639 645 651 653 653
06 10 651 649 646 643 640 637 637 645 650 652 652 651 647 642 640 637 635 634 635 639 645 652 653 653
06 11 651 649 647 644 640 638 637 645 651 652 653 651 647 642 639 636 634 633 634 638 644 652 654 654
06 12 652 650 648 645 641 638 638 646 651 652 653 651 647 642 639 636 634 634 635 639 646 654 656 656
06 13 654 652 649 646 643 640 640 648 653 654 654 653 648 643 640 636 635 635 636 640 647 655 658 658
06 14 657 654 652 649 646 643 643 650 655 657 657 655 650 645 642 639 637 636 637 642 649 657 660 660
06 15 659 656 654 651 648 645 644 652 657 659 659 657 652 646 643 640 639 638 639 644 650 659 661 661
06 16 660 657 655 653 649 646 646 654 658 659 660 658 653 647 644 641 640 640 641 645 651 660 663 663
06 17 661 659 657 654 651 648 647 655 659 660 660 658 654 648 644 642 641 641 642 646 653 661 664 664
06 18 663 661 658 656 653 649 649 656 660 661 661 660 655 649 645 644 642 642 643 647 654 662 665 665
06 19 665 662 659 658 654 651 650 658 662 663 662 661 657 651 647 646 643 643 644 648 655 664 666 666
06 20 666 663 660 659 655 652 651 658 662 663 663 662 657 651 648 646 644 643 645 649 656 665 667 667
06 21 666 664 662 660 657 653 653 660 663 664 664 663 659 653 649 647 646 645 647 651 658 667 669 668
06 22 668 666 663 661 658 655 654 661 664 665 665 664 659 653 649 647 646 646 648 652 659 668 670 670
06 23 670 667 664 662 659 656 655 662 666 666 666 665 660 655 651 649 648 648 650 654 661 669 671 671
06 24 671 668 665 663 660 657 656 663 666 667 667 666 661 656 651 650 648 648 651 654 661 669 671 671
06 25 672 668 666 664 661 658 657 664 667 668 668 667 662 657 652 651 649 649 652 655 663 671 673 673
06 26 674 670 668 665 663 660 659 666 669 670 670 668 664 658 653 652 651 650 653 657 664 672 674 674
06 27 675 671 669 667 664 661 661 667 671 672 672 669 665 660 655 654 653 653 655 658 666 673 674 675
06 28 677 672 670 668 665 663 662 669 673 674 674 672 667 662 658 658 656 656 658 661 668 675 676 676
06 29 679 674 672 670 667 665 664 671 675 675 676 674 669 664 659 658 657 657 659 662 669 676 677 677
06 30 680 675 673 670 668 666 665 671 675 676 676 675 669 665 660 659 658 658 660 663 670 677 678 678
07 01 682 676 674 671 669 667 666 672 676 677 678 676 671 667 661 660 659 659 661 664 671 677 679 679
07 02 683 677 675 672 669 668 667 674 678 679 679 678 673 669 665 662 661 661 663 666 673 679 681 681
07 03 684 678 676 674 671 669 669 675 679 680 681 679 675 671 666 664 663 664 665 669 675 681 683 682
07 04 686 680 678 676 673 671 671 677 682 682 683 682 677 673 668 666 666 666 668 671 677 683 684 684
07 05 688 682 680 677 675 673 672 679 683 684 685 684 680 676 671 668 668 669 670 674 679 684 686 686
07 06 691 684 682 679 677 675 674 680 685 686 687 685 681 677 673 670 669 669 671 674 680 685 687 687
07 07 691 685 682 680 677 676 675 681 685 687 688 686 682 678 673 670 670 670 672 675 680 685 687 688
07 08 691 685 682 680 678 676 676 681 686 687 688 687 683 679 674 671 670 670 672 675 681 686 689 689
07 09 691 686 683 681 679 677 677 682 687 688 690 688 684 680 676 673 672 673 674 678 683 688 690 691
07 10 693 688 685 683 681 679 678 684 689 690 691 690 685 681 677 674 673 674 675 679 684 689 692 692
07 11 694 689 686 684 682 680 679 685 690 691 692 690 686 682 678 675 674 675 676 680 685 690 693 693
07 12 695 690 687 685 683 681 680 685 690 692 692 691 686 682 678 675 674 675 675 680 685 691 694 694
07 13 695 691 688 686 683 681 680 686 691 692 693 691 687 682 677 674 674 674 675 680 685 692 695 694
07 14 695 691 689 687 684 682 681 687 691 693 694 692 687 682 678 675 675 675 676 681 687 693 696 696
07 15 696 693 690 688 686 684 683 688 692 694 695 693 689 684 680 677 676 676 678 683 689 695 697 697
07 16 696 693 691 689 687 685 683 689 693 695 696 694 690 685 681 677 677 677 679 683 689 695 697 697
07 17 697 693 691 689 687 685 684 689 693 695 696 694 690 685 681 677 675 676 678 683 689 695 697 696
07 18 697 693 691 689 687 685 684 689 693 695 696 695 690 685 681 677 676 676 679 684 690 696 697 697
07 19 698 694 691 690 687 685 684 689 693 696 696 695 690 684 681 677 675 676 678 684 690 696 698 697
07 20 698 694 692 690 688 686 684 690 694 697 697 695 690 684 680 677 675 676 678 684 690 697 698 697
07 21 699 694 692 690 688 686 684 690 694 696 697 695 690 685 680 676 675 676 678 683 690 696 697 697
07 22 699 695 693 691 688 686 685 690 695 698 698 697 691 686 681 677 677 677 679 684 691 697 698 698
07 23 699 695 693 691 689 687 686 691 696 698 699 697 692 687 682 678 677 678 679 685 691 697 698 698
07 24 698 695 693 692 689 688 686 691 696 698 699 697 692 687 683 679 678 678 680 685 692 697 698 698
07 25 698 695 693 691 689 687 686 691 695 698 699 697 692 687 683 679 678 679 680 685 692 697 698 698
07 26 698 696 694 692 690 688 686 691 696 698 699 698 693 687 683 678 678 678 680 685 693 698 698 698
07 27 697 696 694 692 689 688 686 691 695 698 699 697 692 687 682 678 678 678 680 685 693 698 698 698
07 28 697 695 694 692 689 687 686 690 695 697 698 696 692 687 683 678 678 678 680 686 693 698 698 698
07 29 696 696 694 692 689 687 686 690 695 697 698 696 692 687 683 678 678 678 680 686 693 697 698 698
07 30 696 696 694 691 689 687 686 690 695 697 697 696 691 686 682 678 677 677 679 685 692 696 697 697
07 31 695 695 693 691 688 686 685 689 694 696 696 695 691 686 681 678 677 677 678 685 692 696 696 696
08 01 693 694 692 690 687 685 684 688 693 695 695 694 690 685 680 677 677 676 678 684 691 695 695 695
08 02 692 693 691 689 686 684 682 687 691 694 694 693 689 685 679 676 675 675 677 683 689 694 694 694
08 03 690 692 690 687 685 683 681 685 690 692 692 691 689 684 679 675 674 674 676 681 688 692 693 693
08 04 688 690 689 686 684 682 680 684 689 691 691 690 687 682 678 675 674 673 675 680 687 691 692 692
08 05 688 690 688 686 683 681 679 684 688 690 691 689 687 682 677 674 673 672 674 680 687 690 691 691
08 06 687 688 687 684 682 680 678 682 687 688 689 687 685 680 675 673 671 671 672 678 685 689 690 690
08 07 686 688 686 683 681 678 676 681 685 687 687 686 684 678 674 672 670 669 671 678 685 689 689 690
08 08 686 687 685 683 680 677 675 680 685 686 687 686 683 678 673 670 668 668 670 677 684 688 689 689
08 09 686 687 685 682 679 677 675 679 685 686 687 686 683 678 672 670 668 667 670 677 685 689 689 689
08 10 686 687 685 682 680 677 675 679 685 686 687 686 683 678 673 671 669 668 670 677 685 689 689 689
08 11 687 687 685 682 680 677 675 679 685 687 687 687 684 679 673 671 669 669 671 678 685 689 689 689
08 12 687 687 685 682 680 677 676 680 685 687 688 687 685 679 674 671 669 669 671 678 685 689 689 690
08 13 687 687 685 682 679 677 676 679 685 687 687 687 684 678 673 671 668 668 671 677 685 689 689 689
08 14 687 687 684 681 679 676 675 679 684 686 687 686 684 678 673 670 667 667 670 676 684 688 688 689
08 15 686 686 683 681 678 676 674 678 683 685 686 686 682 677 671 668 665 665 668 674 683 687 687 688
08 16 686 685 683 680 677 675 673 677 682 684 685 685 682 676 671 667 664 664 667 673 682 686 687 687
08 17 686 684 682 679 677 675 673 676 682 684 685 685 681 675 670 666 664 664 667 673 682 686 687 687
08 18 686 684 682 679 676 674 673 676 682 683 685 684 681 675 669 665 663 663 666 673 682 686 687 687
08 19 685 684 681 678 676 674 672 675 681 683 684 684 681 675 670 665 663 663 667 674 682 686 687 687
08 20 685 684 681 678 676 674 672 675 681 683 684 684 681 675 670 666 663 663 667 674 683 687 688 688
08 21 686 685 681 679 676 674 673 675 682 684 685 685 682 676 671 666 664 664 668 675 684 688 688 689
08 22 686 685 681 679 676 674 673 675 682 684 685 685 682 676 671 667 664 664 668 675 684 687 688 688
08 23 685 684 681 678 676 674 673 675 681 683 684 684 681 676 671 666 664 663 668 674 682 686 687 687
08 24 684 683 679 676 674 672 671 673 680 681 682 682 680 674 669 664 662 662 666 672 681 684 685 685
08 25 682 681 678 675 672 671 669 671 678 679 681 680 678 673 668 663 661 660 664 671 679 683 683 683
08 26 681 680 676 674 671 670 668 670 677 678 679 678 676 671 666 661 658 658 662 668 677 681 681 681
08 27 680 677 674 671 669 668 666 668 675 676 677 676 674 669 664 659 657 656 660 666 675 678 679 679
08 28 678 675 671 669 667 665 663 665 672 673 673 673 670 666 661 656 654 653 657 663 672 675 675 675
08 29 675 672 668 665 663 661 660 662 669 670 670 670 667 663 658 653 651 650 654 660 670 673 674 673
08 30 674 669 666 663 661 659 658 660 666 668 669 668 666 661 656 651 649 648 652 659 668 672 672 671
08 31 672 667 664 662 660 658 656 658 665 667 667 667 664 660 655 650 648 647 650 657 667 670 670 670
09 01 671 666 662 660 658 656 654 656 663 665 665 665 662 658 652 647 645 644 648 655 664 668 668 667
09 02 668 663 660 657 656 653 652 653 660 662 663 662 660 655 650 645 643 642 645 653 662 665 665 665
09 03 666 661 657 655 653 651 649 650 657 660 661 660 657 652 647 642 640 639 643 650 659 662 663 662
09 04 663 658 655 652 650 648 646 647 655 657 658 657 654 650 645 640 638 637 640 647 657 659 660 659
09 05 659 654 651 649 647 644 643 644 651 653 654 653 650 646 641 637 636 634 637 645 654 657 657 656
09 06 657 651 648 646 644 641 640 641 648 651 651 650 648 644 639 634 632 631 635 643 652 655 655 654
09 07 655 649 646 643 641 639 637 638 646 649 649 649 646 642 637 632 630 630 633 641 650 653 652 651
09 08 652 647 643 641 639 636 635 635 643 646 646 645 642 638 633 629 627 626 629 637 647 649 649 648
09 09 649 643 640 637 635 632 631 631 639 642 642 642 639 635 631 626 625 623 626 634 644 646 646 645
09 10 645 640 636 634 631 629 627 627 635 638 639 638 636 632 627 623 622 620 623 631 641 643 643 641
09 11 641 636 633 630 627 625 623 623 631 635 635 634 632 628 624 620 618 616 618 627 637 640 640 638
09 12 637 633 630 627 625 622 620 620 628 632 633 632 630 626 621 618 616 615 617 626 636 638 638 637
09 13 635 631 628 625 623 620 618 617 626 631 632 631 629 624 620 616 615 614 616 625 635 637 637 636
09 14 634 630 627 624 621 619 616 615 624 629 630 629 627 623 618 615 614 613 615 624 633 635 635 633
09 15 631 628 625 622 619 616 613 612 622 626 627 626 624 619 615 612 611 610 613 621 631 632 631 630
09 16 626 625 622 619 615 613 610 609 618 623 623 622 620 616 612 609 608 607 609 618 627 629 628 627
09 17 622 621 618 615 612 609 607 606 615 619 620 619 617 613 609 606 605 604 606 614 624 626 625 623
09 18 617 618 614 611 608 605 603 602 611 616 617 616 614 610 606 603 601 601 602 611 621 622 621 620
09 19 613 614 611 607 604 602 599 598 607 612 613 612 610 606 602 598 597 596 598 607 617 618 617 616
09 20 609 611 607 604 601 598 595 594 604 609 609 608 607 603 599 595 592 593 594 604 613 615 613 612
09 21 605 607 604 600 597 594 591 590 600 605 606 604 602 598 594 590 587 588 589 598 608 609 608 606
09 22 599 601 598 594 591 589 585 584 594 599 600 597 595 592 587 583 581 581 582 592 601 603 602 600
09 23 593 595 591 588 584 582 579 578 588 594 595 592 590 587 583 579 576 577 578 588 598 600 598 596
09 24 589 591 587 583 580 578 575 574 584 590 590 587 585 582 577 573 571 572 574 584 593 595 593 591
09 25 584 585 582 577 574 572 569 568 579 585 585 583 581 578 574 570 567 568 571 581 590 591 590 587
09 26 581 581 578 574 570 568 565 564 575 582 582 580 578 575 570 567 565 565 568 579 588 589 587 584
09 27 579 578 575 570 567 565 562 561 572 579 579 577 575 572 568 564 562 562 565 577 585 586 584 581
09 28 575 574 571 566 563 561 558 557 569 575 575 573 570 568 564 559 557 558 561 572 581 580 579 576
09 29 569 569 565 560 558 556 553 552 564 571 570 568 565 563 558 554 552 553 556 568 575 576 573 571
09 30 564 564 560 555 552 550 547 546 558 565 564 562 560 558 553 549 547 547 551 562 570 570 568 565
10 01 559 558 555 550 547 544 542 541 553 559 559 557 555 553 548 544 542 543 547 559 566 567 564 561
10 02 556 555 551 546 543 541 538 537 549 556 556 553 551 549 544 541 539 540 544 557 564 564 561 558
10 03 553 552 548 543 540 537 534 534 545 553 552 550 547 546 541 538 537 538 542 555 561 561 559 556
10 04 550 549 545 540 537 534 531 530 542 550 549 547 543 542 538 535 534 535 540 552 558 558 556 552
10 05 547 545 541 536 533 530 527 527 538 546 546 544 540 539 535 532 531 532 537 550 556 556 553 549
10 06 545 542 539 534 530 527 525 524 535 544 543 541 538 536 533 530 530 530 536 549 555 554 552 548
10 07 543 541 536 531 528 525 522 521 532 540 541 538 535 533 530 527 526 527 532 546 552 552 549 546
10 08 540 538 534 529 525 521 519 517 528 537 538 535 531 529 525 523 521 522 528 543 549 548 545 542
10 09 536 534 530 525 521 518 515 513 524 533 535 532 528 525 522 520 518 520 526 540 546 545 542 539
10 10 533 531 527 523 519 515 513 511 522 531 532 529 525 522 519 517 515 517 523 538 543 542 540 536
10 11 530 529 524 520 516 513 511 509 519 528 529 525 521 518 515 512 511 512 519 533 538 538 535 531
10 12 525 524 519 515 511 508 506 504 513 522 523 519 515 513 510 508 506 508 515 530 534 534 531 528
10 13 521 520 516 512 508 505 502 500 509 518 519 515 511 509 506 504 502 504 511 526 530 530 527 524
10 14 518 516 511 508 504 501 499 496 506 515 516 512 509 506 504 502 500 502 510 525 528 528 524 521
10 15 516 513 509 505 501 498 496 494 504 513 515 511 507 505 502 500 498 500 507 523 526 526 522 518
10 16 514 510 506 503 498 496 494 492 501 510 512 508 505 502 500 497 496 497 504 520 522 521 518 514
10 17 511 506 502 498 494 492 490 487 497 506 507 504 500 498 496 493 491 492 499 515 518 517 513 510
10 18 508 502 498 494 490 488 486 484 493 503 503 500 496 494 491 488 486 488 495 510 514 512 509 506
10 19 505 498 494 490 486 484 482 480 489 499 500 496 493 490 487 484 481 482 490 506 510 509 505 503
10 20 502 494 490 486 482 480 478 475 484 494 496 492 489 486 483 480 477 479 486 502 505 504 501 498
10 21 497 490 486 482 478 476 474 471 480 490 491 487 484 481 477 475 472 473 481 496 500 499 496 493
10 22 494 485 481 477 473 471 469 467 476 487 488 484 481 479 475 472 470 472 480 495 498 497 494 491
10 23 493 483 479 475 472 469 467 465 474 484 485 483 479 477 474 472 470 471 479 494 497 496 493 490
10 24 492 482 479 475 471 469 467 464 473 485 486 483 480 477 474 472 469 471 479 493 496 496 492 489
10 25 492 481 477 474 470 467 465 463 472 484 486 483 480 478 475 473 470 471 478 492 495 495 490 487
10 26 490 479 475 472 467 465 462 460 469 481 483 481 478 476 472 470 467 469 476 490 493 492 488 484
10 27 489 476 472 468 464 462 460 457 466 478 481 478 475 473 469 467 464 465 472 486 489 487 483 480
10 28 485 472 468 465 461 458 456 453 462 474 477 474 471 469 466 464 460 462 468 482 485 483 479 476
10 29 482 469 465 462 458 455 453 450 458 470 473 470 467 465 460 458 455 456 462 476 479 478 474 471
10 30 476 464 460 456 453 450 448 445 452 464 467 463 460 458 454 453 449 450 456 470 473 472 468 466
10 31 471 459 455 451 448 445 443 440 447 460 463 459 457 454 450 448 444 445 452 466 469 468 465 463
11 01 467 455 452 448 444 441 439 436 443 455 459 456 453 450 446 444 441 442 448 462 465 464 461 458
11 02 462 450 447 443 439 436 435 431 438 451 455 452 449 447 443 441 437 438 445 459 461 461 458 455
11 03 458 447 443 439 435 433 431 428 434 447 451 448 446 443 439 437 434 435 441 454 456 456 452 449
11 04 452 442 438 434 431 429 427 424 430 442 446 443 440 437 433 430 427 428 434 448 450 450 446 444
11 05 446 436 433 429 426 423 422 419 425 437 442 438 436 433 430 427 424 425 430 443 446 445 442 439
11 06 440 432 428 424 421 419 417 414 420 432 437 433 431 429 426 422 419 419 425 438 441 440 436 434
11 07 432 427 423 420 417 415 414 411 416 428 434 430 428 426 422 419 416 417 422 434 437 436 433 430
11 08 426 422 418 414 412 410 409 406 411 423 429 425 423 420 417 413 411 411 416 429 431 430 427 424
11 09 419 417 413 410 407 405 404 401 405 417 422 419 416 414 411 407 405 405 410 422 425 424 421 418
11 10 414 412 408 404 402 401 399 397 401 412 417 414 412 410 407 403 401 401 405 417 420 419 417 414
11 11 410 408 404 401 398 396 395 392 396 408 413 411 409 408 405 401 399 399 403 415 418 417 415 413
11 12 409 406 402 399 396 394 393 391 395 406 412 410 408 408 405 401 399 400 404 415 418 417 416 413
11 13 409 406 402 398 396 394 392 390 394 405 412 409 408 406 404 400 398 398 402 413 417 416 415 411
11 14 409 405 401 398 395 393 391 389 393 404 411 410 408 406 404 400 397 398 402 412 416 415 413 410
11 15 407 404 400 396 393 391 389 387 390 402 409 407 406 404 401 397 395 396 399 409 412 412 410 406
11 16 404 401 397 393 391 389 387 385 388 399 406 405 404 403 401 397 396 396 399 409 412 411 409 406
11 17 404 400 397 393 391 389 387 384 387 398 405 404 402 401 400 395 394 395 398 407 410 409 406 402
11 18 401 397 394 391 388 386 385 383 385 396 403 402 401 400 398 394 393 394 397 407 410 409 406 403
11 19 402 397 394 391 388 386 384 382 384 395 403 402 402 401 400 397 395 397 399 408 411 410 408 404
11 20 404 399 395 392 390 388 386 384 386 397 405 405 404 403 402 399 398 399 402 410 413 413 411 407
11 21 409 402 399 396 393 392 389 387 388 398 406 406 405 404 403 400 399 400 402 410 413 412 410 406
11 22 409 401 398 394 392 390 387 385 386 395 403 403 402 401 401 398 395 396 398 405 408 408 406 402
11 23 407 398 395 392 390 388 386 384 384 394 401 401 400 399 398 396 393 394 395 403 406 405 403 400
11 24 405 395 393 390 387 386 384 381 382 392 398 398 396 394 393 390 388 388 390 398 402 401 399 396
11 25 401 391 389 386 383 382 380 377 377 387 394 394 392 391 390 387 385 386 388 396 400 400 398 395
11 26 399 390 388 385 382 380 378 375 376 385 392 391 390 388 387 384 382 382 384 392 396 396 394 391
11 27 395 387 384 381 378 376 374 371 371 381 388 386 385 382 381 378 375 376 377 385 389 389 387 384
11 28 389 380 377 375 372 370 368 365 365 375 381 380 378 377 377 374 371 371 373 381 385 385 382 380
11 29 386 375 372 369 367 365 363 360 360 370 376 375 373 372 371 368 366 366 368 376 380 380 378 375
11 30 383 371 368 365 363 361 358 357 356 366 372 371 369 367 367 365 363 363 365 373 377 377 375 372
12 01 380 368 365 362 360 358 356 354 353 363 369 368 366 363 363 360 358 358 361 369 373 373 371 369
12 02 377 365 361 359 357 356 353 351 351 360 366 365 364 361 361 359 356 356 358 366 371 371 370 368
12 03 376 364 361 358 356 355 352 350 349 359 365 364 362 359 359 356 354 354 356 363 367 366 365 363
12 04 372 360 357 355 353 351 349 347 346 355 360 360 358 355 355 352 350 350 352 359 363 363 362 360
12 05 368 356 353 351 349 347 344 342 341 349 354 353 351 349 348 346 344 344 346 353 357 357 356 354
12 06 360 350 347 344 343 341 339 337 337 346 351 351 349 347 346 344 342 342 344 351 354 354 353 351
12 07 358 347 344 342 341 339 338 335 335 344 349 349 347 345 344 342 340 340 343 349 352 352 352 349
12 08 356 345 342 340 338 337 335 332 332 340 346 346 345 343 342 340 338 339 341 348 350 350 349 347
12 09 353 342 339 337 335 333 331 329 329 337 343 344 343 341 340 339 337 338 341 347 349 349 348 346
12 10 352 342 339 337 334 333 331 329 328 336 342 343 342 341 340 338 336 337 339 345 347 347 345 343
12 11 349 339 336 334 332 331 329 327 326 334 340 341 340 338 337 335 334 334 336 342 344 344 343 341
12 12 344 336 334 331 330 329 326 324 323 331 338 338 338 337 335 334 333 334 336 342 343 344 342 339
12 13 341 335 332 330 328 327 324 322 322 330 337 337 337 335 333 332 331 332 334 340 341 342 341 338
12 14 338 334 331 329 327 326 324 322 322 330 337 337 337 336 335 334 333 334 336 342 343 344 343 340
12 15 338 335 333 330 328 327 325 323 322 330 337 338 338 337 335 334 334 334 337 342 343 344 343 341
12 16 337 336 333 331 329 328 326 323 323 330 336 337 337 337 335 334 333 334 336 340 341 342 340 338
12 17 334 332 330 328 325 324 322 320 319 326 332 333 333 333 330 330 330 330 332 336 337 338 336 333
12 18 327 327 325 322 319 318 316 313 313 320 325 326 326 326 324 324 324 324 326 331 332 333 331 328
12 19 321 323 320 317 315 314 311 308 308 316 320 321 322 321 320 319 319 319 321 326 327 328 326 323
12 20 316 318 316 314 311 310 308 306 306 314 320 321 322 322 320 320 319 319 322 326 327 328 326 324
12 21 316 318 317 314 312 310 309 306 306 314 319 320 322 321 320 319 319 319 320 325 326 327 325 323
12 22 315 318 316 313 311 310 308 306 305 314 319 320 321 321 320 319 318 318 320 324 325 326 325 322
12 23 314 316 314 311 308 307 305 303 303 311 317 318 318 318 318 317 316 316 318 322 324 324 323 321
12 24 313 316 314 312 310 309 307 305 305 313 319 320 321 321 320 320 319 319 321 325 326 327 326 323
12 25 314 317 315 312 310 309 307 306 306 314 320 321 322 321 321 320 319 320 321 325 325 327 325 323
12 26 315 317 315 313 310 309 308 306 306 315 320 322 323 323 323 323 322 322 323 327 328 328 327 325
12 27 319 318 316 314 312 311 309 308 308 316 321 324 325 325 325 325 323 324 325 328 329 329 328 327
12 28 321 320 318 316 314 312 311 309 309 317 323 326 327 326 326 326 325 325 326 329 330 330 329 327
12 29 321 320 318 317 315 313 312 309 309 316 322 325 325 324 324 324 322 322 323 326 328 328 327 324
12 30 318 319 317 316 314 312 311 309 308 316 322 324 325 324 325 324 323 323 323 327 328 327 326 324
12 31 317 319 317 315 313 312 311 308 308 316 322 325 325 324 325 324 323 322 323 326 328 327 326 324
