01 01 -9999 128 127 126 128 125 126 124 130 151 164 167 172 171 173 172 171 157 149 145 141 138 138 134
01 02 -9999 130 129 128 131 127 129 126 133 153 165 169 173 172 173 172 171 158 150 146 142 139 138 135
01 03 -9999 130 129 129 131 128 130 127 133 154 165 168 172 172 173 172 171 158 150 148 145 141 140 136
01 04 -9999 132 131 131 132 128 131 127 133 155 166 169 173 172 172 172 171 158 150 147 145 141 139 136
01 05 -9999 133 132 132 132 128 131 125 131 153 164 167 170 170 170 171 170 159 150 146 145 140 139 135
01 06 -9999 133 132 133 132 128 130 125 131 152 164 167 170 170 171 171 169 159 151 147 146 141 140 137
01 07 -9999 135 133 133 132 129 130 125 131 152 164 168 170 170 171 172 170 161 151 147 146 141 141 137
01 08 -9999 134 133 133 131 128 129 125 130 151 164 168 170 170 171 172 170 162 151 146 145 142 141 136
01 09 -9999 134 133 133 131 128 129 125 129 151 164 167 169 169 169 170 169 161 151 146 145 141 141 136
01 10 -9999 133 133 133 131 128 129 126 131 152 165 166 168 168 168 168 168 160 150 145 144 141 140 135
01 11 -9999 133 132 131 130 127 128 124 129 150 163 165 166 166 166 167 167 159 150 143 143 140 139 136
01 12 -9999 133 133 132 130 127 128 125 130 150 163 166 166 167 167 167 166 159 150 144 142 139 138 133
01 13 -9999 131 130 130 128 124 126 124 129 150 163 165 166 165 166 166 166 158 151 144 142 139 138 134
01 14 -9999 131 129 130 128 124 126 124 129 150 164 166 166 166 166 167 167 160 152 146 144 141 139 136
01 15 -9999 133 130 131 128 125 127 124 128 149 163 165 164 164 164 165 164 159 151 148 144 141 137 134
01 16 -9999 132 129 130 126 123 125 124 128 149 163 165 164 164 163 165 164 159 151 147 144 141 137 134
01 17 -9999 132 129 130 126 123 125 124 128 148 163 165 164 164 164 166 165 161 153 149 145 143 139 136
01 18 -9999 134 131 130 127 125 126 125 130 149 163 165 165 163 164 166 166 161 153 149 144 142 139 137
01 19 -9999 133 130 129 126 125 124 125 130 148 163 165 164 165 165 167 168 162 154 150 145 143 140 137
01 20 -9999 133 130 129 126 126 126 128 132 151 166 167 168 168 169 170 170 164 157 154 148 147 144 141
01 21 -9999 137 134 132 131 129 130 131 136 156 170 170 172 172 172 172 173 166 159 155 150 149 145 142
01 22 -9999 138 135 133 132 130 131 132 137 157 170 170 172 172 172 172 173 166 160 156 151 151 146 143
01 23 -9999 140 137 135 134 132 133 134 139 159 170 171 172 172 173 172 173 167 162 158 153 151 147 145
01 24 -9999 141 138 136 134 132 133 133 140 159 171 173 173 173 174 173 175 169 164 160 155 153 147 145
01 25 -9999 141 138 137 134 132 133 133 140 160 170 173 173 172 173 173 174 169 163 159 155 152 146 143
01 26 -9999 139 137 136 133 131 132 132 140 159 168 170 170 169 170 170 171 166 159 156 152 149 144 141
01 27 -9999 137 136 134 131 129 130 130 138 158 167 168 168 167 168 168 170 165 157 154 151 149 144 141
01 28 -9999 137 136 134 132 130 130 129 138 158 167 168 168 168 169 168 170 166 157 154 151 148 144 141
01 29 -9999 136 136 133 131 130 129 128 138 158 166 168 168 168 170 168 170 166 157 153 151 149 144 141
01 30 -9999 137 137 135 133 131 130 129 140 160 167 169 170 170 172 170 172 167 159 154 153 149 145 143
01 31 -9999 137 138 135 133 131 129 129 140 160 166 168 168 170 172 170 171 167 159 153 152 149 146 143
02 01 -9999 137 138 135 132 132 129 127 140 159 166 167 167 168 170 167 169 165 156 151 149 146 143 140
02 02 -9999 136 136 134 131 129 127 125 138 157 164 167 167 168 170 167 168 165 155 149 148 145 142 139
02 03 -9999 134 135 133 129 128 125 123 137 155 162 166 165 166 168 164 165 162 153 148 147 143 140 137
02 04 -9999 133 134 132 128 126 123 121 135 153 160 165 163 163 165 162 163 160 151 147 145 141 138 134
02 05 -9999 129 131 129 125 124 120 119 133 151 158 163 161 161 163 161 162 159 151 146 144 140 137 134
02 06 -9999 128 130 128 125 123 120 120 134 152 159 162 161 161 164 162 164 161 152 148 146 142 138 135
02 07 -9999 129 131 129 126 125 122 121 136 153 160 163 162 163 165 164 165 162 153 149 147 143 139 137
02 08 -9999 130 132 129 128 126 122 122 136 154 161 163 163 164 165 165 165 162 153 149 147 144 141 138
02 09 -9999 132 134 131 129 127 123 123 139 156 163 165 165 166 167 167 167 165 157 153 151 147 145 142
02 10 -9999 136 137 134 131 130 127 127 142 159 166 169 169 170 171 170 171 169 162 158 155 152 149 145
02 11 -9999 140 140 137 135 134 130 131 146 163 170 173 172 174 175 174 175 173 167 162 160 156 153 149
02 12 -9999 144 144 142 139 138 134 135 151 167 174 177 176 178 178 178 180 178 172 167 165 161 158 154
02 13 -9999 149 150 147 144 142 140 141 157 171 178 181 179 181 181 182 183 181 177 173 170 165 162 157
02 14 -9999 153 153 150 146 146 144 145 161 175 181 184 181 183 182 183 184 183 179 175 172 168 166 160
02 15 -9999 156 155 154 150 148 147 148 166 179 186 188 185 186 185 186 186 185 182 179 176 172 168 163
02 16 -9999 159 158 156 154 151 151 152 169 183 187 190 188 188 186 188 188 188 185 182 179 175 172 167
02 17 -9999 162 162 159 156 153 154 155 173 186 189 192 190 190 187 188 188 188 186 184 181 177 174 170
02 18 -9999 166 165 162 160 158 158 160 177 190 192 194 193 193 190 192 192 193 190 187 184 181 178 173
02 19 -9999 171 169 167 164 162 162 164 181 194 196 197 196 196 194 194 194 195 193 189 187 183 180 176
02 20 -9999 174 172 169 166 164 164 165 183 195 196 197 196 196 193 194 193 196 193 189 187 184 181 176
02 21 -9999 175 174 171 167 166 165 167 185 196 197 198 197 197 193 194 193 197 195 191 189 186 183 177
02 22 -9999 176 175 172 168 167 167 168 186 197 198 200 197 197 193 193 192 196 194 191 188 186 183 178
02 23 -9999 176 176 173 169 169 168 170 189 199 199 200 198 198 194 193 194 197 194 192 189 187 185 180
02 24 -9999 179 178 176 172 171 171 173 192 201 200 201 199 198 195 194 195 199 196 194 191 189 187 182
02 25 -9999 181 179 179 174 173 173 175 195 203 202 202 201 199 197 195 195 199 197 195 191 189 187 182
02 26 -9999 182 180 179 174 174 174 175 196 204 203 203 201 199 198 196 195 200 198 196 192 191 189 184
02 27 -9999 183 181 179 175 175 175 177 198 204 203 203 202 200 198 196 195 200 198 196 193 191 189 184
02 28 -9999 184 182 180 176 176 176 178 198 204 203 203 203 201 199 196 196 200 199 196 193 192 189 186
03 01 -9999 184 183 181 177 177 176 179 199 205 203 206 205 203 202 198 199 203 201 198 195 194 191 187
03 02 -9999 185 184 182 179 179 178 182 201 207 205 207 207 205 203 200 200 205 203 200 197 195 193 189
03 03 -9999 187 185 184 180 180 180 184 203 209 208 210 208 207 205 203 203 209 206 203 200 198 195 190
03 04 -9999 188 186 185 181 182 181 187 205 212 211 212 210 209 208 205 206 212 210 206 204 203 199 195
03 05 -9999 192 190 189 186 185 185 190 209 215 215 215 214 211 210 207 207 214 213 209 207 205 203 198
03 06 -9999 195 192 191 188 187 187 194 212 217 217 218 216 214 213 209 210 216 216 212 210 208 205 201
03 07 -9999 198 195 193 190 189 190 196 215 220 220 220 218 216 215 212 213 218 219 215 214 211 209 205
03 08 -9999 201 198 196 193 191 191 199 217 222 222 220 219 218 217 214 215 220 221 217 216 214 211 208
03 09 -9999 204 201 198 195 194 194 202 220 225 224 223 222 219 218 216 217 222 224 220 219 217 214 211
03 10 -9999 208 204 201 199 197 198 206 222 227 227 226 224 222 220 218 219 224 227 223 222 221 217 214
03 11 -9999 210 207 203 202 199 200 209 224 230 230 230 228 226 224 222 222 226 230 225 224 223 219 216
03 12 -9999 212 209 205 203 201 202 212 227 233 232 232 230 228 226 224 224 228 232 228 227 226 222 219
03 13 -9999 215 211 208 206 203 204 215 230 235 234 235 232 229 227 226 225 229 233 229 229 227 224 221
03 14 -9999 217 213 210 209 205 206 217 231 237 236 237 232 231 229 227 227 231 234 230 230 228 225 223
03 15 -9999 218 214 211 209 207 207 219 233 239 239 239 234 233 230 229 229 232 237 232 232 230 227 224
03 16 -9999 219 216 212 211 208 209 221 236 241 240 239 235 234 230 229 229 233 237 233 234 232 230 227
03 17 -9999 222 219 216 214 211 211 224 237 243 241 241 236 236 233 230 231 234 239 235 235 233 232 229
03 18 -9999 224 220 217 216 212 212 226 239 244 242 241 236 236 232 229 230 233 239 235 236 234 233 231
03 19 -9999 226 222 220 218 215 214 229 241 246 243 242 238 238 234 231 231 234 239 237 237 235 234 233
03 20 -9999 227 224 222 220 217 216 232 244 248 245 245 240 239 236 232 233 236 240 238 238 237 235 234
03 21 -9999 227 225 224 221 219 218 233 244 249 245 245 240 240 236 233 234 238 242 239 240 238 237 236
03 22 -9999 230 228 226 223 221 220 236 246 249 247 247 242 241 237 233 234 237 242 239 239 238 237 235
03 23 -9999 230 227 226 223 221 220 237 247 250 247 248 243 243 238 235 235 239 243 240 241 239 237 236
03 24 -9999 230 227 227 224 223 221 239 248 251 249 249 245 244 240 236 236 239 242 240 241 239 237 236
03 25 -9999 230 227 226 223 222 221 239 249 251 247 247 243 243 238 235 235 238 241 240 240 239 237 236
03 26 -9999 231 229 228 224 223 222 241 250 251 248 247 243 243 239 236 235 239 243 242 243 241 239 238
03 27 -9999 233 230 229 225 224 224 243 252 253 250 248 243 243 238 234 235 239 243 242 243 242 239 239
03 28 -9999 235 231 230 227 226 226 245 253 254 252 250 246 245 241 236 237 242 246 245 246 244 242 242
03 29 -9999 238 233 232 228 228 228 248 256 256 254 252 248 246 242 238 238 243 247 246 248 245 244 243
03 30 -9999 238 234 234 230 229 230 249 257 257 255 252 248 246 242 238 239 243 248 248 249 247 245 245
03 31 239 240 236 235 231 231 231 251 257 259 256 253 249 248 244 240 241 245 250 250 251 250 247 247
04 01 242 242 238 237 233 232 233 253 259 259 257 254 250 248 245 242 242 246 252 253 254 253 249 249
04 02 244 245 241 239 234 234 236 255 260 261 259 257 253 251 248 245 244 248 255 256 257 256 252 251
04 03 246 247 243 241 236 235 238 256 261 261 258 257 253 251 248 245 244 249 256 256 258 256 252 250
04 04 245 247 242 240 235 235 237 256 261 261 259 258 254 253 249 247 246 250 259 259 261 260 256 254
04 05 248 250 246 243 239 238 241 260 265 265 263 261 257 255 253 251 249 253 261 263 264 264 259 258
04 06 250 253 248 246 242 241 244 263 268 269 266 264 260 258 255 253 252 255 264 265 266 266 262 260
04 07 253 255 251 249 245 244 247 266 270 272 268 266 262 260 257 255 254 258 267 270 269 270 266 264
04 08 256 259 256 253 248 246 249 268 272 274 270 268 264 263 260 258 256 261 271 273 273 274 270 268
04 09 260 264 259 257 252 251 254 272 276 277 274 273 269 267 265 262 260 266 275 277 277 277 274 272
04 10 263 267 263 260 256 255 259 276 279 281 277 276 272 270 269 264 263 268 278 279 280 280 277 275
04 11 265 270 266 263 259 257 261 279 282 284 280 279 275 275 273 268 268 273 283 284 284 285 282 280
04 12 269 275 271 269 264 262 266 283 286 287 282 281 278 277 275 271 270 276 284 287 287 288 285 282
04 13 272 278 275 272 269 266 271 288 290 290 286 285 281 280 278 274 273 280 289 292 292 293 291 288
04 14 277 284 281 278 274 272 277 293 294 294 289 288 285 283 282 277 276 283 291 294 295 296 294 290
04 15 278 287 284 281 277 274 281 297 299 298 292 292 288 286 285 280 279 287 293 297 298 299 297 293
04 16 279 290 286 284 280 279 286 301 304 303 297 296 292 290 289 284 283 292 298 301 302 302 301 298
04 17 284 294 291 289 285 283 291 306 309 307 301 300 297 294 294 289 288 296 302 305 304 306 305 301
04 18 288 298 294 292 288 287 295 310 313 312 306 305 301 298 298 293 294 302 306 309 309 309 309 306
04 19 293 301 298 296 292 289 298 313 317 315 309 307 303 299 299 295 295 304 307 311 311 312 311 307
04 20 295 304 300 297 293 291 301 315 318 316 310 309 305 301 301 297 297 305 308 312 313 314 313 309
04 21 299 306 302 300 296 294 305 319 322 319 314 312 307 304 304 301 302 310 313 316 318 318 318 314
04 22 304 311 307 305 301 299 309 323 327 323 319 317 312 309 308 305 305 313 316 320 322 322 322 317
04 23 308 314 310 308 305 303 313 328 331 327 322 320 315 312 312 309 309 317 321 324 326 325 325 320
04 24 312 316 312 311 307 305 316 331 334 330 325 324 319 316 315 313 314 320 323 327 328 328 327 323
04 25 316 318 315 313 310 308 319 333 337 333 328 326 322 319 318 317 317 324 327 331 332 331 330 326
04 26 320 321 318 317 314 312 323 336 340 336 331 329 326 322 321 320 321 326 329 334 335 334 333 329
04 27 323 324 321 319 316 313 326 339 343 340 335 334 329 326 326 323 324 329 333 338 339 338 336 332
04 28 328 327 324 322 319 317 329 342 346 343 337 337 332 329 328 326 327 332 335 340 340 340 337 333
04 29 330 329 326 323 321 319 332 345 349 346 341 340 335 332 331 329 329 335 339 344 343 342 340 337
04 30 -9999 333 330 327 324 323 335 348 351 349 344 343 339 336 334 333 334 339 343 348 347 347 344 341
05 01 -9999 337 334 331 328 326 338 349 353 351 346 346 342 339 336 336 337 342 345 351 349 349 345 343
05 02 -9999 338 335 332 330 328 340 351 355 352 347 347 342 340 338 337 337 344 347 353 351 351 348 346
05 03 -9999 341 338 335 333 331 344 354 358 356 351 351 346 345 343 341 342 348 352 358 356 356 354 351
05 04 -9999 347 344 340 338 337 349 358 363 361 356 356 350 349 347 346 347 353 357 363 360 360 358 356
05 05 -9999 353 349 345 343 341 354 363 367 365 361 360 355 354 351 350 351 358 361 368 365 364 362 359
05 06 358 355 352 348 347 344 357 366 369 368 363 364 358 357 355 352 353 359 362 370 367 366 364 362
05 07 -9999 358 355 351 348 346 360 369 371 369 364 366 361 359 358 356 357 362 366 375 371 370 368 366
05 08 -9999 362 359 355 352 351 365 373 376 374 370 372 366 364 363 361 362 366 370 380 376 375 373 371
05 09 -9999 368 365 361 358 357 371 379 382 379 376 377 371 369 368 366 367 372 377 386 382 381 379 377
05 10 -9999 373 370 366 363 361 377 385 387 384 381 381 375 373 371 369 370 376 381 390 386 385 383 381
05 11 -9999 377 373 369 366 365 381 389 392 389 386 387 379 376 375 373 374 380 385 395 391 390 387 385
05 12 -9999 381 378 373 371 370 385 394 396 393 391 390 384 381 379 378 378 386 390 399 395 394 392 390
05 13 -9999 387 383 378 375 375 390 398 400 398 397 395 390 387 384 383 384 390 394 404 401 399 398 395
05 14 394 392 388 384 381 380 396 405 405 403 402 401 395 393 390 389 389 395 399 409 406 405 404 401
05 15 399 397 394 390 386 385 401 410 410 407 406 405 399 397 394 392 392 399 403 412 410 409 407 405
05 16 401 401 398 394 390 390 406 415 415 412 411 409 403 401 397 396 396 403 407 417 414 413 411 410
05 17 405 406 403 399 396 395 411 420 420 417 416 414 409 407 402 401 401 407 411 422 419 418 414 413
05 18 409 409 405 401 398 398 415 423 422 420 418 416 412 408 405 403 402 408 413 424 421 421 416 416
05 19 411 411 407 404 401 401 418 427 426 423 421 419 416 413 409 407 405 411 416 426 424 424 420 420
05 20 -9999 415 412 409 406 406 423 432 432 429 428 424 421 418 414 411 409 415 420 429 428 428 425 425
05 21 -9999 420 416 414 410 410 427 437 436 434 433 430 427 424 419 416 415 422 426 436 435 434 430 430
05 22 -9999 425 421 418 416 416 433 442 442 440 438 435 432 428 423 420 419 427 429 439 438 438 434 434
05 23 -9999 428 424 422 419 420 436 445 445 443 440 437 433 430 425 422 422 430 432 442 440 440 436 436
05 24 429 430 426 424 420 421 438 446 446 445 441 439 435 432 427 424 424 432 433 444 443 442 438 439
05 25 -9999 433 430 427 423 424 440 449 449 448 445 442 439 437 431 428 427 436 437 448 446 446 442 443
05 26 -9999 436 433 430 426 427 443 452 451 450 447 444 442 440 434 432 431 439 439 450 449 449 445 446
05 27 -9999 440 436 433 429 431 447 455 453 452 449 447 444 442 437 434 434 441 442 454 453 451 447 449
05 28 -9999 442 439 436 432 433 449 457 457 455 452 450 446 445 440 436 436 445 445 456 455 453 450 451
05 29 -9999 445 441 439 433 436 452 459 459 457 455 453 450 448 443 440 439 448 448 458 457 456 451 452
05 30 -9999 446 442 439 435 438 454 461 462 460 457 456 451 449 444 441 440 449 450 460 460 458 454 454
05 31 -9999 449 444 441 436 440 455 462 463 461 459 458 454 452 447 443 443 451 452 463 462 460 457 456
06 01 -9999 451 447 443 438 442 457 465 465 464 461 460 455 453 449 444 445 453 454 466 464 462 460 460
06 02 -9999 454 451 448 443 447 461 469 469 468 465 464 459 457 452 447 448 456 458 469 468 466 464 464
06 03 -9999 458 454 451 446 450 464 472 472 471 468 467 461 459 454 450 451 458 461 472 472 470 467 466
06 04 -9999 460 456 453 448 452 467 474 474 472 469 469 463 460 456 452 453 461 462 474 474 472 469 468
06 05 -9999 462 459 456 450 455 470 476 477 474 471 471 465 462 458 454 455 463 464 476 475 473 471 470
06 06 -9999 464 461 458 452 457 472 477 478 476 472 472 466 463 459 456 457 463 466 477 477 474 472 471
06 07 -9999 465 462 459 453 458 473 479 479 477 474 474 468 465 461 457 458 464 467 479 479 477 474 473
06 08 -9999 467 464 461 455 460 476 482 481 480 476 476 470 467 463 458 459 465 469 480 480 478 475 474
06 09 -9999 468 465 462 457 462 478 483 484 483 479 479 472 469 464 460 460 467 471 482 482 481 477 476
06 10 -9999 471 468 465 461 465 480 485 486 485 481 481 474 469 465 460 460 468 472 483 482 481 478 476
06 11 -9999 471 469 466 461 465 481 487 487 486 482 483 475 470 466 460 460 468 473 483 483 482 479 476
06 12 -9999 471 469 466 462 467 482 488 488 487 483 484 477 472 468 463 462 470 474 485 485 483 480 479
06 13 -9999 474 471 469 465 469 484 490 492 491 486 487 480 474 471 465 465 472 476 487 487 485 483 481
06 14 -9999 476 473 471 467 472 488 493 494 493 488 489 482 477 473 468 468 474 479 490 490 488 485 483
06 15 -9999 478 476 474 470 475 490 496 496 495 491 492 483 479 475 471 471 477 481 492 493 491 488 486
06 16 -9999 480 478 477 473 477 492 498 498 498 494 496 486 481 478 474 473 480 484 495 496 495 491 489
06 17 -9999 484 482 479 475 479 495 501 501 501 497 498 488 483 479 476 475 482 486 497 497 496 492 490
06 18 -9999 485 483 481 476 480 497 502 502 503 498 499 489 484 480 476 475 484 487 498 498 497 493 491
06 19 -9999 487 485 482 478 482 498 502 503 505 500 501 492 486 482 478 477 485 489 500 499 498 495 492
06 20 -9999 489 486 483 479 482 498 503 503 505 500 502 492 485 480 477 476 485 489 499 499 499 495 493
06 21 -9999 490 488 485 481 484 500 505 505 507 503 505 494 487 482 477 477 487 490 501 501 501 498 496
06 22 -9999 493 490 488 485 489 505 508 508 510 505 507 496 488 484 480 479 489 492 502 503 503 500 498
06 23 -9999 496 493 491 488 492 507 511 511 512 507 509 498 490 486 482 482 491 493 504 505 505 503 501
06 24 -9999 500 497 495 492 496 511 515 513 513 509 511 500 491 487 484 484 492 496 507 508 508 506 504
06 25 -9999 503 500 498 495 499 514 518 516 516 511 512 501 494 489 486 486 494 496 508 509 510 508 506
06 26 -9999 505 503 500 498 502 517 521 518 518 512 513 503 495 489 487 487 495 497 509 511 512 510 508
06 27 -9999 507 506 502 500 502 518 523 519 519 512 513 502 495 489 486 486 494 495 508 511 513 510 509
06 28 -9999 508 506 503 500 502 519 522 518 517 510 511 498 491 487 482 483 493 494 507 510 512 510 509
06 29 -9999 508 507 504 501 503 519 523 519 518 511 512 500 491 488 483 484 494 495 508 511 514 511 511
06 30 -9999 510 509 505 503 505 521 525 521 519 513 514 502 492 489 483 484 494 495 509 512 514 513 512
07 01 -9999 512 510 507 505 506 522 526 522 520 514 515 504 495 491 485 485 494 495 509 513 515 513 512
07 02 -9999 513 511 508 506 506 522 527 523 520 514 516 505 497 493 487 487 497 497 510 514 516 516 514
07 03 -9999 515 513 511 509 509 525 529 525 523 516 517 507 498 494 489 489 497 498 511 517 518 518 517
07 04 -9999 517 515 513 511 511 527 532 528 524 517 518 507 498 495 490 490 499 500 513 519 520 520 519
07 05 -9999 519 518 516 514 514 530 534 529 526 519 519 509 501 497 493 492 501 502 516 521 522 522 520
07 06 -9999 520 519 517 515 515 531 535 530 526 519 520 509 501 497 492 492 500 501 516 522 523 523 521
07 07 -9999 520 520 517 514 514 530 534 530 526 519 520 509 501 497 492 492 501 501 516 522 523 523 521
07 08 -9999 522 521 518 516 516 532 536 531 527 520 522 509 502 498 492 491 501 501 516 522 524 525 522
07 09 -9999 522 521 518 515 516 531 535 531 528 521 522 509 503 498 491 490 499 500 515 522 523 524 522
07 10 -9999 523 521 519 515 516 531 535 531 528 521 523 510 502 499 492 491 499 502 517 524 525 525 524
07 11 -9999 525 523 520 517 517 532 536 533 529 522 522 511 503 500 493 491 500 503 518 525 526 527 525
07 12 -9999 527 524 523 519 520 534 537 534 531 524 524 512 505 501 494 493 500 504 519 525 527 528 526
07 13 -9999 527 526 524 520 521 535 539 536 532 526 525 515 506 501 496 493 500 505 520 527 528 530 528
07 14 -9999 529 528 526 522 523 536 540 537 534 527 526 515 508 501 497 494 500 505 520 528 530 531 530
07 15 -9999 531 529 528 524 524 538 543 540 536 529 527 517 509 502 498 495 501 507 521 529 531 532 531
07 16 -9999 532 531 530 526 526 540 545 542 538 530 527 516 509 501 497 496 502 508 522 530 533 534 533
07 17 -9999 533 532 531 527 528 542 546 542 539 530 527 516 509 501 497 496 502 508 523 531 533 534 533
07 18 -9999 533 532 531 527 528 542 547 543 539 530 527 516 510 502 498 498 504 511 525 532 535 535 534
07 19 -9999 535 534 532 528 529 543 547 543 540 532 529 518 512 504 500 499 505 512 526 533 535 535 534
07 20 -9999 534 533 532 528 529 542 547 545 541 533 530 519 513 505 501 501 506 512 526 534 536 536 535
07 21 -9999 535 534 533 530 530 544 549 547 544 535 532 521 516 508 504 504 509 516 529 537 539 539 538
07 22 -9999 538 537 536 533 533 547 553 550 547 539 534 524 518 510 506 506 511 518 531 539 542 542 541
07 23 -9999 539 538 536 533 533 547 552 550 547 538 533 523 517 509 506 507 512 518 531 539 541 540 540
07 24 -9999 538 537 536 533 533 547 551 550 547 539 534 524 518 511 508 509 514 520 532 540 542 541 541
07 25 -9999 539 539 537 534 535 547 552 551 548 540 535 525 520 513 510 510 515 521 534 541 543 542 542
07 26 -9999 540 539 538 535 536 548 552 552 549 541 537 527 522 515 512 512 517 523 535 543 546 544 544
07 27 -9999 541 540 539 536 536 548 553 552 550 542 538 528 523 517 514 514 520 526 537 544 547 546 545
07 28 -9999 543 541 539 536 537 549 553 553 551 543 539 530 525 519 515 515 522 527 538 546 549 547 546
07 29 -9999 544 541 539 537 537 549 554 554 551 543 540 531 525 520 516 517 523 529 539 547 549 547 547
07 30 -9999 544 541 538 537 537 549 553 554 551 544 541 531 526 521 517 518 525 531 541 548 551 549 548
07 31 -9999 546 542 539 537 537 549 553 554 551 544 542 531 527 522 518 518 525 532 542 548 550 548 547
08 01 -9999 545 541 538 536 536 548 552 554 551 544 542 530 525 521 516 517 525 530 541 547 549 548 547
08 02 -9999 544 541 538 536 535 547 551 553 550 543 542 530 524 520 515 515 523 529 540 545 547 546 545
08 03 -9999 543 540 536 535 534 546 550 552 549 543 541 530 523 519 514 514 523 528 540 545 548 547 546
08 04 -9999 544 541 538 537 536 547 552 553 550 544 541 531 524 519 514 514 523 528 540 545 547 546 547
08 05 -9999 544 541 538 536 536 546 551 552 549 543 541 529 523 519 513 513 522 527 539 544 546 545 545
08 06 -9999 542 539 537 534 533 543 548 550 547 541 539 528 522 517 512 512 521 526 538 543 543 543 543
08 07 -9999 541 538 535 533 532 541 547 548 545 539 538 528 521 517 512 512 521 526 538 542 544 544 543
08 08 -9999 541 538 535 533 532 541 547 548 546 539 537 528 520 516 511 511 520 525 536 541 543 543 542
08 09 -9999 540 536 533 532 530 540 546 547 544 538 536 527 518 513 508 509 518 523 534 540 542 542 541
08 10 -9999 539 536 533 531 529 538 545 546 543 538 535 526 516 512 508 508 519 522 534 539 540 541 540
08 11 -9999 538 535 532 531 528 537 544 546 543 537 535 524 515 510 506 507 517 521 532 538 539 539 538
08 12 -9999 536 533 530 529 526 536 543 544 541 537 533 523 514 509 506 507 516 519 531 536 537 536 536
08 13 -9999 534 532 529 527 525 534 542 542 539 535 531 521 512 507 504 506 515 517 529 533 535 535 534
08 14 -9999 532 530 528 526 524 532 540 540 537 532 528 518 510 504 502 503 512 514 526 530 531 531 530
08 15 -9999 529 528 525 524 522 530 538 538 535 530 526 516 508 502 500 502 510 512 524 528 529 529 529
08 16 -9999 528 526 524 522 520 528 536 536 533 528 524 516 507 502 500 501 509 511 523 526 528 527 527
08 17 -9999 526 524 522 520 518 526 534 535 532 527 523 515 506 500 500 500 509 510 521 525 527 527 526
08 18 -9999 525 524 522 520 518 525 534 535 532 526 522 514 505 499 498 498 507 509 519 524 526 525 525
08 19 -9999 524 522 520 518 516 522 531 533 529 524 520 512 504 497 496 496 505 508 518 522 525 524 523
08 20 -9999 522 520 517 516 513 520 530 531 528 521 517 510 501 494 493 493 502 506 516 520 523 521 521
08 21 -9999 520 518 515 514 511 518 527 529 526 519 515 507 499 493 492 491 500 506 514 519 522 520 520
08 22 -9999 518 516 514 512 509 516 526 527 525 518 513 504 497 490 489 488 499 505 512 516 520 518 517
08 23 -9999 515 513 511 509 506 513 522 523 520 513 510 501 493 487 486 485 495 503 511 512 516 514 515
08 24 -9999 513 511 509 506 503 509 519 521 517 511 507 498 492 485 485 484 495 502 509 511 514 513 513
08 25 -9999 511 509 507 504 502 508 518 519 515 508 505 497 490 484 483 482 492 499 506 508 511 510 510
08 26 -9999 507 506 503 500 498 504 515 516 512 504 500 493 486 480 479 477 487 495 502 503 506 506 506
08 27 -9999 503 501 499 495 493 499 510 512 508 500 498 489 482 477 475 473 483 490 498 500 502 503 503
08 28 -9999 498 497 494 491 489 495 506 509 505 497 494 486 478 472 471 469 479 486 493 496 498 499 500
08 29 -9999 496 495 492 489 486 492 504 506 502 494 491 483 475 469 467 465 475 483 490 493 495 497 497
08 30 -9999 494 492 489 486 483 488 502 503 499 492 489 481 473 467 465 463 473 481 488 491 493 495 496
08 31 -9999 491 489 486 482 481 485 498 500 496 488 486 477 470 464 462 461 470 477 484 487 489 490 491
09 01 -9999 487 484 481 477 477 480 494 496 492 484 483 473 467 461 458 457 466 475 482 484 485 487 487
09 02 -9999 484 480 477 474 473 476 490 492 488 480 478 468 462 456 453 453 462 470 477 479 481 483 482
09 03 -9999 479 476 473 469 468 471 485 487 483 475 473 463 457 453 450 449 459 466 474 476 477 479 478
09 04 -9999 475 472 469 464 464 467 480 483 477 470 468 459 453 449 446 445 454 461 468 470 471 473 473
09 05 -9999 470 467 464 460 460 462 476 479 472 466 464 454 447 443 440 440 449 456 463 464 466 468 467
09 06 -9999 466 463 460 456 457 458 471 474 468 462 460 451 445 441 438 438 445 453 460 461 462 464 463
09 07 -9999 463 460 456 453 453 454 468 471 466 460 457 449 443 439 437 437 443 450 457 459 460 462 460
09 08 -9999 460 457 453 449 450 451 464 467 462 456 454 446 440 435 432 432 438 446 452 454 455 456 454
09 09 -9999 454 450 446 443 444 444 458 462 456 450 448 441 435 430 427 426 432 441 446 449 449 451 449
09 10 -9999 449 445 442 438 439 439 454 458 452 447 444 438 432 426 423 422 430 438 442 445 446 447 445
09 11 -9999 446 442 438 435 435 435 450 454 448 443 441 435 429 424 420 419 427 435 439 441 443 443 442
09 12 -9999 442 438 434 432 431 430 446 450 446 439 438 433 426 421 417 415 424 433 436 438 438 438 436
09 13 -9999 436 431 428 426 425 424 440 444 440 434 432 428 420 416 412 411 419 427 431 432 432 432 431
09 14 -9999 430 426 423 420 419 418 434 439 436 429 428 424 416 412 408 406 414 422 425 426 427 427 425
09 15 -9999 425 421 418 416 415 413 430 435 432 425 424 419 411 407 403 402 410 419 421 422 423 423 422
09 16 -9999 422 418 415 413 411 410 426 430 428 421 419 415 407 404 401 399 405 415 417 417 418 417 416
09 17 -9999 416 412 410 408 406 405 421 425 423 417 416 412 404 400 398 396 402 412 412 413 413 411 411
09 18 -9999 410 406 404 402 400 399 416 421 420 414 412 407 399 395 392 390 397 406 406 406 406 404 404
09 19 -9999 403 400 398 396 394 393 411 416 415 409 408 403 394 390 388 386 392 402 402 401 401 400 400
09 20 -9999 398 396 393 391 389 389 406 411 411 406 406 400 393 389 386 383 390 399 399 398 398 396 396
09 21 -9999 393 390 387 386 384 384 401 407 406 402 401 395 388 384 381 378 385 394 393 392 392 391 390
09 22 -9999 388 385 382 380 378 378 397 402 401 397 397 391 384 380 377 373 381 389 389 387 388 386 385
09 23 -9999 383 380 377 377 374 374 392 398 398 394 394 388 380 376 373 369 379 385 384 383 383 381 381
09 24 -9999 378 376 373 372 369 368 386 393 394 390 388 383 376 372 368 366 376 381 380 378 378 378 377
09 25 -9999 373 372 369 369 365 364 380 388 389 385 384 378 371 367 365 362 371 377 375 374 373 373 372
09 26 -9999 369 367 365 364 361 360 376 383 385 381 380 374 368 363 361 359 367 372 370 369 369 369 368
09 27 -9999 365 363 361 360 357 356 372 379 380 377 376 371 366 361 358 357 366 369 367 367 367 367 366
09 28 -9999 363 361 359 357 355 354 370 377 378 375 374 369 365 360 357 356 364 367 365 364 364 363 362
09 29 -9999 360 358 355 354 352 350 366 373 375 372 371 365 362 356 354 352 360 364 362 361 361 360 359
09 30 -9999 356 354 351 350 347 346 362 370 371 369 367 362 358 354 351 349 358 361 359 359 357 356 355
10 01 -9999 352 350 346 346 343 342 357 367 368 366 363 359 355 350 347 346 356 357 356 355 354 353 352
10 02 -9999 348 346 343 342 340 337 353 363 364 362 359 354 351 346 343 343 352 353 352 352 351 350 350
10 03 -9999 347 345 341 340 338 336 350 360 362 360 357 352 349 345 342 342 351 352 351 351 350 349 349
10 04 -9999 346 344 339 339 337 334 348 358 361 359 355 352 347 344 341 341 350 350 349 349 348 346 346
10 05 -9999 343 341 336 336 335 331 345 355 357 355 351 348 343 340 337 338 346 347 346 345 344 343 342
10 06 -9999 340 337 333 332 331 328 341 351 354 352 348 346 341 338 335 336 343 343 342 342 341 339 339
10 07 -9999 336 335 330 329 327 324 336 347 350 347 343 341 336 333 331 333 341 340 338 338 337 335 334
10 08 -9999 332 330 327 326 324 321 333 344 347 344 340 339 334 332 329 331 339 337 337 335 335 333 332
10 09 -9999 330 328 324 323 321 319 331 342 346 343 339 337 332 330 328 328 337 335 334 333 332 329 327
10 10 -9999 325 323 320 319 318 315 328 339 343 340 336 333 330 327 326 326 335 332 332 330 329 326 324
10 11 -9999 321 319 316 316 315 311 324 336 340 337 332 331 327 323 322 323 332 329 328 326 325 322 320
10 12 -9999 317 315 312 311 310 306 319 332 336 332 328 326 323 320 318 318 328 325 323 320 320 317 314
10 13 -9999 311 309 306 306 305 301 313 327 332 329 324 322 318 316 315 315 325 321 320 317 317 314 311
10 14 -9999 307 305 302 302 302 297 309 324 330 326 321 320 316 314 312 313 322 318 317 314 314 312 308
10 15 -9999 305 302 300 299 300 295 306 321 327 323 319 315 313 310 308 309 319 313 312 309 309 308 304
10 16 -9999 301 298 297 296 297 291 302 318 323 321 317 314 311 308 306 307 316 311 309 306 306 305 301
10 17 -9999 298 296 294 293 294 288 299 315 321 318 316 311 309 306 303 304 313 307 305 302 302 301 297
10 18 -9999 294 292 290 289 289 284 294 310 318 314 311 307 305 302 299 300 310 303 301 298 298 297 293
10 19 -9999 290 288 286 284 285 279 289 306 314 311 309 304 303 300 297 298 307 300 298 294 294 293 289
10 20 -9999 287 285 283 281 282 277 287 304 312 309 307 302 301 298 295 296 305 299 296 293 293 292 287
10 21 -9999 285 283 281 279 281 276 285 303 311 308 307 300 298 295 293 295 303 297 295 291 290 289 284
10 22 -9999 282 279 278 276 278 273 282 301 308 306 304 296 294 292 289 291 299 294 291 287 286 285 280
10 23 -9999 277 274 273 270 272 267 276 295 303 301 299 292 290 288 285 287 295 290 287 283 282 282 276
10 24 -9999 273 271 269 266 269 264 272 291 299 296 294 288 287 284 281 285 291 287 284 281 279 279 273
10 25 -9999 270 268 266 262 265 261 268 287 294 292 291 285 283 282 279 282 287 283 280 278 276 274 269
10 26 -9999 267 265 263 259 261 258 263 283 289 288 286 280 279 278 276 279 283 279 276 275 272 271 266
10 27 -9999 265 263 260 256 258 254 260 279 286 284 283 277 273 273 271 276 278 274 271 270 267 265 261
10 28 -9999 261 259 255 252 253 251 256 276 282 280 280 274 271 270 269 272 275 270 267 266 263 261 258
10 29 -9999 257 255 252 249 250 248 252 273 277 276 277 270 267 266 265 269 271 266 263 261 258 256 253
10 30 -9999 252 251 248 244 246 244 248 268 273 273 273 267 264 264 262 266 267 263 260 258 256 253 250
10 31 -9999 249 247 245 242 243 241 245 265 271 269 269 263 261 261 259 264 264 260 258 256 254 250 247
11 01 -9999 244 242 240 238 239 238 242 261 267 265 265 260 258 259 257 262 262 257 256 254 252 247 245
11 02 -9999 241 239 237 235 236 235 239 259 264 263 263 257 256 256 255 260 259 255 253 251 249 244 241
11 03 -9999 237 235 233 232 233 231 235 255 260 260 259 254 253 253 252 257 255 252 249 248 246 242 239
11 04 -9999 234 231 230 229 230 229 233 252 258 258 257 253 251 251 251 256 254 249 247 245 243 239 237
11 05 -9999 231 229 227 226 227 226 229 248 255 255 253 250 249 249 249 253 250 244 243 241 239 235 233
11 06 -9999 227 226 223 223 223 223 225 244 252 253 252 250 249 249 248 253 249 243 241 240 239 234 232
11 07 -9999 225 224 221 221 221 221 222 242 251 252 251 248 246 248 247 252 247 241 239 238 236 231 229
11 08 -9999 222 221 218 217 218 217 219 238 248 250 250 246 244 246 245 249 244 238 235 234 232 226 225
11 09 -9999 218 216 213 214 215 213 215 235 245 247 247 244 242 244 243 248 243 236 234 231 230 225 223
11 10 -9999 216 214 211 212 212 211 215 233 245 247 247 244 242 244 243 248 243 235 234 230 229 224 221
11 11 215 214 212 211 211 212 211 214 233 244 246 247 244 242 244 243 248 242 235 233 231 230 225 222
11 12 -9999 214 212 211 211 211 210 213 230 242 244 244 242 240 242 241 246 239 233 230 227 226 221 218
11 13 -9999 211 209 208 208 207 207 209 227 240 242 241 239 238 240 239 244 237 232 229 226 225 220 216
11 14 -9999 209 207 205 205 205 205 207 224 237 240 239 237 235 237 238 242 235 229 226 224 222 217 213
11 15 -9999 207 205 202 202 201 202 204 221 234 237 236 234 232 234 234 239 230 225 221 219 217 214 210
11 16 -9999 204 201 199 198 197 198 199 217 230 234 233 230 228 230 229 234 224 219 216 213 211 208 204
11 17 -9999 199 196 194 193 192 193 193 212 225 229 227 226 224 226 225 230 220 214 211 209 206 203 200
11 18 -9999 196 194 192 191 190 192 191 209 223 226 224 223 222 223 222 227 217 211 208 206 204 200 197
11 19 -9999 192 191 190 188 186 188 187 205 219 223 221 220 219 220 219 223 213 207 204 202 200 196 193
11 20 -9999 189 187 187 184 182 184 183 201 215 219 217 216 215 216 214 219 209 203 200 199 195 193 190
11 21 -9999 186 185 184 182 179 181 181 199 212 216 214 212 211 212 211 214 204 200 197 195 192 189 187
11 22 -9999 184 182 182 180 177 178 178 197 209 212 210 210 208 209 207 210 199 194 192 190 187 185 182
11 23 -9999 179 177 177 175 173 175 174 193 205 208 207 206 205 204 203 206 195 190 188 187 183 182 179
11 24 -9999 176 175 174 172 169 172 172 189 202 206 204 204 202 201 200 203 192 187 185 184 180 179 176
11 25 -9999 173 172 172 168 166 168 167 185 197 202 201 200 198 197 196 198 187 182 180 179 175 175 172
11 26 -9999 168 168 167 163 161 162 161 178 192 198 196 195 193 193 192 193 182 178 175 174 171 170 167
11 27 -9999 164 163 162 159 157 158 157 174 188 194 193 193 191 191 189 191 179 174 173 173 168 167 164
11 28 -9999 161 160 159 155 153 155 154 170 185 191 190 190 188 188 185 188 176 171 170 169 165 164 161
11 29 -9999 158 158 157 153 150 152 151 167 182 188 188 188 186 186 183 185 175 169 168 167 163 162 158
11 30 -9999 156 155 155 151 149 151 150 165 180 187 186 187 185 185 182 184 174 169 167 166 162 162 158
12 01 -9999 154 155 155 151 149 151 149 164 179 187 187 187 186 184 184 185 175 170 167 165 163 162 158
12 02 -9999 155 155 154 151 149 151 150 163 180 186 187 187 184 184 184 185 174 170 167 165 162 161 157
12 03 -9999 152 152 151 147 146 148 147 160 177 185 186 187 184 183 184 185 174 169 167 164 161 161 156
12 04 -9999 152 151 150 146 145 147 146 158 175 183 184 186 183 182 183 183 172 168 166 163 160 159 154
12 05 -9999 150 150 148 145 143 145 143 156 175 182 185 185 183 182 184 184 172 168 166 163 161 159 154
12 06 -9999 150 150 148 144 143 145 144 155 174 182 184 185 183 182 183 184 173 168 166 162 161 159 153
12 07 -9999 150 150 147 144 143 145 143 154 173 182 184 184 182 180 181 182 171 168 164 162 159 158 152
12 08 -9999 148 149 147 143 142 144 142 152 172 181 182 182 181 179 181 181 170 166 163 161 159 158 153
12 09 -9999 149 149 147 143 142 144 142 151 171 179 180 180 179 178 179 179 168 164 161 158 157 155 150
12 10 -9999 146 147 144 142 140 142 140 149 170 178 179 179 179 177 178 179 167 163 159 157 155 153 148
12 11 -9999 145 146 143 141 140 141 138 148 168 177 179 178 179 177 177 178 166 161 158 156 153 151 146
12 12 -9999 143 144 141 139 137 139 136 145 166 176 178 176 177 176 177 177 166 160 158 155 152 149 145
12 13 -9999 141 143 140 138 136 137 134 142 164 174 176 175 175 174 175 175 163 158 155 152 150 146 142
12 14 -9999 138 139 136 136 133 134 132 140 161 171 175 173 174 173 173 172 160 155 152 149 145 142 139
12 15 -9999 133 135 131 130 127 128 126 134 155 166 170 169 170 169 169 167 156 151 147 145 141 137 134
12 16 -9999 130 130 127 127 123 124 122 129 150 161 166 165 166 167 165 164 152 146 144 142 138 134 131
12 17 -9999 126 127 124 123 120 120 118 125 146 158 163 163 164 164 162 161 149 144 140 139 135 131 128
12 18 -9999 124 125 122 122 117 117 116 121 144 156 160 160 162 162 160 158 147 141 137 136 132 129 125
12 19 -9999 121 122 119 120 115 115 113 120 143 155 161 161 162 163 160 158 146 140 135 135 131 128 124
12 20 -9999 120 121 118 119 115 115 113 120 142 155 160 160 161 162 159 157 146 140 135 133 130 127 123
12 21 -9999 118 118 116 117 113 112 110 118 140 153 159 159 159 161 158 156 143 136 131 129 126 123 120
12 22 -9999 114 115 112 114 110 110 109 116 138 151 156 157 158 160 158 156 143 136 132 129 125 123 120
12 23 -9999 115 115 113 115 110 111 110 118 139 152 158 159 159 161 158 156 143 136 132 129 124 122 119
12 24 -9999 114 113 112 115 110 111 109 117 139 152 158 160 160 162 159 157 143 137 134 130 125 123 120
12 25 -9999 115 114 114 115 110 112 110 118 138 152 158 161 160 163 160 157 143 137 133 129 125 123 120
12 26 -9999 115 113 113 114 109 111 109 117 138 151 158 161 160 163 161 158 144 138 134 130 126 125 122
12 27 -9999 116 115 115 117 112 114 111 119 140 152 159 162 162 165 163 159 146 140 136 132 129 127 124
12 28 -9999 119 116 117 118 114 116 114 121 141 154 160 164 164 166 164 161 148 141 138 134 131 130 127
12 29 -9999 121 119 119 121 117 119 116 123 143 155 161 165 165 167 166 163 150 143 140 136 133 132 129
12 30 -9999 125 123 123 125 121 122 119 126 146 158 162 167 167 168 168 165 151 145 141 136 133 133 130
12 31 -9999 125 124 123 125 122 123 120 127 149 161 165 170 169 170 169 168 154 147 142 138 136 135 132
