01 01 251 249 250 248 247 247 248 247 249 256 258 259 261 259 258 257 258 256 253 251 251 251 250 250
01 02 249 248 248 247 246 247 247 245 248 255 257 258 260 257 256 255 257 255 252 249 250 249 249 249
01 03 247 246 247 246 245 245 245 245 247 255 258 259 260 258 257 256 257 255 252 249 250 249 248 249
01 04 247 246 246 245 245 245 245 244 246 255 258 259 260 258 256 255 256 252 250 248 248 247 247 247
01 05 244 243 243 242 242 242 242 241 243 252 255 256 257 256 254 253 253 249 248 245 247 245 245 245
01 06 242 241 240 239 239 239 240 239 241 250 254 255 256 255 254 253 252 248 247 244 245 244 243 243
01 07 240 239 238 237 237 237 237 237 239 249 252 254 256 255 253 253 252 248 247 243 244 243 243 243
01 08 240 239 237 237 236 236 236 236 238 248 250 252 253 252 250 250 249 244 242 239 240 238 238 238
01 09 235 234 231 231 231 231 231 231 233 243 245 248 249 247 246 246 244 239 238 235 236 235 234 233
01 10 231 229 226 226 226 225 225 225 226 238 240 243 244 243 242 242 241 236 236 232 233 233 231 231
01 11 229 226 224 224 224 222 223 222 224 235 237 240 242 239 238 239 238 231 232 229 230 229 227 226
01 12 224 222 218 219 220 219 219 218 220 232 234 237 239 237 236 237 235 228 229 226 226 226 223 222
01 13 221 218 215 215 216 215 215 215 216 228 231 234 236 234 233 234 232 225 226 223 223 222 220 218
01 14 217 214 211 211 212 210 210 210 211 223 226 228 229 228 226 227 225 218 218 216 215 214 212 211
01 15 209 207 203 204 204 202 203 202 204 217 221 223 226 225 224 224 223 216 216 214 214 212 210 209
01 16 207 205 201 203 203 202 202 202 203 216 221 224 226 224 224 225 223 216 218 215 215 213 211 210
01 17 208 206 203 204 204 201 203 203 204 218 223 225 227 226 226 228 225 219 219 217 216 215 212 211
01 18 209 207 204 205 205 203 204 204 204 217 222 224 226 226 226 227 224 218 219 217 215 214 212 211
01 19 210 207 204 205 205 202 204 204 204 216 220 223 225 224 224 225 223 218 217 215 214 213 211 210
01 20 209 206 202 203 203 200 201 201 202 214 217 219 222 220 221 221 219 214 213 212 210 209 208 206
01 21 205 202 199 200 198 197 198 198 200 211 214 215 217 216 216 216 214 210 209 208 207 206 204 203
01 22 201 199 196 197 195 194 195 195 197 208 212 213 215 214 214 215 212 208 208 207 206 205 202 202
01 23 201 199 196 197 195 194 194 193 196 208 215 215 217 215 216 216 213 211 211 211 211 209 206 206
01 24 205 203 200 199 198 196 196 195 198 210 216 215 216 215 216 216 214 211 211 212 212 211 208 208
01 25 207 206 204 201 202 199 199 198 202 213 220 219 220 218 219 219 216 214 214 215 215 214 212 211
01 26 210 208 206 203 204 202 201 201 205 217 223 222 222 222 222 221 219 218 217 218 218 217 215 215
01 27 213 212 210 207 207 205 204 204 208 219 226 225 225 224 225 223 222 221 220 221 221 220 219 219
01 28 217 215 213 211 211 209 208 207 211 222 227 226 226 226 226 225 224 223 222 224 224 223 221 222
01 29 219 217 215 213 213 210 209 207 213 223 228 227 227 227 228 227 226 225 225 226 227 226 224 224
01 30 223 220 218 216 215 212 211 210 215 224 228 228 226 227 227 226 225 224 224 225 226 225 223 224
01 31 222 219 217 214 213 211 209 208 214 223 227 225 224 225 225 225 223 222 222 222 224 223 221 221
02 01 220 216 214 211 210 208 206 205 212 220 223 222 221 222 222 221 221 219 221 221 223 222 220 219
02 02 218 214 212 209 208 206 203 203 211 219 222 222 221 222 222 221 222 220 221 222 223 223 221 220
02 03 219 215 213 210 210 208 205 205 213 221 225 224 223 224 225 224 224 223 224 224 225 225 223 222
02 04 221 217 215 212 212 210 207 208 215 223 227 227 225 226 227 226 226 225 226 227 227 227 224 224
02 05 222 219 215 213 213 210 207 208 215 222 225 226 224 226 227 226 227 226 227 227 228 227 225 224
02 06 223 219 215 214 213 211 208 208 215 222 224 225 224 225 226 226 226 225 226 226 226 226 225 224
02 07 221 218 214 213 212 211 208 209 216 222 223 224 223 226 226 225 226 224 225 225 224 225 225 223
02 08 220 217 214 214 213 212 209 210 217 223 224 225 225 227 228 227 228 226 227 228 226 226 227 224
02 09 223 219 215 216 214 213 210 211 218 224 225 226 227 228 228 227 228 226 227 227 226 226 226 224
02 10 222 219 215 216 212 211 208 209 217 222 222 224 224 225 225 224 224 223 225 225 224 224 225 223
02 11 222 219 215 215 212 211 208 209 216 222 223 224 223 225 225 223 224 222 224 224 223 223 224 221
02 12 220 218 214 213 211 210 208 209 216 223 224 226 225 226 226 225 225 224 225 226 225 226 227 225
02 13 225 222 219 218 216 216 214 215 222 229 230 231 230 231 231 230 231 230 231 232 231 232 233 231
02 14 231 228 225 224 222 221 219 221 228 235 237 238 237 237 237 236 236 236 236 237 237 239 239 237
02 15 237 233 230 229 227 226 224 225 233 240 241 243 242 242 242 241 242 241 241 242 241 243 243 241
02 16 241 239 235 234 232 232 231 231 239 246 246 248 249 249 248 247 247 246 247 247 247 247 248 246
02 17 247 244 240 239 237 236 235 236 243 249 249 251 251 251 250 248 249 246 247 248 248 248 248 246
02 18 247 245 240 239 237 235 234 235 242 248 248 250 250 250 248 246 247 245 246 247 247 247 248 246
02 19 247 244 240 239 236 235 234 235 242 248 248 249 250 250 249 246 247 245 246 248 247 248 249 246
02 20 247 245 242 240 239 237 236 237 244 251 251 252 253 252 250 247 248 247 249 250 250 251 253 250
02 21 251 249 246 244 241 240 240 240 248 255 254 256 256 255 252 250 251 249 251 253 252 253 254 252
02 22 253 251 248 246 244 242 241 242 249 255 255 256 256 254 252 250 251 250 251 254 253 253 255 253
02 23 254 252 250 249 247 245 244 245 254 259 257 259 259 257 254 252 253 252 253 255 255 255 257 255
02 24 255 254 252 251 249 247 245 246 255 260 258 260 260 259 256 253 254 253 254 255 256 256 257 255
02 25 255 255 252 251 249 248 246 247 256 260 258 260 261 260 259 256 257 255 255 257 257 257 258 256
02 26 256 256 253 253 250 249 247 248 257 261 260 261 262 262 261 259 259 258 258 259 259 259 261 259
02 27 259 259 255 255 253 251 248 249 259 262 260 262 264 263 263 260 260 259 260 261 262 261 262 260
02 28 259 259 256 256 253 252 249 249 259 262 261 263 265 264 264 261 260 260 260 261 262 260 262 259
03 01 260 260 256 257 254 253 249 250 260 263 261 263 265 265 265 262 261 262 262 263 262 259 261 258
03 02 257 257 254 254 251 251 247 249 259 262 261 263 264 263 263 260 259 260 259 261 260 258 260 257
03 03 255 255 252 252 248 249 244 247 256 259 258 260 261 260 261 258 257 258 258 259 259 257 259 257
03 04 255 255 253 253 250 250 246 249 258 261 260 262 263 262 263 261 260 261 261 263 262 260 262 261
03 05 259 258 256 257 253 254 250 253 263 266 265 267 268 266 267 265 264 265 265 266 265 264 265 265
03 06 262 262 260 260 257 258 254 257 267 270 271 272 273 271 273 271 270 270 269 272 271 269 270 269
03 07 266 266 263 264 261 261 257 261 271 273 274 275 276 274 276 275 273 274 273 276 276 273 275 274
03 08 272 271 269 269 267 267 263 267 276 279 280 281 283 281 283 282 280 280 278 282 281 279 279 279
03 09 277 275 273 273 270 270 267 271 278 281 283 284 285 284 285 283 282 281 280 283 283 281 280 280
03 10 277 276 274 272 269 270 267 270 277 280 282 282 283 282 283 282 281 281 280 283 283 281 280 280
03 11 276 275 273 271 269 269 267 271 277 281 282 282 283 283 283 283 282 283 281 285 285 283 282 282
03 12 278 277 276 274 271 273 270 274 280 283 284 284 286 284 284 284 284 285 283 288 287 286 285 284
03 13 281 278 278 276 273 274 270 275 281 284 286 285 287 285 284 284 283 285 283 287 288 286 286 285
03 14 281 279 278 276 273 275 271 277 282 286 287 286 288 286 285 286 285 287 285 288 289 287 288 287
03 15 283 281 280 278 274 275 273 279 284 286 287 287 288 286 285 285 286 286 285 288 288 287 287 286
03 16 283 280 279 277 273 274 272 278 283 286 286 285 287 284 283 283 283 283 282 286 288 288 287 287
03 17 284 282 281 279 276 276 274 280 285 287 287 285 287 284 284 284 284 284 284 288 289 289 289 288
03 18 286 285 283 282 278 278 276 282 289 291 291 288 290 288 288 288 289 289 289 293 294 294 295 293
03 19 292 291 289 287 284 284 280 286 293 294 294 292 294 291 291 291 292 292 291 296 298 298 298 297
03 20 295 294 292 290 288 287 284 290 297 298 298 297 298 297 296 296 297 298 297 301 303 304 305 303
03 21 302 300 298 296 293 293 289 296 303 303 302 300 302 300 300 299 302 302 301 304 307 308 308 308
03 22 306 305 303 301 298 298 294 301 308 309 307 306 308 306 306 305 308 308 307 310 312 312 313 311
03 23 309 307 306 303 301 300 297 304 312 312 311 309 311 310 309 308 310 311 310 312 315 315 317 315
03 24 313 312 310 307 306 305 302 309 317 317 315 314 316 315 315 314 316 316 315 317 320 321 322 320
03 25 319 317 315 313 311 310 308 315 324 323 322 320 323 321 321 320 322 323 322 323 326 327 328 326
03 26 326 323 321 319 317 316 314 321 330 329 327 326 328 326 327 325 326 327 326 327 331 331 332 330
03 27 330 328 326 323 322 320 319 326 335 334 333 332 334 332 334 333 333 333 332 334 337 337 338 336
03 28 335 335 332 329 328 327 325 332 341 340 339 338 340 338 340 338 338 338 336 338 340 340 340 339
03 29 337 337 335 332 331 330 328 335 345 343 342 341 342 339 341 340 339 339 338 340 342 342 342 342
03 30 340 340 338 336 335 334 333 340 349 348 347 345 347 344 346 345 344 345 344 345 347 348 348 347
03 31 346 346 345 342 341 340 339 346 354 352 351 350 351 349 352 350 349 349 349 350 352 352 353 352
04 01 350 350 349 346 346 345 344 351 358 357 356 355 356 354 357 355 353 353 353 354 355 356 357 357
04 02 354 354 353 351 351 350 349 355 361 360 360 358 359 358 360 358 355 355 354 356 358 357 357 357
04 03 354 354 353 350 350 349 349 356 362 361 360 358 359 357 361 358 356 355 355 357 357 358 358 358
04 04 355 355 354 352 351 350 350 358 363 361 361 359 360 358 362 360 357 356 355 357 359 358 358 357
04 05 355 355 354 351 351 351 351 359 364 362 362 361 361 360 363 360 356 356 355 357 359 358 358 356
04 06 354 354 353 351 350 350 350 359 364 362 362 361 360 359 361 359 355 355 354 356 358 357 358 357
04 07 355 354 353 351 350 351 351 361 365 363 363 361 361 360 362 360 357 357 356 358 360 360 360 358
04 08 357 356 355 354 353 353 353 362 366 365 365 364 363 362 364 363 359 359 358 362 364 362 363 361
04 09 360 360 359 357 357 355 357 366 369 368 367 366 364 364 366 365 361 360 359 364 366 364 365 364
04 10 362 362 362 360 359 357 360 370 373 371 370 369 367 367 369 368 364 363 362 366 369 367 368 366
04 11 364 364 363 362 360 359 362 370 373 372 371 369 367 368 368 366 363 362 362 365 367 366 368 366
04 12 364 364 363 362 360 359 363 372 374 373 372 370 369 369 370 368 366 366 365 369 372 371 373 371
04 13 370 370 369 367 366 365 369 379 381 380 379 377 375 375 374 373 371 370 370 375 377 376 378 376
04 14 375 375 375 373 372 370 375 385 387 386 385 383 380 380 379 378 376 375 376 380 383 382 383 380
04 15 380 380 378 377 376 374 379 390 392 391 390 389 386 386 385 383 382 380 380 384 387 386 387 384
04 16 383 382 381 380 379 377 382 393 395 394 393 392 389 389 387 387 385 384 384 387 391 389 390 387
04 17 386 386 384 383 382 380 385 396 398 397 395 394 392 392 390 389 387 386 385 388 392 391 393 390
04 18 389 388 387 386 385 383 388 399 401 400 399 398 396 396 394 393 392 391 391 394 398 397 398 396
04 19 395 394 393 392 391 388 394 405 406 405 404 403 401 400 398 397 397 396 396 397 402 401 402 401
04 20 400 399 397 396 395 392 398 409 409 409 408 407 405 404 402 400 400 399 399 401 406 405 407 406
04 21 405 404 403 401 399 397 403 414 414 414 411 410 408 407 406 403 403 403 402 404 408 408 409 409
04 22 408 407 406 404 403 400 407 417 417 416 414 413 411 410 409 406 406 405 405 407 412 411 413 412
04 23 411 410 409 407 405 403 410 421 421 420 417 416 415 413 412 409 409 409 408 409 415 415 415 415
04 24 414 412 411 409 407 405 412 423 424 422 420 418 417 415 414 412 412 412 412 412 418 419 419 420
04 25 418 417 415 414 412 410 417 427 428 425 424 423 422 419 419 417 417 417 417 417 423 424 424 424
04 26 424 422 420 419 417 416 422 432 432 429 428 426 425 422 423 421 420 420 420 420 426 428 428 428
04 27 427 426 424 422 421 419 425 435 435 432 430 428 427 424 424 423 421 421 421 422 428 429 429 430
04 28 429 428 426 425 424 422 428 438 438 434 432 430 430 428 428 426 424 425 425 426 432 433 433 434
04 29 433 431 429 428 426 424 431 440 440 437 435 433 433 431 431 429 427 427 427 428 434 434 434 436
04 30 434 433 431 430 428 427 434 442 442 438 436 435 435 432 432 430 429 430 430 431 437 437 436 438
05 01 437 436 434 434 432 430 438 446 445 442 440 438 438 435 435 434 432 433 434 434 440 441 440 442
05 02 441 440 438 437 435 432 441 450 449 446 444 444 443 441 441 440 438 439 440 441 446 447 446 448
05 03 447 445 444 443 441 439 448 457 457 453 451 450 449 448 447 446 444 444 444 445 450 451 450 450
05 04 449 448 446 445 444 441 451 459 459 457 455 454 453 452 452 450 448 449 449 449 454 455 454 455
05 05 454 452 450 449 448 446 455 463 464 461 459 458 458 456 456 456 453 453 453 454 458 459 458 458
05 06 457 455 454 452 451 449 459 465 466 464 462 461 461 459 459 459 456 457 457 457 461 462 462 461
05 07 460 459 457 455 454 452 462 469 470 467 466 464 464 463 463 462 460 460 461 461 464 465 465 465
05 08 464 463 461 459 458 456 466 473 473 472 470 468 468 466 466 465 464 463 464 464 467 468 468 468
05 09 467 467 465 462 461 460 470 476 477 475 474 472 472 471 470 468 467 466 467 467 470 471 470 471
05 10 470 469 467 465 463 462 472 479 480 479 478 475 474 474 473 471 470 469 470 470 473 474 473 473
05 11 472 471 470 467 466 464 475 482 484 482 481 479 478 477 477 475 475 474 475 475 477 478 478 477
05 12 476 474 474 470 468 467 478 485 487 485 485 483 482 482 481 480 480 478 479 479 481 482 482 480
05 13 479 478 477 473 471 469 481 487 490 488 488 485 483 483 483 481 482 479 480 480 482 483 483 481
05 14 480 479 479 475 473 471 483 490 492 490 490 487 485 484 485 483 484 481 482 483 485 487 487 484
05 15 483 482 482 478 476 474 487 494 496 495 494 492 490 489 490 488 488 485 486 487 489 491 492 489
05 16 488 487 486 483 480 478 491 497 500 499 498 497 495 494 495 493 493 490 491 492 494 496 496 493
05 17 493 491 491 488 486 483 496 502 505 503 503 502 499 499 500 498 497 495 495 496 498 500 500 497
05 18 496 495 494 490 488 486 500 505 508 507 507 505 502 502 503 500 501 498 499 501 502 504 504 502
05 19 501 500 499 495 492 491 504 510 514 512 512 510 507 507 507 505 505 503 504 506 507 509 508 506
05 20 505 503 502 498 496 494 507 514 517 516 516 515 511 511 511 509 509 506 508 510 510 512 512 509
05 21 508 507 506 502 500 498 512 519 523 522 522 521 517 517 517 514 514 511 513 515 516 517 517 515
05 22 514 512 511 507 505 503 517 525 529 528 529 527 523 523 523 520 520 516 518 520 521 522 522 519
05 23 518 515 515 511 509 507 521 529 533 531 532 530 526 526 525 524 523 520 522 524 525 525 525 522
05 24 521 519 518 515 512 511 526 534 538 537 538 536 532 531 531 530 529 526 527 529 529 530 530 527
05 25 526 523 523 520 518 516 531 538 543 542 542 541 536 536 535 533 533 531 532 534 534 535 535 531
05 26 531 528 528 525 522 521 536 543 547 546 547 545 540 539 539 537 536 534 536 537 538 539 538 536
05 27 535 532 532 529 527 525 541 548 552 550 550 549 545 543 543 540 540 538 539 541 542 543 542 540
05 28 539 537 535 533 531 529 545 551 555 554 554 552 549 548 547 545 545 544 545 547 547 547 546 544
05 29 543 541 540 538 536 534 549 555 559 557 558 556 552 552 551 549 550 548 549 550 550 550 550 548
05 30 548 546 544 542 540 538 553 560 564 562 562 561 558 557 557 555 556 554 555 555 555 555 554 553
05 31 552 550 548 546 543 542 556 563 567 566 566 565 561 560 560 558 558 557 558 559 559 558 557 556
06 01 554 553 551 549 547 545 560 567 570 570 570 569 564 564 563 561 561 560 562 563 562 562 561 560
06 02 558 557 555 553 551 549 563 570 574 574 574 573 569 569 568 566 566 565 565 566 566 565 565 564
06 03 562 561 558 556 554 553 567 573 576 576 576 575 571 570 569 567 568 566 566 567 567 567 566 565
06 04 563 562 560 558 556 555 568 575 578 578 577 576 573 572 571 569 570 569 569 570 571 571 570 569
06 05 568 566 564 562 560 559 573 579 582 581 581 580 577 576 575 574 574 574 573 574 575 574 574 573
06 06 571 570 568 566 564 563 577 583 586 585 585 585 582 580 579 577 578 578 577 577 578 577 577 576
06 07 574 573 571 569 567 567 580 586 589 589 589 588 586 584 583 582 582 583 581 581 582 581 581 580
06 08 578 576 574 572 570 569 582 588 590 591 590 590 587 586 584 583 584 583 583 584 584 584 584 583
06 09 580 579 576 573 572 572 584 590 593 594 594 592 590 590 588 586 588 587 586 586 587 587 587 586
06 10 583 582 579 577 575 575 587 593 596 597 597 596 593 593 591 589 590 590 590 590 590 590 590 588
06 11 585 584 582 579 578 578 590 597 600 601 601 600 597 597 595 593 594 594 594 594 594 594 593 592
06 12 589 588 585 582 581 582 594 601 605 606 607 605 602 602 600 598 599 598 598 598 598 598 597 596
06 13 592 591 588 586 585 585 598 605 608 611 610 609 607 606 603 602 602 602 602 602 602 602 601 598
06 14 596 594 592 589 588 588 601 607 611 612 612 610 609 607 604 603 603 603 604 604 604 604 604 601
06 15 599 597 595 592 591 591 604 610 614 615 615 613 611 609 607 606 606 606 606 606 606 605 606 603
06 16 600 599 596 593 592 593 605 612 616 616 616 614 612 610 608 607 607 607 606 607 606 606 606 604
06 17 601 599 597 594 593 594 607 614 618 617 617 614 612 610 608 608 608 608 607 608 608 608 608 605
06 18 603 601 599 596 595 596 609 617 621 621 620 617 616 613 611 611 611 611 611 612 611 611 611 609
06 19 607 605 603 600 599 600 613 621 625 625 624 621 619 616 614 614 614 613 614 614 613 613 613 611
06 20 609 608 606 603 602 602 615 624 627 628 626 622 621 618 616 615 615 615 616 617 615 616 616 614
06 21 612 610 609 605 604 605 617 626 629 629 628 623 622 619 616 616 616 616 618 619 618 618 618 616
06 22 614 613 610 608 607 607 619 627 630 631 629 625 624 620 617 617 616 617 618 620 618 618 618 616
06 23 614 613 611 608 607 607 620 628 631 631 629 625 623 619 617 617 616 617 618 620 619 618 618 616
06 24 614 613 611 609 607 607 620 628 630 630 629 625 623 619 617 618 616 617 618 620 618 618 618 616
06 25 614 612 611 609 607 607 620 629 631 631 629 626 624 621 617 619 617 618 619 620 620 620 620 618
06 26 617 615 613 611 610 609 622 631 633 632 630 626 624 621 618 619 618 619 620 622 621 621 622 620
06 27 619 617 615 613 611 610 624 633 635 634 632 628 626 623 620 621 620 621 622 624 624 623 624 622
06 28 621 619 617 615 614 613 626 634 636 635 634 629 628 624 622 623 622 623 625 627 626 625 627 625
06 29 624 622 620 617 616 615 627 636 638 638 636 631 630 627 624 624 624 625 626 628 628 627 628 627
06 30 625 624 621 618 617 616 629 637 639 638 637 633 631 628 625 625 625 626 628 630 630 629 630 629
07 01 628 626 624 621 620 619 631 639 641 640 639 635 632 630 626 627 627 628 630 632 632 632 633 632
07 02 631 630 627 625 623 622 634 642 644 644 642 638 635 633 629 630 629 631 633 635 636 636 636 634
07 03 633 632 630 627 625 625 636 644 646 645 643 639 636 634 631 631 630 631 634 635 636 637 637 635
07 04 634 633 630 627 625 624 636 643 644 644 642 638 635 633 630 630 629 631 633 635 636 637 636 635
07 05 633 631 628 626 624 623 635 642 644 643 642 638 634 632 630 630 629 631 633 635 636 636 636 635
07 06 633 632 629 627 625 623 636 643 645 644 642 638 635 633 631 632 631 633 635 637 638 639 638 637
07 07 635 634 631 629 627 625 638 645 647 646 645 641 637 636 634 634 633 635 637 639 640 640 640 639
07 08 638 637 634 632 630 628 641 647 650 648 647 643 640 638 636 636 635 638 640 642 643 644 644 643
07 09 642 640 637 635 633 631 644 650 653 651 650 646 643 641 639 638 638 640 642 645 645 646 646 645
07 10 644 643 639 638 636 634 646 652 655 654 652 648 645 643 641 640 640 642 645 648 649 649 650 649
07 11 647 646 643 641 640 638 649 656 659 659 657 652 649 646 644 643 643 645 648 650 651 652 651 650
07 12 650 648 645 643 642 640 651 657 661 660 658 654 650 648 645 644 644 646 649 652 652 653 652 651
07 13 650 649 647 645 643 641 652 659 663 661 659 654 650 648 646 645 645 647 650 653 653 654 653 652
07 14 651 650 648 646 644 641 653 660 664 663 660 655 651 649 647 646 646 649 651 655 655 656 655 655
07 15 654 652 650 647 646 643 654 662 665 664 661 657 653 650 648 647 647 651 653 657 657 658 657 656
07 16 655 653 651 648 647 645 655 663 667 666 663 659 655 652 651 650 649 652 655 659 659 659 658 657
07 17 656 654 652 649 648 645 656 664 667 665 662 658 655 652 650 649 649 652 654 658 658 658 656 656
07 18 655 654 651 649 647 645 655 663 667 665 663 658 656 653 652 650 651 654 656 660 660 660 658 658
07 19 657 655 653 652 650 648 658 667 671 669 666 662 660 657 655 653 654 657 660 663 663 663 661 660
07 20 660 659 657 655 653 651 660 669 673 671 669 665 663 659 658 656 657 660 662 666 665 665 663 663
07 21 662 660 658 656 654 652 661 669 674 672 670 666 664 661 659 656 658 660 663 667 667 666 664 663
07 22 662 660 658 656 654 652 660 669 673 673 669 665 663 660 658 656 658 660 663 666 666 665 663 662
07 23 661 660 657 656 653 651 659 668 674 672 669 665 664 660 658 656 658 660 663 666 666 665 663 663
07 24 661 660 657 656 653 651 658 668 674 672 669 666 664 660 658 658 659 661 664 667 667 666 663 662
07 25 661 660 658 656 653 651 658 668 673 671 669 666 664 660 658 657 659 661 664 666 666 664 661 660
07 26 659 658 656 654 651 649 656 667 672 670 668 664 662 659 658 656 658 660 662 665 665 664 661 660
07 27 659 657 655 653 650 648 655 666 672 670 668 665 663 659 658 657 659 661 663 666 666 664 661 661
07 28 660 658 655 653 651 649 656 667 672 671 669 666 664 660 658 658 660 662 664 666 666 665 662 661
07 29 661 659 656 654 650 648 656 667 672 672 669 666 664 660 658 658 659 661 663 665 665 663 661 660
07 30 659 657 654 652 649 646 654 665 671 670 668 665 662 659 656 656 657 658 661 663 662 662 660 658
07 31 658 655 653 651 647 645 652 663 670 668 666 662 659 656 654 654 654 656 659 661 661 660 659 658
08 01 656 654 652 650 646 644 651 662 668 668 666 662 659 655 653 653 653 655 658 660 661 660 659 658
08 02 657 655 652 650 647 644 650 662 668 668 666 662 659 655 652 653 653 655 657 660 661 660 659 658
08 03 657 655 652 650 646 644 650 662 667 667 665 662 659 655 652 653 653 655 657 660 660 660 659 657
08 04 656 654 651 648 645 642 648 660 666 666 664 660 658 653 651 652 652 653 656 658 659 658 658 656
08 05 655 653 650 647 644 641 647 660 666 666 664 660 657 653 651 652 651 653 655 657 658 657 657 656
08 06 655 653 650 647 644 641 647 660 665 666 663 660 657 653 651 651 651 652 655 657 658 658 658 656
08 07 655 653 651 647 644 642 646 660 665 666 663 661 657 653 651 651 650 652 655 657 658 658 657 655
08 08 655 653 650 647 644 641 646 660 665 666 663 660 656 652 650 650 649 651 655 657 658 658 657 655
08 09 655 653 650 647 644 642 646 660 666 667 665 661 657 653 650 650 649 651 655 657 657 657 657 656
08 10 655 653 651 647 644 642 646 659 665 666 664 661 658 654 651 650 649 652 655 657 657 657 657 656
08 11 655 652 650 646 644 641 644 657 663 664 661 658 655 651 648 647 646 648 652 654 655 654 655 653
08 12 652 649 647 643 640 638 641 654 660 661 658 654 652 648 645 644 644 645 648 651 652 652 652 650
08 13 649 647 645 641 639 636 639 652 658 658 656 652 649 646 643 642 641 642 646 649 650 650 649 648
08 14 647 645 643 639 637 635 637 650 656 656 654 650 647 644 641 640 640 641 644 647 648 648 647 646
08 15 645 643 641 636 634 632 634 648 654 655 652 649 646 643 640 639 639 639 643 646 647 647 645 644
08 16 642 641 639 634 632 630 632 646 652 653 650 646 644 641 639 637 637 638 641 644 646 645 644 641
08 17 640 638 635 631 629 627 628 643 649 650 647 644 642 639 637 635 635 636 639 642 643 642 640 638
08 18 636 635 632 628 625 623 625 640 647 647 645 642 639 636 633 631 631 632 636 639 640 639 637 635
08 19 634 632 629 626 623 620 622 638 645 645 643 640 636 633 631 629 628 630 634 638 639 638 636 634
08 20 632 630 628 624 622 620 621 638 644 644 643 639 635 633 631 629 629 631 634 638 639 638 636 634
08 21 632 630 628 625 622 620 621 637 644 644 644 639 636 633 631 630 629 630 634 638 639 638 635 633
08 22 631 629 627 624 621 619 621 637 643 643 642 637 634 632 630 629 629 629 633 637 637 636 633 632
08 23 630 628 625 622 619 617 619 634 641 641 640 635 632 629 627 626 626 627 630 635 635 634 631 629
08 24 627 625 623 619 616 614 615 631 638 639 637 632 629 625 624 623 623 624 627 631 632 631 628 626
08 25 624 622 619 615 613 611 612 627 635 635 633 628 624 621 619 619 618 619 623 627 628 627 623 621
08 26 620 618 615 612 609 607 608 624 633 633 631 626 622 619 617 617 617 618 622 626 626 626 622 620
08 27 619 616 613 610 608 606 606 623 632 633 631 625 620 617 616 616 615 617 622 625 625 624 620 618
08 28 617 615 611 609 606 604 605 622 631 632 630 623 619 616 615 615 615 617 621 624 624 623 620 618
08 29 616 614 610 608 605 603 604 621 630 631 629 623 618 615 613 614 613 615 619 622 622 621 618 616
08 30 614 612 609 607 604 602 603 620 630 630 628 621 616 613 612 613 612 614 619 621 621 620 617 615
08 31 614 611 608 606 604 603 603 620 630 630 627 621 615 612 611 611 611 613 618 620 620 619 617 615
09 01 613 611 607 606 604 602 602 619 630 630 627 620 614 611 609 609 609 612 617 620 620 619 617 615
09 02 613 611 607 605 604 602 602 618 630 630 626 620 614 611 610 610 610 613 618 620 619 619 617 615
09 03 613 611 607 606 604 601 601 617 629 630 626 619 614 611 609 609 610 612 617 618 617 617 615 612
09 04 610 608 604 602 600 599 598 613 625 626 621 614 610 606 604 603 604 606 611 613 612 611 609 607
09 05 605 601 598 596 594 593 592 607 619 621 615 608 603 600 598 597 597 601 606 608 608 608 606 603
09 06 601 598 595 593 591 589 588 604 616 618 613 606 601 598 596 594 595 600 605 607 606 606 604 602
09 07 599 596 593 591 589 588 586 603 616 617 612 605 600 598 596 594 595 599 604 606 605 605 603 600
09 08 597 595 591 590 588 586 585 601 613 614 610 603 599 596 594 592 593 596 602 605 603 603 602 599
09 09 596 593 590 588 587 585 583 599 610 612 608 603 598 596 594 592 593 596 602 604 603 602 601 598
09 10 594 591 588 587 585 583 581 596 608 609 605 600 595 593 592 589 589 593 599 601 600 598 597 594
09 11 591 588 585 584 582 580 577 592 604 605 601 597 593 591 590 587 587 591 596 599 597 595 594 591
09 12 587 585 582 580 578 575 573 588 600 601 598 595 590 588 587 584 583 588 595 596 595 592 592 588
09 13 584 582 579 577 574 572 569 585 598 599 596 593 589 586 585 583 582 587 594 595 593 591 589 586
09 14 582 580 577 576 573 570 568 583 596 597 593 590 587 584 583 580 580 585 592 593 591 588 587 584
09 15 580 578 575 573 570 568 565 580 593 595 591 588 585 583 582 579 579 584 591 591 589 586 585 582
09 16 578 576 573 571 568 565 563 577 588 590 587 585 582 580 579 577 576 580 587 587 585 582 581 578
09 17 573 571 568 566 563 560 558 572 583 584 581 579 576 574 573 571 570 574 582 582 580 577 576 572
09 18 568 566 562 560 557 555 552 566 577 579 576 574 571 570 568 566 566 570 577 578 576 573 572 569
09 19 565 563 560 558 555 553 551 564 576 578 574 573 570 569 568 566 565 570 577 577 576 572 571 568
09 20 564 563 560 558 555 553 551 564 576 578 575 574 571 569 569 567 566 571 577 577 575 571 570 567
09 21 563 562 558 556 554 551 549 561 573 575 572 570 567 566 565 564 563 566 572 572 571 567 565 563
09 22 558 557 553 551 548 545 543 555 566 568 565 564 560 558 557 556 556 559 565 565 564 560 558 556
09 23 552 550 546 544 541 538 536 549 561 563 560 560 556 554 553 552 552 556 561 562 560 556 554 551
09 24 548 545 541 539 536 534 533 546 557 559 557 555 552 550 549 548 547 551 556 557 555 552 549 546
09 25 543 541 537 535 532 530 529 542 554 556 553 552 549 546 546 544 544 547 552 553 551 548 545 542
09 26 540 538 534 532 529 527 526 538 550 553 550 548 544 542 541 540 539 543 548 549 548 545 542 540
09 27 538 535 531 530 527 525 524 536 548 550 548 545 542 540 538 537 538 541 546 546 545 543 540 537
09 28 535 533 529 528 525 522 521 532 544 547 544 541 538 535 533 533 533 537 540 541 541 539 535 533
09 29 531 528 524 523 519 517 517 527 539 542 539 536 533 530 528 528 527 532 535 536 535 533 529 526
09 30 524 522 518 516 513 511 510 520 532 535 533 529 524 521 520 520 519 524 527 528 527 526 522 519
10 01 517 515 511 510 506 504 503 514 528 530 529 525 519 517 516 515 516 521 524 525 525 523 519 516
10 02 514 512 508 507 504 502 502 512 527 530 529 524 519 517 515 514 515 521 523 524 523 522 517 514
10 03 513 510 506 506 503 501 500 510 525 527 526 521 515 513 511 510 511 517 519 520 519 517 513 510
10 04 509 506 502 501 498 495 494 504 520 522 521 515 510 507 505 504 504 511 512 514 513 511 508 504
10 05 503 499 496 494 491 488 487 496 513 515 514 509 503 501 499 498 498 505 507 508 506 505 501 498
10 06 496 493 490 489 485 483 482 490 509 511 510 505 500 497 495 494 494 501 503 504 503 501 498 494
10 07 493 490 487 485 482 480 479 487 506 508 508 502 498 495 493 492 492 500 502 503 502 500 496 493
10 08 491 489 486 484 481 478 476 484 502 504 504 498 494 492 489 488 488 495 497 498 498 496 493 489
10 09 488 485 482 479 476 473 471 479 498 499 499 494 490 487 485 484 484 491 493 495 494 492 489 485
10 10 484 480 477 474 471 468 466 473 492 494 495 489 485 482 480 479 479 488 490 491 491 490 485 482
10 11 480 477 473 470 468 465 464 470 489 491 491 486 481 479 476 476 477 485 487 487 487 485 481 477
10 12 476 472 468 465 463 460 458 464 483 486 486 481 476 474 471 471 471 479 481 482 482 480 476 472
10 13 471 467 463 459 458 455 453 459 479 482 481 477 472 470 468 467 468 476 478 479 479 476 473 469
10 14 467 463 460 456 455 452 450 456 477 479 479 475 470 469 465 464 465 473 475 476 476 473 470 466
10 15 464 461 457 454 452 449 447 453 474 477 476 472 468 467 463 462 463 471 473 473 474 470 467 463
10 16 461 458 455 451 450 447 444 449 471 474 473 469 465 464 460 459 459 466 469 470 470 467 463 460
10 17 457 453 451 447 445 441 440 444 465 469 467 464 460 458 454 454 454 460 464 465 465 462 459 456
10 18 453 449 447 443 441 437 436 440 461 465 463 460 457 455 451 450 450 456 460 461 461 458 454 452
10 19 449 445 443 439 437 435 434 437 458 462 460 458 454 452 448 447 448 454 459 458 459 456 452 449
10 20 447 444 442 437 435 434 433 437 457 461 460 457 453 451 447 446 447 452 456 456 457 455 451 448
10 21 446 442 441 436 433 432 430 435 454 459 457 453 449 447 443 442 442 446 449 449 451 447 444 441
10 22 439 435 434 429 426 426 424 428 448 453 450 447 442 439 436 435 435 439 442 442 443 440 437 435
10 23 433 429 427 423 420 419 418 422 441 448 446 443 438 435 432 431 431 434 438 438 438 435 432 430
10 24 428 425 423 419 416 417 416 420 439 446 444 440 436 433 430 429 429 432 436 436 436 433 430 429
10 25 427 423 423 419 416 416 415 419 437 445 443 440 436 433 430 429 429 431 435 434 434 430 427 426
10 26 424 421 421 417 414 414 413 417 436 443 442 439 434 431 429 427 426 428 431 431 431 428 425 423
10 27 421 418 418 415 411 412 410 414 432 439 438 437 432 428 426 423 422 423 426 426 426 423 420 419
10 28 417 413 414 411 408 408 406 409 428 435 435 434 430 425 423 420 419 419 422 422 423 420 417 417
10 29 414 411 411 408 405 405 403 406 425 432 432 430 426 422 419 417 416 416 419 420 420 418 415 415
10 30 413 410 410 407 404 404 401 404 421 429 429 427 423 419 416 414 412 412 414 415 415 414 410 410
10 31 408 405 405 402 398 399 396 399 416 423 423 421 417 413 411 408 406 406 408 409 410 408 405 405
11 01 404 401 400 398 395 396 392 394 411 418 419 416 412 409 406 404 402 402 404 404 405 403 400 400
11 02 399 397 396 394 390 392 387 389 406 415 415 412 409 406 404 401 398 399 401 402 402 400 397 397
11 03 396 394 393 391 388 387 383 385 402 410 411 408 404 401 399 397 394 394 396 397 398 396 393 393
11 04 392 390 390 387 383 384 379 380 397 406 406 403 399 395 393 391 388 388 390 392 392 391 389 386
11 05 386 384 383 381 378 378 374 374 390 398 399 397 394 390 388 386 384 384 388 389 389 388 386 384
11 06 383 383 382 380 377 376 372 372 388 396 397 395 392 389 387 385 384 383 386 388 388 387 385 382
11 07 382 382 380 380 377 376 372 372 387 395 397 395 392 389 386 385 384 383 387 388 387 387 384 382
11 08 381 381 379 379 377 375 372 371 386 394 396 393 390 387 384 383 382 381 384 386 384 384 382 379
11 09 378 378 376 375 373 372 368 368 383 391 391 389 385 382 379 378 377 375 379 380 379 377 377 373
11 10 373 373 370 370 367 366 363 362 377 385 385 382 379 375 372 371 370 370 373 375 374 372 371 368
11 11 368 367 365 365 363 361 358 357 372 381 380 376 373 370 367 367 367 367 370 372 371 369 369 365
11 12 366 365 363 363 360 359 356 355 369 378 377 373 369 367 364 364 364 366 368 369 368 366 366 362
11 13 363 362 361 361 358 356 354 354 367 377 376 373 370 366 364 363 364 365 367 368 367 364 364 359
11 14 360 358 357 356 353 352 351 350 364 374 373 370 367 363 361 361 362 363 365 367 365 362 363 359
11 15 359 358 356 356 354 352 351 351 364 373 373 370 367 364 361 361 362 362 365 365 363 361 361 357
11 16 357 356 354 354 351 349 349 348 361 371 371 368 365 361 358 359 359 360 362 363 361 358 359 355
11 17 354 353 352 352 350 347 347 347 358 368 369 367 363 358 355 356 357 357 359 359 357 355 354 350
11 18 349 349 347 346 345 342 342 342 353 364 365 363 360 356 352 353 354 354 355 355 352 351 351 347
11 19 346 346 344 343 343 339 339 340 351 363 364 362 359 356 354 354 354 354 354 354 352 351 351 346
11 20 347 346 344 343 343 339 339 339 350 363 364 362 359 356 353 354 354 355 354 354 353 351 351 347
11 21 348 347 345 344 344 341 341 342 352 366 368 366 363 360 356 357 357 358 356 356 354 353 352 348
11 22 348 347 345 344 343 339 338 340 350 363 365 362 359 357 354 354 353 354 352 352 351 349 349 345
11 23 344 344 342 340 340 336 335 337 346 359 361 358 356 353 351 351 350 350 348 349 347 346 346 342
11 24 343 341 340 339 338 333 333 335 344 357 359 355 353 350 347 347 346 346 345 345 344 343 343 340
11 25 339 338 337 336 335 330 329 332 340 354 356 352 350 347 345 345 344 343 342 341 340 340 340 337
11 26 337 335 335 333 333 328 328 329 338 351 354 350 348 345 342 343 341 340 338 338 338 336 336 334
11 27 332 332 331 330 330 325 325 326 335 348 350 346 344 342 339 339 337 336 334 334 334 333 332 330
11 28 328 327 327 325 325 320 320 321 329 341 344 339 338 336 333 334 331 330 328 328 327 327 326 325
11 29 324 324 323 322 322 318 318 319 326 337 340 335 334 332 329 330 328 326 325 324 324 323 322 321
11 30 320 320 319 318 317 313 312 314 320 332 334 329 328 326 324 324 323 321 319 320 319 317 316 315
12 01 315 314 313 312 311 307 306 308 314 326 328 324 323 321 319 319 318 316 313 313 313 312 310 310
12 02 310 308 308 306 305 302 301 302 308 320 322 319 318 316 315 315 314 312 310 310 310 309 309 309
12 03 308 306 306 304 303 301 300 302 307 319 321 318 317 315 315 315 314 312 310 311 310 308 307 307
12 04 306 304 304 303 301 299 297 298 304 314 316 314 312 310 309 309 309 306 305 306 306 303 302 304
12 05 302 300 300 299 298 296 295 296 301 311 313 311 309 306 306 305 305 302 301 301 301 298 297 298
12 06 296 294 294 293 291 289 288 289 294 303 306 304 302 299 299 298 298 296 295 295 296 293 292 293
12 07 291 290 290 289 287 286 285 286 291 300 302 300 299 296 296 295 296 293 293 293 292 290 289 290
12 08 289 287 287 286 283 282 280 282 287 295 299 297 297 294 294 292 293 291 291 291 291 289 288 288
12 09 287 286 284 283 281 279 278 279 283 291 295 294 293 291 292 290 291 290 289 289 288 286 285 285
12 10 284 283 283 281 279 278 277 277 281 289 293 294 294 292 292 289 291 289 288 288 287 285 283 283
12 11 281 281 280 278 277 276 274 274 278 286 290 291 291 289 289 286 288 287 285 286 283 282 280 279
12 12 278 277 277 275 273 272 270 271 274 282 287 289 288 286 287 284 285 284 283 283 281 279 277 276
12 13 274 274 274 271 270 268 266 267 270 278 283 285 284 282 282 280 280 279 278 278 277 274 273 271
12 14 269 268 269 266 265 263 263 263 267 276 280 282 281 280 280 277 277 276 275 275 273 272 270 268
12 15 266 265 266 264 263 262 262 262 266 275 280 282 281 280 280 277 276 276 275 274 273 272 270 268
12 16 266 265 266 265 264 263 263 264 267 277 281 283 283 282 282 279 278 277 277 276 275 273 272 269
12 17 267 267 268 267 266 265 265 265 269 277 281 282 281 281 281 278 276 275 275 275 273 271 269 267
12 18 266 266 267 265 264 263 263 263 266 274 278 279 278 277 276 273 271 270 270 269 268 267 265 263
12 19 261 261 262 260 259 257 258 258 261 268 272 273 272 271 271 268 266 265 266 264 263 262 260 258
12 20 256 255 257 254 253 251 252 252 254 262 266 267 267 266 266 264 263 262 263 262 260 260 257 255
12 21 254 253 255 253 252 251 251 251 254 261 265 267 266 266 265 263 262 261 261 261 259 258 256 255
12 22 254 253 255 253 253 251 251 251 253 261 264 266 266 265 265 263 261 261 260 260 259 257 255 254
12 23 253 252 254 252 251 250 251 250 252 259 262 262 261 260 259 258 256 256 255 254 253 251 249 249
12 24 247 247 249 248 247 246 247 246 248 257 259 260 260 259 258 257 256 255 254 253 254 252 250 249
12 25 248 247 248 247 246 245 246 246 248 256 259 259 260 258 257 257 255 255 255 253 253 251 249 249
12 26 248 246 248 247 245 245 246 246 248 256 259 259 260 259 257 257 256 255 254 252 253 251 250 250
12 27 249 248 249 248 246 246 247 248 249 257 259 260 260 260 259 259 258 257 256 254 254 253 251 252
12 28 251 250 250 250 247 247 249 250 252 259 261 262 263 262 261 261 261 260 259 255 256 255 254 255
12 29 253 252 253 252 250 250 251 251 252 260 262 262 263 263 262 261 261 259 258 255 256 254 253 254
12 30 253 252 252 251 249 249 250 250 251 259 261 262 264 262 262 261 261 260 259 256 257 255 254 255
12 31 253 253 253 251 250 250 251 251 251 258 260 261 262 259 259 258 259 257 256 253 253 252 251 252
