01 01 -87 -86 -92 -94 -92 -93 -92 -100 -90 -97 -97 -99 -95 -98 -96 -96 -93 -91 -80 -91 -92 -94 -88 -80
01 02 -86 -87 -92 -94 -92 -95 -95 -104 -93 -100 -101 -103 -99 -102 -101 -100 -97 -93 -83 -94 -95 -96 -92 -84
01 03 -88 -90 -94 -97 -92 -96 -95 -101 -93 -98 -97 -101 -97 -100 -101 -99 -98 -91 -82 -91 -91 -93 -89 -83
01 04 -85 -89 -92 -94 -89 -94 -92 -9999 -90 -95 -95 -99 -94 -98 -101 -99 -96 -91 -84 -91 -93 -94 -90 -83
01 05 -86 -90 -93 -95 -92 -93 -92 -9999 -9999 -96 -97 -100 -95 -99 -102 -101 -98 -90 -85 -92 -95 -97 -92 -86
01 06 -89 -92 -95 -97 -93 -95 -96 -9999 -9999 -9999 -96 -102 -94 -103 -107 -104 -102 -93 -89 -95 -96 -99 -92 -88
01 07 -9999 -95 -96 -102 -95 -9999 -9999 -9999 -9999 -9999 -97 -103 -95 -103 -107 -105 -103 -95 -9999 -96 -96 -96 -92 -9999 
01 08 -9999 -97 -101 -9999 -9999 -9999 -9999 -9999 -9999 -9999 -102 -109 -100 -109 -113 -108 -105 -98 -9999 -100 -98 -9999 -94 -9999 
01 09 -9999 -99 -9999 -9999 -9999 -9999 -9999 -9999 -9999 -9999 -104 -111 -104 -111 -113 -110 -106 -100 -9999 -96 -95 -100 -9999 -9999 
01 10 -9999 -102 -106 -9999 -9999 -9999 -9999 -9999 -9999 -9999 -104 -111 -104 -110 -113 -110 -106 -100 -9999 -95 -93 -9999 -9999 -9999 
01 11 -9999 -104 -9999 -9999 -9999 -9999 -9999 -9999 -9999 -9999 -102 -109 -103 -108 -112 -109 -107 -102 -9999 -96 -95 -9999 -9999 -9999 
01 12 -9999 -103 -9999 -9999 -9999 -9999 -9999 -9999 -9999 -9999 -9999 -107 -99 -104 -110 -108 -105 -99 -9999 -9999 -89 -9999 -9999 -9999 
01 13 -9999 -9999 -9999 -9999 -9999 -9999 -9999 -9999 -9999 -9999 -9999 -9999 -92 -98 -104 -102 -100 -92 -9999 -9999 -84 -9999 -9999 -9999 
01 14 -9999 -9999 -9999 -9999 -9999 -9999 -9999 -9999 -9999 -9999 -9999 -9999 -85 -91 -98 -95 -92 -85 -9999 -9999 -9999 -9999 -9999 -9999 
01 15 -9999 -9999 -9999 -9999 -9999 -9999 -9999 -9999 -9999 -9999 -90 -96 -86 -90 -96 -90 -89 -84 -9999 -9999 -81 -9999 -9999 -9999 
01 16 -9999 -9999 -9999 -9999 -9999 -9999 -9999 -9999 -9999 -9999 -89 -94 -85 -88 -95 -91 -91 -87 -9999 -83 -82 -9999 -9999 -9999 
01 17 -9999 -9999 -9999 -9999 -9999 -9999 -9999 -9999 -9999 -9999 -9999 -9999 -80 -85 -91 -88 -88 -86 -86 -80 -78 -9999 -9999 -9999 
01 18 -9999 -9999 -9999 -9999 -9999 -9999 -9999 -9999 -9999 -9999 -9999 -9999 -81 -86 -89 -88 -87 -89 -83 -82 -82 -9999 -9999 -9999 
01 19 -9999 -9999 -9999 -9999 -9999 -9999 -9999 -9999 -9999 -9999 -9999 -91 -84 -89 -91 -90 -89 -89 -81 -83 -84 -9999 -9999 -9999 
01 20 -9999 -9999 -9999 -9999 -9999 -9999 -9999 -9999 -9999 -9999 -9999 -88 -83 -87 -89 -87 -87 -89 -81 -80 -83 -9999 -72 -9999 
01 21 -9999 -9999 -9999 -9999 -9999 -89 -9999 -9999 -9999 -9999 -9999 -87 -84 -86 -85 -86 -85 -89 -84 -83 -86 -9999 -76 -9999 
01 22 -87 -9999 -9999 -9999 -9999 -91 -93 -9999 -9999 -9999 -92 -91 -89 -92 -88 -88 -90 -93 -89 -87 -91 -85 -81 -9999 
01 23 -92 -9999 -9999 -9999 -98 -95 -93 -9999 -9999 -9999 -9999 -90 -92 -91 -88 -89 -91 -96 -88 -87 -91 -86 -81 -9999 
01 24 -92 -9999 -9999 -9999 -97 -97 -93 -9999 -9999 -9999 -9999 -92 -92 -92 -87 -86 -92 -95 -89 -89 -97 -88 -83 -9999 
01 25 -96 -9999 -9999 -9999 -101 -100 -98 -9999 -9999 -9999 -99 -96 -97 -96 -89 -89 -94 -97 -94 -92 -101 -92 -88 -9999 
01 26 -102 -9999 -9999 -9999 -106 -105 -104 -9999 -9999 -9999 -104 -101 -99 -98 -90 -90 -93 -98 -94 -93 -100 -93 -87 -9999 
01 27 -101 -9999 -9999 -9999 -105 -102 -102 -9999 -9999 -9999 -103 -98 -100 -96 -89 -87 -91 -97 -94 -95 -102 -91 -88 -87
01 28 -97 -105 -9999 -107 -105 -102 -101 -9999 -9999 -9999 -9999 -97 -101 -98 -90 -90 -89 -100 -95 -97 -102 -92 -89 -89
01 29 -95 -103 -9999 -104 -101 -102 -100 -9999 -9999 -111 -9999 -98 -102 -98 -91 -92 -91 -100 -96 -93 -97 -89 -86 -87
01 30 -90 -98 -9999 -97 -95 -94 -94 -9999 -9999 -105 -9999 -93 -95 -92 -85 -86 -85 -95 -90 -87 -89 -81 -78 -9999 
01 31 -80 -87 -9999 -85 -85 -86 -85 -9999 -9999 -99 -9999 -88 -90 -85 -77 -78 -76 -86 -80 -76 -80 -72 -68 -71
02 01 -71 -78 -9999 -9999 -74 -77 -76 -9999 -9999 -90 -90 -80 -82 -77 -69 -68 -67 -75 -70 -70 -71 -64 -64 -64
02 02 -64 -70 -9999 -69 -67 -70 -65 -9999 -9999 -81 -81 -69 -74 -70 -61 -58 -58 -66 -62 -60 -62 -55 -57 -57
02 03 -54 -60 -65 -59 -57 -60 -56 -9999 -9999 -68 -69 -60 -67 -59 -52 -49 -52 -58 -54 -55 -52 -46 -52 -54
02 04 -50 -53 -58 -53 -52 -52 -52 -9999 -9999 -61 -62 -55 -62 -55 -48 -43 -45 -51 -47 -50 -47 -44 -51 -53
02 05 -48 -51 -57 -52 -51 -50 -51 -53 -9999 -61 -60 -54 -63 -54 -48 -41 -42 -46 -41 -45 -44 -41 -48 -50
02 06 -42 -48 -51 -47 -43 -47 -47 -9999 -9999 -55 -56 -51 -57 -47 -42 -35 -34 -38 -33 -38 -39 -37 -43 -47
02 07 -36 -42 -47 -42 -40 -43 -43 -46 -9999 -54 -53 -50 -52 -41 -36 -28 -29 -30 -24 -30 -34 -31 -38 -42
02 08 -31 -37 -42 -38 -36 -38 -41 -42 -9999 -54 -52 -47 -49 -37 -33 -24 -25 -27 -23 -29 -30 -28 -37 -39
02 09 -30 -35 -41 -41 -37 -39 -42 -43 -9999 -53 -50 -45 -45 -35 -29 -22 -22 -22 -18 -26 -28 -29 -36 -39
02 10 -29 -37 -45 -43 -40 -45 -45 -46 -9999 -53 -52 -47 -48 -36 -30 -21 -22 -22 -17 -27 -30 -31 -38 -41
02 11 -32 -38 -47 -46 -42 -47 -49 -50 -9999 -56 -54 -51 -50 -40 -32 -23 -24 -23 -17 -28 -32 -34 -42 -46
02 12 -38 -45 -50 -53 -46 -51 -57 -58 -9999 -63 -61 -58 -53 -42 -35 -26 -27 -23 -19 -29 -34 -37 -45 -49
02 13 -44 -48 -53 -59 -52 -57 -61 -65 -9999 -67 -67 -61 -56 -44 -36 -28 -28 -26 -21 -36 -39 -43 -50 -56
02 14 -49 -56 -60 -68 -60 -65 -69 -72 -9999 -75 -75 -69 -62 -51 -41 -35 -34 -29 -26 -41 -46 -50 -58 -63
02 15 -58 -65 -69 -77 -70 -75 -79 -82 -81 -82 -84 -75 -69 -58 -48 -42 -39 -35 -32 -47 -52 -55 -63 -69
02 16 -62 -69 -74 -84 -79 -83 -86 -89 -89 -89 -93 -81 -75 -64 -54 -47 -43 -40 -35 -49 -55 -60 -67 -73
02 17 -70 -75 -82 -90 -87 -91 -95 -96 -97 -95 -98 -88 -81 -67 -57 -50 -44 -40 -39 -51 -56 -63 -69 -74
02 18 -73 -78 -84 -94 -89 -93 -98 -100 -103 -99 -101 -90 -80 -69 -58 -50 -43 -40 -40 -50 -57 -65 -69 -74
02 19 -74 -80 -85 -96 -90 -96 -102 -104 -109 -102 -102 -92 -82 -70 -56 -51 -45 -40 -42 -50 -58 -66 -69 -76
02 20 -75 -80 -86 -96 -91 -97 -103 -106 -111 -102 -102 -93 -80 -68 -55 -48 -42 -39 -40 -49 -55 -63 -68 -76
02 21 -74 -77 -84 -94 -91 -94 -102 -103 -9999 -98 -100 -91 -80 -70 -56 -48 -43 -40 -39 -49 -53 -62 -66 -75
02 22 -74 -78 -82 -92 -91 -92 -100 -101 -109 -98 -99 -90 -79 -70 -55 -47 -42 -40 -39 -48 -51 -62 -66 -76
02 23 -76 -79 -84 -94 -93 -94 -99 -102 -110 -98 -99 -90 -80 -71 -55 -47 -41 -39 -35 -46 -49 -59 -64 -73
02 24 -73 -76 -82 -90 -89 -90 -97 -99 -9999 -94 -96 -87 -76 -67 -53 -44 -37 -35 -32 -41 -46 -53 -60 -70
02 25 -69 -72 -77 -84 -85 -84 -90 -92 -107 -89 -92 -81 -69 -60 -48 -40 -32 -28 -26 -35 -39 -48 -56 -64
02 26 -64 -66 -72 -78 -81 -82 -87 -90 -107 -89 -92 -80 -66 -57 -44 -36 -30 -25 -22 -31 -35 -44 -51 -62
02 27 -59 -62 -70 -74 -81 -81 -83 -86 -103 -86 -87 -74 -61 -53 -40 -30 -24 -20 -19 -26 -30 -40 -48 -58
02 28 -58 -60 -69 -73 -80 -79 -82 -84 -100 -86 -83 -71 -58 -49 -35 -24 -19 -14 -14 -20 -25 -36 -45 -53
03 01 -53 -55 -63 -68 -76 -77 -80 -81 -99 -84 -79 -64 -52 -41 -27 -16 -10 -6 -6 -13 -18 -29 -38 -47
03 02 -50 -52 -60 -66 -73 -73 -78 -78 -95 -80 -73 -59 -48 -37 -21 -10 -5 -1 0 -7 -14 -24 -33 -43
03 03 -48 -49 -58 -64 -70 -71 -77 -79 -96 -79 -71 -57 -45 -33 -18 -7 -2 1 2 -5 -13 -23 -32 -43
03 04 -47 -48 -57 -63 -70 -71 -78 -79 -93 -80 -70 -53 -42 -30 -16 -5 -1 2 3 -4 -12 -22 -31 -42
03 05 -48 -49 -58 -65 -72 -73 -81 -80 -92 -80 -69 -53 -42 -30 -15 -4 0 3 4 -3 -12 -21 -31 -41
03 06 -49 -50 -59 -66 -72 -73 -80 -79 -89 -80 -69 -52 -41 -30 -16 -4 0 3 5 -3 -11 -21 -31 -41
03 07 -50 -53 -62 -70 -77 -78 -82 -82 -91 -83 -73 -53 -42 -30 -15 -4 0 3 3 -5 -13 -23 -33 -41
03 08 -52 -57 -65 -74 -81 -83 -87 -86 -92 -87 -75 -54 -41 -28 -14 -3 0 3 4 -4 -12 -22 -32 -41
03 09 -51 -56 -64 -75 -82 -85 -89 -89 -93 -88 -74 -52 -37 -25 -11 -1 2 6 5 -2 -11 -20 -30 -37
03 10 -49 -53 -61 -71 -80 -83 -88 -89 -91 -85 -70 -48 -34 -22 -9 2 5 8 6 0 -9 -18 -28 -36
03 11 -48 -53 -61 -71 -80 -84 -88 -90 -92 -85 -69 -46 -34 -20 -6 3 6 8 5 1 -7 -17 -27 -34
03 12 -48 -52 -59 -72 -80 -84 -91 -93 -94 -87 -69 -47 -35 -21 -7 3 7 8 6 1 -7 -15 -25 -33
03 13 -48 -54 -60 -73 -79 -84 -92 -94 -94 -86 -68 -45 -32 -18 -4 5 10 11 9 5 -4 -12 -22 -30
03 14 -45 -51 -56 -69 -75 -81 -91 -92 -92 -84 -65 -44 -30 -15 -2 7 12 13 12 8 -2 -9 -18 -27
03 15 -42 -48 -54 -67 -72 -78 -88 -89 -89 -80 -62 -41 -29 -14 -1 9 12 15 13 10 0 -7 -15 -24
03 16 -39 -45 -52 -63 -69 -75 -83 -85 -84 -75 -58 -38 -25 -11 1 11 14 17 14 12 3 -5 -12 -22
03 17 -37 -42 -50 -61 -67 -73 -83 -84 -82 -73 -57 -36 -22 -8 4 13 16 19 16 15 5 -3 -10 -21
03 18 -34 -41 -49 -59 -66 -70 -80 -81 -80 -71 -53 -33 -18 -6 6 14 18 22 17 17 8 -1 -7 -18
03 19 -30 -38 -46 -55 -64 -68 -78 -80 -79 -68 -51 -32 -17 -5 7 15 20 24 20 20 10 1 -5 -17
03 20 -27 -36 -43 -51 -60 -66 -74 -78 -77 -66 -49 -30 -14 -2 9 16 22 27 23 23 14 5 -2 -14
03 21 -23 -31 -40 -47 -59 -64 -72 -76 -75 -63 -45 -26 -9 3 14 21 27 31 28 29 20 11 3 -9
03 22 -17 -26 -35 -43 -53 -59 -67 -72 -71 -60 -40 -21 -6 6 16 23 29 34 32 33 24 15 7 -5
03 23 -15 -23 -33 -41 -51 -57 -65 -69 -69 -56 -35 -18 -1 10 20 26 33 39 37 38 29 20 13 1
03 24 -9 -17 -28 -35 -46 -52 -60 -65 -65 -51 -32 -14 1 12 22 28 35 40 38 40 31 23 15 2
03 25 -6 -15 -27 -34 -44 -50 -57 -63 -62 -49 -29 -12 5 16 26 32 38 44 43 44 35 27 19 6
03 26 -3 -10 -24 -30 -40 -46 -54 -58 -56 -44 -26 -7 10 20 30 36 43 48 47 49 40 33 25 11
03 27 4 -4 -17 -24 -34 -40 -46 -51 -48 -35 -18 0 17 27 37 42 48 53 52 53 46 38 31 18
03 28 10 2 -11 -18 -27 -34 -39 -43 -41 -27 -11 6 24 34 42 48 53 58 57 59 52 44 38 25
03 29 17 9 -4 -12 -22 -28 -33 -36 -35 -20 -4 13 30 40 48 54 58 62 60 63 57 50 42 29
03 30 22 13 0 -7 -17 -22 -28 -31 -28 -12 3 19 37 46 53 59 65 67 65 69 62 54 46 33
03 31 26 17 5 -2 -13 -19 -26 -28 -24 -7 7 24 41 50 57 63 69 70 67 72 65 59 51 37
04 01 31 22 11 4 -6 -13 -19 -21 -17 -1 13 29 45 53 60 66 72 73 70 75 68 62 54 42
04 02 35 26 16 7 -1 -10 -17 -18 -12 3 17 34 48 58 64 70 76 77 74 79 73 66 58 46
04 03 39 31 20 12 3 -5 -12 -12 -6 9 23 40 54 63 69 76 81 81 78 83 78 71 66 51
04 04 47 38 24 16 10 2 -8 -7 0 15 29 45 58 67 73 79 84 83 80 86 81 75 70 55
04 05 51 43 28 20 16 8 -3 -1 7 22 33 49 62 72 77 83 89 88 84 90 85 79 75 61
04 06 57 47 33 27 22 14 2 4 14 28 40 55 67 77 82 89 94 94 90 95 91 85 82 68
04 07 65 57 43 37 32 24 13 14 25 37 50 64 74 85 90 96 101 100 96 102 99 92 90 76
04 08 74 65 52 46 40 33 23 24 34 46 58 73 82 93 97 102 108 107 103 110 106 100 98 85
04 09 81 74 62 56 49 43 33 35 45 55 67 82 89 100 103 107 114 113 108 115 112 106 104 91
04 10 89 81 71 65 58 53 42 46 55 64 77 90 98 106 111 114 120 120 115 121 119 112 109 98
04 11 96 88 77 71 65 59 49 53 62 71 84 95 102 111 116 120 124 124 120 126 125 117 115 103
04 12 101 93 83 77 70 65 53 58 68 76 89 101 107 116 121 125 128 131 128 133 131 123 120 108
04 13 106 99 89 84 78 71 61 66 76 83 96 107 114 122 128 131 134 139 134 140 140 131 129 117
04 14 115 107 99 94 87 80 71 76 86 92 105 116 122 130 135 139 141 147 144 148 148 141 137 126
04 15 126 118 108 106 99 93 84 89 96 103 114 125 133 140 144 148 151 158 155 157 157 152 148 135
04 16 135 130 119 116 108 102 92 97 104 112 122 132 141 148 153 156 158 166 164 166 165 161 157 144
04 17 146 140 130 126 117 113 104 109 115 122 132 141 149 156 160 165 166 174 173 175 172 171 167 154
04 18 154 150 141 135 128 122 115 117 125 132 141 151 159 166 170 173 175 183 184 184 182 180 174 164
04 19 163 159 150 146 139 132 128 128 135 142 150 160 167 174 178 181 183 192 193 192 191 190 184 173
04 20 172 168 161 156 148 143 139 139 145 150 159 168 176 182 186 188 191 200 201 200 199 199 193 182
04 21 183 178 172 167 160 155 151 151 157 162 171 180 186 192 195 197 199 209 210 209 207 207 201 189
04 22 192 186 180 174 167 164 158 160 166 171 179 188 194 198 201 205 207 216 216 215 214 215 209 196
04 23 199 194 188 182 175 171 165 168 174 178 186 195 201 205 208 212 213 222 222 221 219 221 215 202
04 24 205 200 193 188 182 177 171 172 179 184 192 200 206 210 213 217 218 226 227 226 224 225 221 208
04 25 211 206 199 192 188 182 177 177 184 189 196 203 209 213 215 220 222 229 230 230 227 230 226 214
04 26 217 211 205 198 194 189 184 183 190 195 201 209 215 218 221 225 228 236 236 236 233 236 233 222
04 27 224 219 213 206 202 197 192 191 198 203 207 215 221 223 225 230 232 241 241 240 237 242 239 228
04 28 231 226 220 213 209 204 200 199 204 210 213 221 225 227 229 233 237 244 245 243 240 247 243 234
04 29 236 232 225 218 215 211 208 206 211 216 219 226 230 233 235 238 242 248 248 247 244 250 247 239
04 30 240 236 230 222 220 216 213 211 217 221 226 232 235 237 239 241 245 250 251 251 250 254 250 245
05 01 246 241 236 228 227 223 221 217 225 229 233 239 240 242 244 246 249 255 257 256 254 258 255 251
05 02 250 245 241 235 233 229 226 224 231 235 239 244 245 247 248 250 253 259 261 260 260 264 260 256
05 03 258 252 248 243 240 238 235 233 238 242 246 250 250 252 253 255 257 264 265 265 264 269 266 262
05 04 263 256 255 250 247 245 240 240 245 249 253 256 257 257 258 260 262 270 269 270 269 273 271 265
05 05 268 262 261 256 253 251 247 248 253 258 259 262 262 262 263 265 266 274 272 274 274 278 276 269
05 06 273 266 267 261 259 257 254 253 260 263 264 265 265 264 265 267 269 276 274 275 277 281 279 273
05 07 277 272 272 267 263 261 260 256 262 266 267 267 268 268 269 268 271 279 277 278 281 284 282 276
05 08 281 276 276 271 267 265 264 260 266 270 270 271 271 270 271 271 274 282 280 281 283 288 285 279
05 09 284 279 279 274 271 269 268 264 271 275 275 275 275 273 274 274 276 285 282 284 286 291 289 283
05 10 288 284 284 280 276 274 274 270 276 280 280 280 280 278 279 278 281 290 286 288 291 296 295 289
05 11 295 290 292 286 283 282 281 278 284 286 287 285 285 284 284 283 285 294 290 291 295 302 301 294
05 12 300 295 297 293 290 289 288 284 290 293 295 293 291 290 291 288 289 299 295 294 298 305 306 300
05 13 306 301 302 299 294 294 294 289 297 298 300 298 296 294 296 293 293 304 300 299 303 310 311 306
05 14 312 307 307 305 300 298 297 293 299 301 302 300 297 295 297 295 294 306 302 302 306 313 314 308
05 15 315 310 311 308 303 301 301 296 301 303 303 301 298 296 299 296 296 307 304 304 308 315 317 311
05 16 319 313 315 312 307 306 306 300 306 307 307 306 303 300 303 300 300 311 307 308 313 319 321 317
05 17 325 320 319 317 312 311 311 306 310 312 312 310 307 305 307 303 302 315 311 312 316 323 326 322
05 18 330 325 323 322 317 316 317 311 315 316 315 314 311 308 310 306 306 317 315 316 320 327 331 327
05 19 336 331 328 328 322 322 323 316 321 322 319 319 317 314 315 312 311 321 321 322 326 333 336 333
05 20 342 338 334 334 328 325 326 319 325 326 324 324 321 318 320 316 316 326 327 327 329 338 341 338
05 21 347 344 337 339 333 331 331 327 330 332 329 330 326 323 325 320 319 330 332 332 333 343 346 344
05 22 352 350 344 345 340 337 337 335 336 338 336 336 332 328 330 326 326 335 337 336 337 347 351 351
05 23 357 356 349 351 346 343 343 342 342 344 341 341 336 333 335 331 330 340 343 341 342 353 357 357
05 24 363 362 356 358 352 350 351 349 349 350 348 347 343 340 341 337 337 346 351 349 351 361 366 367
05 25 373 371 365 367 360 359 359 357 357 358 355 353 349 346 347 344 343 351 357 355 358 367 372 375
05 26 379 378 371 372 367 365 366 364 363 364 360 358 354 351 351 349 348 355 362 360 363 371 376 380
05 27 384 384 378 377 373 371 372 371 369 367 363 361 358 354 354 353 352 358 365 365 367 375 379 382
05 28 388 387 383 382 377 376 376 374 373 371 367 365 362 359 357 356 356 361 368 368 370 378 384 387
05 29 392 392 388 386 382 382 382 381 380 377 374 371 369 365 362 362 362 366 373 372 375 383 389 393
05 30 399 398 394 392 388 388 389 387 387 384 382 378 375 372 368 368 369 372 378 377 382 389 395 398
05 31 403 404 399 397 394 393 393 394 393 390 387 382 380 376 373 373 373 376 381 381 385 393 400 402
06 01 407 408 404 402 399 398 399 400 399 395 393 387 385 380 378 377 377 379 384 384 389 397 403 406
06 02 411 411 408 404 402 400 401 403 403 400 397 391 390 385 384 382 382 384 388 388 393 400 407 411
06 03 414 414 412 407 405 403 405 407 406 403 401 395 393 389 387 385 385 387 390 390 396 404 411 415
06 04 417 417 415 411 408 408 409 412 411 407 405 399 396 393 389 387 387 388 392 392 399 407 414 420
06 05 421 421 419 414 412 412 414 416 414 410 408 402 401 397 394 391 392 393 396 397 404 411 418 424
06 06 425 424 421 415 413 414 417 417 418 413 410 405 404 400 396 394 394 395 398 400 407 413 421 427
06 07 428 427 424 416 417 418 420 421 422 418 415 409 408 404 401 398 399 400 403 405 412 418 426 432
06 08 433 431 429 423 421 422 425 424 425 421 418 413 412 408 404 401 402 403 405 405 412 418 427 433
06 09 434 431 429 421 421 423 426 427 428 424 421 416 414 411 407 404 405 406 407 407 415 420 429 434
06 10 436 433 431 424 423 425 428 427 428 427 424 420 418 415 411 408 409 410 411 412 418 424 433 438
06 11 440 436 433 428 425 427 431 432 433 431 429 424 423 419 416 412 414 414 416 416 423 429 438 444
06 12 445 441 438 433 429 430 434 436 437 436 433 429 427 424 421 417 418 419 420 421 428 434 442 447
06 13 450 445 440 437 433 434 438 440 440 439 436 432 430 428 424 420 422 423 424 425 432 438 445 450
06 14 453 449 443 440 436 438 441 444 444 442 439 435 434 431 429 424 425 427 428 429 435 441 449 454
06 15 454 452 447 443 439 441 444 447 446 445 442 437 436 434 431 427 428 429 432 432 438 444 452 457
06 16 457 455 449 445 442 443 447 449 448 446 444 440 439 436 433 429 430 432 435 435 441 447 455 460
06 17 460 458 452 448 445 446 451 452 451 449 447 443 442 440 436 432 433 435 438 437 443 449 456 463
06 18 462 461 455 451 447 449 454 454 454 451 449 445 444 442 439 435 436 438 440 441 446 451 457 465
06 19 465 463 457 453 450 451 457 456 456 454 452 448 447 445 442 437 439 441 444 444 448 453 460 467
06 20 467 465 460 456 452 453 459 458 458 456 455 450 449 447 443 439 440 442 446 445 450 454 461 469
06 21 469 468 463 458 456 456 461 460 460 458 457 453 452 450 446 442 443 444 448 448 452 456 463 470
06 22 471 469 465 460 458 458 463 462 462 459 459 455 453 451 448 444 445 446 449 449 453 457 465 473
06 23 474 471 467 463 460 461 465 465 465 462 461 457 456 454 451 447 448 449 452 453 458 461 468 475
06 24 476 473 469 465 463 463 468 467 468 465 464 460 459 457 454 450 450 451 454 455 460 464 471 477
06 25 478 475 471 467 465 464 469 469 469 467 466 462 461 460 456 452 452 454 456 458 463 467 473 479
06 26 480 477 473 470 467 466 471 470 471 468 468 464 463 462 458 454 454 456 458 461 465 469 477 481
06 27 482 479 475 471 469 469 473 472 473 471 471 467 466 464 461 458 457 459 460 463 468 472 480 484
06 28 485 483 478 474 472 471 475 475 476 475 475 471 470 468 465 462 461 463 464 467 471 475 483 487
06 29 489 486 481 477 475 474 478 477 478 477 477 474 472 470 468 464 463 465 465 469 474 477 485 490
06 30 491 488 483 479 477 475 480 479 480 480 480 477 475 473 471 467 466 468 468 472 477 480 487 492
07 01 492 490 485 482 479 478 481 481 483 483 483 480 477 476 474 471 470 471 471 475 479 481 489 494
07 02 494 492 488 483 480 479 482 482 484 484 484 482 479 477 475 472 471 473 473 476 480 483 491 496
07 03 496 493 489 484 481 480 482 483 485 485 485 482 480 478 475 473 472 473 473 476 480 484 492 497
07 04 497 494 490 484 481 480 482 484 486 486 487 483 481 479 477 475 474 473 474 477 480 485 492 498
07 05 498 495 490 485 482 481 483 485 487 488 488 485 483 482 480 477 476 476 477 480 483 487 495 500
07 06 500 497 492 486 483 482 484 487 489 490 490 487 485 484 482 479 479 478 479 481 484 490 497 502
07 07 502 498 494 489 485 484 486 489 490 492 492 490 487 486 484 482 481 480 482 484 487 492 499 504
07 08 503 500 495 490 486 485 487 491 492 494 494 491 488 488 485 482 482 481 482 485 486 492 499 504
07 09 503 500 495 490 486 484 487 492 493 494 494 491 489 488 485 484 483 482 484 486 487 492 499 506
07 10 504 501 496 491 487 486 488 492 494 495 495 492 490 488 486 485 484 482 486 487 488 493 500 507
07 11 504 502 497 492 488 487 489 493 495 497 496 493 491 489 488 486 486 484 488 489 490 495 501 508
07 12 505 503 499 493 490 488 490 494 496 498 497 494 492 490 488 488 487 485 490 491 492 497 502 509
07 13 506 503 499 494 490 488 490 494 496 498 497 493 492 490 488 487 487 485 489 491 492 496 501 508
07 14 505 502 498 493 489 487 489 494 497 499 497 494 493 490 488 488 487 484 489 490 491 496 501 506
07 15 504 501 497 492 488 487 488 493 496 498 497 494 492 491 488 487 486 484 488 490 492 496 502 508
07 16 506 502 498 493 489 487 488 493 496 498 498 494 493 491 488 488 487 484 489 491 492 497 502 508
07 17 506 502 498 494 489 488 489 493 497 498 498 494 493 491 488 488 486 484 489 491 494 498 503 508
07 18 506 502 498 494 490 489 490 494 498 499 499 496 495 493 490 489 487 486 490 493 495 499 504 509
07 19 506 502 498 495 491 489 491 495 498 499 499 496 496 493 490 489 487 487 490 493 496 499 504 509
07 20 506 502 498 495 491 489 491 493 497 498 498 495 495 491 489 488 486 487 489 493 496 499 504 509
07 21 506 502 498 495 491 489 492 494 498 499 498 496 495 492 489 489 487 488 490 494 497 500 505 508
07 22 506 502 498 495 490 489 491 494 498 499 498 496 495 492 489 489 487 488 490 493 496 499 504 506
07 23 505 502 497 494 490 489 491 492 496 498 497 495 494 492 489 489 487 488 489 493 497 499 504 505
07 24 504 501 497 493 489 488 489 491 495 497 496 495 493 491 489 488 487 487 488 492 496 500 504 505
07 25 504 501 497 493 488 488 488 491 495 497 496 495 494 492 489 489 487 488 488 492 496 500 504 504
07 26 504 500 496 492 488 487 488 491 494 496 495 495 494 491 489 489 486 487 488 491 495 499 504 504
07 27 503 499 495 491 487 486 486 489 493 495 494 495 492 490 488 487 485 488 487 490 495 498 502 502
07 28 501 498 494 490 486 484 485 488 492 495 495 495 492 490 488 488 485 488 487 491 495 499 503 503
07 29 501 498 495 491 487 485 486 489 493 496 496 496 494 492 490 489 487 489 489 492 497 501 504 504
07 30 502 499 496 491 487 485 487 489 494 496 497 497 495 492 490 490 487 490 489 492 496 500 504 502
07 31 500 497 493 488 484 483 485 488 492 495 495 496 494 492 490 489 487 490 488 492 496 500 503 501
08 01 499 497 493 488 484 482 484 488 492 494 495 496 494 492 490 490 488 490 489 492 496 500 503 500
08 02 498 496 492 486 483 481 482 487 490 493 494 495 492 490 489 489 487 489 488 491 495 499 503 499
08 03 497 495 491 485 482 479 480 485 489 492 493 494 492 491 489 489 487 489 488 491 495 500 503 499
08 04 496 494 490 485 481 478 478 485 489 492 494 494 492 491 488 489 487 488 487 491 494 499 502 497
08 05 495 492 489 484 480 476 476 483 487 491 492 493 491 490 488 488 487 487 486 490 493 498 501 497
08 06 493 491 487 482 478 474 475 482 486 489 492 492 491 489 487 487 486 486 485 490 492 497 499 495
08 07 492 489 486 481 477 473 473 481 485 488 492 491 491 489 487 487 486 485 485 489 492 497 500 495
08 08 492 488 485 479 476 472 472 479 484 487 490 490 490 488 486 486 486 485 485 489 491 496 499 494
08 09 491 487 483 478 475 470 470 476 481 485 488 488 488 486 484 484 484 484 483 487 489 494 497 492
08 10 489 485 482 476 472 467 468 474 480 483 487 486 486 485 483 482 483 482 482 485 488 493 495 490
08 11 487 483 480 473 470 465 465 471 477 480 484 483 484 482 480 479 479 478 479 482 484 490 492 486
08 12 484 479 476 470 468 462 462 468 473 476 480 479 480 479 477 476 476 474 475 478 481 486 489 483
08 13 479 475 471 465 463 457 457 464 468 471 475 475 476 475 473 472 473 471 472 475 478 483 486 480
08 14 476 472 468 462 460 454 454 461 464 468 472 472 473 473 471 470 471 469 470 473 476 481 484 478
08 15 474 469 469 463 461 454 450 457 461 464 468 468 469 468 466 465 466 466 467 471 474 479 481 475
08 16 471 467 466 461 457 451 451 453 456 460 464 465 465 464 463 462 463 463 466 469 471 476 478 472
08 17 469 464 464 458 455 449 449 449 453 458 462 462 462 462 460 459 460 461 463 468 469 473 475 469
08 18 465 461 461 456 452 447 446 445 450 454 459 459 460 459 457 457 458 461 462 467 469 472 472 466
08 19 462 459 459 455 451 446 445 442 447 451 455 456 456 457 455 453 454 458 458 464 467 469 469 463
08 20 458 455 454 450 446 443 441 438 442 447 452 453 453 453 452 450 450 454 454 460 463 465 465 459
08 21 454 451 450 445 441 437 436 433 438 443 449 450 451 450 448 446 446 451 450 457 460 462 462 457
08 22 451 448 446 442 437 435 433 429 435 440 446 447 448 447 445 442 442 448 447 454 457 459 459 454
08 23 448 445 443 440 434 432 432 427 432 437 443 445 445 445 442 440 439 445 444 453 455 456 456 451
08 24 445 442 441 437 433 430 430 424 429 435 440 442 443 442 440 437 436 442 441 450 453 453 452 447
08 25 441 438 436 431 428 425 424 419 425 431 436 438 439 438 436 434 432 438 437 446 449 449 448 443
08 26 437 434 431 427 425 423 421 416 422 429 434 436 437 436 433 431 430 435 434 444 446 446 445 439
08 27 433 431 428 425 422 420 417 412 419 426 432 434 435 434 432 428 428 433 431 441 444 444 442 437
08 28 431 429 426 422 419 418 414 409 416 424 430 432 433 433 429 426 425 431 429 437 439 440 438 433
08 29 427 426 421 418 414 413 409 405 413 420 426 428 429 429 425 422 421 427 425 434 436 436 435 430
08 30 424 421 417 414 410 411 407 402 410 418 424 427 428 428 425 422 420 425 424 433 433 433 432 426
08 31 421 416 413 410 408 408 403 399 408 416 422 425 426 427 423 420 418 422 420 429 431 431 429 422
09 01 417 414 412 408 406 405 399 397 405 412 419 422 423 425 421 417 416 418 418 426 429 428 427 422
09 02 415 413 408 404 402 400 397 395 401 409 416 419 420 423 419 413 413 414 413 422 425 423 424 418
09 03 411 408 404 398 397 395 392 390 398 406 413 417 417 419 415 410 411 410 411 418 421 420 419 414
09 04 409 406 402 397 396 392 389 388 395 403 409 413 414 416 411 407 407 408 409 415 418 417 417 412
09 05 408 404 401 395 394 391 387 385 391 400 406 410 410 412 408 404 404 404 407 411 414 413 414 407
09 06 403 400 398 393 392 388 383 382 387 396 402 406 406 409 405 401 401 402 403 409 410 410 411 405
09 07 402 397 398 391 389 387 380 377 383 391 397 402 403 405 401 396 396 398 399 402 405 406 407 401
09 08 398 393 392 386 385 382 376 372 378 387 393 397 399 401 397 392 391 395 396 399 401 403 404 399
09 09 395 391 390 384 383 380 374 370 376 384 390 394 396 398 393 389 388 391 392 395 398 399 399 394
09 10 391 387 386 379 378 375 369 365 371 379 386 391 392 395 391 387 386 390 390 393 395 395 397 392
09 11 389 385 384 378 377 374 368 364 368 375 381 386 388 390 387 383 381 388 388 391 392 392 394 389
09 12 387 383 382 376 375 373 367 360 363 370 377 382 384 385 382 379 377 385 384 389 388 390 390 386
09 13 384 380 379 374 372 371 365 358 359 366 373 377 380 380 378 375 373 383 381 384 385 387 387 383
09 14 381 377 376 371 369 367 361 353 355 362 368 372 374 375 373 369 367 377 374 378 378 381 380 377
09 15 376 372 371 366 365 362 356 347 348 356 362 367 370 370 367 363 361 371 368 372 373 375 374 373
09 16 371 367 367 362 360 356 352 345 344 352 356 363 366 363 361 358 356 364 360 366 367 370 368 366
09 17 365 362 361 357 355 353 347 339 338 345 350 357 359 357 354 352 348 357 354 361 360 363 363 362
09 18 362 357 356 353 351 349 342 334 333 339 344 351 353 351 350 348 343 353 348 355 355 359 358 359
09 19 359 354 353 350 348 347 339 328 327 334 339 345 348 346 344 342 337 348 342 350 349 354 353 354
09 20 354 348 347 344 342 341 335 322 321 327 333 340 342 340 338 336 332 344 336 345 343 349 349 349
09 21 349 345 342 339 337 336 331 316 315 321 326 334 337 334 332 330 327 337 331 338 340 344 344 343
09 22 342 340 336 334 333 330 325 310 310 316 321 329 331 329 327 325 322 332 327 334 337 338 338 338
09 23 337 335 332 332 330 327 320 307 306 313 319 326 328 326 323 323 320 329 323 330 333 334 335 334
09 24 333 331 329 327 326 322 317 303 301 309 314 321 324 323 320 319 317 326 322 328 331 332 333 333
09 25 331 329 327 326 323 319 316 299 296 304 310 316 318 318 315 314 313 322 317 325 327 330 329 329
09 26 327 325 322 321 317 314 311 292 291 299 305 311 313 314 311 311 309 319 313 322 324 326 324 323
09 27 322 320 316 315 312 309 306 287 285 294 300 307 309 310 308 307 306 315 310 317 321 322 320 316
09 28 316 314 310 309 306 302 300 281 280 287 294 301 304 305 303 302 301 309 305 313 315 316 314 311
09 29 310 308 304 303 301 296 294 277 276 283 290 297 300 301 299 298 298 307 302 310 311 313 311 306
09 30 306 303 300 299 297 292 290 273 273 278 286 293 296 297 297 296 297 305 300 308 308 309 308 302
10 01 303 299 294 292 292 289 287 268 268 275 283 289 292 295 294 294 295 304 298 305 305 306 306 300
10 02 300 295 292 290 290 287 284 266 266 273 281 286 290 293 292 292 294 302 298 302 303 304 302 297
10 03 297 293 289 286 286 283 282 263 263 269 277 282 286 289 288 288 290 300 297 300 301 300 298 292
10 04 290 287 282 280 280 276 276 258 257 263 271 277 281 284 284 284 286 297 295 297 298 296 293 286
10 05 284 283 279 275 275 271 271 254 251 256 265 270 276 279 279 280 281 293 293 294 295 291 288 282
10 06 280 277 273 268 269 265 265 249 246 252 260 265 272 275 274 275 277 289 289 290 287 284 281 275
10 07 273 270 267 261 262 259 258 246 241 246 255 261 267 271 271 272 274 285 285 286 283 280 276 269
10 08 268 264 261 253 256 252 252 241 234 238 248 254 261 263 266 265 267 280 281 280 277 274 269 263
10 09 260 257 253 247 248 246 244 234 225 229 239 247 255 256 258 259 260 273 275 273 269 265 261 255
10 10 251 248 245 239 239 237 235 227 216 220 230 239 248 249 252 252 253 267 269 263 260 255 250 244
10 11 240 236 234 227 228 225 225 217 205 208 220 228 237 239 242 242 244 257 260 253 251 245 242 237
10 12 231 227 224 217 218 214 213 205 194 197 209 217 227 229 232 233 234 249 252 245 242 236 232 228
10 13 222 218 215 208 210 205 206 196 186 187 200 208 218 220 224 225 227 240 244 236 235 228 224 220
10 14 215 212 209 203 204 199 199 188 177 179 191 199 209 213 216 216 219 231 236 228 226 219 215 211
10 15 205 202 199 194 194 190 190 178 168 169 179 188 198 203 206 207 209 223 229 220 219 212 206 203
10 16 198 194 192 186 185 182 180 167 157 159 169 177 187 193 197 197 201 215 222 211 210 203 197 194
10 17 188 186 182 177 176 173 172 158 148 150 159 169 178 184 188 189 193 207 215 202 200 193 187 185
10 18 178 176 173 168 167 163 165 149 139 142 150 161 170 177 181 182 185 198 208 195 192 184 178 176
10 19 169 166 164 158 156 154 157 139 130 133 141 153 162 169 174 176 179 190 199 186 183 174 169 166
10 20 160 157 155 149 149 147 149 133 125 128 134 146 156 163 168 170 174 183 191 178 174 168 161 159
10 21 151 148 147 144 140 138 140 125 118 119 125 138 148 157 163 164 168 176 184 170 168 160 154 152
10 22 145 140 140 135 131 130 131 115 108 110 117 129 141 149 155 157 161 167 178 162 160 151 146 146
10 23 136 133 132 130 122 122 123 108 100 103 108 120 132 142 147 150 153 159 170 155 153 143 137 137
10 24 129 125 123 121 115 115 115 102 94 95 100 113 124 134 140 143 147 151 160 145 145 134 127 128
10 25 119 115 113 111 108 106 108 94 87 88 91 105 116 127 132 136 140 143 153 140 138 128 123 123
10 26 113 109 109 106 102 102 102 91 84 84 85 100 112 122 128 132 135 135 147 133 130 120 116 117
10 27 108 102 102 100 95 96 97 86 80 80 81 96 109 119 125 130 132 130 142 127 126 116 113 114
10 28 104 98 98 99 93 93 94 85 77 79 79 95 107 118 124 129 131 128 139 124 121 113 110 109
10 29 100 94 93 93 87 88 90 79 71 74 74 90 103 113 120 124 126 123 134 118 116 107 105 103
10 30 94 88 86 87 81 82 85 74 64 69 68 84 97 107 114 117 119 114 125 110 106 98 96 94
10 31 84 79 78 78 74 74 76 68 57 60 59 76 90 99 106 110 111 106 116 102 98 91 88 84
11 01 77 72 70 70 64 64 67 60 49 51 50 68 82 91 98 103 103 97 107 93 90 83 79 75
11 02 68 64 61 63 55 57 58 55 41 42 42 61 75 83 92 96 97 90 99 86 83 77 73 70
11 03 63 60 55 58 52 53 52 52 40 38 40 57 71 79 90 90 93 84 92 80 76 70 66 63
11 04 57 54 49 53 46 46 45 45 33 32 33 51 64 73 83 84 87 78 85 73 70 62 60 57
11 05 51 49 42 45 41 42 40 39 27 28 28 46 58 66 76 77 80 72 78 67 62 55 53 49
11 06 44 42 34 37 35 34 34 34 22 21 21 39 51 59 68 70 72 64 69 60 55 48 45 43
11 07 37 36 28 30 28 29 28 26 17 13 14 32 44 52 61 62 65 57 62 50 48 42 39 34
11 08 31 27 23 24 23 22 22 22 11 9 10 26 40 47 55 56 58 50 56 44 42 37 32 28
11 09 27 23 20 21 18 17 18 17 7 4 7 21 33 39 48 49 51 42 48 37 35 31 24 21
11 10 20 20 16 17 14 13 13 11 3 0 2 15 27 33 40 41 43 34 39 30 28 24 18 14
11 11 12 13 12 12 11 8 9 7 -2 -5 -3 8 17 26 32 32 35 25 30 21 19 16 8 3
11 12 4 5 6 1 3 0 2 0 -9 -14 -12 -2 9 18 23 24 26 16 20 12 11 8 0 -4
11 13 -3 -4 1 -6 -4 -7 -5 -5 -15 -21 -18 -8 1 11 16 18 21 10 17 9 8 4 -6 -9
11 14 -7 -8 -4 -10 -7 -10 -9 -9 -17 -22 -20 -11 -2 7 12 14 18 8 14 8 9 5 -7 -11
11 15 -10 -11 -5 -13 -9 -12 -11 -11 -16 -22 -21 -14 -4 6 9 10 15 5 11 5 6 2 -9 -12
11 16 -11 -13 -7 -13 -11 -14 -13 -13 -19 -23 -23 -16 -8 2 6 7 11 1 6 3 2 0 -10 -13
11 17 -14 -14 -6 -16 -10 -14 -14 -15 -20 -23 -24 -18 -10 -1 4 5 8 -3 2 -1 -1 -3 -13 -17
11 18 -17 -17 -10 -20 -15 -19 -19 -19 -30 -30 -31 -27 -17 -8 -5 -1 0 -10 -4 -7 -7 -9 -19 -23
11 19 -23 -23 -15 -26 -21 -25 -24 -25 -36 -37 -36 -34 -24 -16 -10 -8 -8 -16 -10 -13 -12 -16 -25 -30
11 20 -30 -30 -22 -33 -28 -30 -29 -30 -42 -44 -42 -41 -30 -22 -17 -15 -15 -22 -13 -19 -15 -19 -29 -34
11 21 -33 -34 -26 -36 -31 -32 -31 -31 -44 -46 -45 -44 -34 -26 -22 -19 -21 -27 -18 -23 -20 -24 -30 -37
11 22 -36 -38 -30 -40 -33 -37 -36 -36 -50 -49 -48 -48 -39 -31 -28 -23 -27 -33 -26 -29 -29 -32 -37 -41
11 23 -44 -43 -37 -45 -40 -44 -45 -45 -56 -55 -55 -55 -47 -38 -35 -32 -34 -41 -35 -36 -37 -41 -43 -51
11 24 -52 -50 -45 -55 -47 -49 -51 -51 -61 -59 -59 -60 -51 -41 -38 -36 -40 -44 -40 -43 -43 -48 -51 -58
11 25 -59 -58 -54 -64 -56 -56 -57 -56 -67 -65 -62 -64 -55 -46 -42 -40 -44 -47 -45 -47 -46 -52 -55 -60
11 26 -63 -61 -60 -67 -62 -58 -62 -58 -69 -69 -64 -66 -57 -50 -46 -44 -48 -49 -47 -48 -49 -55 -57 -61
11 27 -65 -63 -64 -69 -64 -61 -64 -62 -71 -70 -66 -69 -60 -53 -49 -50 -52 -54 -51 -52 -52 -58 -61 -62
11 28 -68 -65 -67 -72 -66 -65 -68 -65 -74 -72 -67 -69 -62 -55 -51 -53 -55 -57 -54 -55 -57 -62 -62 -64
11 29 -70 -67 -68 -73 -70 -67 -72 -67 -76 -75 -70 -73 -66 -59 -54 -55 -60 -61 -58 -61 -62 -68 -66 -65
11 30 -72 -68 -71 -75 -74 -71 -75 -70 -79 -78 -73 -75 -70 -64 -60 -59 -65 -67 -63 -66 -66 -72 -71 -69
12 01 -76 -71 -75 -78 -75 -73 -76 -71 -79 -78 -73 -75 -70 -64 -59 -61 -65 -67 -65 -68 -68 -74 -74 -73
12 02 -79 -76 -78 -81 -79 -77 -80 -75 -83 -81 -77 -79 -75 -68 -64 -66 -69 -72 -71 -73 -71 -79 -77 -75
12 03 -81 -79 -80 -81 -80 -77 -80 -76 -83 -80 -75 -79 -76 -69 -65 -67 -71 -73 -71 -72 -72 -78 -75 -74
12 04 -81 -77 -79 -79 -79 -76 -78 -75 -82 -79 -75 -78 -76 -68 -65 -67 -72 -75 -72 -74 -74 -78 -74 -74
12 05 -80 -76 -79 -78 -79 -78 -79 -75 -83 -78 -75 -78 -77 -68 -66 -70 -74 -76 -73 -74 -76 -80 -77 -75
12 06 -82 -78 -81 -80 -80 -80 -82 -79 -85 -81 -76 -79 -79 -71 -69 -72 -75 -78 -74 -75 -77 -82 -78 -78
12 07 -83 -80 -82 -83 -83 -82 -84 -82 -87 -85 -80 -83 -81 -75 -73 -76 -79 -80 -75 -76 -80 -82 -80 -80
12 08 -84 -83 -81 -85 -84 -83 -84 -81 -86 -84 -80 -84 -82 -76 -74 -77 -79 -79 -73 -73 -77 -77 -75 -72
12 09 -77 -77 -74 -78 -79 -79 -79 -75 -82 -80 -77 -80 -79 -74 -71 -75 -75 -77 -68 -69 -73 -72 -69 -65
12 10 -71 -72 -68 -70 -73 -74 -77 -72 -79 -76 -75 -76 -77 -71 -70 -74 -72 -74 -65 -67 -68 -68 -66 -63
12 11 -68 -69 -65 -68 -70 -72 -75 -72 -78 -75 -75 -77 -77 -71 -69 -73 -70 -72 -63 -64 -64 -65 -61 -60
12 12 -62 -66 -60 -65 -68 -70 -72 -68 -75 -74 -72 -76 -75 -69 -66 -71 -67 -69 -60 -60 -59 -60 -55 -57
12 13 -59 -60 -54 -61 -63 -63 -66 -65 -70 -71 -69 -74 -72 -67 -64 -68 -66 -67 -58 -60 -57 -58 -53 -55
12 14 -57 -58 -52 -60 -62 -60 -63 -64 -69 -70 -67 -74 -71 -67 -64 -68 -65 -67 -58 -59 -56 -59 -55 -57
12 15 -59 -61 -55 -61 -63 -62 -67 -66 -73 -73 -70 -77 -74 -68 -65 -71 -67 -67 -59 -60 -59 -61 -56 -59
12 16 -61 -63 -57 -62 -66 -63 -68 -69 -77 -75 -71 -79 -77 -71 -70 -75 -72 -71 -63 -64 -61 -64 -60 -61
12 17 -66 -66 -60 -65 -69 -67 -73 -74 -80 -79 -74 -82 -78 -75 -73 -78 -75 -75 -64 -65 -65 -66 -64 -63
12 18 -70 -69 -64 -69 -74 -71 -77 -76 -83 -82 -77 -83 -81 -76 -75 -80 -76 -77 -66 -70 -67 -71 -67 -65
12 19 -73 -72 -70 -72 -78 -75 -81 -82 -87 -88 -83 -88 -86 -81 -80 -85 -80 -81 -70 -75 -73 -75 -72 -67
12 20 -76 -76 -72 -76 -81 -78 -85 -87 -89 -90 -86 -91 -88 -85 -83 -86 -81 -83 -73 -77 -72 -76 -72 -69
12 21 -76 -76 -72 -75 -81 -78 -85 -88 -90 -89 -86 -91 -87 -86 -83 -85 -81 -84 -75 -79 -74 -75 -72 -67
12 22 -77 -76 -72 -74 -81 -76 -81 -84 -86 -85 -82 -86 -85 -81 -78 -82 -77 -80 -70 -74 -67 -72 -68 -62
12 23 -73 -71 -71 -69 -79 -72 -78 -82 -81 -83 -78 -83 -80 -77 -75 -79 -73 -77 -67 -72 -67 -74 -68 -64
12 24 -75 -71 -72 -70 -79 -71 -77 -82 -81 -82 -77 -83 -80 -76 -75 -79 -73 -76 -68 -74 -69 -76 -70 -65
12 25 -75 -71 -72 -72 -80 -72 -75 -81 -80 -81 -77 -84 -79 -77 -77 -80 -74 -77 -69 -76 -72 -76 -70 -66
12 26 -74 -71 -71 -71 -77 -70 -73 -80 -80 -80 -78 -83 -78 -78 -78 -80 -76 -79 -69 -78 -75 -76 -72 -66
12 27 -78 -71 -73 -72 -78 -72 -76 -84 -82 -83 -81 -84 -81 -82 -83 -83 -79 -81 -71 -81 -80 -81 -77 -70
12 28 -80 -77 -79 -76 -83 -78 -82 -89 -87 -88 -87 -89 -87 -89 -88 -88 -84 -86 -77 -87 -86 -87 -84 -77
12 29 -86 -82 -85 -82 -86 -83 -88 -94 -91 -93 -91 -93 -92 -93 -91 -92 -89 -90 -82 -92 -90 -91 -86 -80
12 30 -89 -84 -89 -87 -91 -89 -90 -101 -94 -97 -94 -97 -95 -96 -94 -94 -92 -94 -83 -94 -92 -95 -89 -81
12 31 -89 -87 -91 -93 -92 -94 -92 -103 -92 -98 -96 -98 -96 -99 -97 -97 -94 -94 -83 -94 -93 -97 -89 -81
